Время,Цена закрытия,EMA,Направление,Процент,Достаточное расстояние,Value Classic,Value Signal,Разница,Пересечение,SuperTrend,Цвет,Разница,Выше/Ниже
2020-05-05 12:00:00+05:00,26.285,,,,False,,,,False,0.0,Зелёный,,
2020-05-05 12:30:00+05:00,26.24,,,,False,,,,False,,Зелёный,,
2020-05-05 13:00:00+05:00,26.31,,,,False,,,,False,,Зелёный,,
2020-05-05 13:30:00+05:00,26.215,,,,False,,,,False,,Зелёный,,
2020-05-05 14:00:00+05:00,26.225,,,,False,,,,False,,Зелёный,,
2020-05-05 14:30:00+05:00,26.49,,,,False,,,,False,,Зелёный,,
2020-05-05 15:00:00+05:00,26.31,,,,False,,,,False,,Зелёный,,
2020-05-05 15:30:00+05:00,26.42,,,,False,,,,False,,Зелёный,,
2020-05-05 16:00:00+05:00,26.375,,,,False,,,,False,,Зелёный,,
2020-05-05 16:30:00+05:00,26.46,,,,False,,,,False,,Зелёный,,
2020-05-05 17:00:00+05:00,26.41,,,,False,,,,False,26.193355670778555,Зелёный,,
2020-05-05 17:30:00+05:00,26.4,,,,False,,,,False,26.20394751663249,Зелёный,,
2020-05-05 18:00:00+05:00,26.425,,,,False,,,,False,26.2316365120687,Зелёный,,
2020-05-05 18:30:00+05:00,26.42,,,,False,,,,False,26.239154855904072,Зелёный,,
2020-05-05 19:00:00+05:00,26.44,,,,False,,,,False,26.2518576926713,Зелёный,,
2020-05-05 19:30:00+05:00,26.435,,,,False,,,,False,26.281697943861893,Зелёный,,
2020-05-05 20:00:00+05:00,26.415,,,,False,,,,False,26.281697943861893,Зелёный,,
2020-05-05 20:30:00+05:00,26.43,,,,False,,,,False,26.281697943861893,Зелёный,,
2020-05-06 12:00:00+05:00,26.525,,,,False,,,,False,26.31108804942797,Зелёный,,
2020-05-06 12:30:00+05:00,26.32,,,,False,,,,False,26.31108804942797,Зелёный,,
2020-05-06 13:00:00+05:00,26.44,,,,False,,,,False,26.31108804942797,Зелёный,,
2020-05-06 13:30:00+05:00,26.55,,,,False,,,,False,26.31108804942797,Зелёный,,
2020-05-06 14:00:00+05:00,26.585,,,,False,,,,False,26.344538330126795,Зелёный,,
2020-05-06 14:30:00+05:00,26.585,,,,False,,,,False,26.376658719745915,Зелёный,,
2020-05-06 15:00:00+05:00,26.565,,,,False,,,,False,26.376658719745915,Зелёный,,
2020-05-06 15:30:00+05:00,26.575,,,,False,0.0624622772146707,,,False,26.386774227777124,Зелёный,,
2020-05-06 16:00:00+05:00,26.535,,,,False,0.0603791557375359,,,False,26.390231723688817,Зелёный,,
2020-05-06 16:30:00+05:00,26.49,,,,False,0.0544692553695469,,,False,26.390231723688817,Зелёный,,
2020-05-06 17:00:00+05:00,26.41,,,,False,0.0428364929117819,,,False,26.390231723688817,Зелёный,,
2020-05-06 17:30:00+05:00,26.29,,,,False,0.0236616904971604,,,False,26.519212424258104,Красный,,
2020-05-06 18:00:00+05:00,26.365,,,,False,0.0143519542407233,,,False,26.519212424258104,Красный,,
2020-05-06 18:30:00+05:00,26.315,,,,False,0.0029058423105716,,,False,26.519212424258104,Красный,,
2020-05-06 19:00:00+05:00,26.425,,,,False,0.0026799045611909,,,False,26.519212424258104,Красный,,
2020-05-06 19:30:00+05:00,26.345,,,,False,-0.0039094187987096,0.0221018611920545,-0.0260112799907641,False,26.519212424258104,Красный,,
2020-05-06 20:00:00+05:00,26.24,,,,False,-0.017403510675571,0.0142007868185294,-0.0316042974941004,False,26.448588442774632,Красный,,
2020-05-06 20:30:00+05:00,26.17,,,,False,-0.0333615198591452,0.0046883254829944,-0.0380498453421396,False,26.433412618453367,Красный,,
2020-05-07 12:00:00+05:00,26.2,,,,False,-0.0430908829532938,-0.0048675162042632,-0.0382233667490306,False,26.393837824816632,Красный,,
2020-05-07 12:30:00+05:00,26.165,,,,False,-0.0530145619250248,-0.0144969253484155,-0.0385176365766093,False,26.393837824816632,Красный,,
2020-05-07 13:00:00+05:00,26.2,,,,False,-0.0573933467384897,-0.0230762096264303,-0.0343171371120594,False,26.36746739039094,Красный,,
2020-05-07 13:30:00+05:00,26.225,,,,False,-0.0581756613731023,-0.0300960999757647,-0.028079561397337603,False,26.36746739039094,Красный,,
2020-05-07 14:00:00+05:00,26.245,,,,False,-0.0565301738489587,-0.0353829147504035,-0.0211472590985552,False,26.36746739039094,Красный,,
2020-05-07 14:30:00+05:00,26.3,,,,False,-0.0502092913289153,-0.0383481900661059,-0.011861101262809398,False,26.36746739039094,Красный,,
2020-05-07 15:00:00+05:00,26.2,,,,False,-0.0526620552653049,-0.0412109631059457,-0.011451092159359202,False,26.36746739039094,Красный,,
2020-05-07 15:30:00+05:00,26.235,,,,False,-0.0511915762380787,-0.0432070857323723,-0.007984490505706397,False,26.36746739039094,Красный,,
2020-05-07 16:00:00+05:00,26.22,,,,False,-0.0506526929405382,-0.0446962071740055,-0.005956485766532703,False,26.36746739039094,Красный,,
2020-05-07 16:30:00+05:00,26.325,,,,False,-0.0412771838847341,-0.0440124025161512,0.0027352186314170968,Ниже,26.36746739039094,Красный,,
2020-05-07 17:00:00+05:00,26.215,,,,False,-0.0422362330987411,-0.0436571686326692,0.0014209355339281013,False,26.36746739039094,Красный,,
2020-05-07 17:30:00+05:00,26.18,,,,False,-0.0452983231313801,-0.0439853995324114,-0.0013129235989687016,Ниже,26.36746739039094,Красный,,
2020-05-07 18:00:00+05:00,26.175,,,,False,-0.047580036711011,-0.0447043269681313,-0.0028757097428796993,False,26.349920436865368,Красный,,
2020-05-07 18:30:00+05:00,26.045,,,,False,-0.0591958517752679,-0.0476026319295586,-0.011593219845709296,False,26.275783548008768,Красный,,
2020-05-07 19:00:00+05:00,25.955,,,,False,-0.074801452161509,-0.0530423959759487,-0.021759056185560302,False,26.20848198478245,Красный,,
2020-05-07 19:30:00+05:00,25.925,,,,False,-0.0885687863426198,-0.0601476740492829,-0.028421112293336902,False,26.177606533625152,Красный,,
2020-05-07 20:00:00+05:00,26.0,,,,False,-0.0923629223951394,-0.0665907237184542,-0.02577219867668519,False,26.17081753921225,Красный,,
2020-05-07 20:30:00+05:00,26.0,,,,False,-0.0942829671953191,-0.0721291724138272,-0.022153794781491903,False,26.17081753921225,Красный,,
2020-05-08 12:00:00+05:00,25.88,,,,False,-0.1042854756034863,-0.078560433051759,-0.025725042551727306,False,26.17081753921225,Красный,,
2020-05-08 12:30:00+05:00,25.81,,,,False,-0.1165178058309273,-0.0861519076075927,-0.030365898223334603,False,26.07638346526437,Красный,,
2020-05-08 13:00:00+05:00,25.96,,,,False,-0.1128078901307105,-0.0914831041122163,-0.021324786018494205,False,26.07638346526437,Красный,,
2020-05-08 13:30:00+05:00,25.945,,,,False,-0.1098122822159446,-0.0951489397329619,-0.014663342482982705,False,26.07638346526437,Красный,,
2020-05-08 14:45:00+05:00,25.9,,,,False,-0.1098036175281222,-0.098079875291994,-0.01172374223612821,False,26.07638346526437,Красный,,
2020-05-08 15:15:00+05:00,25.94,,,,False,-0.1053546224874892,-0.0995348247310931,-0.0058197977563961,False,26.07638346526437,Красный,,
2020-05-08 15:45:00+05:00,25.8,,,,False,-0.1118364113019474,-0.1019951420452639,-0.009841269256683494,False,26.07638346526437,Красный,,
2020-05-08 16:15:00+05:00,25.82,,,,False,-0.1140448052585512,-0.1044050746879214,-0.009639730570629793,False,25.99479658100045,Красный,,
2020-05-08 16:45:00+05:00,25.905,,,,False,-0.1076947457629202,-0.1050630089029212,-0.002631736859998998,False,25.99479658100045,Красный,,
2020-05-08 17:15:00+05:00,25.925,,,,False,-0.0998968957790147,-0.1040297862781399,0.0041328904991252,Ниже,25.99479658100045,Красный,,
2020-05-08 17:45:00+05:00,25.93,,,,False,-0.0922501825918615,-0.1016738655408842,0.009423682949022696,False,25.99479658100045,Красный,,
2020-05-08 18:15:00+05:00,25.915,,,,False,-0.0864044650510216,-0.0986199854429117,0.012215520391890097,False,25.99479658100045,Красный,,
2020-05-08 18:45:00+05:00,26.055,,,,False,-0.0696717294842557,-0.0928303342511805,0.023158604766924787,False,25.79089427673185,Зелёный,,
2020-05-08 19:15:00+05:00,26.05,,,,False,-0.0561669169520691,-0.0854976507913582,0.029330733839289094,False,25.826557567921544,Зелёный,,
2020-05-08 19:45:00+05:00,25.95,,,,False,-0.0529233525242602,-0.0789827911379386,0.026059438613678404,False,25.826557567921544,Зелёный,,
2020-05-08 20:15:00+05:00,25.905,,,,False,-0.053368726804198,-0.0738599782711905,0.020491251466992495,False,25.826557567921544,Зелёный,,
2020-05-12 12:00:00+05:00,25.675,,,,False,-0.0714570544958377,-0.0733793935161199,0.0019223390202822016,False,25.90196807101304,Красный,,
2020-05-12 12:30:00+05:00,25.725,,,,False,-0.0808258918098445,-0.0748686931748649,-0.0059571986349795936,Ниже,25.90196807101304,Красный,,
2020-05-12 13:00:00+05:00,25.85,,,,False,-0.0772735462090246,-0.0753496637816968,-0.0019238824273278,False,25.90196807101304,Красный,,
2020-05-12 13:30:00+05:00,25.665,,,,False,-0.0883675940008785,-0.0779532498255331,-0.010414344175345397,False,25.90196807101304,Красный,,
2020-05-12 14:00:00+05:00,25.685,,,,False,-0.0944570320828042,-0.0812540062769874,-0.01320302580581681,False,25.90196807101304,Красный,,
2020-05-12 14:30:00+05:00,25.705,,,,False,-0.096556084345476,-0.0843144218906851,-0.0122416624547909,False,25.90196807101304,Красный,,
2020-05-12 15:00:00+05:00,25.665,,,,False,-0.1002911699148576,-0.0875097714955196,-0.012781398419338008,False,25.90196807101304,Красный,,
2020-05-12 15:30:00+05:00,25.69,,,,False,-0.1000802976981063,-0.0900238767360369,-0.010056420962069393,False,25.90196807101304,Красный,,
2020-05-12 16:00:00+05:00,25.705,,,,False,-0.09757798701321,-0.0915346987914716,-0.006043288221738399,False,25.89653925728542,Красный,,
2020-05-12 16:30:00+05:00,25.655,,,,False,-0.0984940913254597,-0.0929265772982692,-0.005567514027190509,False,25.8721336552258,Красный,,
2020-05-12 17:00:00+05:00,25.565,,,,False,-0.1052688842615481,-0.095395038690925,-0.009873845570623097,False,25.80891958751139,Красный,,
2020-05-12 17:30:00+05:00,25.48,,,,False,-0.1161577518409764,-0.0995475813209352,-0.016610170520041198,False,25.78703118999122,Красный,,
2020-05-12 18:00:00+05:00,25.615,,,,False,-0.1125959500659838,-0.102157255069945,-0.010438694996038805,False,25.767579495255173,Красный,,
2020-05-12 18:30:00+05:00,25.5,,,,False,-0.1176960090734304,-0.1052650058706421,-0.01243100320278831,False,25.758821743579954,Красный,,
2020-05-12 19:00:00+05:00,25.58,,,,False,-0.1139687503576283,-0.1070057547680393,-0.006962995589589002,False,25.758821743579954,Красный,,
2020-05-12 19:30:00+05:00,25.665,,,,False,-0.1029691174565563,-0.1061984273057427,0.0032293098491863875,Ниже,25.758821743579954,Красный,,
2020-05-12 20:00:00+05:00,25.73,,,,False,-0.0879925490302859,-0.1025572516506514,0.014564702620365494,False,25.758821743579954,Красный,,
2020-05-12 20:30:00+05:00,25.79,,,,False,-0.0704696814709002,-0.0961397376147012,0.025670056143800996,False,25.535068426825607,Зелёный,,
2020-05-13 12:00:00+05:00,25.27,,,,False,-0.0974193472694295,-0.0963956595456468,-0.0010236877237826958,Ниже,25.70844391871536,Красный,,
2020-05-13 12:30:00+05:00,25.26,,,,False,-0.1182212866013934,-0.1007607849567961,-0.017460501644597295,False,25.545850365340304,Красный,,
2020-05-13 13:00:00+05:00,25.405,,,,False,-0.1216048996210084,-0.1049296078896386,-0.016675291731369807,False,25.545850365340304,Красный,,
2020-05-13 13:30:00+05:00,25.35,,,,False,-0.1272575320481017,-0.1093951927213312,-0.01786233932677049,False,25.545850365340304,Красный,,
2020-05-13 14:00:00+05:00,25.445,,,,False,-0.1226576568038204,-0.1120476855378291,-0.010609971265991308,False,25.545850365340304,Красный,,
2020-05-13 14:30:00+05:00,25.48,,,,False,-0.1148639350961495,-0.1126109354494932,-0.0022529996466563035,False,25.545850365340304,Красный,,
2020-05-13 15:00:00+05:00,25.54,,,,False,-0.1026624273753675,-0.110621233834668,0.0079588064593005,Ниже,25.545850365340304,Красный,,
2020-05-13 15:30:00+05:00,25.495,,,,False,-0.0955226429516749,-0.1076015156580694,0.012078872706394503,False,25.545850365340304,Красный,,
2020-05-13 16:00:00+05:00,25.55,,,,False,-0.0844527532413543,-0.1029717631747264,0.01851900993337209,False,25.27431516952715,Зелёный,,
2020-05-13 16:30:00+05:00,25.58,,,,False,-0.0724241757960477,-0.0968622456989907,0.024438069902943005,False,25.31188429271228,Зелёный,,
2020-05-13 17:00:00+05:00,25.565,,,,False,-0.0633713111218483,-0.0901640587835622,0.02679274766171391,False,25.34069648032749,Зелёный,,
2020-05-13 17:30:00+05:00,25.56,,,,False,-0.0559552910936673,-0.0833223052455832,0.027367014151915905,False,25.34069648032749,Зелёный,,
2020-05-13 18:00:00+05:00,25.565,,,,False,-0.0491084914579822,-0.076479542488063,0.027371051030080806,False,25.34069648032749,Зелёный,,
2020-05-13 18:30:00+05:00,25.52,,,,False,-0.0467742924105607,-0.0705384924725626,0.023764200062001896,False,25.34069648032749,Зелёный,,
2020-05-13 19:00:00+05:00,25.345,,,,False,-0.0583725775738557,-0.0681053094928212,0.009732731918965502,False,25.34069648032749,Зелёный,,
2020-05-13 19:30:00+05:00,25.27,,,,False,-0.0727772445528032,-0.0690396965048176,-0.003737548047985595,Ниже,25.572107263029174,Красный,,
2020-05-13 20:00:00+05:00,25.325,,,,False,-0.0788461176040833,-0.0710009807246707,-0.0078451368794126,False,25.498646519983456,Красный,,
2020-05-13 20:30:00+05:00,25.35,,,,False,-0.080708099423699,-0.0729424044644764,-0.007765694959222594,False,25.498646519983456,Красный,,
2020-05-14 12:00:00+05:00,25.27,,,,False,-0.0876289330496256,-0.0758797101815062,-0.0117492228681194,False,25.498646519983456,Красный,,
2020-05-14 12:30:00+05:00,25.1,,,,False,-0.1056138718386066,-0.0818265425129263,-0.023787329325680298,False,25.41254089430357,Красный,,
2020-05-14 13:00:00+05:00,25.295,,,,False,-0.1029455034044595,-0.086050334691233,-0.016895168713226508,False,25.40103704493924,Красный,,
2020-05-14 13:30:00+05:00,25.3,,,,False,-0.0992828728260875,-0.0886968423182038,-0.010586030507883704,False,25.40103704493924,Красный,,
2020-05-14 14:00:00+05:00,25.3,,,,False,-0.0952818617139605,-0.0900138461973552,-0.005268015516605301,False,25.40103704493924,Красный,,
2020-05-14 14:30:00+05:00,25.24,,,,False,-0.0958476580025866,-0.0911806085584015,-0.004667049444185098,False,25.40103704493924,Красный,,
2020-05-14 15:00:00+05:00,25.235,,,,False,-0.0955975250890901,-0.0920639918645392,-0.003533533224550897,False,25.40103704493924,Красный,,
2020-05-14 15:30:00+05:00,25.235,,,,False,-0.0943121215233731,-0.092513617796306,-0.001798503727067094,False,25.40103704493924,Красный,,
2020-05-14 16:00:00+05:00,25.21,,,,False,-0.0942245589402759,-0.0928558060251,-0.0013687529151758943,False,25.40103704493924,Красный,,
2020-05-14 16:30:00+05:00,25.195,,,,False,-0.0942787528259998,-0.0931403953852799,-0.0011383574407198976,False,25.40103704493924,Красный,,
2020-05-14 17:00:00+05:00,25.11,,,,False,-0.1000274374620922,-0.0945178038006424,-0.005509633661449798,False,25.34326906594572,Красный,,
2020-05-14 17:30:00+05:00,25.04,,,,False,-0.1089755244281249,-0.0974093479261389,-0.011566176501986006,False,25.21719220995217,Красный,,
2020-05-14 18:00:00+05:00,25.12,,,,False,-0.1083624811744137,-0.0995999745757939,-0.008762506598619796,False,25.21719220995217,Красный,,
2020-05-14 18:30:00+05:00,25.105,,,,False,-0.1078438577571248,-0.1012487512120601,-0.006595106545064691,False,25.21719220995217,Красный,,
2020-05-14 19:00:00+05:00,25.295,,,,False,-0.0910518438802476,-0.0992093697456976,0.008157525865450002,Ниже,25.013124234650675,Зелёный,,
2020-05-14 19:30:00+05:00,25.685,,,,False,-0.0457469686903309,-0.0885168895346242,0.04276992084429329,False,25.21356167440668,Зелёный,,
2020-05-14 20:00:00+05:00,25.28,,,,False,-0.042038055436798,-0.079221122715059,0.037183067278261005,False,25.21356167440668,Зелёный,,
2020-05-14 20:30:00+05:00,25.4,,,,False,-0.0290804959881718,-0.0691929973696816,0.0401125013815098,False,25.21356167440668,Зелёный,,
2020-05-15 12:00:00+05:00,25.495,,,,False,-0.011018812705192,-0.0575581604367836,0.0465393477315916,False,25.21356167440668,Зелёный,,
2020-05-15 12:30:00+05:00,25.3,,,,False,-0.0122979062845658,-0.0485061096063401,0.0362082033217743,False,25.21356167440668,Зелёный,,
2020-05-15 13:00:00+05:00,25.48,,,,False,0.0011990763103355,-0.0385650724230049,0.0397641487333404,False,25.21356167440668,Зелёный,,
2020-05-15 13:30:00+05:00,25.455,,,,False,0.0097656686418368,-0.0288989242100366,0.0386645928518734,False,25.21356167440668,Зелёный,,
2020-05-15 14:00:00+05:00,25.44,,,,False,0.0151695154127615,-0.0200852362854769,0.0352547516982384,False,25.21356167440668,Зелёный,,
2020-05-15 14:30:00+05:00,25.39,,,,False,0.0152418225362751,-0.0130198245211265,0.028261647057401598,False,25.21356167440668,Зелёный,,
2020-05-15 15:00:00+05:00,25.39,,,,False,0.0151247774332006,-0.0073909041302611,0.0225156815634617,False,25.21356167440668,Зелёный,,
2020-05-15 15:30:00+05:00,25.32,,,,False,0.0092766677093329,-0.0040573897623423,0.0133340574716752,False,25.21356167440668,Зелёный,,
2020-05-15 16:00:00+05:00,25.33,,,,False,0.005386819148363,-0.0021685479802012,0.0075553671285641995,False,25.21356167440668,Зелёный,,
2020-05-15 16:30:00+05:00,25.255,,,,False,-0.0037050772358533,-0.0024758538313316,-0.0012292234045217002,Ниже,25.21356167440668,Зелёный,,
2020-05-15 17:00:00+05:00,25.275,,,,False,-0.0091906931809191,-0.0038188217012491,-0.00537187147967,False,25.21356167440668,Зелёный,,
2020-05-15 17:30:00+05:00,25.275,,,,False,-0.0133838031871,-0.0057318179984193,-0.0076519851886807004,False,25.21356167440668,Зелёный,,
2020-05-15 18:00:00+05:00,25.3,,,,False,-0.0145221793664447,-0.0074898902720244,-0.0070322890944203,False,25.21356167440668,Зелёный,,
2020-05-15 18:30:00+05:00,25.295,,,,False,-0.0156474350127524,-0.00912139922017,-0.0065260357925824,False,25.21356167440668,Зелёный,,
2020-05-15 19:00:00+05:00,25.355,,,,False,-0.0115644024278083,-0.0096099998616976,-0.001954402566110701,False,25.21356167440668,Зелёный,,
2020-05-15 19:30:00+05:00,25.33,,,,False,-0.010227959206805,-0.0097335917307191,-0.0004943674760859006,False,25.21356167440668,Зелёный,,
2020-05-15 20:00:00+05:00,25.3,,,,False,-0.0114574927606447,-0.0100783719367042,-0.0013791208239405002,False,25.21356167440668,Зелёный,,
2020-05-15 20:30:00+05:00,25.22,,,,False,-0.0186719991887436,-0.0117970973871121,-0.006874901801631498,False,25.21356167440668,Зелёный,,
2020-05-18 12:00:00+05:00,25.42,,,,False,-0.0081571879949322,-0.0110691155086761,0.0029119275137438998,Ниже,25.21356167440668,Зелёный,,
2020-05-18 12:30:00+05:00,25.49,,,,False,0.005757916934634,-0.0077037090200141,0.0134616259546481,False,25.242155858407514,Зелёный,,
2020-05-18 13:00:00+05:00,25.64,,,,False,0.0285602593502822,-0.0004509153459548,0.029011174696237,False,25.375690267681502,Зелёный,,
2020-05-18 13:30:00+05:00,25.65,,,,False,0.0468975901961599,0.009018785762468,0.0378788044336919,False,25.430871242694007,Зелёный,,
2020-05-18 14:00:00+05:00,25.535,,,,False,0.0515562102013795,0.0175262706502503,0.0340299395511292,False,25.430871242694007,Зелёный,,
2020-05-18 14:30:00+05:00,25.645,,,,False,0.0633935197758184,0.0266997204753639,0.03669379930045451,False,25.430871242694007,Зелёный,,
2020-05-18 15:00:00+05:00,25.655,,,,False,0.0727430526928181,0.0359083869188548,0.0368346657739633,False,25.45618013808866,Зелёный,,
2020-05-18 15:30:00+05:00,25.67,,,,False,0.0804357858592119,0.0448138667069262,0.03562191915228571,False,25.45618013808866,Зелёный,,
2020-05-18 16:00:00+05:00,25.6,,,,False,0.0799621632874796,0.0518435260230369,0.0281186372644427,False,25.45618013808866,Зелёный,,
2020-05-18 16:30:00+05:00,25.55,,,,False,0.074691237759346,0.0564130683702987,0.018278169389047298,False,25.45618013808866,Зелёный,,
2020-05-18 17:00:00+05:00,25.55,,,,False,0.0697104130548567,0.0590725373072103,0.010637875747646401,False,25.45618013808866,Зелёный,,
2020-05-18 17:30:00+05:00,25.6,,,,False,0.0690022408441635,0.0610584780146009,0.007943762829562592,False,25.45618013808866,Зелёный,,
2020-05-18 18:00:00+05:00,25.615,,,,False,0.0688576359401231,0.0626183095997054,0.006239326340417711,False,25.45618013808866,Зелёный,,
2020-05-18 18:30:00+05:00,25.6,,,,False,0.0667630578991804,0.0634472592596004,0.003315798639579995,False,25.46400786450544,Зелёный,,
2020-05-18 19:00:00+05:00,25.6,,,,False,0.0643611741588507,0.0636300422394505,0.0007311319194002047,False,25.466107077843866,Зелёный,,
2020-05-18 19:30:00+05:00,25.7,,,,False,0.0697231037166119,0.0648486545348828,0.004874449181729107,False,25.469996369986752,Зелёный,,
2020-05-18 20:00:00+05:00,25.685,,,,False,0.0719328991967174,0.0662655034672497,0.0056673957294677,False,25.48199673310595,Зелёный,,
2020-05-18 20:30:00+05:00,25.73,,,,False,0.0764342158925686,0.0682992459523135,0.008134969940255102,False,25.536547060169266,Зелёный,,
2020-05-19 12:00:00+05:00,25.88,,,,False,0.0910556552879775,0.0728505278194463,0.0182051274685312,False,25.71289235302328,Зелёный,,
2020-05-19 12:30:00+05:00,25.85,,,,False,0.0990803652953431,0.0780964953146256,0.020983869980717496,False,25.71289235302328,Зелёный,,
2020-05-19 13:00:00+05:00,25.87,,,,False,0.1058338518789447,0.0836439666274894,0.022189885251455307,False,25.71289235302328,Зелёный,,
2020-05-19 13:30:00+05:00,25.92,,,,False,0.1139075652777279,0.0896966863575371,0.024210878920190804,False,25.71289235302328,Зелёный,,
2020-05-19 14:00:00+05:00,25.87,,,,False,0.1149464283078032,0.0947466347475904,0.0201997935602128,False,25.71356117307439,Зелёный,,
2020-05-19 14:30:00+05:00,25.875,,,,False,0.1148492819261441,0.0987671641833011,0.016082117742843002,False,25.71356117307439,Зелёный,,
2020-05-19 15:00:00+05:00,25.77,,,,False,0.1050882779869404,0.100031386944029,0.0050568910429114045,False,25.71356117307439,Зелёный,,
2020-05-19 15:30:00+05:00,25.74,,,,False,0.0938500181714765,0.0987951131895185,-0.004945095018041995,Выше,25.71356117307439,Зелёный,,
2020-05-19 16:00:00+05:00,25.83,,,,False,0.0911550850605387,0.0972671075637225,-0.006112022503183809,False,25.71356117307439,Зелёный,,
2020-05-19 16:30:00+05:00,25.935,,,,False,0.0963809342179473,0.0970898728945675,-0.0007089386766201966,False,25.730213061749403,Зелёный,,
2020-05-19 17:00:00+05:00,25.83,,,,False,0.0910008338800985,0.0958720650916737,-0.0048712312115752054,False,25.730213061749403,Зелёный,,
2020-05-19 17:30:00+05:00,25.835,,,,False,0.0861474694116424,0.0939271459556674,-0.007779676544024991,False,25.730213061749403,Зелёный,,
2020-05-19 18:00:00+05:00,25.825,,,,False,0.080565517541352,0.0912548202728043,-0.0106893027314523,False,25.730213061749403,Зелёный,,
2020-05-19 18:30:00+05:00,25.855,,,,False,0.0776672302635894,0.0885373022709614,-0.010870072007372,False,25.730213061749403,Зелёный,,
2020-05-19 19:00:00+05:00,25.82,,,,False,0.0717193729346981,0.0851737164037087,-0.013454343469010602,False,25.730213061749403,Зелёный,,
2020-05-19 19:30:00+05:00,25.83,,,,False,0.0670397767603852,0.081546928475044,-0.0145071517146588,False,25.730213061749403,Зелёный,,
2020-05-19 20:00:00+05:00,25.79,,,,False,0.0594185572305363,0.0771212542261425,-0.01770269699560619,False,25.730213061749403,Зелёный,,
2020-05-19 20:30:00+05:00,25.8,,,,False,0.0535681025307326,0.0724106238870605,-0.0188425213563279,False,25.730213061749403,Зелёный,,
2020-05-20 12:00:00+05:00,25.765,,,,False,0.04558192745219,0.0670448846000864,-0.021462957147896394,False,25.730213061749403,Зелёный,,
2020-05-20 12:30:00+05:00,25.86,,,,False,0.0463838480892029,0.0629126772979097,-0.016528829208706797,False,25.604995471973805,Зелёный,,
2020-05-20 13:00:00+05:00,26.245,,,,False,0.0771957933394098,0.0657693005062097,0.011426492833200103,Выше,25.800995924550115,Зелёный,,
2020-05-20 13:30:00+05:00,26.2,,,,False,0.0968667385543646,0.0719887881158407,0.024877950438523908,False,26.004646332127223,Зелёный,,
2020-05-20 14:00:00+05:00,26.15,,,,False,0.1071859493232985,0.0790282203573323,0.028157728965966203,False,26.004646332127223,Зелёный,,
2020-05-20 14:30:00+05:00,26.23,,,,False,0.120431075147124,0.0873087913152906,0.03312228383183341,False,26.004646332127223,Зелёный,,
2020-05-20 15:00:00+05:00,26.34,,,,False,0.1382108053492992,0.0974891941220923,0.0407216112272069,False,26.044104676099646,Зелёный,,
2020-05-20 15:30:00+05:00,26.405,,,,False,0.1557509266718071,0.1091415406320353,0.0466093860397718,False,26.11569420849513,Зелёный,,
2020-05-20 16:00:00+05:00,26.4,,,,False,0.1673193872330678,0.1207771099522418,0.046542277280825994,False,26.186374787578323,Зелёный,,
2020-05-20 16:30:00+05:00,26.55,,,,False,0.1864420342570447,0.1339100948132024,0.052531939443842296,False,26.205987308826355,Зелёный,,
2020-05-20 17:00:00+05:00,26.425,,,,False,0.1893279595976835,0.1449936677700986,0.044334291827584915,False,26.22738857795971,Зелёный,,
2020-05-20 17:30:00+05:00,26.5,,,,False,0.1954143346127388,0.1550778011386266,0.0403365334741122,False,26.22738857795971,Зелёный,,
2020-05-20 18:00:00+05:00,26.48,,,,False,0.1963604764665589,0.1633343362042131,0.03302614026234582,False,26.22738857795971,Зелёный,,
2020-05-20 18:30:00+05:00,26.51,,,,False,0.1972571918623806,0.1701189073358466,0.027138284526534023,False,26.24057877337031,Зелёный,,
2020-05-20 19:00:00+05:00,26.485,,,,False,0.1937174994589661,0.1748386257604705,0.018878873698495613,False,26.24057877337031,Зелёный,,
2020-05-20 19:30:00+05:00,26.48,,,,False,0.188337768949637,0.1775384543983038,0.010799314551333206,False,26.260043806447595,Зелёный,,
2020-05-20 20:00:00+05:00,26.375,,,,False,0.1736005126366322,0.1767508660459695,-0.0031503534093373087,Выше,26.260043806447595,Зелёный,,
2020-05-20 20:30:00+05:00,26.265,,,,False,0.1513009470052289,0.1716608822378214,-0.020359935232592496,False,26.260043806447595,Зелёный,,
2020-05-21 12:00:00+05:00,26.64,,,,False,0.1620200799492295,0.169732721780103,-0.007712641830873501,False,26.070144434830517,Зелёный,,
2020-05-21 12:30:00+05:00,26.63,,,,False,0.167774157555506,0.1693410089351837,-0.0015668513796776862,False,26.38412999134164,Зелёный,,
2020-05-21 13:00:00+05:00,26.41,,,,False,0.1528205242549454,0.166036911999136,-0.013216387744190594,False,26.38412999134164,Зелёный,,
2020-05-21 13:30:00+05:00,26.63,25.90103805831789,,2.814412071210438,True,0.1569130278028865,0.1642121351598861,-0.007299107356999623,False,26.38412999134164,Зелёный,0.7289619416821083,Выше
2020-05-21 14:00:00+05:00,26.615,25.908142157240107,Вверх,2.728323159838607,True,0.1571346413768815,0.1627966364032852,-0.0056619950264037155,False,26.38412999134164,Зелёный,0.7068578427598915,Выше
2020-05-21 14:30:00+05:00,26.69,25.91592183726757,Вверх,2.9868826105938124,True,0.1615004680644638,0.1625374027355209,-0.0010369346710570881,False,26.38412999134164,Зелёный,0.7740781627324296,Выше
2020-05-21 15:00:00+05:00,26.725,25.923972366249984,Вверх,3.0899108455803734,True,0.1658725491665329,0.1632044320217233,0.0026681171448096064,Выше,26.38412999134164,Зелёный,0.8010276337500173,Выше
2020-05-21 15:30:00+05:00,26.57,25.93040050190919,Вверх,2.4666009228963426,True,0.1550430110081357,0.1615721478190058,-0.006529136810870112,Выше,26.38412999134164,Зелёный,0.63959949809081,Выше
2020-05-21 16:00:00+05:00,26.68,25.93785920338273,Вверх,2.8612260973352934,True,0.1535663869694126,0.1599709956490872,-0.0064046086796746005,False,26.38412999134164,Зелёный,0.7421407966172708,Выше
2020-05-21 16:30:00+05:00,26.805,25.946487470015743,Вверх,3.308781317611373,True,0.1606309534693331,0.1601029872131364,0.0005279662561966936,Выше,26.43926362745855,Зелёный,0.8585125299842566,Выше
2020-05-21 17:00:00+05:00,26.525,25.95224381359768,Вверх,2.2069621051503217,True,0.1419991357303089,0.1564822169165709,-0.014483081186262015,Выше,26.43926362745855,Зелёный,0.5727561864023194,Выше
2020-05-21 17:30:00+05:00,26.525,25.95794288012905,Вверх,2.1845225659427516,True,0.1257833339606406,0.1503424403253848,-0.024559106364744204,False,26.43926362745855,Зелёный,0.5670571198709489,Выше
2020-05-21 18:00:00+05:00,26.625,25.96458026440637,Вверх,2.5435409656861276,True,0.1196224256344287,0.1441984373871936,-0.0245760117527649,False,26.43926362745855,Зелёный,0.6604197355936314,Выше
2020-05-21 18:30:00+05:00,26.46,25.96950981401427,Вверх,1.8887156111088452,True,0.100269891468482,0.1354127282034513,-0.03514283673496929,False,26.43926362745855,Зелёный,0.49049018598573113,Выше
2020-05-21 19:00:00+05:00,26.5,25.97478832332756,Вверх,2.0220056084182088,True,0.0871558559656122,0.1257613537558835,-0.03860549779027128,False,26.43926362745855,Зелёный,0.5252116766724413,Выше
2020-05-21 19:30:00+05:00,26.225,25.977277991752164,Вверх,0.9536103371819393,True,0.0539507756603327,0.1113992381367734,-0.0574484624764407,False,26.704549973559537,Красный,0.24772200824783752,Выше
2020-05-21 20:00:00+05:00,26.245,25.979941892331748,Вверх,1.0202413414422895,True,0.0289160172939695,0.0949025939682126,-0.0659865766742431,False,26.59334497619985,Красный,0.2650581076682528,Выше
2020-05-21 20:30:00+05:00,26.235,25.98247978395034,Вверх,0.9718865102539017,True,0.0081746423084325,0.0775570036362566,-0.0693823613278241,False,26.550510478575777,Красный,0.25252021604966046,Выше
2020-05-22 12:00:00+05:00,25.96,25.98225610450805,Вниз,0.08565886048743623,True,-0.0301062029629584,0.0560243623164136,-0.08613056527937199,False,26.331959430722872,Красный,-0.022256104508048935,Ниже
2020-05-22 12:30:00+05:00,25.86,25.98103962585623,Вниз,0.46587676089671315,True,-0.0677324355492281,0.0312730027432852,-0.09900543829251329,False,26.209513487649136,Красный,-0.12103962585623051,Ниже
2020-05-22 13:00:00+05:00,25.955,25.98078052510144,Вниз,0.09922921706118298,True,-0.0888614504182498,0.0072461121109782,-0.096107562529228,False,26.207562138882665,Красный,-0.025780525101442464,Ниже
2020-05-22 13:30:00+05:00,26.065,25.9816185298268,Вверх,0.32092484953344746,True,-0.0956279270202671,-0.0133286957152708,-0.08229923130499629,False,26.207562138882665,Красный,0.08338147017320097,Выше
2020-05-22 14:00:00+05:00,26.125,25.983045211122057,Вверх,0.546336227045392,True,-0.0950531958449758,-0.0296735957412118,-0.06537960010376401,False,26.207562138882665,Красный,0.14195478887794266,Выше
2020-05-22 14:30:00+05:00,26.16,25.98480595529,Вверх,0.6742172522336437,True,-0.0907276577920335,-0.0418844081513761,-0.0488432496406574,False,26.207562138882665,Красный,0.17519404471000044,Выше
2020-05-22 15:00:00+05:00,26.065,25.98560390598363,Вверх,0.3055387679409998,True,-0.0938831176332612,-0.0522841500477532,-0.041598967585508,False,26.207562138882665,Красный,0.07939609401637071,Выше
2020-05-22 15:30:00+05:00,26.14,25.987140185526084,Вверх,0.5882132985108325,True,-0.0893025449432443,-0.0596878290268514,-0.0296147159163929,False,26.207562138882665,Красный,0.15285981447391706,Выше
2020-05-22 16:00:00+05:00,26.04,25.98766615382931,Вверх,0.20137955390418344,True,-0.0926732923235071,-0.0662849216861825,-0.026388370637324604,False,26.207562138882665,Красный,0.052333846170689924,Выше
2020-05-22 16:30:00+05:00,26.165,25.98943066971161,Вверх,0.6755412710637037,True,-0.0842865754012258,-0.0698852524291912,-0.0144013229720346,False,26.207562138882665,Красный,0.17556933028838984,Выше
2020-05-22 17:00:00+05:00,26.195,25.991476135684625,Вверх,0.7830408063509338,True,-0.0743620926227848,-0.0707806204679099,-0.0035814721548749068,False,26.207562138882665,Красный,0.2035238643153754,Выше
2020-05-22 17:30:00+05:00,26.22,25.993750004981298,Вверх,0.8704015195012035,True,-0.0637447674530946,-0.0693734498649469,0.005628682411852298,Ниже,25.939075653105927,Зелёный,0.22624999501870136,Выше
2020-05-22 18:00:00+05:00,26.225,25.99605099995661,Вверх,0.8807068429115448,True,-0.0543010538021597,-0.0663589706523894,0.012057916850229694,False,25.98141808779624,Зелёный,0.22894900004339291,Выше
2020-05-22 18:30:00+05:00,26.21,25.998179845728185,Вверх,0.8147499383754772,True,-0.0474798986192084,-0.0625831562457532,0.015103257626544797,False,25.98141808779624,Зелёный,0.2118201542718161,Выше
2020-05-22 19:00:00+05:00,26.2,26.00018800646721,Вверх,0.7685021103812404,True,-0.0423923280500133,-0.0585449906066052,0.016152662556591903,False,25.98141808779624,Зелёный,0.19981199353279067,Выше
2020-05-22 19:30:00+05:00,26.22,26.002375190482464,Вверх,0.8369420405763196,True,-0.0363277946633218,-0.0541015514179485,0.017773756754626703,False,25.999693786003817,Зелёный,0.2176248095175346,Выше
2020-05-22 20:00:00+05:00,26.2,26.004341606497565,Вверх,0.7524066421798812,True,-0.032757829250233,-0.0498328069844054,0.017074977734172395,False,25.999693786003817,Зелёный,0.19565839350243408,Выше
2020-05-22 20:30:00+05:00,26.2,26.00628845618416,Вверх,0.7448642436701773,True,-0.0295875392057887,-0.0457837534286821,0.0161962142228934,False,25.999693786003817,Зелёный,0.19371154381584077,Выше
2020-05-25 12:00:00+05:00,26.25,26.008713446669887,Вверх,0.9277142978443129,True,-0.0227779098067948,-0.0411825847043046,0.018404674897509802,False,26.04508426999649,Зелёный,0.24128655333011295,Выше
2020-05-25 12:30:00+05:00,26.3,26.011611820334863,Вверх,1.1086901559852076,True,-0.0131945487699027,-0.0355849775174243,0.022390428747521604,False,26.04508426999649,Зелёный,0.2883881796651373,Выше
2020-05-25 13:00:00+05:00,26.4,26.015476379336505,Вверх,1.4780571958655806,True,0.0024413557321594,-0.0279797108675075,0.030421066599666903,False,26.110918258697417,Зелёный,0.38452362066349366,Выше
2020-05-25 13:30:00+05:00,26.42,26.019501489989874,Вверх,1.5392243781619166,True,0.016259328139963,-0.0191319030660134,0.0353912312059764,False,26.110918258697417,Зелёный,0.40049851001012726,Выше
2020-05-25 14:00:00+05:00,26.515,26.02443182342281,Вверх,1.8850293443704111,True,0.0344784309877894,-0.0084098362552528,0.042888267243042205,False,26.27191878954465,Зелёный,0.49056817657719165,Выше
2020-05-25 14:30:00+05:00,26.555,26.029711108761887,Вверх,2.018035809322887,True,0.0515506234641414,0.0035822556886259,0.047968367775515504,False,26.30047691059041,Зелёный,0.5252888912381124,Выше
2020-05-25 15:00:00+05:00,26.675,26.03613189374933,Вверх,2.453775041768192,True,0.0739114509203879,0.0176480947349783,0.05626335618540959,False,26.356929219531324,Зелёный,0.6388681062506691,Выше
2020-05-25 15:30:00+05:00,26.755,26.04328481022944,Вверх,2.7328165204836465,True,0.0969700883756168,0.033512493463106,0.0634575949125108,False,26.5149862975782,Зелёный,0.7117151897705583,Выше
2020-05-25 16:00:00+05:00,26.81,26.05091381709283,Вверх,2.9138562594649096,True,0.118318364577,0.0504736676858848,0.06784469689111519,False,26.565737667820517,Зелёный,0.7590861829071684,Выше
2020-05-25 16:30:00+05:00,26.705,26.057422137320764,Вверх,2.4851954244228205,True,0.1253197961925956,0.065442893387227,0.05987690280536859,False,26.565737667820517,Зелёный,0.6475778626792348,Выше
2020-05-25 17:00:00+05:00,26.68,26.06361694192454,Вверх,2.364917576286118,True,0.127382800493212,0.077830874808424,0.04955192568478799,False,26.565737667820517,Зелёный,0.6163830580754599,Выше
2020-05-25 17:30:00+05:00,26.655,26.069501350462605,Вверх,2.2459142645895143,True,0.1255531565635728,0.0873753311594538,0.038177825404119,False,26.565737667820517,Зелёный,0.5854986495373957,Выше
2020-05-25 18:00:00+05:00,26.7,26.075774968865964,Вверх,2.3938887027493876,True,0.1262786132390587,0.0951559875753748,0.0311226256636839,False,26.565737667820517,Зелёный,0.6242250311340349,Выше
2020-05-25 18:30:00+05:00,26.675,26.0817374069867,Вверх,2.2746283491619637,True,0.1234136164664185,0.1008075133535835,0.022606103112835008,False,26.565737667820517,Зелёный,0.5932625930133,Выше
2020-05-25 19:00:00+05:00,26.695,26.087839522340065,Вверх,2.3273697200567307,True,0.1213579794910799,0.1049176065810828,0.0164403729099971,False,26.565737667820517,Зелёный,0.6071604776599351,Выше
2020-05-25 19:30:00+05:00,26.77,26.094627188784447,Вверх,2.588168078928639,True,0.124347346766914,0.1088035546182491,0.0155437921486649,False,26.565737667820517,Зелёный,0.6753728112155528,Выше
2020-05-25 20:00:00+05:00,26.735,26.10099905755276,Вверх,2.4290294063045907,True,0.1224803570626029,0.1115389151071198,0.010941441955483092,False,26.572085881083847,Зелёный,0.6340009424472406,Выше
2020-05-25 20:30:00+05:00,26.73,26.10725777339801,Вверх,2.3853222426008007,True,0.1192229678975458,0.113075725665205,0.006147242232340797,False,26.587127292975516,Зелёный,0.6227422266019893,Выше
2020-05-26 12:00:00+05:00,27.3,26.119125855254747,Вверх,4.52110898078804,True,0.1607823015386245,0.1226170408398889,0.03816526069873559,False,26.894164563677624,Зелёный,1.1808741447452533,Выше
2020-05-26 12:30:00+05:00,27.58,26.13366191639649,Вверх,5.534387366877437,False,0.2138469384193726,0.1408630203557857,0.0729839180635869,False,27.20524810730972,Зелёный,1.4463380836035071,Выше
2020-05-26 13:00:00+05:00,27.585,26.14810309135772,Вверх,5.495224275435854,False,0.2533836546260026,0.1633671472098291,0.09001650741617351,False,27.329973296578785,Зелёный,1.4368969086422823,Выше
2020-05-26 13:30:00+05:00,27.45,26.16105728945367,Вверх,4.9269519052119595,True,0.2707029205471407,0.1848343018772914,0.08586861866984927,False,27.329973296578785,Зелёный,1.2889427105463298,Выше
2020-05-26 14:00:00+05:00,27.53,26.17467860995662,Вверх,5.17798674910121,False,0.287568978798209,0.2053812372614749,0.08218774153673408,False,27.329973296578785,Зелёный,1.3553213900433825,Выше
2020-05-26 14:30:00+05:00,27.555,26.18841315115108,Вверх,5.218288106886886,False,0.2995002896353895,0.2242050477362578,0.0752952418991317,False,27.329973296578785,Зелёный,1.3665868488489181,Выше
2020-05-26 15:00:00+05:00,27.565,26.20211053273167,Вверх,5.201449194582286,False,0.3062327948253696,0.2406105971540802,0.06562219767128938,False,27.329973296578785,Зелёный,1.3628894672683316,Выше
2020-05-26 15:30:00+05:00,27.52,26.21522386076419,Вверх,4.977169549136072,True,0.3044279735944393,0.253374072442152,0.051053901152287307,False,27.329973296578785,Зелёный,1.304776139235809,Выше
2020-05-26 16:00:00+05:00,27.59,26.228903225333703,Вверх,5.189301142228682,False,0.305128720794201,0.2637250021125619,0.04140371868163911,False,27.329973296578785,Зелёный,1.3610967746662972,Выше
2020-05-26 16:30:00+05:00,27.62,26.242744984285608,Вверх,5.248136262190202,False,0.3045936512692968,0.2718987319439089,0.03269491932538787,False,27.358428674836464,Зелёный,1.3772550157143932,Выше
2020-05-26 17:00:00+05:00,27.685,26.25709578046187,Вверх,5.43816510202413,False,0.3058884697182229,0.2786966794987717,0.02719179021945123,False,27.418585807352837,Зелёный,1.427904219538128,Выше
2020-05-26 17:30:00+05:00,27.545,26.26991074782046,Вверх,4.8538012344991746,True,0.2922489289620529,0.281407129391428,0.010841799570624922,False,27.418585807352837,Зелёный,1.2750892521795407,Выше
2020-05-26 18:00:00+05:00,27.69,26.284040989135683,Вверх,5.349097619523046,False,0.2897991585238877,0.2830855352179199,0.0067136233059678085,False,27.418585807352837,Зелёный,1.4059590108643185,Выше
2020-05-26 18:30:00+05:00,27.695,26.29808038227861,Вверх,5.3118691456382034,False,0.2849761285962771,0.2834636538935914,0.0015124747026856733,False,27.471644053560222,Зелёный,1.396919617721391,Выше
2020-05-26 19:00:00+05:00,27.545,26.31048754265395,Вверх,4.692092669680447,True,0.26598399827013,0.2799677227688991,-0.013983724498769112,Выше,27.471644053560222,Зелёный,1.234512457346053,Выше
2020-05-26 19:30:00+05:00,27.645,26.32376627357281,Вверх,5.019166758647347,False,0.2560501753847397,0.2751842132920672,-0.01913403790732754,False,27.471644053560222,Зелёный,1.321233726427188,Выше
2020-05-26 20:00:00+05:00,27.495,26.33542034050244,Вверх,4.403118099141137,True,0.2333835030342506,0.2668240712405039,-0.033440568206253296,False,27.471644053560222,Зелёный,1.1595796594975596,Выше
2020-05-26 20:30:00+05:00,27.43,26.34631168039794,Вверх,4.113244892674452,True,0.2077798879102559,0.2550152345744543,-0.0472353466641984,False,27.77198758645916,Красный,1.0836883196020608,Выше
2020-05-27 12:00:00+05:00,27.53,26.35808967362781,Вверх,4.44611252516046,True,0.1933294214978964,0.2426780719591428,-0.049348650461246396,False,27.77198758645916,Красный,1.171910326372192,Выше
2020-05-27 12:30:00+05:00,27.595,26.37039723906435,Вверх,4.643854052837544,True,0.1849898318984912,0.2311404239470125,-0.046150592048521316,False,27.77198758645916,Красный,1.2246027609356496,Выше
2020-05-27 13:00:00+05:00,27.7,26.38362711728261,Вверх,4.9893552424226675,True,0.1847238875468377,0.2218571166669775,-0.037133229120139805,False,27.77198758645916,Красный,1.3163728827173884,Выше
2020-05-27 13:30:00+05:00,27.92,26.398914409647965,Вверх,5.761924777467851,False,0.1999602686098249,0.217477747055547,-0.0175174784457221,False,27.45788319452411,Зелёный,1.5210855903520368,Выше
2020-05-27 14:00:00+05:00,28.12,26.41603963940271,Вверх,6.450476240411248,False,0.2255732706550759,0.2190968517754528,0.006476418879623108,Выше,27.69009487507169,Зелёный,1.7039603605972893,Выше
2020-05-27 14:30:00+05:00,28.31,26.434885016125072,Вверх,7.0933351241403955,False,0.2582264970933146,0.2269227808390252,0.03130371625428938,False,27.87358538756452,Зелёный,1.8751149838749264,Выше
2020-05-27 15:00:00+05:00,28.45,26.454935911487013,Вверх,7.541368065256618,False,0.2920348483244943,0.239945194336119,0.052089653988375284,False,28.10772684880806,Зелёный,1.9950640885129864,Выше
2020-05-27 15:30:00+05:00,28.2,26.472299733263263,Вверх,6.526445696615574,False,0.2952518203908028,0.2510065195470558,0.044245300843747004,False,28.10772684880806,Зелёный,1.7277002667367363,Выше
2020-05-27 16:00:00+05:00,28.16,26.48909277074323,Вверх,6.307906592793014,False,0.2912166638001281,0.2590485483976703,0.03216811540245784,False,28.10772684880806,Зелёный,1.6709072292567697,Выше
2020-05-27 16:30:00+05:00,28.09,26.50502219590997,Вверх,5.979915022801267,False,0.2791524623253814,0.2630693311832125,0.01608313114216886,False,28.490959627218924,Красный,1.5849778040900304,Выше
2020-05-27 17:00:00+05:00,28.1,26.52089262182131,Вверх,5.954201469370627,False,0.267316948778781,0.2639188547023262,0.003398094076454805,False,28.45761366449703,Красный,1.5791073781786906,Выше
2020-05-27 17:30:00+05:00,28.04,26.5360081181216,Вверх,5.667739756422948,False,0.2502114387490657,0.2611773715116741,-0.010965932762608377,Выше,28.45761366449703,Красный,1.5039918818783988,Выше
2020-05-27 18:00:00+05:00,28.065,26.55122196769253,Вверх,5.701349768946351,False,0.2359525754636884,0.256132412302077,-0.020179836838388615,False,28.45324206824259,Красный,1.5137780323074708,Выше
2020-05-27 18:30:00+05:00,27.55,26.56116005756624,Вверх,3.72287934823117,True,0.181009562058179,0.2411078422532974,-0.0600982801951184,False,28.28316786141834,Красный,0.9888399424337599,Выше
2020-05-27 19:00:00+05:00,27.425,26.56975547987901,Вверх,3.218864850934206,True,0.1259287445802606,0.21807202271869,-0.0921432781384294,False,27.95810107527651,Красный,0.8552445201209906,Выше
2020-05-27 19:30:00+05:00,27.17,26.57572806216877,Вверх,2.2361454649183883,True,0.0609972922020602,0.1866570766153641,-0.1256597844133039,False,27.711790967748858,Красный,0.5942719378312304,Выше
2020-05-27 20:00:00+05:00,27.39,26.5838302705054,Вверх,3.032556713202622,True,0.0269798033906241,0.1547216219704161,-0.127741818579792,False,27.704611870973974,Красный,0.8061697294946022,Выше
2020-05-27 20:30:00+05:00,27.695,26.59488668572425,Вверх,4.1365595096378955,True,0.024350946875792,0.1286474869514913,-0.1042965400756993,False,27.704611870973974,Красный,1.1001133142757489,Выше
2020-05-28 12:00:00+05:00,27.66,26.60548482815486,Вверх,3.9635254860276565,True,0.0192217749980656,0.1067623445608062,-0.0875405695627406,False,27.704611870973974,Красный,1.0545151718451393,Выше
2020-05-28 12:30:00+05:00,27.76,26.61697254130755,Вверх,4.294355629358516,True,0.0229613494528599,0.0900021455392169,-0.06704079608635699,False,27.17510794605997,Зелёный,1.1430274586924511,Выше
2020-05-28 13:00:00+05:00,27.665,26.62740067522489,Вверх,3.8967353119845782,True,0.0180512001003165,0.0756119564514369,-0.057560756351120394,False,27.30659715145397,Зелёный,1.0375993247751083,Выше
2020-05-28 13:30:00+05:00,27.965,26.640710121242552,Вверх,4.97092559744305,True,0.0379301292389193,0.0680755910089333,-0.030145461770014002,False,27.30659715145397,Зелёный,1.3242898787574475,Выше
2020-05-28 14:00:00+05:00,27.925,26.653489125011284,Вверх,4.770523172501075,True,0.0498816534444976,0.0644368034960462,-0.014555150051548602,False,27.40241869267772,Зелёный,1.2715108749887172,Выше
2020-05-28 14:30:00+05:00,27.865,26.665543959588287,Вверх,4.49814953045582,True,0.0538906065577649,0.0623275641083899,-0.008436957550625006,False,27.484176823409943,Зелёный,1.199456040411711,Выше
2020-05-28 15:00:00+05:00,27.94,26.67822511421925,Вверх,4.729605812900343,True,0.0624002922555355,0.0623421097378191,5.818251771640137e-05,Выше,27.484176823409943,Зелёный,1.2617748857807527,Выше
2020-05-28 15:30:00+05:00,27.975,26.691128346913587,Вверх,4.810106325965326,True,0.0711483332750937,0.064103354445274,0.007044978829819706,False,27.570208226962052,Зелёный,1.2838716530864147,Выше
2020-05-28 16:00:00+05:00,28.25,26.706639507640816,Вверх,5.778939323001032,False,0.099128726287283,0.0711084288136758,0.02802029747360721,False,27.68268740426585,Зелёный,1.5433604923591844,Выше
2020-05-28 16:30:00+05:00,28.255,26.722046079704093,Вверх,5.73666371101805,False,0.1203198749288816,0.080950718036717,0.03936915689216461,False,27.856168663839263,Зелёный,1.5329539202959062,Выше
2020-05-28 17:00:00+05:00,28.22,26.73695109383639,Вверх,5.5468138493378705,False,0.1327594372557357,0.0913124618805207,0.041446975375214995,False,27.856168663839263,Зелёный,1.48304890616361,Выше
2020-05-28 17:30:00+05:00,28.315,26.7526530730022,Вверх,5.839970049828308,False,0.1485709526143139,0.1027641600272794,0.04580679258703452,False,27.856168663839263,Зелёный,1.562346926997801,Выше
2020-05-28 18:00:00+05:00,28.245,26.767502296156405,Вверх,5.51974438069163,False,0.1536817301446582,0.1129476740507551,0.040734056093903084,False,27.890859455938827,Зелёный,1.4774977038435964,Выше
2020-05-28 18:30:00+05:00,28.1,26.78076097977674,Вверх,4.92606995454488,True,0.1443675902593817,0.1192316572924804,0.025135932966901295,False,27.890859455938827,Зелёный,1.319239020223261,Выше
2020-05-28 19:00:00+05:00,28.175,26.79463400485359,Вверх,5.151650867469841,False,0.141407878494455,0.1236669015328754,0.017740976961579585,False,27.890859455938827,Зелёный,1.3803659951464091,Выше
2020-05-28 19:30:00+05:00,28.265,26.809264512267987,Вверх,5.429971743782323,False,0.1446570173852492,0.1278649247033502,0.01679209268189899,False,27.890859455938827,Зелёный,1.4557354877320137,Выше
2020-05-28 20:00:00+05:00,28.195,26.82305292508124,Вверх,5.114805830457519,False,0.1399700804206531,0.1302859558468108,0.009684124573842295,False,27.890859455938827,Зелёный,1.3719470749187614,Выше
2020-05-28 20:30:00+05:00,28.3,26.83774891587645,Вверх,5.448486341783028,False,0.1430789465547128,0.1328445539883912,0.010234392566321582,False,27.890859455938827,Зелёный,1.462251084123551,Выше
2020-05-29 12:00:00+05:00,28.035,26.849661861987133,Вверх,4.414722777909652,True,0.1227445374397433,0.1308245506786616,-0.008080013238918313,Выше,27.890859455938827,Зелёный,1.1853381380128667,Выше
2020-05-29 12:30:00+05:00,27.655,26.857675176793236,Вверх,2.968703798665734,True,0.075100831866024,0.1196798069161341,-0.0445789750501101,False,28.21089475613877,Красный,0.7973248232067647,Выше
2020-05-29 13:00:00+05:00,27.755,26.866603781999277,Вверх,3.3066934146546294,True,0.044894500355376,0.1047227456039825,-0.05982824524860649,False,28.100305280524893,Красный,0.8883962180007217,Выше
2020-05-29 13:30:00+05:00,27.69,26.874796779193318,Вверх,3.0333372471780713,True,0.0155317676862907,0.0868845500204441,-0.0713527823341534,False,28.099524752472405,Красный,0.8152032208066835,Выше
2020-05-29 14:00:00+05:00,27.8,26.8840027813904,Вверх,3.407220368403141,True,0.0011247062767587,0.069732581271707,-0.0686078749949483,False,28.099524752472405,Красный,0.9159972186096006,Выше
2020-05-29 14:30:00+05:00,27.825,26.893365937794474,Вверх,3.464177984862271,True,-0.0081813926198961,0.0541497864933864,-0.0623311791132825,False,28.099524752472405,Красный,0.931634062205525,Выше
2020-05-29 15:00:00+05:00,27.85,26.902884684682093,Вверх,3.520497249342095,True,-0.0133849585062222,0.0406428374934647,-0.0540277959996869,False,28.099524752472405,Красный,0.9471153153179088,Выше
2020-05-29 15:30:00+05:00,27.825,26.912059961451423,Вверх,3.392308280585965,True,-0.0193035932205098,0.0286535513506697,-0.0479571445711795,False,28.099524752472405,Красный,0.9129400385485766,Выше
2020-05-29 16:00:00+05:00,27.835,26.921243444422057,Вверх,3.3941840668108867,True,-0.0229229954243486,0.0183382419956661,-0.041261237420014696,False,28.099524752472405,Красный,0.9137565555779439,Выше
2020-05-29 16:30:00+05:00,27.715,26.929141519601934,Вверх,2.918245573576985,True,-0.0350701282572778,0.0076565679450773,-0.0427266962023551,False,28.090460088978688,Красный,0.7858584803980655,Выше
2020-05-29 17:00:00+05:00,27.755,26.93735901691933,Вверх,3.0353420413898364,True,-0.0409965698983789,-0.0020740596236139,-0.038922510274765,False,28.040414080080826,Красный,0.8176409830806683,Выше
2020-05-29 17:30:00+05:00,27.69,26.944847981925115,Вверх,2.7654712269103996,True,-0.0503577812137869,-0.0117308039416485,-0.0386269772721384,False,28.032122672072735,Красный,0.7451520180748865,Выше
2020-05-29 18:00:00+05:00,27.685,26.952212678622377,Вверх,2.7188391918517496,True,-0.0575170461336824,-0.0208880523800553,-0.036628993753627104,False,27.978910404865463,Красный,0.7327873213776215,Выше
2020-05-29 18:30:00+05:00,27.685,26.959504094755488,Вверх,2.69105805023188,True,-0.0624706919127007,-0.0292045802865844,-0.0332661116261163,False,27.97426936437892,Красный,0.7254959052445109,Выше
2020-05-29 19:00:00+05:00,27.705,26.966921964459416,Вверх,2.7369754564993323,True,-0.0640443951080875,-0.036172543250885,-0.0278718518572025,False,27.97426936437892,Красный,0.7380780355405818,Выше
2020-05-29 19:30:00+05:00,27.7,26.97421627327077,Вверх,2.6906573276363233,True,-0.0649463631944087,-0.0419273072395897,-0.023019055954819005,False,27.97426936437892,Красный,0.7257837267292295,Выше
2020-05-29 20:00:00+05:00,27.765,26.98208476806409,Вверх,2.901611341991504,True,-0.0597277186672293,-0.0454873895251177,-0.014240329142111596,False,27.97426936437892,Красный,0.7829152319359096,Выше
2020-05-29 20:30:00+05:00,27.81,26.99032273057092,Вверх,3.0369302272205183,True,-0.0513686357052804,-0.0466636387611502,-0.004704996944130201,False,27.97426936437892,Красный,0.8196772694290786,Выше
2020-06-01 12:00:00+05:00,28.07,27.00106578797817,Вверх,3.9588593295371224,True,-0.0234933583338978,-0.0420295826756997,0.0185362243418019,Ниже,27.513227733027893,Зелёный,1.06893421202183,Выше
2020-06-01 12:30:00+05:00,28.19,27.012895979142574,Вверх,4.357563223751734,True,0.0081866265962062,-0.0319863408213185,0.0401729674175247,False,27.825404959725105,Зелёный,1.1771040208574277,Выше
2020-06-01 13:00:00+05:00,27.935,27.022071143529217,Вверх,3.378456268661679,True,0.0125719523779572,-0.0230746821814634,0.0356466345594206,False,27.825404959725105,Зелёный,0.9129288564707814,Выше
2020-06-01 13:30:00+05:00,28.025,27.03205053513589,Вверх,3.673230277420077,True,0.0230439659975267,-0.0138509525456653,0.036894918543192004,False,27.825404959725105,Зелёный,0.9929494648641075,Выше
2020-06-01 14:00:00+05:00,27.92,27.040885853194247,Вверх,3.2510552782127435,True,0.022609857397505,-0.0065587905570312,0.029168647954536202,False,27.825404959725105,Зелёный,0.8791141468057546,Выше
2020-06-01 14:30:00+05:00,27.95,27.04993176510276,Вверх,3.3274325521901043,True,0.024405244022585,-0.000365983641108,0.024771227663693,False,27.825404959725105,Зелёный,0.9000682348972404,Выше
2020-06-01 15:00:00+05:00,28.035,27.05973343908184,Вверх,3.6041247897497874,True,0.0323143903069329,0.0061700911485001,0.0261442991584328,False,27.825404959725105,Зелёный,0.9752665609181612,Выше
2020-06-01 15:30:00+05:00,28.07,27.069785842673067,Вверх,3.6949466949612377,True,0.0409347825205159,0.0131230294229033,0.027811753097612597,False,27.825404959725105,Зелёный,1.0002141573269334,Выше
2020-06-01 16:00:00+05:00,28.125,27.08028548602956,Вверх,3.857841581874747,True,0.0516096222032906,0.0208203479789808,0.030789274224309802,False,27.825404959725105,Зелёный,1.0447145139704404,Выше
2020-06-01 16:30:00+05:00,28.105,27.09048165034767,Вверх,3.7449254787956527,True,0.0577895151490182,0.0282141814129882,0.02957533373603,False,27.85370133358303,Зелёный,1.014518349652331,Выше
2020-06-01 17:00:00+05:00,28.04,27.099929594125303,Вверх,3.4689034988433463,True,0.0567875564580759,0.0339288564220058,0.0228587000360701,False,27.85370133358303,Зелёный,0.940070405874696,Выше
2020-06-01 17:30:00+05:00,28.13,27.11017905090017,Вверх,3.7617639750186935,True,0.0625348816266146,0.0396500614629276,0.022884820163686995,False,27.860873080202254,Зелёный,1.0198209490998273,Выше
2020-06-01 18:00:00+05:00,28.1,27.12002801556784,Вверх,3.6134622865051003,True,0.0639319610990973,0.0445064413901615,0.019425519708935794,False,27.860873080202254,Зелёный,0.9799719844321615,Выше
2020-06-01 18:30:00+05:00,28.125,27.130027736805967,Вверх,3.6674207370757785,True,0.0662922716704308,0.0488636074462154,0.017428664224215393,False,27.866457194963825,Зелёный,0.9949722631940325,Выше
2020-06-01 19:00:00+05:00,28.165,27.140325968280536,Вверх,3.775466930342036,True,0.0705769335520116,0.0532062726673746,0.017370660884637,False,27.912061475467443,Зелёный,1.0246740317194636,Выше
2020-06-01 19:30:00+05:00,28.145,27.15032272481506,Вверх,3.6635928245369187,True,0.0715341252421168,0.0568718431823231,0.014662282059793703,False,27.9343553279207,Зелёный,0.9946772751849409,Выше
2020-06-01 20:00:00+05:00,28.11,27.15987175242884,Вверх,3.4982795803746387,True,0.0686768352529725,0.059232841596453,0.009443993656519496,False,27.9343553279207,Зелёный,0.9501282475711577,Выше
2020-06-01 20:30:00+05:00,28.095,27.169176511111143,Вверх,3.407624403007687,True,0.0644589945463458,0.0602780721864315,0.004180922359914296,False,27.9343553279207,Зелёный,0.9258234888888559,Выше
2020-06-02 12:00:00+05:00,28.12,27.178637441348844,Вверх,3.4636120397227623,True,0.0624141450520205,0.0607052867595493,0.0017088582924712006,False,27.9343553279207,Зелёный,0.9413625586511571,Выше
2020-06-02 12:30:00+05:00,28.34,27.190193287703583,Вверх,4.228755199090117,True,0.0776506402339336,0.0640943574544262,0.013556282779507406,False,27.93643053064877,Зелёный,1.1498067122964173,Выше
2020-06-02 13:00:00+05:00,28.43,27.202529672900564,Вверх,4.512338895901488,True,0.0958826448324821,0.0704520149300374,0.0254306299024447,False,28.128287477583893,Зелёный,1.2274703270994358,Выше
2020-06-02 13:30:00+05:00,28.425,27.214693556752295,Вверх,4.447253615859344,True,0.1086754388076123,0.0780966997055524,0.030578739102059896,False,28.208708729825503,Зелёный,1.2103064432477062,Выше
2020-06-02 14:00:00+05:00,28.46,27.227084665640337,Вверх,4.528267897574658,True,0.1202518393430267,0.0865277276330472,0.03372411170997951,False,28.208708729825503,Зелёный,1.2329153343596637,Выше
2020-06-02 14:30:00+05:00,28.6,27.24074551473845,Вверх,4.9897844555176905,True,0.1391193686588892,0.0970460558382156,0.042073312820673586,False,28.270754071158656,Зелёный,1.3592544852615518,Выше
2020-06-02 15:00:00+05:00,28.38,27.25208138026344,Вверх,4.138834770078963,True,0.1347663575113848,0.1045901161728495,0.030176241338535303,False,28.270754071158656,Зелёный,1.1279186197365583,Выше
2020-06-02 15:30:00+05:00,28.625,27.265742262051862,Вверх,4.98522183949467,True,0.1493642392902749,0.1135449407963345,0.0358192984939404,False,28.270754071158656,Зелёный,1.3592577379481376,Выше
2020-06-02 16:00:00+05:00,28.525,27.27827218979264,Вверх,4.5704060782628115,True,0.15112196160376,0.1210603449578196,0.03006161664594041,False,28.310354717874663,Зелёный,1.2467278102073571,Выше
2020-06-02 16:30:00+05:00,28.54,27.29082669536684,Вверх,4.577264436057675,True,0.1519734880704106,0.1272429735803378,0.024730514490072825,False,28.310354717874663,Зелёный,1.2491733046331603,Выше
2020-06-02 17:00:00+05:00,28.58,27.30365429043782,Вверх,4.674633277968128,True,0.1540996300249624,0.1326143048692628,0.02148532515569962,False,28.310354717874663,Зелёный,1.2763457095621789,Выше
2020-06-02 17:30:00+05:00,28.58,27.316354247746897,Вверх,4.625967802263835,True,0.154009289618699,0.13689330181915,0.01711598779954901,False,28.332368589330628,Зелёный,1.263645752253101,Выше
2020-06-02 18:00:00+05:00,28.44,27.327534802495684,Вверх,4.07085822246477,True,0.1410153273104448,0.137717706917409,0.0032976203930357995,False,28.332368589330628,Зелёный,1.1124651975043172,Выше
2020-06-02 18:30:00+05:00,28.415,27.338355351724584,Вверх,3.9382202565725946,True,0.1272335582391832,0.1356208771817638,-0.008387318942580602,Выше,28.332368589330628,Зелёный,1.0766446482754155,Выше
2020-06-02 19:00:00+05:00,28.45,27.349416492503444,Вверх,4.024157180092777,True,0.1177779436307702,0.1320522904715651,-0.014274346840794913,False,28.332368589330628,Зелёный,1.1005835074965553,Выше
2020-06-02 19:30:00+05:00,28.37,27.359571552279533,Вверх,3.693144265032475,True,0.1026457333976189,0.1261709790567759,-0.023525245659157007,False,28.332368589330628,Зелёный,1.010428447720468,Выше
2020-06-02 20:00:00+05:00,28.23,27.368232531858844,Вверх,3.1487874386407273,True,0.0784521700138327,0.1166272172481872,-0.0381750472343545,False,28.50205257168616,Красный,0.8617674681411565,Выше
2020-06-02 20:30:00+05:00,28.21,27.37660832756174,Вверх,3.044174290937395,True,0.0570076155676915,0.1047032969120881,-0.0476956813443966,False,28.50205257168616,Красный,0.8333916724382604,Выше
2020-06-03 12:00:00+05:00,28.91,27.391865956143217,Вверх,5.542280494097952,False,0.0953971228755001,0.1028420621047705,-0.007444939229270392,False,28.510137416934214,Зелёный,1.518134043856783,Выше
2020-06-03 12:30:00+05:00,28.755,27.405429478967665,Вверх,4.924464044864043,True,0.1120225531266285,0.1046781603091421,0.007344392817486403,Выше,28.510137416934214,Зелёный,1.3495705210323337,Выше
2020-06-03 13:00:00+05:00,28.4,27.41532570305754,Вверх,3.5916928640852905,True,0.0954524765071234,0.1028330235487384,-0.007380547041615004,Выше,29.003613692283288,Красный,0.9846742969424582,Выше
2020-06-03 13:30:00+05:00,28.46,27.425720472181347,Вверх,3.7712027615382144,True,0.0861687700216791,0.0995001728433265,-0.013331402821647409,False,28.88025232305496,Красный,1.0342795278186543,Выше
2020-06-03 14:00:00+05:00,28.495,27.436360069473075,Вверх,3.858529075454205,True,0.080705253316303,0.0957411889379218,-0.015035935621618798,False,28.87472709074946,Красный,1.058639930526926,Выше
2020-06-03 14:30:00+05:00,28.355,27.44550076529921,Вверх,3.313837275108919,True,0.0643369111304252,0.0894603333764225,-0.0251234222459973,False,28.82175438167452,Красный,0.9094992347007889,Выше
2020-06-03 15:00:00+05:00,28.12,27.452212200470367,Вверх,2.432546399733105,True,0.0320330884932822,0.0779748843997945,-0.045941795906512296,False,28.604078943507066,Красный,0.6677877995296342,Выше
2020-06-03 15:30:00+05:00,27.855,27.45622003927166,Вверх,1.4524212005802355,True,-0.0147808248377359,0.0594237425522884,-0.07420456739002429,False,28.461171049156363,Красный,0.39877996072834065,Выше
2020-06-03 16:00:00+05:00,28.035,27.461979043856022,Вверх,2.0865974561734215,True,-0.036930975455057,0.0401527989508193,-0.0770837744058763,False,28.384303944240724,Красный,0.5730209561439779,Выше
2020-06-03 16:30:00+05:00,28.03,27.4676309936684,Вверх,2.047388092774484,True,-0.0542630766457783,0.0212696238314997,-0.075532700477278,False,28.384303944240724,Красный,0.5623690063316005,Выше
2020-06-03 17:00:00+05:00,28.05,27.473425710149314,Вверх,2.098661797526352,True,-0.0656285339701803,0.0038899922711637,-0.069518526241344,False,28.384303944240724,Красный,0.5765742898506865,Выше
2020-06-03 17:30:00+05:00,28.095,27.4796105289538,Вверх,2.2394402948243997,True,-0.0701954474412041,-0.0109270956713098,-0.0592683517698943,False,28.384303944240724,Красный,0.6153894710461998,Выше
2020-06-03 18:00:00+05:00,28.065,27.485435299809986,Вверх,2.1086247820642026,True,-0.075366727825159,-0.0238150221020796,-0.051551705723079405,False,28.384303944240724,Красный,0.5795647001900157,Выше
2020-06-03 18:30:00+05:00,28.0,27.490555346578045,Вверх,1.8531624661608352,True,-0.0837446058715514,-0.035800938855974,-0.0479436670155774,False,28.322740736034707,Красный,0.509444653421955,Выше
2020-06-03 19:00:00+05:00,28.125,27.496868228701647,Вверх,2.2843756826193737,True,-0.0793826059834437,-0.0445172722814679,-0.034865333701975795,False,28.322740736034707,Красный,0.628131771298353,Выше
2020-06-03 19:30:00+05:00,28.09,27.502770037371285,Вверх,2.135166609875209,True,-0.0778524624131726,-0.0511843103078089,-0.026668152105363704,False,28.322740736034707,Красный,0.5872299626287152,Выше
2020-06-03 20:00:00+05:00,28.125,27.50896138028301,Вверх,2.2394106822169335,True,-0.0729744016397369,-0.0555423285741945,-0.017432073065542397,False,28.322740736034707,Красный,0.6160386197169885,Выше
2020-06-03 20:30:00+05:00,28.0,27.513847336698117,Вверх,1.766938143374265,True,-0.0782924520122279,-0.0600923532618011,-0.018200098750426795,False,28.322740736034707,Красный,0.48615266330188334,Выше
2020-06-04 12:00:00+05:00,27.44,27.513112537327984,Вниз,0.265737063477601,True,-0.1262391586913942,-0.0733217143477198,-0.052917444343674416,False,28.11910005222113,Красный,-0.07311253732798306,Ниже
2020-06-04 12:30:00+05:00,27.455,27.512534303125715,Вниз,0.20912033217957837,True,-0.1611690381842869,-0.0908911791150332,-0.07027785906925371,False,27.71444004699902,Красный,-0.057534303125716946,Ниже
2020-06-04 13:00:00+05:00,27.485,27.512260329960288,Вниз,0.09908429781250125,True,-0.1843059062977055,-0.1095741245515677,-0.07473178174613779,False,27.71444004699902,Красный,-0.027260329960288487,Ниже
2020-06-04 13:30:00+05:00,27.355,27.5106955505577,Вниз,0.5659455257013392,True,-0.2107031003318873,-0.1297999197076316,-0.0809031806242557,False,27.71444004699902,Красный,-0.15569555055769868,Ниже
2020-06-04 14:00:00+05:00,27.165,27.507255793835736,Вниз,1.2442382344531604,True,-0.2441401828335188,-0.152667972332809,-0.0914722105007098,False,27.67195679426228,Красный,-0.34225579383573645,Ниже
2020-06-04 14:30:00+05:00,26.675,27.49897464165827,Вниз,2.9963831466284065,True,-0.3066434220261484,-0.1834630622714769,-0.12318035975467151,False,27.35776111483606,Красный,-0.8239746416582676,Ниже
2020-06-04 15:00:00+05:00,26.89,27.49291519248754,Вниз,2.1929838588098765,True,-0.3349676872394553,-0.2137639872650726,-0.12120369997438271,False,27.35776111483606,Красный,-0.60291519248754,Ниже
2020-06-04 15:30:00+05:00,27.065,27.48865732987573,Вниз,1.541207796334527,True,-0.3393816535776324,-0.2388875205275846,-0.10049413305004778,False,27.35776111483606,Красный,-0.42365732987572713,Ниже
2020-06-04 16:00:00+05:00,27.085,27.484640839031197,Вниз,1.4540515241649532,True,-0.3373768505254624,-0.2585853865271602,-0.07879146399830222,False,27.35776111483606,Красный,-0.3996408390311963,Ниже
2020-06-04 16:30:00+05:00,27.145,27.481261328195064,Вниз,1.2236022363721308,True,-0.3271750606637873,-0.2723033213544856,-0.054871739309301726,False,27.35776111483606,Красный,-0.3362613281950644,Ниже
2020-06-04 17:00:00+05:00,27.155,27.478014946819997,Вниз,1.1755395993675213,True,-0.3146559938415194,-0.2807738558518924,-0.03388213798962697,False,27.35776111483606,Красный,-0.32301494681999543,Ниже
2020-06-04 17:30:00+05:00,27.0,27.473258579189945,Вниз,1.7226153855240982,True,-0.3136264572275884,-0.2873443761270316,-0.026282081100556798,False,27.35776111483606,Красный,-0.4732585791899453,Ниже
2020-06-04 18:00:00+05:00,26.87,27.467256006262684,Вниз,2.174429095234358,True,-0.3196161199120872,-0.2937987248840428,-0.02581739502804442,False,27.35776111483606,Красный,-0.5972560062626826,Ниже
2020-06-04 18:30:00+05:00,27.075,27.463352961424253,Вниз,1.414077013719862,True,-0.3043132502784402,-0.2959016299629223,-0.008411620315517898,False,27.35776111483606,Красный,-0.38835296142425335,Ниже
2020-06-04 19:00:00+05:00,26.97,27.458443976733463,Вниз,1.7788479825999621,True,-0.2972319336107247,-0.2961676906924828,-0.00106424291824192,False,27.35776111483606,Красный,-0.48844397673346407,Ниже
2020-06-04 19:30:00+05:00,26.77,27.45159378791025,Вниз,2.4828933182394226,True,-0.3042510509381735,-0.297784362741621,-0.006466688196552495,False,27.28132446852272,Красный,-0.681593787910252,Ниже
2020-06-04 20:00:00+05:00,26.76,27.444712257682287,Вниз,2.494878617248471,True,-0.3070808317395901,-0.2996436565412148,-0.007437175198375334,False,27.19269202167045,Красный,-0.6847122576822855,Ниже
2020-06-04 20:30:00+05:00,26.92,27.43949124019291,Вниз,1.8932247527678914,True,-0.2930348670485081,-0.2983218986426735,0.005287031594165381,Ниже,27.19269202167045,Красный,-0.5194912401929095,Ниже
2020-06-05 12:00:00+05:00,27.0,27.435118193026813,Вниз,1.5859898614812868,True,-0.2723089987914129,-0.2931193186724213,0.0208103198810084,False,27.19269202167045,Красный,-0.4351181930268133,Ниже
2020-06-05 12:30:00+05:00,27.34,27.434171743344955,Вниз,0.34326439385872515,True,-0.2258450393444953,-0.2796644628068361,0.05381942346234081,False,26.78159001620224,Зелёный,-0.0941717433449547,Ниже
2020-06-05 13:00:00+05:00,27.415,27.433980979729583,Вниз,0.06918784314827783,True,-0.1808850136884281,-0.2599085729831545,0.0790235592947264,False,26.904431014582016,Зелёный,-0.01898097972958368,Ниже
2020-06-05 13:30:00+05:00,27.55,27.43513539784173,Вверх,0.4186770011979122,True,-0.1328293239158569,-0.234492723169695,0.1016633992538381,False,27.156987913123817,Зелёный,0.11486460215827066,Выше
2020-06-05 14:00:00+05:00,27.455,27.43533305557465,Вверх,0.07168472999948973,True,-0.101243477810101,-0.2078428740977762,0.10659939628767519,False,27.156987913123817,Зелёный,0.019666944425349442,Выше
2020-06-05 14:30:00+05:00,27.455,27.43552874656396,Вверх,0.07097094288177813,True,-0.0753429604587552,-0.181342891369972,0.1059999309112168,False,27.156987913123817,Зелёный,0.019471253436037728,Выше
2020-06-05 15:00:00+05:00,27.54,27.43656826152352,Вверх,0.3769849694414261,True,-0.0474112963178541,-0.1545565723595484,0.1071452760416943,False,27.156987913123817,Зелёный,0.10343173847648046,Выше
2020-06-05 15:30:00+05:00,27.55,27.437696935538213,Вверх,0.4093020807308688,True,-0.0241894934004207,-0.1284831565677229,0.10429366316730221,False,27.159020269800536,Зелёный,0.11230306446178773,Выше
2020-06-05 16:00:00+05:00,27.675,27.44005816006022,Вверх,0.8562002258498985,True,0.0042514005480036,-0.1019362451445776,0.1061876456925812,False,27.247368242820485,Зелёный,0.23494183993977913,Выше
2020-06-05 16:30:00+05:00,27.785,27.44349041717405,Вверх,1.2444101593295653,True,0.0352606319828261,-0.0744968697190968,0.1097575017019229,False,27.341131418538435,Зелёный,0.34150958282594956,Выше
2020-06-05 17:00:00+05:00,27.7,27.446042751331525,Вверх,0.9252964114695678,True,0.0523731565316758,-0.0491228644689423,0.1014960210006181,False,27.341131418538435,Зелёный,0.253957248668474,Выше
2020-06-05 17:30:00+05:00,27.695,27.44851993788544,Вверх,0.8979721408379472,True,0.0647846996222938,-0.0263413516506951,0.0911260512729889,False,27.36466644901613,Зелёный,0.24648006211456064,Выше
2020-06-05 18:00:00+05:00,27.705,27.45107197830449,Вверх,0.9250204214108493,True,0.0745682766918953,-0.006159425982177,0.0807277026740723,False,27.38594980411452,Зелёный,0.25392802169550777,Выше
2020-06-05 18:30:00+05:00,27.585,27.452404595435794,Вверх,0.483001057715183,True,0.0718110418980835,0.009434667593875,0.062376374304208504,False,27.38594980411452,Зелёный,0.13259540456420638,Выше
2020-06-05 19:00:00+05:00,27.61,27.453972708914048,Вверх,0.5683231812760239,True,0.0708267577502503,0.0217130856251501,0.0491136721251002,False,27.38594980411452,Зелёный,0.1560272910859517,Выше
2020-06-05 19:30:00+05:00,27.615,27.455574970516896,Вверх,0.5806654191518515,True,0.0696473128167589,0.0312999310634719,0.038347381753287,False,27.38594980411452,Зелёный,0.15942502948310278,Выше
2020-06-05 20:00:00+05:00,27.76,27.458604075287877,Вверх,1.0976374614155076,True,0.0794964962698152,0.0409392441047405,0.0385572521650747,False,27.38594980411452,Зелёный,0.30139592471212495,Выше
2020-06-05 20:30:00+05:00,27.65,27.460508512349687,Вверх,0.6900509055216236,True,0.0775322212399345,0.0482578395317793,0.029274381708155203,False,27.38594980411452,Зелёный,0.18949148765031154,Выше
2020-06-08 12:00:00+05:00,27.83,27.464185044565117,Вверх,1.3319709099006118,True,0.0894686756041025,0.056500006746244,0.0329686688578585,False,27.514270374848422,Зелёный,0.36581495543488174,Выше
2020-06-08 12:30:00+05:00,27.995,27.46946678541521,Вверх,1.9131540436883168,True,0.110963405654612,0.0673926865279176,0.0435707191266944,False,27.55884333736358,Зелёный,0.5255332145847902,Выше
2020-06-08 13:00:00+05:00,27.895,27.47370094675437,Вверх,1.533463052765012,True,0.1185622579089482,0.0776266008041237,0.0409356571048245,False,27.609709003627223,Зелёный,0.42129905324562955,Выше
2020-06-08 13:30:00+05:00,28.055,27.47948501693592,Вверх,2.094344136032323,True,0.1359281705536936,0.0892869147540377,0.046641255799655904,False,27.6332381032645,Зелёный,0.5755149830640782,Выше
2020-06-08 14:00:00+05:00,27.91,27.483768748110688,Вверх,1.5508471774585606,True,0.136417952021187,0.0987131222074675,0.037704829813719504,False,27.6332381032645,Зелёный,0.42623125188931255,Выше
2020-06-08 14:30:00+05:00,28.025,27.48915413370163,Вверх,1.9492992170371093,True,0.1444208525781007,0.1078546682815942,0.0365661842965065,False,27.63404786364425,Зелёный,0.53584586629837,Выше
2020-06-08 15:00:00+05:00,28.145,27.49567996321704,Вверх,2.361534748919112,True,0.1586177592528557,0.1180072864758465,0.0406104727770092,False,27.76389307727982,Зелёный,0.6493200367829601,Выше
2020-06-08 15:30:00+05:00,28.1,27.5016930979114,Вверх,2.1755275210093887,True,0.164343338450994,0.127274496870876,0.037068841580118,False,27.76389307727982,Зелёный,0.598306902088602,Выше
2020-06-08 16:00:00+05:00,27.96,27.50625336559387,Вверх,1.6496126476232416,True,0.1557882413731661,0.132977245771334,0.022810995601832113,False,27.76389307727982,Зелёный,0.45374663440613006,Выше
2020-06-08 16:30:00+05:00,28.015,27.5113155211601,Вверх,1.830826586436756,True,0.1516976298008217,0.1367213225772316,0.014976307223590085,False,27.76389307727982,Зелёный,0.5036844788399009,Выше
2020-06-08 17:00:00+05:00,27.935,27.51553128711871,Вверх,1.5244797874488538,True,0.1403822203945601,0.1374535021406973,0.0029287182538628165,False,27.76389307727982,Зелёный,0.4194687128812902,Выше
2020-06-08 17:30:00+05:00,27.89,27.5192573439633,Вверх,1.347211704890094,True,0.1263273301714846,0.1352282677468547,-0.00890093757537011,Выше,27.76389307727982,Зелёный,0.3707426560367004,Выше
2020-06-08 18:00:00+05:00,27.93,27.523344335565657,Вверх,1.4774936485783907,True,0.1170669195389102,0.1315959981052658,-0.014529078566355588,False,27.76389307727982,Зелёный,0.40665566443434287,Выше
2020-06-08 18:30:00+05:00,27.91,27.527191655609784,Вверх,1.3906552807111503,True,0.1068820745186442,0.1266532133879415,-0.019771138869297294,False,27.76389307727982,Зелёный,0.3828083443902166,Выше
2020-06-08 19:00:00+05:00,27.88,27.530702186399736,Вверх,1.2687573721705399,True,0.0952913033544042,0.1203808313812341,-0.0250895280268299,False,27.76389307727982,Зелёный,0.3492978136002627,Выше
2020-06-08 19:30:00+05:00,27.74,27.532784751709197,Вверх,0.7526127493439883,True,0.0739561828883523,0.1110959016826577,-0.0371397187943054,False,28.069754382701536,Красный,0.20721524829080096,Выше
2020-06-08 20:00:00+05:00,27.75,27.534946097463333,Вверх,0.7810216943060543,True,0.0571955479603865,0.1003158309382035,-0.043120282977817,False,28.02602894443138,Красный,0.2150539025366669,Выше
2020-06-08 20:30:00+05:00,27.75,27.537085937289568,Вверх,0.7731902467650461,True,0.0434121952622881,0.0889351038030204,-0.0455229085407323,False,28.025426049988248,Красный,0.212914062710432,Выше
2020-06-09 12:00:00+05:00,27.925,27.54094577870957,Вверх,1.394484504549303,True,0.0460786602963985,0.080363815101696,-0.0342851548052975,False,28.025426049988248,Красный,0.3840542212904303,Выше
2020-06-09 12:30:00+05:00,27.675,27.542279651558232,Вверх,0.48187858855851795,True,0.0276996381972409,0.069830979720805,-0.0421313415235641,False,28.08142010049048,Красный,0.13272034844176872,Выше
2020-06-09 13:00:00+05:00,27.245,27.53932164507507,Вниз,1.0687323706381247,True,-0.0213175402359695,0.0516012757294501,-0.0729188159654196,False,27.841278090441428,Красный,-0.29432164507506897,Ниже
2020-06-09 13:30:00+05:00,27.31,27.537039837661386,Вниз,0.8244889029461802,True,-0.0542931923960559,0.0304223821043489,-0.0847155745004048,False,27.64065028139729,Красный,-0.2270398376613869,Ниже
2020-06-09 14:00:00+05:00,27.54,27.537069292013012,Вверх,0.010642773767640532,True,-0.061162513120955,0.0121054030592881,-0.0732679161802431,False,27.64065028139729,Красный,0.0029307079869873576,Выше
2020-06-09 14:30:00+05:00,27.485,27.53655118960493,Вниз,0.18721004402464753,True,-0.070234915248772,-0.0043626606023238,-0.06587225464644819,False,27.64065028139729,Красный,-0.05155118960492899,Ниже
2020-06-09 15:00:00+05:00,27.52,27.53638650115115,Вниз,0.05950853845861247,True,-0.0737505019272717,-0.0182402288673134,-0.0555102730599583,False,27.64065028139729,Красный,-0.0163865011511497,Ниже
2020-06-09 15:30:00+05:00,27.59,27.53691996880139,Вверх,0.19275950708630288,True,-0.0700803718101141,-0.0286082574558736,-0.0414721143542405,False,27.64065028139729,Красный,0.053080031198611266,Выше
2020-06-09 16:00:00+05:00,27.66,27.53814464572874,Вверх,0.44249660185498896,True,-0.0608222314412856,-0.035051052252956,-0.0257711791883296,False,27.355853165337717,Зелёный,0.12185535427126126,Выше
2020-06-09 16:30:00+05:00,27.735,27.54010340547273,Вверх,0.7076828712579877,True,-0.0468926658367507,-0.0374193749697149,-0.0094732908670358,False,27.423517848803943,Зелёный,0.19489659452726826,Выше
2020-06-09 17:00:00+05:00,27.73,27.54199292382624,Вверх,0.6826197243378083,True,-0.0358436595558551,-0.0371042318869429,0.0012605723310878045,Ниже,27.44691606392355,Зелёный,0.18800707617376133,Выше
2020-06-09 17:30:00+05:00,27.725,27.54381388975832,Вверх,0.6578105376650603,True,-0.0271774163493923,-0.0351188687794328,0.007941452430040501,False,27.462724457531195,Зелёный,0.18118611024168274,Выше
2020-06-09 18:00:00+05:00,27.79,27.54626350279555,Вверх,0.884825984401524,True,-0.0148927253317943,-0.0310736400899051,0.0161809147581108,False,27.522452011778075,Зелёный,0.24373649720444845,Выше
2020-06-09 18:30:00+05:00,27.745,27.54824098037968,Вверх,0.7142344215750646,True,-0.0086879933341705,-0.0265965107387582,0.017908517404587702,False,27.522452011778075,Зелёный,0.19675901962031972,Выше
2020-06-09 19:00:00+05:00,27.705,27.549800771619683,Вверх,0.5633406559520134,True,-0.0069186107909189,-0.0226609307491903,0.015742319958271397,False,27.522452011778075,Зелёный,0.1551992283803152,Выше
2020-06-09 19:30:00+05:00,27.8,27.55229031618068,Вверх,0.8990529679263973,True,0.0021248497291921,-0.0177037746535138,0.0198286243827059,False,27.522452011778075,Зелёный,0.2477096838193198,Выше
2020-06-09 20:00:00+05:00,27.79,27.55465558666645,Вверх,0.8541003627983358,True,0.0083882464360698,-0.0124853704355971,0.0208736168716669,False,27.550399764927597,Зелёный,0.23534441333355005,Выше
2020-06-09 20:30:00+05:00,27.8,27.557096824610063,Вверх,0.8814541565677952,True,0.0139975943239534,-0.007188777483687,0.021186371807640398,False,27.566859788434837,Зелёный,0.24290317538993733,Выше
2020-06-10 12:00:00+05:00,27.94,27.56090680645474,Вверх,1.3754743129731832,True,0.0294009569788578,0.0001291694088219,0.0292717875700359,False,27.66292380959135,Зелёный,0.3790931935452626,Выше
2020-06-10 12:30:00+05:00,27.91,27.56438037056962,Вверх,1.253863227774195,True,0.0387409025691241,0.0078515160408823,0.030889386528241802,False,27.66292380959135,Зелёный,0.3456196294303808,Выше
2020-06-10 13:00:00+05:00,27.915,27.567869123101264,Вверх,1.2591864657680303,True,0.0460158923897715,0.0154843913106602,0.030531501079111303,False,27.694793285768995,Зелёный,0.3471308768987349,Выше
2020-06-10 13:30:00+05:00,27.905,27.57122365918981,Вверх,1.2105967618123517,True,0.0503935523074936,0.0224662235100269,0.0279273287974667,False,27.713563957192097,Зелёный,0.3337763408101928,Выше
2020-06-10 14:00:00+05:00,27.77,27.573201533227724,Вверх,0.713730926512537,True,0.042479826575704,0.0264689441231623,0.016010882452541696,False,27.713563957192097,Зелёный,0.1967984667722753,Выше
2020-06-10 14:30:00+05:00,27.7,27.57446320951402,Вверх,0.4552646756244633,True,0.0302114679359739,0.0272174488857246,0.002994019050249302,False,27.9351631946744,Красный,0.125536790485981,Выше
2020-06-10 15:00:00+05:00,27.66,27.575314321857164,Вверх,0.3071068461972584,True,0.0170643326149786,0.0251868256315754,-0.008122493016596798,Выше,27.864896875206963,Красный,0.08468567814283645,Выше
2020-06-10 15:30:00+05:00,27.585,27.57541069676406,Вверх,0.034774833787213945,True,0.0005864991570483,0.02026676033667,-0.0196802611796217,False,27.864896875206963,Красный,0.009589303235941316,Выше
2020-06-10 16:00:00+05:00,27.66,27.57625238137337,Вверх,0.3036947061131468,True,-0.0063472620895588,0.0149439558514242,-0.021291217940983,False,27.80361646891764,Красный,0.08374761862663149,Выше
2020-06-10 16:30:00+05:00,27.715,27.57763295469304,Вверх,0.498110354621943,True,-0.0073198982561066,0.010491185029918,-0.0178110832860246,False,27.80361646891764,Красный,0.1373670453069593,Выше
2020-06-10 17:00:00+05:00,27.8,27.579845562109032,Вверх,0.7982439111023563,True,-0.0012178907141624,0.0081493698811019,-0.0093672605952643,False,27.80361646891764,Красный,0.22015443789096878,Выше
2020-06-10 17:30:00+05:00,27.75,27.581538641093022,Вверх,0.6107757841181182,True,-0.0004118404666044,0.0064371278115606,-0.006848968278165,False,27.80361646891764,Красный,0.16846135890697767,Выше
2020-06-10 18:00:00+05:00,27.755,27.58326462476374,Вверх,0.6226071408606181,True,0.0006232341201304,0.0052743490732746,-0.0046511149531442,False,27.80361646891764,Красный,0.1717353752362598,Выше
2020-06-10 18:30:00+05:00,27.7,27.584426170785992,Вверх,0.418982176748736,True,-0.0029603767776684,0.003627403903086,-0.0065877806807544004,False,27.80361646891764,Красный,0.11557382921400716,Выше
2020-06-10 19:00:00+05:00,27.535,27.583934368091604,Вниз,0.17740169853438448,True,-0.018896705808391,-0.0008774180392094,-0.0180192877691816,False,27.80361646891764,Красный,-0.04893436809160434,Ниже
2020-06-10 19:30:00+05:00,27.55,27.58359671268771,Вниз,0.12179960807017318,True,-0.029970505410148,-0.0066960355133971,-0.0232744698967509,False,27.80361646891764,Красный,-0.033596712687710806,Ниже
2020-06-10 20:00:00+05:00,27.585,27.583610675745547,Вверх,0.005036774448370824,True,-0.0355129922159669,-0.012459426853911,-0.023053565362055897,False,27.80361646891764,Красный,0.0013893242544540385,Выше
2020-06-10 20:30:00+05:00,27.525,27.58302748494211,Вниз,0.21037387927699439,True,-0.0442370147308821,-0.0188149444293053,-0.025422070301576803,False,27.802584928916524,Красный,-0.058027484942112295,Ниже
2020-06-11 12:00:00+05:00,27.275,27.579962534843187,Вниз,1.105739481907973,True,-0.0705109695248396,-0.0291541494484121,-0.04135682007642749,False,27.531326436024877,Красный,-0.30496253484318814,Ниже
2020-06-11 12:30:00+05:00,27.24,27.576579823053702,Вниз,1.2205278000875472,True,-0.0930844558218133,-0.0419402107230924,-0.0511442450987209,False,27.531326436024877,Красный,-0.3365798230537038,Ниже
2020-06-11 13:00:00+05:00,26.65,27.567360123321823,Вниз,3.3277039194831826,True,-0.156774971230309,-0.0649071628245357,-0.09186780840577331,False,27.138974413180147,Красный,-0.9173601233218243,Ниже
2020-06-11 13:30:00+05:00,26.535,27.557087883288776,Вниз,3.708983647392557,True,-0.2140621275049952,-0.0947381557606276,-0.11932397174436761,False,27.003826971862136,Красный,-1.0220878832887763,Ниже
2020-06-11 14:00:00+05:00,26.58,27.547365615793364,Вниз,3.511644740500191,True,-0.2529160291161574,-0.1263737304317335,-0.1265422986844239,False,26.99319427467592,Красный,-0.9673656157933657,Ниже
2020-06-11 14:30:00+05:00,26.685,27.53878486339741,Вниз,3.1002996959833236,True,-0.2720988177959427,-0.1555187479045754,-0.1165800698913673,False,26.99319427467592,Красный,-0.8537848633974114,Ниже
2020-06-11 15:00:00+05:00,26.73,27.530737252816344,Вниз,2.9085209214091416,True,-0.2804374833679013,-0.1805024949972406,-0.0999349883706607,False,26.99319427467592,Красный,-0.8007372528163437,Ниже
2020-06-11 15:30:00+05:00,26.71,27.522570712987324,Вниз,2.9523794178277405,True,-0.285370198749149,-0.2014760357476223,-0.08389416300152669,False,26.99319427467592,Красный,-0.8125707129873234,Ниже
2020-06-11 16:00:00+05:00,26.65,27.51388841733571,Вниз,3.1398267094497654,True,-0.2907691045464347,-0.2193346495073848,-0.07143445503904988,False,26.99319427467592,Красный,-0.863888417335712,Ниже
2020-06-11 16:30:00+05:00,26.55,27.504297487809986,Вниз,3.469630475866301,True,-0.2996626164440563,-0.2354002428947191,-0.0642623735493372,False,26.862807662253385,Красный,-0.9542974878099848,Ниже
2020-06-11 17:00:00+05:00,26.505,27.49435422922481,Вниз,3.598390494922733,True,-0.3068052526436915,-0.2496812448445136,-0.05712400779917792,False,26.862807662253385,Красный,-0.9893542292248121,Ниже
2020-06-11 17:30:00+05:00,26.555,27.48500742097382,Вниз,3.3836899031147074,True,-0.3049163749921924,-0.2607282708740494,-0.044188104118143,False,26.862807662253385,Красный,-0.9300074209738192,Ниже
2020-06-11 18:00:00+05:00,26.62,27.47640038195916,Вниз,3.116857994693751,True,-0.2947764694248711,-0.2675379105842137,-0.0272385588406574,False,26.862807662253385,Красный,-0.8564003819591584,Ниже
2020-06-11 18:30:00+05:00,26.645,27.468127741342645,Вниз,2.9966648950148316,True,-0.2814785209669956,-0.2703260326607701,-0.011152488306225505,False,26.862807662253385,Красный,-0.8231277413426454,Ниже
2020-06-11 19:00:00+05:00,26.665,27.460136420533267,Вниз,2.8956025868054547,True,-0.2662567263522284,-0.2695121713990618,0.003255445046833394,Ниже,26.862807662253385,Красный,-0.795136420533268,Ниже
2020-06-11 19:30:00+05:00,26.65,27.45207536162249,Вниз,2.921729417746606,True,-0.2524931353993267,-0.2661083641991148,0.013615228799788104,False,26.862807662253385,Красный,-0.8020753616224923,Ниже
2020-06-11 20:00:00+05:00,26.65,27.444094512253116,Вниз,2.8934986792826187,True,-0.2388322805456333,-0.2606531474684185,0.021820866922785204,False,26.862807662253385,Красный,-0.7940945122531176,Ниже
2020-06-11 20:30:00+05:00,26.77,27.437387104170995,Вниз,2.4324003653742228,True,-0.2158349466227029,-0.2516895072992754,0.03585456067657253,False,26.862807662253385,Красный,-0.6673871041709951,Ниже
2020-06-15 12:00:00+05:00,26.145,27.424527530995164,Вниз,4.665631995114753,True,-0.2452149847557621,-0.2503946027905728,0.005179618034810707,False,26.45267618091065,Красный,-1.2795275309951641,Ниже
2020-06-15 12:30:00+05:00,26.37,27.414034719741483,Вниз,3.8083949714620036,True,-0.2474903424411394,-0.2498137507206861,0.0023234082795466904,False,26.45267618091065,Красный,-1.0440347197414823,Ниже
2020-06-15 13:00:00+05:00,26.635,27.406283130490326,Вниз,2.8142565951683127,True,-0.2253130261839153,-0.244913605813332,0.019600579629416692,False,26.11840729346237,Зелёный,-0.7712831304903247,Ниже
2020-06-15 13:30:00+05:00,26.595,27.398210661530225,Вниз,2.9316172192880194,True,-0.2085608493307162,-0.2376430545168088,0.029082205186092613,False,26.25156656411613,Зелёный,-0.8032106615302261,Ниже
2020-06-15 14:00:00+05:00,26.53,27.3895717494752,Вниз,3.1383175952419453,True,-0.1982443478151836,-0.2297633131764838,0.031518965361300194,False,26.25156656411613,Зелёный,-0.8595717494751973,Ниже
2020-06-15 14:30:00+05:00,26.61,27.3818148166446,Вниз,2.8187131562055425,True,-0.1815206574789094,-0.2201147820369689,0.03859412455805952,False,26.25156656411613,Зелёный,-0.7718148166445999,Ниже
2020-06-15 15:00:00+05:00,26.525,27.373289296080973,Вниз,3.098967343330652,True,-0.1731300663894757,-0.2107178389074702,0.0375877725179945,False,26.25156656411613,Зелёный,-0.8482892960809743,Ниже
2020-06-15 15:30:00+05:00,26.505,27.364649601592607,Вниз,3.14146029314615,True,-0.1661786908477331,-0.2018100092955228,0.03563131844778972,False,26.25156656411613,Зелёный,-0.8596496015926078,Ниже
2020-06-15 16:00:00+05:00,26.57,27.35674264038273,Вниз,2.8758637339424244,True,-0.1536534970090741,-0.1921787068382331,0.038525209829158996,False,26.26263281544493,Зелёный,-0.7867426403827302,Ниже
2020-06-15 16:30:00+05:00,26.595,27.349163111622705,Вниз,2.7575363404893567,True,-0.1400949719558859,-0.1817619598617637,0.04166698790587778,False,26.32436953390044,Зелёный,-0.7541631116227059,Ниже
2020-06-15 17:00:00+05:00,26.55,27.341211239865267,Вниз,2.893841216191726,True,-0.1314654156098704,-0.171702651011385,0.04023723540151458,False,26.32436953390044,Зелёный,-0.791211239865266,Ниже
2020-06-15 17:30:00+05:00,26.555,27.333388242453672,Вниз,2.8477561418627775,True,-0.1228073254173018,-0.1619235858925684,0.03911626047526659,False,26.32436953390044,Зелёный,-0.7783882424536728,Ниже
2020-06-15 18:00:00+05:00,26.555,27.32564308581234,Вниз,2.820219393894027,True,-0.1146244077403046,-0.1524637502621157,0.03783934252181109,False,26.324727890213424,Зелёный,-0.7706430858123419,Ниже
2020-06-15 18:30:00+05:00,26.58,27.318223751625155,Вниз,2.702312413636482,True,-0.1049127268510261,-0.1429535455798978,0.03804081872887172,False,26.324727890213424,Зелёный,-0.7382237516251564,Ниже
2020-06-15 19:00:00+05:00,26.58,27.31087824165873,Вниз,2.676143312535023,True,-0.0961082734266547,-0.1335844911492492,0.03747621772259449,False,26.369854591072876,Зелёный,-0.7308782416587327,Ниже
2020-06-15 19:30:00+05:00,26.65,27.30430233875666,Вниз,2.396334213703465,True,-0.0825309008186501,-0.1233737730831293,0.040842872264479205,False,26.381619131965586,Зелёный,-0.6543023387566613,Ниже
2020-06-15 20:00:00+05:00,26.755,27.29883664384366,Вниз,1.9921605119619843,True,-0.0625767667147307,-0.1112143718094496,0.0486376050947189,False,26.49320721876903,Зелёный,-0.5438366438436617,Ниже
2020-06-15 20:30:00+05:00,26.785,27.29372384141736,Вниз,1.8638857943062654,True,-0.0438368979243151,-0.0977388770324227,0.0539019791081076,False,26.554136496892124,Зелёный,-0.5087238414173605,Ниже
2020-06-16 12:00:00+05:00,27.47,27.295477833045048,Вверх,0.6393812485072783,True,0.0259887758906778,-0.0729933464478026,0.0989821223384804,False,26.954222847202917,Зелёный,0.17452216695495082,Выше
2020-06-16 12:30:00+05:00,27.39,27.296418352119225,Вверх,0.34283489750775203,True,0.0740175656216166,-0.0435911640339188,0.1176087296555354,False,27.16980056248262,Зелёный,0.09358164788077517,Выше
2020-06-16 13:00:00+05:00,27.375,27.297200259063317,Вверх,0.28500996511849946,True,0.1096068730675519,-0.0129515566136246,0.1225584296811765,False,27.16980056248262,Зелёный,0.07779974093668329,Выше
2020-06-16 13:30:00+05:00,27.41,27.298322644545276,Вверх,0.4090996978418341,True,0.139033175219577,0.0174453897530156,0.1215877854665614,False,27.16980056248262,Зелёный,0.11167735545472368,Выше
2020-06-16 14:00:00+05:00,27.365,27.298986100818453,Вверх,0.2418181354345828,True,0.1569138031139623,0.045339072425205,0.11157473068875731,False,27.16980056248262,Зелёный,0.0660138991815451,Выше
2020-06-16 14:30:00+05:00,27.39,27.299891711755585,Вверх,0.330068299155979,True,0.1711289525683739,0.0704970484538387,0.10063190411453521,False,27.16980056248262,Зелёный,0.09010828824441575,Выше
2020-06-16 15:00:00+05:00,27.43,27.30118632158886,Вверх,0.471824472730976,True,0.1835068736216207,0.0930990134873951,0.09040786013422558,False,27.16980056248262,Зелёный,0.128813678411138,Выше
2020-06-16 15:30:00+05:00,27.41,27.302269044757136,Вверх,0.3945860875748423,True,0.1895179869981369,0.1123828081895435,0.0771351788085934,False,27.182323023226324,Зелёный,0.10773095524286447,Выше
2020-06-16 16:00:00+05:00,27.39,27.303141989585423,Вверх,0.31812459697022566,True,0.1904723580253424,0.1280007181567033,0.0624716398686391,False,27.182323023226324,Зелёный,0.08685801041457708,Выше
2020-06-16 16:30:00+05:00,27.38,27.30390674590796,Вверх,0.2786899867486698,True,0.1882517386532072,0.1400509222560041,0.04820081639720311,False,27.182323023226324,Зелёный,0.07609325409204004,Выше
2020-06-16 17:00:00+05:00,27.405,27.30491264893375,Вверх,0.36655437192969187,True,0.1863609201861145,0.1493129218420261,0.037047998344088395,False,27.18419098393199,Зелёный,0.10008735106625011,Выше
2020-06-16 17:30:00+05:00,27.52,27.307052821581177,Вверх,0.7798248306405561,True,0.1919295277097745,0.1578362430155758,0.0340932846941987,False,27.26677188553879,Зелёный,0.2129471784188226,Выше
2020-06-16 18:00:00+05:00,27.5,27.30897269400326,Вверх,0.699503815603757,True,0.192509724171785,0.1647709392468177,0.027738784924967286,False,27.345594696984914,Зелёный,0.1910273059967409,Выше
2020-06-16 18:30:00+05:00,27.515,27.3110227169485,Вверх,0.7468679776862315,True,0.1919670322355031,0.1702101578445548,0.02175687439094831,False,27.345594696984914,Зелёный,0.20397728305150054,Выше
2020-06-16 19:00:00+05:00,27.45,27.312405575486327,Вверх,0.5037799549856098,True,0.1841690025733484,0.1730019267903135,0.011167075783034885,False,27.345594696984914,Зелёный,0.1375944245136722,Выше
2020-06-16 19:30:00+05:00,27.095,27.31024233592925,Вниз,0.7881377736662504,True,0.1476415548030161,0.167929852392854,-0.020288297589837884,Выше,27.473666465898,Красный,-0.21524233592925057,Ниже
2020-06-16 20:00:00+05:00,27.25,27.309642909701097,Вниз,0.21839505517631702,True,0.1297053315663952,0.1602849482275622,-0.030579616661167014,False,27.4207998193082,Красный,-0.05964290970109687,Ниже
2020-06-16 20:30:00+05:00,27.25,27.309049447913026,Вниз,0.21622666883976174,True,0.114174611576832,0.1510628808974162,-0.03688826932058421,False,27.4207998193082,Красный,-0.05904944791302569,Ниже
2020-06-17 12:00:00+05:00,27.315,27.309108657386528,Вверх,0.02157281179472037,True,0.1058907185755835,0.1420284484330497,-0.0361377298574662,False,27.4207998193082,Красный,0.005891342613473682,Выше
2020-06-17 12:30:00+05:00,27.365,27.30966479014885,Вверх,0.2026213440419379,True,0.1021823611691914,0.134059230980278,-0.0318768698110866,False,27.4207998193082,Красный,0.05533520985114748,Выше
2020-06-17 13:00:00+05:00,27.445,27.311011409152343,Вверх,0.4906028152540547,True,0.1044942479742161,0.1281462343790657,-0.023651986404849598,False,27.10582798855189,Зелёный,0.13398859084765746,Выше
2020-06-17 13:30:00+05:00,27.25,27.310404330454315,Вниз,0.22117699073007413,True,0.0895591821038053,0.1204288239240136,-0.030869641820208307,False,27.10582798855189,Зелёный,-0.0604043304543147,Ниже
2020-06-17 14:00:00+05:00,26.835,27.305673939106512,Вниз,1.7237221104893654,True,0.0437318891044427,0.1050894369600994,-0.0613575478556567,False,27.381829329272968,Красный,-0.47067393910651134,Ниже
2020-06-17 14:30:00+05:00,26.88,27.301438377523365,Вниз,1.5436489890962155,True,0.010918689300329,0.0862552874281453,-0.07533659812781629,False,27.23689639634567,Красный,-0.42143837752336566,Ниже
2020-06-17 15:00:00+05:00,26.965,27.29809073197587,Вниз,1.220197907781513,True,-0.0081334608516172,0.0673775377721928,-0.07551099862381,False,27.23689639634567,Красный,-0.3330907319758687,Ниже
2020-06-17 15:30:00+05:00,26.955,27.29467689384676,Вниз,1.2444803621153573,True,-0.0237653909039785,0.0491489520369585,-0.072914342940937,False,27.23689639634567,Красный,-0.3396768938467609,Ниже
2020-06-17 16:00:00+05:00,26.985,27.29159553171893,Вниз,1.1234064031272832,True,-0.0333486364902562,0.0326494343315156,-0.0659980708217718,False,27.23689639634567,Красный,-0.30659553171892995,Ниже
2020-06-17 16:30:00+05:00,26.92,27.28789806374163,Вниз,1.3482096088246027,True,-0.0456620210779057,0.0169871432496313,-0.062649164327537,False,27.213290975642398,Красный,-0.36789806374162737,Ниже
2020-06-17 17:00:00+05:00,26.97,27.28473489892828,Вниз,1.1535200913410562,True,-0.0508002908137825,0.0034296564369485,-0.054229947250731,False,27.213290975642398,Красный,-0.31473489892828255,Ниже
2020-06-17 17:30:00+05:00,26.94,27.281304700928995,Вниз,1.2510571054813655,True,-0.0566402424209329,-0.0085843233346277,-0.0480559190863052,False,27.213290975642398,Красный,-0.341304700928994,Ниже
2020-06-17 18:00:00+05:00,26.91,27.2776101267904,Вниз,1.3476625154538568,True,-0.062963392626866,-0.0194601371930753,-0.043503255433790695,False,27.177949121243305,Красный,-0.3676101267903995,Ниже
2020-06-17 18:30:00+05:00,26.88,27.273653807120844,Вниз,1.4433482580103245,True,-0.0695930585417485,-0.02948672146281,-0.04010633707893851,False,27.177949121243305,Красный,-0.3936538071208453,Ниже
2020-06-17 19:00:00+05:00,26.875,27.269687102572377,Вниз,1.4473473827836676,True,-0.0743930183492302,-0.038467980840094,-0.035925037509136205,False,27.17478878820708,Красный,-0.3946871025723766,Ниже
2020-06-17 19:30:00+05:00,26.885,27.265859370208474,Вниз,1.3968361130205622,True,-0.0765081661374402,-0.0460760178995633,-0.030432148237876898,False,27.13855990938637,Красный,-0.3808593702084728,Ниже
2020-06-17 20:00:00+05:00,26.83,27.261522461052174,Вниз,1.5828993471244321,True,-0.0816809096622463,-0.0531969962520999,-0.028483913410146396,False,27.07820391844773,Красный,-0.4315224610521753,Ниже
2020-06-17 20:30:00+05:00,26.885,27.257775968902404,Вниз,1.3675949546569455,True,-0.0804153279832533,-0.0586406625983306,-0.021774665384922703,False,27.07413352660296,Красный,-0.3727759689024026,Ниже
2020-06-18 12:00:00+05:00,26.835,27.25356924284368,Вниз,1.5358327531854934,True,-0.0824959653802466,-0.0634117231547138,-0.019084242225532802,False,27.07413352660296,Красный,-0.4185692428436809,Ниже
2020-06-18 12:30:00+05:00,26.815,27.24920536978056,Вниз,1.5934606675249885,True,-0.0847814110288283,-0.0676856607295367,-0.0170957502992916,False,27.0638481565484,Красный,-0.43420536978056035,Ниже
2020-06-18 13:00:00+05:00,26.675,27.24349188351409,Вниз,2.086707115023317,True,-0.0967739235907743,-0.0735033133017842,-0.023270610288990107,False,26.96771334089356,Красный,-0.5684918835140884,Ниже
2020-06-18 13:30:00+05:00,26.785,27.238929775220413,Вниз,1.6664743400945152,True,-0.0962920012550831,-0.078061050892444,-0.018230950362639095,False,26.96771334089356,Красный,-0.4539297752204128,Ниже
2020-06-18 14:00:00+05:00,26.815,27.2347115685018,Вниз,1.541090558077419,True,-0.0924239196387439,-0.080933624641704,-0.011490294997039893,False,26.96771334089356,Красный,-0.4197115685017998,Ниже
2020-06-18 14:30:00+05:00,26.695,27.2293413041386,Вниз,1.9623732288279234,True,-0.0979127568950168,-0.0843294510923666,-0.0135833058026502,False,26.96771334089356,Красный,-0.5343413041386,Ниже
2020-06-18 15:00:00+05:00,26.745,27.224521987679516,Вниз,1.7613605406791837,True,-0.0971087090827538,-0.086885302690444,-0.0102234063923098,False,26.96771334089356,Красный,-0.47952198767951515,Ниже
2020-06-18 15:30:00+05:00,26.72,27.21950186839912,Вниз,1.835088205559801,True,-0.0973664071320321,-0.0889815235787616,-0.008384883553270495,False,26.96704432566424,Красный,-0.4995018683991219,Ниже
2020-06-18 16:00:00+05:00,26.725,27.214581451798136,Вниз,1.7989674126176445,True,-0.0960598582289655,-0.0903971905088024,-0.005662667720163092,False,26.915589893097817,Красный,-0.4895814517981343,Ниже
2020-06-18 16:30:00+05:00,26.605,27.208515964715566,Вниз,2.2181142312142823,True,-0.103514159137056,-0.0930205842344531,-0.0104935749026029,False,26.901280903788034,Красный,-0.6035159647155659,Ниже
2020-06-18 17:00:00+05:00,26.725,27.203704860589045,Вниз,1.7597046543559602,True,-0.0986021252714621,-0.0941368924418549,-0.004465232829607202,False,26.901280903788034,Красный,-0.47870486058904405,Ниже
2020-06-18 17:30:00+05:00,26.61,27.19779734953841,Вниз,2.1611946805257922,True,-0.102803783920681,-0.0958702707376202,-0.006933513183060805,False,26.901280903788034,Красный,-0.587797349538409,Ниже
2020-06-18 18:00:00+05:00,26.65,27.192346629642504,Вниз,1.9944826278850494,True,-0.1017332454387798,-0.0970428656778521,-0.004690379760927704,False,26.888413778861477,Красный,-0.5423466296425055,Ниже
2020-06-18 18:30:00+05:00,26.675,27.18719890198437,Вниз,1.883970849041696,True,-0.0977408492442535,-0.0971824623911324,-0.0005583868531210956,False,26.888413778861477,Красный,-0.5121989019843696,Ниже
2020-06-18 19:00:00+05:00,26.76,27.182948166641243,Вниз,1.5559319174962805,True,-0.0867184208953375,-0.0950896540919734,0.008371233196635894,Ниже,26.888413778861477,Красный,-0.42294816664124113,Ниже
2020-06-18 19:30:00+05:00,26.75,27.178640224684614,Вниз,1.5771216703303181,True,-0.0778920918938155,-0.0916501416523418,0.013758049758526292,False,26.888413778861477,Красный,-0.4286402246846137,Ниже
2020-06-18 20:00:00+05:00,26.945,27.176315446329543,Вниз,0.8511655922833508,True,-0.0545336621417007,-0.0842268457502136,0.02969318360851289,False,26.632299719688987,Зелёный,-0.2313154463295426,Ниже
2020-06-18 20:30:00+05:00,26.815,27.1727202677591,Вниз,1.3164683706089604,True,-0.0459818022260307,-0.076577837045377,0.0305960348193463,False,26.657569747720085,Зелёный,-0.35772026775909893,Ниже
2020-06-19 12:00:00+05:00,27.105,27.172046434249054,Вниз,0.24674782744572815,True,-0.0156237148023485,-0.0643870125967713,0.0487632977944228,False,26.78356277294808,Зелёный,-0.06704643424905399,Ниже
2020-06-19 12:30:00+05:00,26.955,27.16988676823663,Вниз,0.7909004924078233,True,-0.0036266524071244,-0.0522349405588419,0.0486082881517175,False,26.78356277294808,Зелёный,-0.21488676823663155,Ниже
2020-06-19 13:00:00+05:00,27.04,27.16859436258253,Вниз,0.4733198960032944,True,0.0125947116051641,-0.0392690101260407,0.0518637217312048,False,26.785785846087943,Зелёный,-0.12859436258253254,Ниже
2020-06-19 13:30:00+05:00,27.005,27.166966557979723,Вниз,0.5961893376430354,True,0.022368205214736,-0.0269415670578854,0.0493097722726214,False,26.785785846087943,Зелёный,-0.16196655797972426,Ниже
2020-06-19 14:00:00+05:00,26.93,27.16460868178092,Вниз,0.8636556650943754,True,0.0237876864733443,-0.0167957163516394,0.0405834028249837,False,26.785785846087943,Зелёный,-0.23460868178091943,Ниже
2020-06-19 14:30:00+05:00,26.985,27.162821530718425,Вниз,0.6546504401883549,True,0.0290161953058962,-0.0076333340201323,0.036649529326028496,False,26.785785846087943,Зелёный,-0.17782153071842544,Ниже
2020-06-19 15:00:00+05:00,26.815,27.159360619965007,Вниз,1.2679260928987557,True,0.0192206829062584,-0.0022625306348541,0.0214832135411125,False,26.785785846087943,Зелёный,-0.34436061996500555,Ниже
2020-06-19 15:30:00+05:00,26.95,27.1572774297166,Вниз,0.7632481947170077,True,0.022096327802199,0.0026092410525564,0.0194870867496426,False,26.785785846087943,Зелёный,-0.20727742971660135,Ниже
2020-06-19 16:00:00+05:00,26.94,27.15511546524181,Вниз,0.7921728983887162,True,0.0232997951388824,0.0067473518698216,0.0165524432690608,False,26.785785846087943,Зелёный,-0.21511546524180858,Ниже
2020-06-19 16:30:00+05:00,26.94,27.152975012851343,Вниз,0.7843524061379706,True,0.0239771579224488,0.0101933130803471,0.0137838448421017,False,26.785785846087943,Зелёный,-0.21297501285134146,Ниже
2020-06-19 17:00:00+05:00,26.905,27.150507599788146,Вниз,0.9042468133820823,True,0.0214425885030493,0.0124431681648875,0.008999420338161798,False,26.785785846087943,Зелёный,-0.2455075997881444,Ниже
2020-06-19 17:30:00+05:00,26.94,27.148412996805177,Вниз,0.7676802206806794,True,0.0220044775504959,0.0143554300420092,0.0076490475084867,False,26.785785846087943,Зелёный,-0.20841299680517622,Ниже
2020-06-19 18:00:00+05:00,26.92,27.14614023066781,Вниз,0.8330474562727407,True,0.0205984991398011,0.0156040438615676,0.0049944552782335006,False,26.785785846087943,Зелёный,-0.2261402306678093,Ниже
2020-06-19 18:30:00+05:00,26.855,27.14324331294973,Вниз,1.0619339392364007,True,0.0140770231868039,0.0152986397266148,-0.0012216165398109009,Выше,26.785785846087943,Зелёный,-0.28824331294972794,Ниже
2020-06-19 19:00:00+05:00,26.82,27.140026961577096,Вниз,1.1791696523742103,True,0.0060151599964264,0.0134419437805771,-0.007426783784150701,False,26.785785846087943,Зелёный,-0.32002696157709565,Ниже
2020-06-19 19:30:00+05:00,26.82,27.136842613700708,Вниз,1.1675736127855256,True,-0.0003696634147978,0.0106796223415021,-0.0110492857562999,False,26.785785846087943,Зелёный,-0.31684261370070743,Ниже
2020-06-19 20:00:00+05:00,26.865,27.134137712071844,Вниз,0.9918786251022365,True,-0.0017780616610245,0.0081880855409968,-0.0099661472020213,False,26.785785846087943,Зелёный,-0.26913771207184567,Ниже
2020-06-19 20:30:00+05:00,26.98,27.132604003494016,Вниз,0.5624377353326067,True,0.0063125444043059,0.0078129773136586,-0.0015004329093526994,False,26.785785846087943,Зелёный,-0.15260400349401593,Ниже
2020-06-22 12:00:00+05:00,26.635,27.12765271987716,Вниз,1.8160536223474295,True,-0.014941967019201,0.0032619884470867,-0.0182039554662877,False,26.841515202310998,Красный,-0.4926527198771602,Ниже
2020-06-22 12:30:00+05:00,26.695,27.123347717689327,Вниз,1.579258291224748,True,-0.0266377583963759,-0.0027179609216058,-0.023919797474770098,False,26.841515202310998,Красный,-0.4283477176893271,Ниже
2020-06-22 13:00:00+05:00,26.585,27.117991023980977,Вниз,1.9654517309547075,True,-0.0442724922856569,-0.011028867194416,-0.033243625091240896,False,26.841515202310998,Красный,-0.5329910239809763,Ниже
2020-06-22 13:30:00+05:00,26.66,27.113433899364253,Вниз,1.6723588057759249,True,-0.0516014434264242,-0.0191433824408176,-0.03245806098560659,False,26.841515202310998,Красный,-0.4534338993642528,Ниже
2020-06-22 14:00:00+05:00,26.64,27.108723114295955,Вниз,1.7290490308957807,True,-0.058350890121595,-0.0269848839769731,-0.0313660061446219,False,26.841515202310998,Красный,-0.4687231142959547,Ниже
2020-06-22 14:30:00+05:00,26.62,27.103860197735795,Вниз,1.7852076944235962,True,-0.0645693923457706,-0.0345017856507326,-0.030067606695037996,False,26.841515202310998,Красный,-0.4838601977357939,Ниже
2020-06-22 15:00:00+05:00,26.58,27.09864765845484,Вниз,1.9139245064615724,True,-0.0718964879077788,-0.0419807261021418,-0.029915761805637008,False,26.841515202310998,Красный,-0.5186476584548423,Ниже
2020-06-22 15:30:00+05:00,26.635,27.09403424891798,Вниз,1.6942262813309492,True,-0.0724302922608295,-0.0480706393338794,-0.024359652926950102,False,26.841515202310998,Красный,-0.45903424891797684,Ниже
2020-06-22 16:00:00+05:00,26.61,27.08921798773472,Вниз,1.7690358870887233,True,-0.0740174006028411,-0.0532599915876717,-0.02075740901516939,False,26.8403694667864,Красный,-0.4792179877347209,Ниже
2020-06-22 16:30:00+05:00,26.62,27.084549152035866,Вниз,1.7151814099919986,True,-0.0736196376160691,-0.0573319207933512,-0.0162877168227179,False,26.8403694667864,Красный,-0.46454915203586467,Ниже
2020-06-22 17:00:00+05:00,26.58,27.07952876246337,Вниз,1.8446730253142312,True,-0.0756599129100052,-0.060997519216682,-0.014662393693323207,False,26.826174268096985,Красный,-0.4995287624633704,Ниже
2020-06-22 17:30:00+05:00,26.54,27.07416031706573,Вниз,1.9729524787109698,True,-0.0795870811555694,-0.0647154316044595,-0.014871649551109895,False,26.764556841287284,Красный,-0.5341603170657301,Ниже
2020-06-22 18:00:00+05:00,26.56,27.069044294010347,Вниз,1.8805403267339798,True,-0.0801615054943383,-0.0678046463824353,-0.012356859111902999,False,26.764556841287284,Красный,-0.5090442940103479,Ниже
2020-06-22 18:30:00+05:00,26.62,27.064576191582383,Вниз,1.6426497442093833,True,-0.0749117068367439,-0.069226058473297,-0.005685648363446899,False,26.764556841287284,Красный,-0.4445761915823816,Ниже
2020-06-22 19:00:00+05:00,26.6,27.059953542909923,Вниз,1.699757326562137,True,-0.0715403636510316,-0.0696889195088439,-0.0018514441421876998,False,26.764556841287284,Красный,-0.45995354290992196,Ниже
2020-06-22 19:30:00+05:00,26.53,27.05468037332873,Вниз,1.9393331064667567,True,-0.0736677686918412,-0.0704846893454434,-0.0031830793463978047,False,26.764556841287284,Красный,-0.524680373328728,Ниже
2020-06-22 20:00:00+05:00,26.55,27.04965867807173,Вниз,1.8471903250919228,True,-0.0728995786959849,-0.0709676672155517,-0.0019319114804332016,False,26.73645199421173,Красный,-0.4996586780717287,Ниже
2020-06-22 20:30:00+05:00,26.5,27.044189437493905,Вниз,2.0122231385476255,True,-0.075455559996147,-0.0718652457716708,-0.0035903142244761987,False,26.72230679479056,Красный,-0.5441894374939054,Ниже
2020-06-23 12:00:00+05:00,26.58,27.039570637120832,Вниз,1.699622539456746,True,-0.0702164506444624,-0.0715354867462291,0.0013190361017667018,Ниже,26.72230679479056,Красный,-0.4595706371208337,Ниже
2020-06-23 12:30:00+05:00,26.54,27.03459978501018,Вниз,1.8295065913438089,True,-0.068502431059592,-0.0709288756089017,0.0024264445493096948,False,26.72230679479056,Красный,-0.4945997850101804,Ниже
2020-06-23 13:00:00+05:00,26.535,27.029628642870776,Вниз,1.8299498280426323,True,-0.0667777441362886,-0.0700986493143791,0.0033209051780904997,False,26.72230679479056,Красный,-0.4946286428707758,Ниже
2020-06-23 13:30:00+05:00,26.53,27.02465721358848,Вниз,1.830392184733267,True,-0.0650643541634892,-0.0690917902842011,0.004027436120711894,False,26.72230679479056,Красный,-0.4946572135884786,Ниже
2020-06-23 14:00:00+05:00,26.53,27.019735251264212,Вниз,1.8125094369357184,True,-0.0629804804906299,-0.0678695283254869,0.0048890478348569966,False,26.720673414255877,Красный,-0.4897352512642108,Ниже
2020-06-23 14:30:00+05:00,26.55,27.01506126866457,Вниз,1.7214888540860205,True,-0.0590346480632781,-0.0661025522730451,0.007067904209766995,False,26.720673414255877,Красный,-0.4650612686645701,Ниже
2020-06-23 15:00:00+05:00,26.545,27.010384042110697,Вниз,1.7229819516269589,True,-0.055669284787573,-0.0640158987759507,0.008346613988377695,False,26.720673414255877,Красный,-0.4653840421106956,Ниже
2020-06-23 15:30:00+05:00,26.705,27.00734539492552,Вниз,1.119493198995889,True,-0.0396346635910731,-0.0591396517389752,0.0195049881479021,False,26.720673414255877,Красный,-0.3023453949255206,Ниже
2020-06-23 16:00:00+05:00,26.725,27.00453598801084,Вниз,1.0351445702860573,True,-0.025024807513013,-0.0523166828937828,0.0272918753807698,False,26.54967167290672,Зелёный,-0.27953598801083857,Ниже
2020-06-23 16:30:00+05:00,26.73,27.0018042866376,Вниз,1.0066152756025575,True,-0.0128942956853208,-0.0444322054520904,0.0315379097667696,False,26.57595450561605,Зелёный,-0.27180428663760026,Ниже
2020-06-23 17:00:00+05:00,26.705,26.998851010153643,Вниз,1.0883833909936929,True,-0.0052376918808825,-0.0365933027378488,0.031355610856966296,False,26.57595450561605,Зелёный,-0.2938510101536451,Ниже
2020-06-23 17:30:00+05:00,26.61,26.994981845873507,Вниз,1.4261237443001162,True,-0.0067575869984217,-0.0306261595899634,0.023868572591541702,False,26.57595450561605,Зелёный,-0.3849818458735079,Ниже
2020-06-23 18:00:00+05:00,26.645,26.991499439446905,Вниз,1.2837354227920783,True,-0.0050793556859716,-0.025516798809165,0.0204374431231934,False,26.57595450561605,Зелёный,-0.3464994394469052,Ниже
2020-06-23 18:30:00+05:00,26.665,26.988250688805643,Вниз,1.1977459841060518,True,-0.002111176102872,-0.0208356742679064,0.018724498165034402,False,26.57595450561605,Зелёный,-0.32325068880564345,Ниже
2020-06-23 19:00:00+05:00,26.74,26.98578053269813,Вниз,0.9107779276583217,True,0.0062212856913284,-0.0154242822760594,0.0216455679673878,False,26.57595450561605,Зелёный,-0.24578053269813083,Ниже
2020-06-23 19:30:00+05:00,26.65,26.982439432870287,Вниз,1.2320584789872884,True,0.0054991827016941,-0.0112395892805087,0.0167387719822028,False,26.57595450561605,Зелёный,-0.332439432870288,Ниже
2020-06-23 20:00:00+05:00,26.63,26.978932572841728,Вниз,1.2933520327375043,True,0.0032753221519605,-0.0083366069940148,0.0116119291459753,False,26.57595450561605,Зелёный,-0.3489325728417292,Ниже
2020-06-23 20:30:00+05:00,26.55,26.97466458704231,Вниз,1.5743090546019325,True,-0.0048861107249145,-0.0076465077401948,0.0027603970152803,False,26.75512574283053,Красный,-0.42466458704230803,Ниже
2020-06-25 12:00:00+05:00,26.035,26.96531469065383,Вниз,3.45004203112926,True,-0.0523073346515303,-0.0165786731224619,-0.035728661529068395,Ниже,26.32311316854748,Красный,-0.9303146906538302,Ниже
2020-06-25 12:30:00+05:00,26.085,26.95655534049807,Вниз,3.2331851361909436,True,-0.0848760162504262,-0.0302381417480548,-0.05463787450237141,False,26.318301851692727,Красный,-0.8715553404980696,Ниже
2020-06-25 13:00:00+05:00,26.26,26.94962444158764,Вниз,2.5589389680823795,True,-0.0954654275743429,-0.0432835989133124,-0.0521818286610305,False,26.318301851692727,Красный,-0.6896244415876396,Ниже
2020-06-25 13:30:00+05:00,26.285,26.94301126306438,Вниз,2.4422335597151132,True,-0.1006797478130323,-0.0547628286932564,-0.04591691911977589,False,26.318301851692727,Красный,-0.6580112630643811,Ниже
2020-06-25 14:00:00+05:00,26.375,26.937359409700555,Вниз,2.087656036166785,True,-0.0964382067144207,-0.0630979042974893,-0.03334030241693141,False,26.064965450116,Зелёный,-0.5623594097005551,Ниже
2020-06-25 14:30:00+05:00,26.29,26.930918022539355,Вниз,2.3798595428605562,True,-0.0987966778569422,-0.0702376590093799,-0.028559018847562304,False,26.0839689051044,Зелёный,-0.6409180225393563,Ниже
2020-06-25 15:00:00+05:00,26.385,26.925486002414587,Вниз,2.0073398205927147,True,-0.091940247238039,-0.0745781766551117,-0.017362070582927297,False,26.14382201459396,Зелёный,-0.5404860024145854,Ниже
2020-06-25 15:30:00+05:00,26.37,26.919958778509965,Вниз,2.042940641309573,True,-0.0867172289783511,-0.0770059871197596,-0.009711241858591499,False,26.166689813134564,Зелёный,-0.5499587785099642,Ниже
2020-06-25 16:00:00+05:00,26.3,26.91379003444519,Вниз,2.2805782227610396,True,-0.0872209357096096,-0.0790489768377296,-0.008171958871880006,False,26.166689813134564,Зелёный,-0.6137900344451879,Ниже
2020-06-25 16:30:00+05:00,26.28,26.90748366594325,Вниз,2.3320042622099724,True,-0.0882170485536484,-0.0808825911809133,-0.007334457372735095,False,26.166689813134564,Зелёный,-0.6274836659432488,Ниже
2020-06-25 17:00:00+05:00,26.175,26.90019527125725,Вниз,2.695873631936483,True,-0.0963682247299928,-0.0839797178907292,-0.01238850683926361,False,26.166689813134564,Зелёный,-0.7251952712572489,Ниже
2020-06-25 17:30:00+05:00,26.24,26.89362616408056,Вниз,2.4304129167733826,True,-0.0964710752985844,-0.0864779893723003,-0.00999308592628409,False,26.166689813134564,Зелёный,-0.6536261640805598,Ниже
2020-06-25 18:00:00+05:00,26.335,26.88806769478623,Вниз,2.056926146810737,True,-0.0878739231765557,-0.0867571761331514,-0.0011167470434042953,False,26.166689813134564,Зелёный,-0.553067694786229,Ниже
2020-06-25 18:30:00+05:00,26.33,26.8825147824003,Вниз,2.0552942567784878,True,-0.0805357108510165,-0.0855128830767244,0.004977172225707899,Ниже,26.166689813134564,Зелёный,-0.5525147824003014,Ниже
2020-06-25 19:00:00+05:00,26.465,26.878360406456014,Вниз,1.537892937683535,True,-0.0630993825520747,-0.0810301829717944,0.0179308004197197,False,26.166689813134564,Зелёный,-0.4133604064560146,Ниже
2020-06-25 19:30:00+05:00,26.305,26.872655327784816,Вниз,2.112390163386246,True,-0.061482893058006,-0.0771207249890368,0.0156378319310308,False,26.166689813134564,Зелёный,-0.5676553277848164,Ниже
2020-06-25 20:00:00+05:00,26.255,26.866509503627757,Вниз,2.276103278489476,True,-0.063504356923822,-0.0743974513759938,0.010893094452171792,False,26.166689813134564,Зелёный,-0.611509503627758,Ниже
2020-06-25 20:30:00+05:00,26.24,26.860275578218523,Вниз,2.3092673655273943,True,-0.0655610097312404,-0.0726301630470431,0.007069153315802698,False,26.166689813134564,Зелёный,-0.620275578218525,Ниже
2020-06-26 12:00:00+05:00,26.4,26.855695721718835,Вниз,1.6968308192079502,True,-0.053661680623307,-0.0688364665622959,0.015174785938988904,False,26.166689813134564,Зелёный,-0.4556957217188362,Ниже
2020-06-26 12:30:00+05:00,26.375,26.850912679711683,Вниз,1.7724264548790514,True,-0.045721617298021,-0.0642134967094409,0.0184918794114199,False,26.203837764337223,Зелёный,-0.4759126797116835,Ниже
2020-06-26 13:00:00+05:00,26.455,26.846973250062813,Вниз,1.4600277149004046,True,-0.0325979595098537,-0.0578903892695235,0.025292429759669804,False,26.203837764337223,Зелёный,-0.391973250062815,Ниже
2020-06-26 13:30:00+05:00,26.53,26.84381928737562,Вниз,1.1690560274454127,True,-0.0159614987412375,-0.0495046111638663,0.0335431124226288,False,26.272758589113156,Зелёный,-0.3138192873756189,Ниже
2020-06-26 14:00:00+05:00,26.62,26.841592229789796,Вниз,0.8255554584569842,True,0.0044341499947577,-0.0387168589321415,0.0431510089268992,False,26.35948273020184,Зелёный,-0.22159222978979543,Ниже
2020-06-26 14:30:00+05:00,26.535,26.838541560836664,Вниз,1.1309912654851457,True,0.0135824884631929,-0.0282569894530746,0.0418394779162675,False,26.35948273020184,Зелёный,-0.3035415608366634,Ниже
2020-06-26 15:00:00+05:00,26.52,26.835371993067145,Вниз,1.1752100665816045,True,0.0193986227223632,-0.018725867017987,0.0381244897403502,False,26.35948273020184,Зелёный,-0.3153719930671457,Ниже
2020-06-26 15:30:00+05:00,26.51,26.83213446079782,Вниз,1.2005547351011647,True,0.0229366353445321,-0.0103933665454832,0.0333300018900153,False,26.35948273020184,Зелёный,-0.3221344607978196,Ниже
2020-06-26 16:00:00+05:00,26.55,26.829327152730183,Вниз,1.0411261942577563,True,0.0286380795887453,-0.0025870773186375,0.031225156907382798,False,26.35948273020184,Зелёный,-0.2793271527301826,Ниже
2020-06-26 16:30:00+05:00,26.425,26.825303996981628,Вниз,1.4922626674675117,True,0.0228071532320583,0.0024917687915016,0.0203153844405567,False,26.35948273020184,Зелёный,-0.4003039969816271,Ниже
2020-06-26 17:00:00+05:00,26.465,26.8217188825838,Вниз,1.3299627967371912,True,0.021169736249103,0.0062273622830219,0.014942373966081099,False,26.35948273020184,Зелёный,-0.3567188825837988,Ниже
2020-06-26 17:30:00+05:00,26.43,26.817821182259586,Вниз,1.4461323297812714,True,0.0168535863479348,0.0083526070960045,0.0085009792519303,False,26.35948273020184,Зелёный,-0.38782118225958584,Ниже
2020-06-26 18:00:00+05:00,26.51,26.814758284923663,Вниз,1.136531911589181,True,0.0196616901422004,0.0106144237052437,0.0090472664369567,False,26.35948273020184,Зелёный,-0.3047582849236612,Ниже
2020-06-26 18:30:00+05:00,26.39,26.81053183432741,Вниз,1.5685322354887898,True,0.0120650570449178,0.0109045503731785,0.0011605066717393,False,26.35948273020184,Зелёный,-0.42053183432740937,Ниже
2020-06-26 19:00:00+05:00,26.36,26.80604893050326,Вниз,1.6639861087311885,True,0.0035826230565092,0.0094401649098446,-0.0058575418533354,Выше,26.35948273020184,Зелёный,-0.44604893050325956,Ниже
2020-06-26 19:30:00+05:00,26.37,26.80171013517487,Вниз,1.6107559293699183,True,-0.0023062653738001,0.0070908788531157,-0.0093971442269158,False,26.35948273020184,Зелёный,-0.43171013517486756,Ниже
2020-06-26 20:00:00+05:00,26.37,26.797414511939294,Вниз,1.5949841420293123,True,-0.0068937846240544,0.0042939461576816,-0.011187730781736,False,26.35948273020184,Зелёный,-0.42741451193929336,Ниже
2020-06-26 20:30:00+05:00,26.38,26.79326113371105,Вниз,1.5424069942388912,True,-0.0096117124170014,0.001512814442745,-0.0111245268597464,False,26.35948273020184,Зелёный,-0.41326113371104967,Ниже
2020-06-29 12:00:00+05:00,26.235,26.78770629655969,Вниз,2.063283397394403,True,-0.023198559406719,-0.0034294603271477,-0.0197690990795713,False,26.41378802338693,Красный,-0.5527062965596912,Ниже
2020-06-29 12:30:00+05:00,26.08,26.780664442862584,Вниз,2.616307165781774,True,-0.0459438263142608,-0.0119323335245703,-0.0340114927896905,False,26.36490922104824,Красный,-0.7006644428625854,Ниже
2020-06-29 13:00:00+05:00,25.955,26.77244887626693,Вниз,3.053321270851619,True,-0.0732121257282685,-0.02418829196531,-0.049023833762958505,False,26.179918298943413,Красный,-0.8174488762669334,Ниже
2020-06-29 13:30:00+05:00,26.05,26.76526033023443,Вниз,2.6723458745008375,True,-0.0861635041782378,-0.0365833344078955,-0.049580169770342304,False,26.179918298943413,Красный,-0.7152603302344289,Ниже
2020-06-29 14:00:00+05:00,26.055,26.758193063266923,Вниз,2.6279542180008093,True,-0.0949298148820219,-0.0482526305027208,-0.0466771843793011,False,26.179918298943413,Красный,-0.703193063266923,Ниже
2020-06-29 14:30:00+05:00,26.135,26.751992137264267,Вниз,2.306340903879171,True,-0.094334419394876,-0.0574689882811518,-0.036865431113724194,False,26.179918298943413,Красный,-0.6169921372642655,Ниже
2020-06-29 15:00:00+05:00,26.205,26.746549429430797,Вниз,2.0247450268665297,True,-0.0872088597466067,-0.0634169625742428,-0.023791897172363907,False,25.923164604063224,Зелёный,-0.5415494294307983,Ниже
2020-06-29 15:30:00+05:00,26.21,26.74121062913795,Вниз,1.9864868367594661,True,-0.0802334627601055,-0.0667802626114154,-0.0134532001486901,False,25.9825981436569,Зелёный,-0.5312106291379486,Ниже
2020-06-29 16:00:00+05:00,26.24,26.736223458698767,Вниз,1.8559968256747927,True,-0.0714609042919356,-0.0677163909475194,-0.0037445133444162088,False,26.01308832929121,Зелёный,-0.4962234586987684,Ниже
2020-06-29 16:30:00+05:00,26.3,26.731882926771416,Вниз,1.6156098242480832,True,-0.0589871231069949,-0.0659705373794145,0.006983414272419594,Ниже,26.08052949636209,Зелёный,-0.43188292677141504,Ниже
2020-06-29 17:00:00+05:00,26.29,26.72748608172892,Вниз,1.6368396204235185,True,-0.0493397204907921,-0.06264437400169,0.0133046535108979,False,26.09997654672588,Зелёный,-0.43748608172892034,Ниже
2020-06-29 17:30:00+05:00,26.31,26.72333199136345,Вниз,1.5467082903323404,True,-0.0396234965551229,-0.0580401985123766,0.0184167019572537,False,26.11522889205329,Зелёный,-0.413331991363453,Ниже
2020-06-29 18:00:00+05:00,26.31,26.719219235230483,Вниз,1.5315538662556067,True,-0.0315595205764083,-0.052744062925183,0.021184542348774704,False,26.11522889205329,Зелёный,-0.4092192352304842,Ниже
2020-06-29 18:30:00+05:00,26.23,26.71435138214361,Вниз,1.8130755832887675,True,-0.0312637044041785,-0.0484479912209821,0.017184286816803604,False,26.11522889205329,Зелёный,-0.4843513821436112,Ниже
2020-06-29 19:00:00+05:00,26.345,26.710676244012834,Вниз,1.3690265295877757,True,-0.0215018688914163,-0.0430587667550689,0.021556897863652603,False,26.11522889205329,Зелёный,-0.3656762440128354,Ниже
2020-06-29 19:30:00+05:00,26.365,26.70723667939579,Вниз,1.2814379993862222,True,-0.0120132300265325,-0.0368496594093616,0.024836429382829102,False,26.12615442607617,Зелёный,-0.3422366793957927,Ниже
2020-06-29 20:00:00+05:00,26.36,26.70378158805852,Вниз,1.2873891546965486,True,-0.0048410687503235,-0.030447941277554,0.025606872527230498,False,26.18628898346855,Зелёный,-0.3437815880585191,Ниже
2020-06-29 20:30:00+05:00,26.44,26.70115689564003,Вниз,0.9780733346526694,True,0.0072150811811866,-0.0229153367858059,0.0301304179669925,False,26.211660085121697,Зелёный,-0.26115689564002764,Ниже
2020-06-30 12:00:00+05:00,26.57,26.69985185190232,Вниз,0.48633922248923644,True,0.0269489299174807,-0.0129424834451485,0.0398914133626292,False,26.22924407660952,Зелёный,-0.12985185190231974,Ниже
2020-06-30 12:30:00+05:00,26.51,26.697962778749066,Вниз,0.7040341628563431,True,0.0373164874183693,-0.0028906892724449,0.0402071766908142,False,26.23656966894857,Зелёный,-0.18796277874906409,Ниже
2020-06-30 13:00:00+05:00,26.5,26.69599299985604,Вниз,0.7341663591876701,True,0.0442162377405104,0.006530696130146,0.0376855416103644,False,26.23656966894857,Зелёный,-0.19599299985603835,Ниже
2020-06-30 13:30:00+05:00,26.465,26.693694562046524,Вниз,0.8567362659932625,True,0.0463261134887353,0.0144897796018639,0.0318363338868714,False,26.240996431848345,Зелёный,-0.22869456204652394,Ниже
2020-06-30 14:00:00+05:00,26.52,26.69196625794656,Вниз,0.6442622333802951,True,0.0518386815138214,0.0219595599842554,0.029879121529566,False,26.28539678866351,Зелёный,-0.17196625794656129,Ниже
2020-06-30 14:30:00+05:00,26.4,26.68906112105157,Вниз,1.0830696506726032,True,0.0459942412883052,0.0267664962450653,0.0192277450432399,False,26.28539678866351,Зелёный,-0.2890611210515708,Ниже
2020-06-30 15:00:00+05:00,26.38,26.68598588601623,Вниз,1.1466163825581988,True,0.0392956714103291,0.0292723312781181,0.010023340132211001,False,26.28539678866351,Зелёный,-0.3059858860162308,Ниже
2020-06-30 15:30:00+05:00,26.265,26.68179697172751,Вниз,1.5621023282995363,True,0.0244259010340215,0.0283030452292988,-0.0038771441952773003,Выше,26.5326232410643,Красный,-0.4167969717275106,Ниже
2020-06-30 16:00:00+05:00,26.3,26.67799799688445,Вниз,1.4168904163220692,True,0.0152894609838156,0.0257003283802022,-0.010410867396386601,False,26.46361091695787,Красный,-0.37799799688444935,Ниже
2020-06-30 16:30:00+05:00,26.225,26.67349055412938,Вниз,1.6814093124379128,True,0.0019741366027865,0.020955090024719,-0.0189809534219325,False,26.46361091695787,Красный,-0.44849055412937844,Ниже
2020-06-30 17:00:00+05:00,26.205,26.66882895657585,Вниз,1.7392175611876064,True,-0.0100760364775354,0.0147488647242681,-0.0248249012018035,False,26.42342484273588,Красный,-0.46382895657585266,Ниже
2020-06-30 17:30:00+05:00,26.21,26.664263494321368,Вниз,1.7036416341224299,True,-0.0190033682472758,0.0079984181299593,-0.0270017863772351,False,26.379332358462285,Красный,-0.45426349432136703,Ниже
2020-06-30 18:00:00+05:00,26.255,26.660191220746032,Вниз,1.5198361384247223,True,-0.0221914103090696,0.0019604524421535,-0.0241518627512231,False,26.379332358462285,Красный,-0.4051912207460333,Ниже
2020-06-30 18:30:00+05:00,26.28,26.65640822352468,Вниз,1.4120740512688115,True,-0.0224419685021075,-0.0029200317466986,-0.019521936755408902,False,26.379332358462285,Красный,-0.3764082235246775,Ниже
2020-06-30 19:00:00+05:00,26.285,26.652712619310503,Вниз,1.3796442582136508,True,-0.0219836654510494,-0.0067327584875688,-0.015250906963480599,False,26.379332358462285,Красный,-0.3677126193105025,Ниже
2020-06-30 19:30:00+05:00,26.26,26.64880503105866,Вниз,1.458996118608375,True,-0.0233683720013466,-0.0100598811903243,-0.013308490811022299,False,26.379332358462285,Красный,-0.38880503105865927,Ниже
2020-06-30 20:00:00+05:00,26.21,26.644438811844147,Вниз,1.630504642683735,True,-0.0281755538056955,-0.0136830157133986,-0.014492538092296899,False,26.379332358462285,Красный,-0.4344388118441458,Ниже
2020-06-30 20:30:00+05:00,26.28,26.64081255500988,Вниз,1.3543601730046604,True,-0.0260367298198609,-0.016153758534691,-0.009882971285169899,False,26.379332358462285,Красный,-0.3608125550098791,Ниже
2020-07-02 12:00:00+05:00,26.335,26.63776964401476,Вниз,1.136617847743828,True,-0.0196768337646418,-0.0168583735806812,-0.0028184601839605986,False,26.379332358462285,Красный,-0.30276964401475936,Ниже
2020-07-02 12:30:00+05:00,26.42,26.635602781885257,Вниз,0.809453360792293,True,-0.0076891450175011,-0.0150245278680452,0.007335382850544099,Ниже,26.20571896581502,Зелёный,-0.21560278188525572,Ниже
2020-07-02 13:00:00+05:00,26.39,26.63315897311028,Вниз,0.9129933604788716,True,-0.0006026179931915,-0.0121401458930744,0.011537527899882901,False,26.21264706923352,Зелёный,-0.24315897311027967,Ниже
2020-07-02 13:30:00+05:00,26.35,26.63034147089028,Вниз,1.0527145181248243,True,0.0017654885699371,-0.0093590190004721,0.0111245075704092,False,26.21264706923352,Зелёный,-0.28034147089027783,Ниже
2020-07-02 14:00:00+05:00,26.3,26.627054491080425,Вниз,1.22827889652602,True,-0.0003878808016324,-0.0075647913607042,0.0071769105590718,False,26.21264706923352,Зелёный,-0.3270544910804247,Ниже
2020-07-02 14:30:00+05:00,26.215,26.622954446393056,Вниз,1.5323409999986934,True,-0.0088512000437255,-0.0078220730973084,-0.001029126946417101,Ниже,26.21264706923352,Зелёный,-0.407954446393056,Ниже
2020-07-02 15:00:00+05:00,26.195,26.618696193195117,Вниз,1.5917240653711335,True,-0.0169765789366032,-0.0096529742651674,-0.0073236046714358,False,26.366103507875888,Красный,-0.4236961931951164,Ниже
2020-07-02 15:30:00+05:00,26.24,26.61492807186979,Вниз,1.4087134515537787,True,-0.0195594076539684,-0.0116342609429276,-0.007925146711040802,False,26.366103507875888,Красный,-0.3749280718697925,Ниже
2020-07-02 16:00:00+05:00,26.24,26.611197444289,Вниз,1.3948919249729768,True,-0.0213600921743655,-0.0135794271892152,-0.007780664985150298,False,26.366103507875888,Красный,-0.3711974442890025,Ниже
2020-07-02 16:30:00+05:00,26.195,26.607056176186617,Вниз,1.5486725530929213,True,-0.0261172086256813,-0.0160869834765084,-0.0100302251491729,False,26.349221957241525,Красный,-0.41205617618661705,Ниже
2020-07-02 17:00:00+05:00,26.175,26.6027571097569,Вниз,1.6079427707138476,True,-0.0311421037527743,-0.0190980075317616,-0.012044096221012698,False,26.339799761517373,Красный,-0.4277571097569002,Ниже
2020-07-02 17:30:00+05:00,26.315,26.59989385493345,Вниз,1.0710338036954539,True,-0.0235560004620047,-0.0199896061178102,-0.0035663943441945,False,26.339799761517373,Красный,-0.284893854933447,Ниже
2020-07-02 18:00:00+05:00,26.345,26.59735759767043,Вниз,0.9488070262007354,True,-0.014950865399868,-0.0189818579742218,0.004030992574353798,Ниже,26.19603719317093,Зелёный,-0.2523575976704322,Ниже
2020-07-02 18:30:00+05:00,26.365,26.595045581773213,Вниз,0.8649941248112605,True,-0.0064431286372261,-0.0164741121068226,0.010030983469596497,False,26.21793347385384,Зелёный,-0.230045581773215,Ниже
2020-07-02 19:00:00+05:00,26.28,26.591910799865023,Вниз,1.1729536933713116,True,-0.0064847237247604,-0.0144762344304102,0.0079915107056498,False,26.21793347385384,Зелёный,-0.31191079986502146,Ниже
2020-07-02 19:30:00+05:00,26.18,26.587812184940997,Вниз,1.5338312987330984,True,-0.0144206204602959,-0.0144651116363873,4.4491176091399076e-05,False,26.383323886178392,Красный,-0.40781218494099747,Ниже
2020-07-02 20:00:00+05:00,26.15,26.58345584479233,Вниз,1.630547387529542,True,-0.0228670282108112,-0.0161454949512721,-0.0067215332595391,Ниже,26.320241497560552,Красный,-0.4334558447923307,Ниже
2020-07-02 20:30:00+05:00,26.15,26.57914285131181,Вниз,1.6145849913690218,True,-0.0292239912266154,-0.0187611942063408,-0.0104627970202746,False,26.311967347804497,Красный,-0.42914285131181273,Ниже
2020-07-03 12:00:00+05:00,26.42,26.577559340353485,Вниз,0.5928284773472643,True,-0.0123330193304376,-0.0174755592311601,0.0051425399007225,Ниже,26.16222938697595,Зелёный,-0.15755934035348318,Ниже
2020-07-03 12:30:00+05:00,26.4,26.575792580747976,Вниз,0.6614763424791508,True,-0.000554246257014,-0.0140912966363309,0.013537050379316901,False,26.252756448278355,Зелёный,-0.1757925807479772,Ниже
2020-07-03 13:00:00+05:00,26.37,26.573744893377352,Вниз,0.7667150196362725,True,0.0062872910085687,-0.010015579107351,0.0163028701159197,False,26.252756448278355,Зелёный,-0.20374489337735113,Ниже
2020-07-03 13:30:00+05:00,26.39,26.571916585980563,Вниз,0.6846197390087502,True,0.0131712613333583,-0.0053782110192091,0.0185494723525674,False,26.252756448278355,Зелёный,-0.18191658598056293,Ниже
2020-07-03 14:00:00+05:00,26.385,26.5700567194534,Вниз,0.6964859782098591,True,0.0180157251338819,-0.0006994237885909,0.018715148922472797,False,26.252756448278355,Зелёный,-0.1850567194533994,Ниже
2020-07-03 14:30:00+05:00,26.37,26.56806610532949,Вниз,0.7455044132465348,True,0.0204093566000018,0.0035223322891276,0.0168870243108742,False,26.252756448278355,Зелёный,-0.1980661053294881,Ниже
2020-07-03 15:00:00+05:00,26.37,26.56609529831128,Вниз,0.7381412138642096,True,0.0220521236278727,0.0072282905568766,0.014823833070996103,False,26.252756448278355,Зелёный,-0.1960952983112776,Ниже
2020-07-03 15:30:00+05:00,26.72,26.567626688377835,Вверх,0.5735300085679844,True,0.0510081134801581,0.0159842551415329,0.0350238583386252,False,26.3706217971295,Зелёный,0.1523733116221635,Выше
2020-07-03 16:00:00+05:00,26.665,26.568595577050694,Вверх,0.3628510309087519,True,0.0687256768860216,0.0265325394904306,0.042193137395591,False,26.43505961741655,Зелёный,0.09640442294930551,Выше
2020-07-03 16:30:00+05:00,26.685,26.569753830015365,Вверх,0.43374948342367387,True,0.0834192017551664,0.0379098719433778,0.0455093298117886,False,26.45355365567489,Зелёный,0.11524616998463344,Выше
2020-07-03 17:00:00+05:00,26.695,26.57100006056248,Вверх,0.4666739646791305,True,0.0947782972879096,0.0492835570122842,0.045494740275625396,False,26.490698290107403,Зелёный,0.12399993943752108,Выше
2020-07-03 17:30:00+05:00,26.715,26.57243289578076,Вверх,0.5365225863149186,True,0.1041932205994555,0.0602654897297184,0.0439277308697371,False,26.518128461096666,Зелёный,0.14256710421923913,Выше
2020-07-03 18:00:00+05:00,26.715,26.5738514739322,Вверх,0.5311556971945113,True,0.110382197887997,0.0702888313613742,0.04009336652662279,False,26.522815614987,Зелёный,0.14114852606779849,Выше
2020-07-03 18:30:00+05:00,26.72,26.57530568812193,Вверх,0.5444690404548832,True,0.114372055331863,0.0791054761554719,0.0352665791763911,False,26.522815614987,Зелёный,0.14469431187806947,Выше
2020-07-03 19:00:00+05:00,26.62,26.575750407643103,Вверх,0.1665036421480402,True,0.1082174187954976,0.0849278646834771,0.023289554112020494,False,26.522815614987,Зелёный,0.044249592356898404,Выше
2020-07-03 19:30:00+05:00,26.64,26.57638970706954,Вверх,0.23934888685628472,True,0.1037576047707595,0.0886938127009336,0.015063792069825901,False,26.522815614987,Зелёный,0.06361029293045917,Выше
2020-07-03 20:00:00+05:00,26.635,26.576972894063875,Вверх,0.21833602407401068,True,0.0986821652383227,0.0906914832084114,0.007990682029911295,False,26.522815614987,Зелёный,0.05802710593612659,Выше
2020-07-03 20:30:00+05:00,26.65,26.577699531933888,Вверх,0.27203433457150583,True,0.0947776793911039,0.0915087224449499,0.0032689569461540058,False,26.522815614987,Зелёный,0.07230046806611057,Выше
2020-07-06 12:00:00+05:00,27.065,26.58254829281017,Вверх,1.8149189531250505,True,0.1237439348738682,0.0979557649307336,0.025788169943134598,False,26.713264220744303,Зелёный,0.4824517071898313,Выше
2020-07-06 12:30:00+05:00,27.155,26.588244329697638,Вверх,2.131602460375046,True,0.1522075944700631,0.1088061308385995,0.043401463631463605,False,26.89518779866988,Зелёный,0.5667556703023635,Выше
2020-07-06 13:00:00+05:00,27.185,26.594182197063827,Вверх,2.2216054570063157,True,0.1751667853847998,0.1220782617478395,0.05308852363696029,False,26.96366901880289,Зелёный,0.5908178029361721,Выше
2020-07-06 13:30:00+05:00,27.115,26.599364463759716,Вверх,1.9385257754665879,True,0.1855745072082051,0.1347775108399126,0.05079699636829249,False,26.9790521169226,Зелёный,0.515635536240282,Выше
2020-07-06 14:00:00+05:00,27.05,26.6038483994437,Вверх,1.6770190306964434,True,0.1864287108338551,0.1451077508387011,0.041320959995154005,False,26.9790521169226,Зелёный,0.446151600556302,Выше
2020-07-06 14:30:00+05:00,27.135,26.6091334899965,Вверх,1.9762631887325406,True,0.1917540417561305,0.154437009022187,0.03731703273394352,False,26.9790521169226,Зелёный,0.5258665100035032,Выше
2020-07-06 15:00:00+05:00,27.15,26.614515246314944,Вверх,2.0120026561791224,True,0.1949376595242213,0.1625371391225939,0.032400520401627386,False,26.9790521169226,Зелёный,0.5354847536850542,Выше
2020-07-06 15:30:00+05:00,27.125,26.61959469660037,Вверх,1.8986213319926188,True,0.1932161331656132,0.1686729379311978,0.024543195234415394,False,26.9790521169226,Зелёный,0.5054053033996304,Выше
2020-07-06 16:00:00+05:00,27.1,26.624374848873003,Вверх,1.7864274891965435,True,0.1876711637032784,0.1724725830856139,0.01519858061766452,False,26.9790521169226,Зелёный,0.475625151126998,Выше
2020-07-06 16:30:00+05:00,27.17,26.629803954854367,Вверх,2.02853932406499,True,0.1867721572732037,0.1753324979231318,0.011439659350071907,False,26.9790521169226,Зелёный,0.5401960451456347,Выше
2020-07-06 17:00:00+05:00,27.16,26.63507953739313,Вверх,1.9707861651771421,True,0.1831416290755925,0.176894324153624,0.006247304921968511,False,26.98814288646252,Зелёный,0.5249204626068718,Выше
2020-07-06 17:30:00+05:00,27.12,26.63990461662305,Вверх,1.8021663000901922,True,0.1750192308686209,0.1765193054966233,-0.001500074628002418,Выше,26.98814288646252,Зелёный,0.4800953833769519,Выше
2020-07-06 18:00:00+05:00,27.13,26.64478118760193,Вверх,1.8210651045760782,True,0.1674587282179338,0.1747071900408854,-0.00724846182295158,False,26.98814288646252,Зелёный,0.4852188123980703,Выше
2020-07-06 18:30:00+05:00,27.095,26.64926097678002,Вверх,1.672613073992404,True,0.1568348731130591,0.1711327266553202,-0.014297853542261096,False,26.98814288646252,Зелёный,0.4457390232199785,Выше
2020-07-06 19:00:00+05:00,26.975,26.65250216109067,Вверх,1.2100096154579372,True,0.1371513983372985,0.1643364609917158,-0.027185062654417308,False,27.212419202191946,Красный,0.3224978389093316,Выше
2020-07-06 19:30:00+05:00,26.75,26.65347228884101,Вверх,0.36215810875570037,True,0.1022181756686855,0.1519128039271098,-0.04969462825842429,False,27.035177281972743,Красный,0.09652771115899128,Выше
2020-07-06 20:00:00+05:00,26.485,26.65179594765852,Вниз,0.6258338011670647,True,0.0525443610346592,0.1320391153486197,-0.0794947543139605,False,26.846659553775478,Красный,-0.16679594765852102,Ниже
2020-07-06 20:30:00+05:00,26.535,26.6506337989256,Вниз,0.43388761332295933,True,0.0170159380474927,0.1090344798883943,-0.09201854184090161,False,26.681493598397925,Красный,-0.11563379892560022,Ниже
2020-07-07 12:00:00+05:00,26.59,26.65003047754325,Вниз,0.22525481760268692,True,-0.0066261704244823,0.085902349825819,-0.0925285202503013,False,26.681493598397925,Красный,-0.06003047754325053,Ниже
2020-07-07 12:30:00+05:00,26.535,26.648885895677157,Вниз,0.4273570614658645,True,-0.029461142356375,0.0628296513893802,-0.09229079374575519,False,26.681493598397925,Красный,-0.11388589567715712,Ниже
2020-07-07 13:00:00+05:00,26.53,26.64770295144156,Вниз,0.4417001782706775,True,-0.0474149107661894,0.0407807389582662,-0.0881956497244556,False,26.681493598397925,Красный,-0.11770295144155796,Ниже
2020-07-07 13:30:00+05:00,26.33,26.64454172804413,Вниз,1.1805109326127612,True,-0.0768953286283924,0.0172455254409345,-0.0941408540693269,False,26.681493598397925,Красный,-0.31454172804413005,Ниже
2020-07-07 14:00:00+05:00,26.37,26.64180996955613,Вниз,1.020238376697119,True,-0.0959253388779473,-0.0053886474228418,-0.0905366914551055,False,26.673411754917996,Красный,-0.2718099695561307,Ниже
2020-07-07 14:30:00+05:00,26.4,26.639403900207316,Вниз,0.8986833981125782,True,-0.1073485624195846,-0.0257806304221904,-0.0815679319973942,False,26.673411754917996,Красный,-0.23940390020731783,Ниже
2020-07-07 15:00:00+05:00,26.455,26.637569035528635,Вниз,0.6853817451777605,True,-0.1106875716055419,-0.0427620186588607,-0.0679255529466812,False,26.673411754917996,Красный,-0.1825690355286369,Ниже
2020-07-07 15:30:00+05:00,26.44,26.6356031744786,Вниз,0.7343673548418821,True,-0.1132387888127119,-0.0568573726896309,-0.05638141612308101,False,26.673411754917996,Красный,-0.19560317447859887,Ниже
2020-07-07 16:00:00+05:00,26.495,26.634204137916623,Вниз,0.52265176460989,True,-0.1095596707976724,-0.0673978323112392,-0.04216183848643319,False,26.673411754917996,Красный,-0.13920413791662156,Ниже
2020-07-07 16:30:00+05:00,26.495,26.63281902211646,Вниз,0.5174781610689138,True,-0.1054286276713867,-0.0750039913832687,-0.030424636288117993,False,26.673411754917996,Красный,-0.13781902211646013,Ниже
2020-07-07 17:00:00+05:00,26.44,26.63090042488147,Вниз,0.7168380409064569,True,-0.1053780539665041,-0.0810788038999158,-0.0242992500665883,False,26.673411754917996,Красный,-0.19090042488146963,Ниже
2020-07-07 17:30:00+05:00,26.52,26.62979693806673,Вниз,0.412308581706746,True,-0.0977557748077941,-0.0844141980814915,-0.013341576726302595,False,26.673411754917996,Красный,-0.10979693806672941,Ниже
2020-07-07 18:00:00+05:00,26.595,26.62945069987701,Вниз,0.12937067409044223,True,-0.0846869717654037,-0.0844687528182739,-0.0002182189471297974,False,26.673411754917996,Красный,-0.03445069987701288,Ниже
2020-07-07 18:30:00+05:00,26.7,26.63015268296281,Вверх,0.2622865811876353,True,-0.0651067189912808,-0.0805963460528753,0.0154896270615945,Ниже,26.41592472073632,Зелёный,0.06984731703719049,Выше
2020-07-07 19:00:00+05:00,26.81,26.63194220850547,Вверх,0.6685873305840274,True,-0.0402491794219059,-0.0725269127266814,0.03227773330477549,False,26.55608224866269,Зелёный,0.1780577914945276,Выше
2020-07-07 19:30:00+05:00,26.7,26.63261940046064,Вверх,0.2530002720580807,True,-0.0290901478000691,-0.063839559741359,0.0347494119412899,False,26.55608224866269,Зелёный,0.0673805995393586,Выше
2020-07-07 20:00:00+05:00,26.66,26.632891844237157,Вверх,0.10178449986349657,True,-0.0232066882923618,-0.0557129854515595,0.0325062971591977,False,26.55608224866269,Зелёный,0.027108155762842756,Выше
2020-07-07 20:30:00+05:00,26.695,26.633509835836783,Вверх,0.23087518146211075,True,-0.0155406537687454,-0.0476785191149967,0.0321378653462513,False,26.55608224866269,Зелёный,0.06149016416321729,Выше
2020-07-08 12:00:00+05:00,26.63,26.63347491209712,Вниз,0.013047160044233277,True,-0.0145425850819407,-0.0410513323083855,0.0265087472264448,False,26.55608224866269,Зелёный,-0.0034749120971220293,Ниже
2020-07-08 12:30:00+05:00,26.52,26.63234580849416,Вниз,0.42183970312645164,True,-0.022369823745187,-0.0373150305957458,0.0149452068505588,False,26.767688817987167,Красный,-0.11234580849416176,Ниже
2020-07-08 13:00:00+05:00,26.77,26.633715501941985,Вверх,0.5116991583396507,True,-0.0083043289799817,-0.031512890272593,0.0232085612926113,False,26.377830063811547,Зелёный,0.13628449805801424,Выше
2020-07-08 13:30:00+05:00,26.805,26.635419825305743,Вверх,0.6366716793145594,True,0.0056023045708748,-0.0240898513038994,0.029692155874774202,False,26.5475470574304,Зелёный,0.16958017469425712,Выше
2020-07-08 14:00:00+05:00,26.755,26.63660967779027,Вверх,0.44446468091036784,True,0.0124453672723099,-0.0167828075886575,0.0292281748609674,False,26.5475470574304,Зелёный,0.11839032220973067,Выше
2020-07-08 14:30:00+05:00,26.75,26.6377379397028,Вверх,0.42143991562390837,True,0.0172660532375701,-0.009973035423412,0.027239088660982097,False,26.5475470574304,Зелёный,0.11226206029720132,Выше
2020-07-08 15:00:00+05:00,26.79,26.63925298507889,Вверх,0.5658830411105926,True,0.0240370630025132,-0.0031710157382269,0.027208078740740098,False,26.5475470574304,Зелёный,0.15074701492110876,Выше
2020-07-08 15:30:00+05:00,26.815,26.64100171159552,Вверх,0.6531221696845845,True,0.0310623605334221,0.0036756595161028,0.027386701017319298,False,26.56341337438008,Зелёный,0.17399828840447995,Выше
2020-07-08 16:00:00+05:00,26.845,26.64303154531099,Вверх,0.7580535808979825,True,0.038605686399137,0.0106616648927096,0.0279440215064274,False,26.61132203694208,Зелёный,0.20196845468900904,Выше
2020-07-08 16:30:00+05:00,26.995,26.646533718989488,Вверх,1.3077358754627828,True,0.0560415606654487,0.0197376440472575,0.0363039166181912,False,26.679189833247865,Зелёный,0.3484662810105128,Выше
2020-07-08 17:00:00+05:00,26.84,26.648458756611483,Вверх,0.718770436736781,True,0.0566988232881655,0.0271298798954391,0.0295689433927264,False,26.69177084992308,Зелёный,0.1915412433885173,Выше
2020-07-08 17:30:00+05:00,26.98,26.651757674456142,Вверх,1.2315972910801882,True,0.0677357233682052,0.0352510485899923,0.0324846747782129,False,26.69177084992308,Зелёный,0.328242325543858,Выше
2020-07-08 18:00:00+05:00,26.955,26.65477501102872,Вверх,1.1263459880905335,True,0.0736166482358378,0.0429241685191614,0.0306924797166764,False,26.72070938843769,Зелёный,0.30022498897128,Выше
2020-07-08 18:30:00+05:00,27.025,26.658458841764755,Вверх,1.3749525447472524,True,0.0829693198758789,0.0509331987905049,0.032036121085374,False,26.79463844959392,Зелёный,0.36654115823524336,Выше
2020-07-08 19:00:00+05:00,27.03,26.66215576871237,Вверх,1.3796492469648318,True,0.0897502527006892,0.0586966095725418,0.0310536431281474,False,26.79742460463453,Зелёный,0.36784423128763066,Выше
2020-07-08 19:30:00+05:00,27.035,26.665865661561003,Вверх,1.384295350182859,True,0.0944390148545935,0.0658450906289521,0.0285939242256414,False,26.82643214417108,Зелёный,0.3691343384389967,Выше
2020-07-08 20:00:00+05:00,26.925,26.668444112689752,Вверх,0.9620204546847595,True,0.0882613895922155,0.0703283504216048,0.01793303917061069,False,26.82643214417108,Зелёный,0.2565558873102489,Выше
2020-07-08 20:30:00+05:00,26.95,26.67124566380727,Вверх,1.0451492956363784,True,0.0844098439924359,0.073144649135771,0.011265194856664898,False,26.82643214417108,Зелёный,0.2787543361927298,Выше
2020-07-09 12:00:00+05:00,26.605,26.670586502973364,Вниз,0.2459132384136063,True,0.0529089482206153,0.0690975089527399,-0.0161885607321246,Выше,27.030930966899287,Красный,-0.06558650297336399,Ниже
2020-07-09 12:30:00+05:00,26.535,26.6692373835408,Вниз,0.5033416651937928,True,0.0220417626646778,0.0596863596951275,-0.0376445970304497,False,26.84458787020936,Красный,-0.13423738354079973,Ниже
2020-07-09 13:00:00+05:00,26.775,26.670289747883675,Вверх,0.3926101032503111,True,0.0167521812443318,0.0510995240049683,-0.0343473427606365,False,26.84458787020936,Красный,0.10471025211632323,Выше
2020-07-09 13:30:00+05:00,26.75,26.67108288472065,Вверх,0.2958901804641738,True,0.0104227122541011,0.0429641616547949,-0.0325414494006938,False,26.84458787020936,Красный,0.0789171152793493,Выше
2020-07-09 14:00:00+05:00,26.76,26.67196763213637,Вверх,0.3300557689548373,True,0.0061426700280868,0.0355998633294533,-0.0294571933013665,False,26.84458787020936,Красный,0.088032367863633,Выше
2020-07-09 14:30:00+05:00,26.79,26.6731420835579,Вверх,0.4381108010298308,True,0.0051125210472662,0.0295023948730159,-0.0243898738257497,False,26.84458787020936,Красный,0.11685791644210042,Выше
2020-07-09 15:00:00+05:00,26.74,26.67380733645782,Вверх,0.2481560382709456,True,0.0002585579307066,0.023653627484554,-0.0233950695538474,False,26.84458787020936,Красный,0.06619266354217856,Выше
2020-07-09 15:30:00+05:00,26.79,26.67496348236371,Вверх,0.4312527652093863,True,0.0004412528344701,0.0190111525545372,-0.0185698997200671,False,26.84458787020936,Красный,0.11503651763628753,Выше
2020-07-09 16:00:00+05:00,26.74,26.67561061189243,Вверх,0.2413792472996356,True,-0.0034092426435954,0.0145270735149107,-0.0179363161585061,False,26.84458787020936,Красный,0.06438938810756767,Выше
2020-07-09 16:30:00+05:00,26.725,26.676102048590018,Вверх,0.18330246046036702,True,-0.0075837420336064,0.0101049104052073,-0.0176886524388137,False,26.84458787020936,Красный,0.048897951409983875,Выше
2020-07-09 17:00:00+05:00,26.685,26.676190585419967,Вверх,0.03302351042898444,True,-0.013958819994059,0.005292164325354,-0.019250984319413002,False,26.84458787020936,Красный,0.008809414580031927,Выше
2020-07-09 17:30:00+05:00,26.75,26.67692500745559,Вверх,0.27392584611602205,True,-0.0136092791369293,0.0015118756328973,-0.0151211547698266,False,26.84458787020936,Красный,0.07307499254440941,Выше
2020-07-09 18:00:00+05:00,26.74,26.677552619321705,Вверх,0.23408211978584711,True,-0.0139780516376184,-0.0015861098212057,-0.012391941816412701,False,26.84458787020936,Красный,0.06244738067829303,Выше
2020-07-09 18:30:00+05:00,26.645,26.677228712661787,Вниз,0.12080982252287173,True,-0.0216860295041101,-0.0056060937577866,-0.0160799357463235,False,26.84458787020936,Красный,-0.032228712661787284,Ниже
2020-07-09 19:00:00+05:00,26.645,26.676908028953708,Вниз,0.11960917254382358,True,-0.0274779092627106,-0.0099804568587714,-0.0174974524039392,False,26.816478977700505,Красный,-0.03190802895370837,Ниже
2020-07-09 19:30:00+05:00,26.575,26.675894018715365,Вниз,0.3782216957549012,True,-0.0372866138113323,-0.0154416882492836,-0.021844925562048704,False,26.78033107993045,Красный,-0.10089401871536552,Ниже
2020-07-09 20:00:00+05:00,26.51,26.67424333196198,Вниз,0.6157375484581227,True,-0.0497317628017164,-0.0222997031597702,-0.0274320596419462,False,26.66004797193741,Красный,-0.16424333196197693,Ниже
2020-07-09 20:30:00+05:00,26.505,26.672559318708625,Вниз,0.6282086271005017,True,-0.059314352320662,-0.0297026329919485,-0.0296117193287135,False,26.652543174743663,Красный,-0.1675593187086264,Ниже
2020-07-10 12:00:00+05:00,26.505,26.67089206180605,Вниз,0.621996674957927,True,-0.0661461321167458,-0.036991332816908,-0.029154799299837802,False,26.652543174743663,Красный,-0.16589206180605132,Ниже
2020-07-10 12:30:00+05:00,26.46,26.66879363333037,Вниз,0.7829136788153082,True,-0.0743346076593596,-0.0444599877853983,-0.029874619873961304,False,26.652543174743663,Красный,-0.2087936333303695,Ниже
2020-07-10 13:00:00+05:00,26.63,26.668407627028586,Вниз,0.14401919891782491,True,-0.0663417083533239,-0.0488363318989834,-0.0175053764543405,False,26.652543174743663,Красный,-0.03840762702858669,Ниже
2020-07-10 13:30:00+05:00,26.605,26.66777670536661,Вниз,0.23540284613968554,True,-0.0613177364371573,-0.0513326128066182,-0.009985123630539099,False,26.652543174743663,Красный,-0.06277670536660906,Ниже
2020-07-10 14:00:00+05:00,26.48,26.665908280437584,Вниз,0.6971758789629087,True,-0.066654308452275,-0.0543969519357496,-0.012257356516525403,False,26.652543174743663,Красный,-0.18590828043758378,Ниже
2020-07-10 14:30:00+05:00,26.475,26.66400869555761,Вниз,0.7088532625219905,True,-0.0704746505330398,-0.0576124916552076,-0.012862158877832208,False,26.652543174743663,Красный,-0.18900869555760735,Ниже
2020-07-10 15:00:00+05:00,26.52,26.66257577321376,Вниз,0.5347411833968326,True,-0.0690749225275624,-0.0599049778296786,-0.009169944697883792,False,26.652543174743663,Красный,-0.14257577321376047,Ниже
2020-07-10 15:30:00+05:00,26.54,26.6613561137788,Вниз,0.45517607304335184,True,-0.0655956493320744,-0.0610431121301577,-0.004552537201916701,False,26.652543174743663,Красный,-0.12135611377880196,Ниже
2020-07-10 16:00:00+05:00,26.515,26.65989983403971,Вниз,0.5435122972768973,True,-0.0641164962662976,-0.0616577889573857,-0.0024587073089119074,False,26.652543174743663,Красный,-0.14489983403970896,Ниже
2020-07-10 16:30:00+05:00,26.5,26.658308790914937,Вниз,0.5938440887476256,True,-0.0634235245336647,-0.0620109360726415,-0.001412588461023205,False,26.652543174743663,Красный,-0.158308790914937,Ниже
2020-07-10 17:00:00+05:00,26.415,26.65588780792076,Вниз,0.903694559553109,True,-0.0689384495347802,-0.0633964387650692,-0.005542010769711003,False,26.65007436971542,Красный,-0.24088780792076037,Ниже
2020-07-10 17:30:00+05:00,26.385,26.653192406846923,Вниз,1.006229958322087,True,-0.0748667987574798,-0.0656905107635514,-0.009176287993928403,False,26.63081693274388,Красный,-0.26819240684692147,Ниже
2020-07-10 18:00:00+05:00,26.455,26.651220343097204,Вниз,0.7362527515481221,True,-0.0730742883335828,-0.0671672662775577,-0.005907022056025099,False,26.611235239469494,Красный,-0.19622034309720604,Ниже
2020-07-10 18:30:00+05:00,26.5,26.649715663066388,Вниз,0.5617908459484156,True,-0.0672474008124837,-0.0671832931845429,-6.410762794080427e-05,False,26.611235239469494,Красный,-0.14971566306638806,Ниже
2020-07-10 19:00:00+05:00,26.51,26.648325457463734,Вниз,0.5190774845666339,True,-0.0611181026029363,-0.0659702550682216,0.004852152465285302,Ниже,26.611235239469494,Красный,-0.1383254574637327,Ниже
2020-07-10 19:30:00+05:00,26.46,26.646451572314845,Вниз,0.6997238330546194,True,-0.0596080472808928,-0.0646978135107558,0.005089766229863006,False,26.611235239469494,Красный,-0.18645157231484433,Ниже
2020-07-10 20:00:00+05:00,26.43,26.64429782532664,Вниз,0.8042915100691421,True,-0.0601388239114157,-0.0637860155908878,0.0036471916794720977,False,26.611235239469494,Красный,-0.2142978253266392,Ниже
2020-07-10 20:30:00+05:00,26.445,26.642314762388068,Вниз,0.7406066783154452,True,-0.0586727506286521,-0.0627633625984407,0.0040906119697886045,False,26.59885469655434,Красный,-0.19731476238806778,Ниже
2020-07-13 12:00:00+05:00,26.435,26.640251928931477,Вниз,0.7704579126317239,True,-0.0576532031777219,-0.0617413307142969,0.004088127536575004,False,26.59885469655434,Красный,-0.20525192893147803,Ниже
2020-07-13 12:30:00+05:00,26.41,26.637960864962007,Вниз,0.8557744570525797,True,-0.0581916978736885,-0.0610314041461752,0.002839706272486704,False,26.59885469655434,Красный,-0.2279608649620073,Ниже
2020-07-13 13:00:00+05:00,26.445,26.63604085635542,Вниз,0.7172269234218364,True,-0.055158419383364,-0.059856807193613,0.004698387810248998,False,26.59885469655434,Красный,-0.19104085635542134,Ниже
2020-07-13 13:30:00+05:00,26.305,26.632746917486216,Вниз,1.2306162728975882,True,-0.0633214243338677,-0.0605497306216639,-0.0027716937122038016,Ниже,26.5705033164093,Красный,-0.3277469174862162,Ниже
2020-07-13 14:00:00+05:00,26.31,26.629535505371926,Вниз,1.1999289484695226,True,-0.0685964689607985,-0.0621590782894908,-0.006437390671307705,False,26.507202984768373,Красный,-0.31953550537192754,Ниже
2020-07-13 14:30:00+05:00,26.42,26.62745057497022,Вниз,0.7790853817797347,True,-0.0631726837658206,-0.0623617993847568,-0.0008108843810637964,False,26.507202984768373,Красный,-0.2074505749702169,Ниже
2020-07-13 15:00:00+05:00,26.415,26.625336638900865,Вниз,0.7899867774575086,True,-0.0586022231855309,-0.0616098841449116,0.003007660959380702,Ниже,26.507202984768373,Красный,-0.2103366389008663,Ниже
2020-07-13 15:30:00+05:00,26.39,26.622994980802343,Вниз,0.8751644244772356,True,-0.0563478483925905,-0.0605574769944474,0.004209628601856898,False,26.507202984768373,Красный,-0.23299498080234216,Ниже
2020-07-13 16:00:00+05:00,26.41,26.62087562775954,Вниз,0.7921438449591898,True,-0.0523440180175782,-0.0589147851990736,0.0065707671814954,False,26.507202984768373,Красный,-0.21087562775953828,Ниже
2020-07-13 16:30:00+05:00,26.32,26.61788184041865,Вниз,1.1191042255147579,True,-0.0557900880312587,-0.0582898457655106,0.0024997577342519006,False,26.507202984768373,Красный,-0.2978818404186505,Ниже
2020-07-13 17:00:00+05:00,26.325,26.614967593250302,Вниз,1.0894906869014573,True,-0.0574553555572912,-0.0581229477238667,0.000667592166575498,False,26.47299848142829,Красный,-0.28996759325030297,Ниже
2020-07-13 17:30:00+05:00,26.335,26.612181846053787,Вниз,1.041560018104596,True,-0.0573075696525293,-0.0579598721095992,0.0006523024570699032,False,26.47299848142829,Красный,-0.2771818460537858,Ниже
2020-07-13 18:00:00+05:00,26.34,26.609473568978625,Вниз,1.0126978584528574,True,-0.0561398448593131,-0.057595866659542,0.0014560218002288988,False,26.467778769956915,Красный,-0.2694735689786256,Ниже
2020-07-13 18:30:00+05:00,26.295,26.606344478740034,Вниз,1.1701888584837887,True,-0.0581749340400179,-0.0577116801356372,-0.000463253904380706,Ниже,26.453500892961223,Красный,-0.31134447874003257,Ниже
2020-07-13 19:00:00+05:00,26.34,26.60369428492173,Вниз,0.9911942382798498,True,-0.0555166713292898,-0.0572726783743677,0.0017560070450778967,Ниже,26.448150803665104,Красный,-0.26369428492172986,Ниже
2020-07-13 19:30:00+05:00,26.305,26.600722202484697,Вниз,1.1117074199476977,True,-0.0555933410422078,-0.0569368109079357,0.001343469865727906,False,26.448150803665104,Красный,-0.29572220248469705,Ниже
2020-07-13 20:00:00+05:00,26.235,26.597083175594303,Вниз,1.3613642263094252,True,-0.0606039131415876,-0.0576702313546661,-0.0029336817869215007,Ниже,26.39807715096873,Красный,-0.3620831755943037,Ниже
2020-07-13 20:30:00+05:00,26.21,26.593231601707792,Вниз,1.4410869932903554,True,-0.0658332341523113,-0.0593028319141951,-0.006530402238116205,False,26.35026943587186,Красный,-0.38323160170779147,Ниже
2020-07-14 12:00:00+05:00,26.07,26.588025317113686,Вниз,1.9483406944864508,True,-0.080348135409686,-0.0635118926132933,-0.01683624279639269,False,26.240242492284672,Красный,-0.5180253171136862,Ниже
2020-07-14 12:30:00+05:00,25.72,26.579388249281717,Вниз,3.2332882955082387,True,-0.1187247886978362,-0.0745544718302019,-0.0441703168676343,False,26.071718243056203,Красный,-0.859388249281718,Ниже
2020-07-14 13:00:00+05:00,25.7,26.570638117448063,Вниз,3.2766925415929093,True,-0.1490344197504001,-0.0894504614142415,-0.05958395833615861,False,25.96779641875058,Красный,-0.8706381174480633,Ниже
2020-07-14 13:30:00+05:00,25.735,26.56232331030928,Вниз,3.1146496511025603,True,-0.1682908609482751,-0.1052185413210483,-0.06307231962722681,False,25.938516776875524,Красный,-0.8273233103092821,Ниже
2020-07-14 14:00:00+05:00,25.69,26.553643476375854,Вниз,3.252448113737067,True,-0.1850497153232666,-0.1211847761214919,-0.06386493920177472,False,25.93391509918797,Красный,-0.8636434763758523,Ниже
2020-07-14 14:30:00+05:00,25.715,26.54529876516813,Вниз,3.1278561696115523,True,-0.1940767412259099,-0.1357631691423755,-0.05831357208353441,False,25.90077358926917,Красный,-0.8302987651681306,Ниже
2020-07-14 15:00:00+05:00,25.685,26.536738578450045,Вниз,3.209658096951394,True,-0.2013306590558947,-0.1488766671250794,-0.05245399193081529,False,25.90077358926917,Красный,-0.8517385784500462,Ниже
2020-07-14 15:30:00+05:00,25.46,26.526024761749053,Вниз,4.018788232778387,True,-0.2226682794747603,-0.1636349895950156,-0.05903328987974471,False,25.854826607308038,Красный,-1.066024761749052,Ниже
2020-07-14 16:00:00+05:00,25.515,26.515964813870955,Вниз,3.77495150901442,True,-0.2324607937120504,-0.1774001504184225,-0.05506064329362789,False,25.726593946577232,Красный,-1.0009648138709544,Ниже
2020-07-14 16:30:00+05:00,25.595,26.506800984877213,Вниз,3.4398756205904255,True,-0.2311020992402745,-0.188140540182793,-0.0429615590574815,False,25.726593946577232,Красный,-0.911800984877214,Ниже
2020-07-14 17:00:00+05:00,25.48,26.496584059654555,Вниз,3.8366608215074516,True,-0.2365777420416996,-0.1978279805545743,-0.038749761487125306,False,25.726593946577232,Красный,-1.016584059654555,Ниже
2020-07-14 17:30:00+05:00,25.505,26.486717551598293,Вниз,3.7064522989148343,True,-0.2361774309369302,-0.2054978706310455,-0.0306795603058847,False,25.726593946577232,Красный,-0.9817175515982939,Ниже
2020-07-14 18:00:00+05:00,25.505,26.476949217751542,Вниз,3.670926018545586,True,-0.2331723161860495,-0.2110327597420463,-0.0221395564440032,False,25.726593946577232,Красный,-0.9719492177515434,Ниже
2020-07-14 18:30:00+05:00,25.68,26.469019374788843,Вниз,2.9809165334638985,True,-0.2142005332195609,-0.2116663144375492,-0.0025342187820116824,False,25.726593946577232,Красный,-0.7890193747888432,Ниже
2020-07-14 19:00:00+05:00,25.815,26.462511719318307,Вниз,2.4469019652643405,True,-0.186126338209128,-0.206558319191865,0.02043198098273699,Ниже,25.503678463937053,Зелёный,-0.647511719318306,Ниже
2020-07-14 19:30:00+05:00,25.87,26.45661608032012,Вниз,2.217275552320075,True,-0.1576223240190835,-0.1967711201573087,0.039148796138225195,False,25.534060617543343,Зелёный,-0.5866160803201197,Ниже
2020-07-14 20:00:00+05:00,25.8,26.4500825869836,Вниз,2.457771482738258,True,-0.1390778989525927,-0.1852324759163655,0.046154576963772787,False,25.58665455578901,Зелёный,-0.6500825869836007,Ниже
2020-07-14 20:30:00+05:00,25.4,26.43963400402854,Вниз,3.932104369788689,True,-0.1548726895819498,-0.1791605186494824,0.0242878290675326,False,25.876760899789893,Красный,-1.0396340040285423,Ниже
2020-07-15 12:00:00+05:00,25.695,26.43222471045612,Вниз,2.7891133589087764,True,-0.1419498310769462,-0.1717183811349752,0.029768550058029003,False,25.876760899789893,Красный,-0.7372247104561183,Ниже
2020-07-15 12:30:00+05:00,25.825,26.42618267353616,Вниз,2.274950873393458,True,-0.119837052122012,-0.1613421153323825,0.041505063210370494,False,25.876760899789893,Красный,-0.6011826735361616,Ниже
2020-07-15 13:00:00+05:00,25.85,26.42044951260545,Вниз,2.1591211471753446,True,-0.0991522588995188,-0.1489041440458098,0.04975188514629099,False,25.876760899789893,Красный,-0.5704495126054496,Ниже
2020-07-15 13:30:00+05:00,26.005,26.416315686609376,Вниз,1.5570516777927377,True,-0.0694516116864605,-0.1330136375739399,0.06356202588747942,False,25.66062267364785,Зелёный,-0.41131568660937745,Ниже
2020-07-15 14:00:00+05:00,26.08,26.412969261866994,Вниз,1.2606279080773826,True,-0.0394074965003135,-0.1142924093592146,0.0748849128589011,False,25.721560406283068,Зелёный,-0.33296926186699594,Ниже
2020-07-15 14:30:00+05:00,25.91,26.407964592594688,Вниз,1.8856606341191728,True,-0.0289808250980598,-0.0972300925069837,0.0682492674089239,False,25.721560406283068,Зелёный,-0.4979645925946876,Ниже
2020-07-15 15:00:00+05:00,25.94,26.40330822848927,Вниз,1.7547355220788456,True,-0.0180883523458881,-0.0814017444747646,0.0633133921288765,False,25.721560406283068,Зелёный,-0.463308228489268,Ниже
2020-07-15 15:30:00+05:00,26.0,26.39929521129037,Вниз,1.5125222400619218,True,-0.0045619038665982,-0.0660337763531313,0.0614718724865331,False,25.721560406283068,Зелёный,-0.3992952112903687,Ниже
2020-07-15 16:00:00+05:00,26.035,26.39567038331733,Вниз,1.3663997848119915,True,0.0088797512538327,-0.0510510708317385,0.0599308220855712,False,25.77861928256232,Зелёный,-0.3606703833173306,Ниже
2020-07-15 16:30:00+05:00,26.09,26.39262888696592,Вниз,1.1466416940200068,True,0.0236972331715072,-0.0361014100310893,0.059798643202596494,False,25.79700735430609,Зелёный,-0.3026288869659197,Ниже
2020-07-15 17:00:00+05:00,26.135,26.390065415453822,Вниз,0.9665205881015225,True,0.0386260610765631,-0.0211559158095588,0.0597819768861219,False,25.88280661887548,Зелёный,-0.2550654154538208,Ниже
2020-07-15 17:30:00+05:00,26.095,26.3871294411707,Вниз,1.1070906436488086,True,0.0466913699927538,-0.0075864586490963,0.0542778286418501,False,25.88280661887548,Зелёный,-0.29212944117070094,Ниже
2020-07-15 18:00:00+05:00,25.975,26.38302865071129,Вниз,1.5465572816269024,True,0.0429055992576579,0.0025119529322545,0.0403936463254034,False,25.88280661887548,Зелёный,-0.40802865071128736,Ниже
2020-07-15 18:30:00+05:00,25.99,26.379117917868392,Вниз,1.4750982920653959,True,0.0406471680634084,0.0101389959584853,0.0305081721049231,False,25.88280661887548,Зелёный,-0.38911791786839345,Ниже
2020-07-15 19:00:00+05:00,26.0,26.375345600277665,Вниз,1.423092633423972,True,0.0392122471213198,0.0159536461910522,0.0232586009302676,False,25.88280661887548,Зелёный,-0.37534560027766517,Ниже
2020-07-15 19:30:00+05:00,26.06,26.372207833110725,Вниз,1.1838517089143525,True,0.0424274828832587,0.0212484135294935,0.0211790693537652,False,25.88280661887548,Зелёный,-0.3122078331107261,Ниже
2020-07-15 20:00:00+05:00,25.99,26.368404770094696,Вниз,1.4350688765361295,True,0.0388789925784145,0.0247745293392777,0.014104463239136798,False,25.88280661887548,Зелёный,-0.3784047700946971,Ниже
2020-07-15 20:30:00+05:00,25.8,26.362749001238036,Вниз,2.1346370259475145,True,0.0204990757574883,0.0239194386229198,-0.0034203628654315005,Выше,26.126780477642374,Красный,-0.5627490012380356,Ниже
2020-07-16 12:00:00+05:00,25.69,26.35605498132522,Вниз,2.527142175857334,True,-0.0029096804498749,0.0185536148083608,-0.0214632952582357,False,25.95160242987814,Красный,-0.6660549813252175,Ниже
2020-07-16 12:30:00+05:00,25.68,26.349328066088155,Вниз,2.540209239527392,True,-0.0220144361057847,0.0104400046255317,-0.0324544407313164,False,25.916192186890324,Красный,-0.6693280660881555,Ниже
2020-07-16 13:00:00+05:00,25.725,26.34311584652509,Вниз,2.346403706100032,True,-0.0331419291569297,0.0017236178690394,-0.0348655470259691,False,25.914322968201294,Красный,-0.6181158465250896,Ниже
2020-07-16 13:30:00+05:00,25.675,26.336467927654198,Вниз,2.511604553318378,True,-0.0454709686795453,-0.0077152994406775,-0.037755669238867806,False,25.899390671381163,Красный,-0.661467927654197,Ниже
2020-07-16 14:00:00+05:00,25.7,26.33013491344868,Вниз,2.3932080694612283,True,-0.0526179829074671,-0.0166958361340354,-0.0359221467734317,False,25.893451604243044,Красный,-0.630134913448682,Ниже
2020-07-16 14:30:00+05:00,25.77,26.324561431722827,Вниз,2.1066312278788613,True,-0.0520338147623107,-0.0237634318596904,-0.028270382902620298,False,25.893451604243044,Красный,-0.5545614317228278,Ниже
2020-07-16 15:00:00+05:00,25.84,26.319739924939515,Вниз,1.8227380905270023,True,-0.0453991096370458,-0.0280905674151615,-0.0173085422218843,False,25.893451604243044,Красный,-0.47973992493951556,Ниже
2020-07-16 15:30:00+05:00,25.86,26.31516539832321,Вниз,1.7296695325054388,True,-0.0380881684746654,-0.0300900876270623,-0.007998080847603103,False,25.893451604243044,Красный,-0.45516539832321,Ниже
2020-07-16 16:00:00+05:00,25.885,26.31088514560357,Вниз,1.6186652149737073,True,-0.0299318679232278,-0.0300584436862954,0.000126575763067599,Ниже,25.893451604243044,Красный,-0.42588514560356927,Ниже
2020-07-16 16:30:00+05:00,25.84,26.306199721269213,Вниз,1.77220475100506,True,-0.0267902436402138,-0.0294048036770791,0.002614560036865301,False,25.893451604243044,Красный,-0.46619972126921283,Ниже
2020-07-16 17:00:00+05:00,25.88,26.301958928022756,Вниз,1.6042870767819195,True,-0.0208326719809832,-0.0276903773378599,0.006857705356876697,False,25.893451604243044,Красный,-0.42195892802275736,Ниже
2020-07-16 17:30:00+05:00,25.855,26.29751157550512,Вниз,1.682712732094763,True,-0.0179219514846522,-0.0257366921672184,0.007814740682566202,False,25.893451604243044,Красный,-0.44251157550511877,Ниже
2020-07-16 18:00:00+05:00,25.855,26.293108475251334,Вниз,1.6662483086155726,True,-0.0154372336999522,-0.0236768004737651,0.008239566773812901,False,25.893451604243044,Красный,-0.4381084752513331,Ниже
2020-07-16 18:30:00+05:00,25.99,26.290092470522463,Вниз,1.1414660137043673,True,-0.0025453638264707,-0.0194505131443062,0.016905149317835502,False,25.76527463473382,Зелёный,-0.3000924705224648,Ниже
2020-07-16 19:00:00+05:00,26.0,26.28720597827846,Вниз,1.0925694366901677,True,0.0083818318160169,-0.0138840441522416,0.0222658759682585,False,25.82274717126044,Зелёный,-0.28720597827846106,Ниже
2020-07-16 19:30:00+05:00,25.985,26.284198953618976,Вниз,1.1383225113572681,True,0.0156509243357305,-0.0079770504546472,0.023627974790377697,False,25.82274717126044,Зелёный,-0.2991989536189763,Ниже
2020-07-16 20:00:00+05:00,26.0,26.28137110333421,Вниз,1.0706104420043459,True,0.0223643053772626,-0.0019087792882652,0.0242730846655278,False,25.82274717126044,Зелёный,-0.2813711033342088,Ниже
2020-07-16 20:30:00+05:00,26.0,26.278571390863227,Вниз,1.0600705294051247,True,0.0273692129696065,0.0039468191633091,0.0234223938062974,False,25.82274717126044,Зелёный,-0.27857139086322746,Ниже
2020-07-17 12:00:00+05:00,25.935,26.27515277005862,Вниз,1.2945796092429873,True,0.0257933518186597,0.0083161256943792,0.0174772261242805,False,25.82274717126044,Зелёный,-0.3401527700586229,Ниже
2020-07-17 12:30:00+05:00,25.94,26.271817916625203,Вниз,1.2630184849721502,True,0.024663621836364,0.0115856249227762,0.013077996913587799,False,25.82274717126044,Зелёный,-0.33181791662520155,Ниже
2020-07-17 13:00:00+05:00,26.01,26.269212763225948,Вниз,0.986754972683521,True,0.0290814844219013,0.0150847968226012,0.0139966875993001,False,25.83428696194182,Зелёный,-0.2592127632259462,Ниже
2020-07-17 13:30:00+05:00,25.985,26.26638477553216,Вниз,1.0712733325763117,True,0.0302170578502014,0.0181112490281212,0.012105808822080202,False,25.83428696194182,Зелёный,-0.28138477553216035,Ниже
2020-07-17 14:00:00+05:00,25.93,26.26303766333781,Вниз,1.2680850844710796,True,0.0263749338085581,0.0197639859842086,0.006610947824349497,False,25.83428696194182,Зелёный,-0.3330376633378087,Ниже
2020-07-17 14:30:00+05:00,25.925,26.259674104498632,Вниз,1.2744792763490447,True,0.0226652932197062,0.0203442474313081,0.002321045788398101,False,25.83428696194182,Зелёный,-0.33467410449863166,Ниже
2020-07-17 15:00:00+05:00,25.98,26.2568912775882,Вниз,1.0545470697993164,True,0.0238880501005844,0.0210530079651634,0.0028350421354210002,False,25.83428696194182,Зелёный,-0.27689127758819865,Ниже
2020-07-17 15:30:00+05:00,25.98,26.25413614049777,Вниз,1.0441636282783926,True,0.0245738220146556,0.0217571707750618,0.0028166512395937995,False,25.850650283157027,Зелёный,-0.27413614049777024,Ниже
2020-07-17 16:00:00+05:00,25.96,26.251209412731622,Вниз,1.109318081895257,True,0.0232356225511516,0.0220528611302798,0.0011827614208718001,False,25.850650283157027,Зелёный,-0.2912094127316216,Ниже
2020-07-17 16:30:00+05:00,25.985,26.2485605628537,Вниз,1.0040952997121133,True,0.0239166842529527,0.0224256257548144,0.0014910584981383014,False,25.850650283157027,Зелёный,-0.26356056285370144,Ниже
2020-07-17 17:00:00+05:00,25.965,26.245739064715853,Вниз,1.0696557792623629,True,0.0225822832016255,0.0224569572441766,0.00012532595744890046,False,25.85901905642147,Зелёный,-0.28073906471585275,Ниже
2020-07-17 17:30:00+05:00,25.985,26.24314464616147,Вниз,0.9836650662184542,True,0.022874905931193,0.0225405469815799,0.00033435894961309984,False,25.86036715077932,Зелёный,-0.2581446461614689,Ниже
2020-07-17 18:00:00+05:00,25.935,26.240078530279263,Вниз,1.1626433584305937,True,0.0188548820762264,0.0218034140005092,-0.0029485319242828004,Выше,25.86036715077932,Зелёный,-0.305078530279264,Ниже
2020-07-17 18:30:00+05:00,25.9,26.23669466430634,Вниз,1.2832968047777698,True,0.0126983974938319,0.0199824106991737,-0.0072840132053418015,False,25.86036715077932,Зелёный,-0.3366946643063429,Ниже
2020-07-17 19:00:00+05:00,25.965,26.233991234810755,Вниз,1.025353833517418,True,0.0129154150148167,0.0185690115623023,-0.005653596547485599,False,25.86036715077932,Зелёный,-0.2689912348107555,Ниже
2020-07-17 19:30:00+05:00,25.945,26.231115700136023,Вниз,1.0907492590356687,True,0.0113428171749632,0.0171237726848345,-0.0057809555098713005,False,25.86036715077932,Зелёный,-0.2861157001360226,Ниже
2020-07-17 20:00:00+05:00,25.9,26.227821016552586,Вниз,1.249898023727158,True,0.0063917183867587,0.0149773618252193,-0.008585643438460602,False,25.86036715077932,Зелёный,-0.327821016552587,Ниже
2020-07-17 20:30:00+05:00,25.905,26.224608867134148,Вниз,1.2187364500017177,True,0.0028386726878899,0.0125496239977535,-0.0097109513098636,False,25.86036715077932,Зелёный,-0.3196088671341464,Ниже
2020-07-20 12:00:00+05:00,25.915,26.22152818188903,Вниз,1.1689943460303285,True,0.0008203186766628,0.0102037629335353,-0.0093834442568725,False,25.86036715077932,Зелёный,-0.30652818188903197,Ниже
2020-07-20 12:30:00+05:00,25.985,26.21917466764138,Вниз,0.8931427880923671,True,0.0048136844094415,0.0091257472287166,-0.004312062819275099,False,25.86036715077932,Зелёный,-0.23417466764137984,Ниже
2020-07-20 13:00:00+05:00,26.045,26.217441586371315,Вниз,0.6577361326551181,True,0.0126738577395784,0.0098353693308889,0.0028384884086895008,Выше,25.868752989414464,Зелёный,-0.17244158637131335,Ниже
2020-07-20 13:30:00+05:00,26.045,26.215725749691003,Вниз,0.6512341154355188,True,0.0186876817704302,0.0116058318187972,0.007081849951632999,False,25.940127690473016,Зелёный,-0.17072574969100174,Ниже
2020-07-20 14:00:00+05:00,26.03,26.213877732281144,Вниз,0.7014518575201351,True,0.021989821033685,0.0136826296617747,0.0083071913719103,False,25.940127690473016,Зелёный,-0.18387773228114312,Ниже
2020-07-20 14:30:00+05:00,25.91,26.210854073253472,Вниз,1.1478224723721406,True,0.0147537213563637,0.0138968480006925,0.0008568733556712001,False,26.12132157071685,Красный,-0.3008540732534719,Ниже
2020-07-20 15:00:00+05:00,25.94,26.208159007847964,Вниз,1.023189029674551,True,0.0113094413088141,0.0133793666623169,-0.0020699253535028,Выше,26.065189413645168,Красный,-0.268159007847963,Ниже
2020-07-20 15:30:00+05:00,25.94,26.205490759013657,Вниз,1.0131111890065898,True,0.0084820487780135,0.0123999030854562,-0.0039178543074427,False,26.06167047228065,Красный,-0.26549075901365526,Ниже
2020-07-20 16:00:00+05:00,25.945,26.202898811162772,Вниз,0.9842377098098145,True,0.0065690540740774,0.0112337332831804,-0.004664679209103,False,26.06167047228065,Красный,-0.2578988111627716,Ниже
2020-07-20 16:30:00+05:00,25.955,26.20043215632533,Вниз,0.9367485042267896,True,0.0057931288322556,0.0101456123929955,-0.0043524835607399006,False,26.06167047228065,Красный,-0.24543215632533233,Ниже
2020-07-20 17:00:00+05:00,25.945,26.19789054282956,Вниз,0.9653088000200647,True,0.0043214708355918,0.0089807840815147,-0.0046593132459229,False,26.06167047228065,Красный,-0.25289054282955803,Ниже
2020-07-20 17:30:00+05:00,26.0,26.195921482701905,Вниз,0.7479083445538621,True,0.0075066792902163,0.008685963123255,-0.0011792838330386994,False,26.06167047228065,Красный,-0.19592148270190535,Ниже
2020-07-20 18:00:00+05:00,26.01,26.194071517699896,Вниз,0.7027220551624201,True,0.0107143875747262,0.0090916480135493,0.0016227395611768999,Выше,26.06167047228065,Красный,-0.18407151769989483,Ниже
2020-07-20 18:30:00+05:00,26.0,26.192140457822287,Вниз,0.7335805873967973,True,0.0123077272554681,0.009734863861933,0.0025728633935351002,False,26.06167047228065,Красный,-0.19214045782228695,Ниже
2020-07-20 19:00:00+05:00,25.98,26.190029607495696,Вниз,0.801944902863278,True,0.0118203697146768,0.0101519650324818,0.0016684046821950002,False,26.06167047228065,Красный,-0.2100296074956951,Ниже
2020-07-20 19:30:00+05:00,25.965,26.1877905069236,Вниз,0.8507419015158977,True,0.010107250619022,0.0101430221497898,-3.577153076779992e-05,Выше,26.06167047228065,Красный,-0.22279050692360158,Ниже
2020-07-20 20:00:00+05:00,25.975,26.18567318844675,Вниз,0.8045360794455265,True,0.0094476017478442,0.0100039380694007,-0.0005563363215564995,False,26.06167047228065,Красный,-0.21067318844674787,Ниже
2020-07-20 20:30:00+05:00,25.94,26.18322867910897,Вниз,0.928948381767131,True,0.0060310950624753,0.0092093694680156,-0.0031782744055403,False,26.06167047228065,Красный,-0.24322867910897017,Ниже
2020-07-21 12:00:00+05:00,25.81,26.17951496090889,Вниз,1.4114660315924437,True,-0.0070847559880284,0.0059505443768068,-0.0130353003648352,False,26.04156131124372,Красный,-0.3695149609088908,Ниже
2020-07-21 12:30:00+05:00,25.95,26.17723122995457,Вниз,0.8680491376588064,True,-0.0061118785377018,0.003538059793905,-0.0096499383316068,False,26.04156131124372,Красный,-0.22723122995457246,Ниже
2020-07-21 13:00:00+05:00,26.025,26.175716491348066,Вниз,0.5757874532217062,True,0.0007029044052906,0.0029710287161821,-0.0022681243108915,False,26.04156131124372,Красный,-0.1507164913480672,Ниже
2020-07-21 13:30:00+05:00,25.985,26.17381881481724,Вниз,0.7214033846308544,True,0.0028432283132673,0.0029454686355992,-0.00010224032233190029,False,26.04156131124372,Красный,-0.18881881481723894,Ниже
2020-07-21 14:00:00+05:00,25.925,26.171343005714583,Вниз,0.941270020651185,True,-0.0002986059846179,0.0022966537115557,-0.0025952596961735996,False,26.04156131124372,Красный,-0.24634300571458212,Ниже
2020-07-21 14:30:00+05:00,25.925,26.16889183152837,Вниз,0.9319914389134645,True,-0.0027567541555022,0.0012859721381441,-0.0040427262936463,False,26.04156131124372,Красный,-0.24389183152836935,Ниже
2020-07-21 15:00:00+05:00,25.97,26.166912808329084,Вниз,0.7525259466848769,True,-0.0010614941280699,0.0008164788849013,-0.0018779730129711999,False,26.04156131124372,Красный,-0.19691280832908475,Ниже
2020-07-21 15:30:00+05:00,25.93,26.164555466952677,Вниз,0.8964626486734492,True,-0.0029120853415847,7.076603960413496e-05,-0.002982851381188835,False,26.04156131124372,Красный,-0.2345554669526777,Ниже
2020-07-21 16:00:00+05:00,25.975,26.1626693429034,Вниз,0.7173172601147555,True,-0.0007390489950047,-9.119696731764508e-05,-0.0006478520276870549,False,26.04156131124372,Красный,-0.18766934290339776,Ниже
2020-07-21 16:30:00+05:00,25.975,26.160801986257592,Вниз,0.7102304675338073,True,0.0009718945699219,0.0001214213401302,0.0008504732297917,Выше,26.04156131124372,Красный,-0.1858019862575908,Ниже
2020-07-21 17:00:00+05:00,25.975,26.15895321027493,Вниз,0.7032131935718061,True,0.0023013016983419,0.0005573974117726,0.0017439042865692999,False,26.04156131124372,Красный,-0.18395321027492884,Ниже
2020-07-21 17:30:00+05:00,26.025,26.157620342511,Вниз,0.5070046157657067,True,0.0073052383180645,0.0019069655930309,0.0053982727250336,False,26.04156131124372,Красный,-0.1326203425110002,Ниже
2020-07-21 18:00:00+05:00,26.06,26.156648995819356,Вниз,0.36950067967347505,True,0.0139344736945652,0.0043124672133378,0.0096220064812274,False,25.88565890622569,Зелёный,-0.09664899581935771,Ниже
2020-07-21 18:30:00+05:00,26.04,26.15548830929379,Вниз,0.4415452234273723,True,0.017374080058552,0.0069247897823806,0.0104492902761714,False,25.91359301560312,Зелёный,-0.1154883092937915,Ниже
2020-07-21 19:00:00+05:00,26.005,26.153990913181413,Вниз,0.5696679855705087,True,0.0170789103430557,0.0089556138945156,0.008123296448540101,False,25.91359301560312,Зелёный,-0.14899091318141444,Ниже
2020-07-21 19:30:00+05:00,26.035,26.15280692399553,Вниз,0.4504561377977416,True,0.0190461829552113,0.0109737277066548,0.008072455248556501,False,25.91359301560312,Зелёный,-0.11780692399553061,Ниже
2020-07-21 20:00:00+05:00,26.01,26.151385959577667,Вниз,0.5406442312319737,True,0.0183761408940235,0.0124542103441285,0.005921930549895,False,25.91359301560312,Зелёный,-0.14138595957766498,Ниже
2020-07-21 20:30:00+05:00,26.005,26.14992938286545,Вниз,0.5542247580997922,True,0.0172429040552657,0.0134119490863559,0.0038309549689098023,False,25.91359301560312,Зелёный,-0.14492938286545254,Ниже
2020-07-22 12:00:00+05:00,26.365,26.15206938900609,Вверх,0.8142017667000401,True,0.0448764888219912,0.019704857033483,0.025171631788508203,False,26.130627989783484,Зелёный,0.21293061099390798,Выше
2020-07-22 12:30:00+05:00,26.24,26.15294432045877,Вверх,0.33287142921467716,True,0.0560438103478091,0.0269726476963482,0.0290711626514609,False,26.130627989783484,Зелёный,0.08705567954122984,Выше
2020-07-22 13:00:00+05:00,26.365,26.155054327220377,Вверх,0.8026963742955205,True,0.0741259703996881,0.0364033122370162,0.0377226581626719,False,26.130627989783484,Зелёный,0.20994567277962162,Выше
2020-07-22 13:30:00+05:00,26.305,26.156546323964456,Вверх,0.5675584008563533,True,0.0826618397235243,0.0456550177343178,0.0370068219892065,False,26.130627989783484,Зелёный,0.14845367603554394,Выше
2020-07-22 14:00:00+05:00,26.275,26.157724967507097,Вверх,0.4483380440714167,True,0.0860143089689984,0.0537268759812539,0.032287432987744495,False,26.130627989783484,Зелёный,0.11727503249290194,Выше
2020-07-22 14:30:00+05:00,26.33,26.159439146934886,Вверх,0.6520050070916624,True,0.092048131779908,0.0613911271409848,0.030657004638923208,False,26.130627989783484,Зелёный,0.17056085306511193,Выше
2020-07-22 15:00:00+05:00,26.32,26.1610367673634,Вверх,0.6076335355138235,True,0.0949287834775738,0.0680986584083026,0.026830125069271196,False,26.153656564518524,Зелёный,0.1589632326366015,Выше
2020-07-22 15:30:00+05:00,26.18,26.16122545624536,Вверх,0.07176477182247709,True,0.084935803656915,0.071466087458025,0.013469716198889994,False,26.153656564518524,Зелёный,0.018774543754638273,Выше
2020-07-22 16:00:00+05:00,26.225,26.161860028820037,Вверх,0.24134358608451076,True,0.0797283601660048,0.073118541999621,0.006609818166383799,False,26.153656564518524,Зелёный,0.0631399711799645,Выше
2020-07-22 16:30:00+05:00,26.28,26.16303555092133,Вверх,0.4470599325182411,True,0.0791273333834894,0.0743203002763947,0.0048070331070946964,False,26.153656564518524,Зелёный,0.11696444907867232,Выше
2020-07-22 17:00:00+05:00,26.235,26.163751615091265,Вверх,0.2723171583223515,True,0.0741649638714463,0.074289232995405,-0.0001242691239587007,Выше,26.153656564518524,Зелёный,0.07124838490873486,Выше
2020-07-22 17:30:00+05:00,26.27,26.16480881295105,Вверх,0.4020330811547182,True,0.0722239055486575,0.0738761675060555,-0.0016522619573979963,False,26.153656564518524,Зелёный,0.10519118704894836,Выше
2020-07-22 18:00:00+05:00,26.245,26.16560673521025,Вверх,0.303426041647693,True,0.0678857669134416,0.0726780873875327,-0.004792320474091102,False,26.153656564518524,Зелёный,0.07939326478975062,Выше
2020-07-22 18:30:00+05:00,26.225,26.166197712969357,Вверх,0.22472614353708362,True,0.0621178717785753,0.0705660442657412,-0.008448172487165902,False,26.153656564518524,Зелёный,0.05880228703064461,Выше
2020-07-22 19:00:00+05:00,26.26,26.16713106905921,Вверх,0.35490681303845023,True,0.0596829924361159,0.0683894338998162,-0.008706441463700296,False,26.153656564518524,Зелёный,0.09286893094079218,Выше
2020-07-22 19:30:00+05:00,26.295,26.168403396730263,Вверх,0.4837765657707548,True,0.0598871981656934,0.0666889867529916,-0.006801788587298206,False,26.153656564518524,Зелёный,0.1265966032697392,Выше
2020-07-22 20:00:00+05:00,26.28,26.16951381069315,Вверх,0.42219427577483337,True,0.0581681320203095,0.0649848158064552,-0.006816683786145694,False,26.153656564518524,Зелёный,0.11048618930685095,Выше
2020-07-22 20:30:00+05:00,26.235,26.17016541456685,Вверх,0.24774236007336042,True,0.0525686570400765,0.0625015840531795,-0.009932927013102999,False,26.153656564518524,Зелёный,0.06483458543315024,Выше
2020-07-23 12:00:00+05:00,26.405,26.172502077108472,Вверх,0.8883289882127128,True,0.0611437845394355,0.0622300241504307,-0.0010862396109951947,False,26.153656564518524,Зелёный,0.23249792289152893,Выше
2020-07-23 12:30:00+05:00,26.415,26.17491499176411,Вверх,0.9172331918229079,True,0.0679631148077142,0.0633766422818874,0.004586472525826807,Выше,26.16805734072572,Зелёный,0.24008500823589074,Выше
2020-07-23 13:00:00+05:00,26.515,26.17829892219432,Вверх,1.2861839449782653,True,0.0805085944787826,0.0668030327212664,0.013705561757516194,False,26.267251606653147,Зелёный,0.3367010778056816,Выше
2020-07-23 13:30:00+05:00,26.645,26.18294271401328,Вверх,1.7647263374235784,True,0.0997905675033692,0.073400539677687,0.0263900278256822,False,26.315026445987836,Зелёный,0.46205728598672025,Выше
2020-07-23 14:00:00+05:00,26.71,26.188187065117624,Вверх,1.992550815315603,True,0.118945497166468,0.0825095311754432,0.036435965991024805,False,26.47752380138905,Зелёный,0.5218129348823766,Выше
2020-07-23 14:30:00+05:00,26.785,26.19412550228063,Вверх,2.255751953497832,True,0.1385803224333841,0.0937236894270314,0.04485663300635272,False,26.536521421250143,Зелёный,0.5908744977193692,Выше
2020-07-23 15:00:00+05:00,26.81,26.20025360673555,Вверх,2.3272537831759563,True,0.1543787716033762,0.1058547058623003,0.048524065741075914,False,26.54811927912513,Зелёный,0.609746393264448,Выше
2020-07-23 15:30:00+05:00,26.8,26.20622123253918,Вверх,2.265793157250584,True,0.1641994509063238,0.117523654871105,0.04667579603521879,False,26.54811927912513,Зелёный,0.5937787674608224,Выше
2020-07-23 16:00:00+05:00,26.765,26.211781220275107,Вверх,2.110573009425902,True,0.1672304737116938,0.1274650186392228,0.039765455072471007,False,26.57275161609136,Зелёный,0.5532187797248937,Выше
2020-07-23 16:30:00+05:00,26.795,26.21758439221267,Вверх,2.2023982040040195,True,0.1700926086878489,0.135990536648948,0.034102072038900894,False,26.57275161609136,Зелёный,0.57741560778733,Выше
2020-07-23 17:00:00+05:00,26.8,26.22337957238966,Вверх,2.1988791567409494,True,0.170795505222582,0.1429515303636749,0.027843974858907106,False,26.597328809034,Зелёный,0.5766204276103402,Выше
2020-07-23 17:30:00+05:00,26.765,26.228768830375834,Вверх,2.044438963536675,True,0.1666077973199087,0.1476827837549216,0.018925013564987103,False,26.597328809034,Зелёный,0.5362311696241662,Выше
2020-07-23 18:00:00+05:00,26.79,26.23435322012334,Вверх,2.1180121164582237,True,0.1634224672272672,0.1508307204493908,0.01259174677787639,False,26.597328809034,Зелёный,0.5556467798766604,Выше
2020-07-23 18:30:00+05:00,26.795,26.23993179504749,Вверх,2.115356889217507,True,0.1594633343372855,0.1525572432269697,0.006906091110315787,False,26.597328809034,Зелёный,0.5550682049525122,Выше
2020-07-23 19:00:00+05:00,26.86,26.24610162793259,Вверх,2.339007829696373,True,0.1597293888042514,0.1539916723424261,0.005737716461825276,False,26.604138681607207,Зелёный,0.6138983720674105,Выше
2020-07-23 19:30:00+05:00,26.875,26.25235932317704,Вверх,2.3717513125506366,True,0.1593141392976989,0.1550561657334806,0.0042579735642182814,False,26.686724813446485,Зелёный,0.6226406768229609,Выше
2020-07-23 20:00:00+05:00,26.84,26.2582064940907,Вверх,2.2156635337612633,True,0.154381232826207,0.1549211791520259,-0.000539946325818913,Выше,26.70030233210184,Зелёный,0.5817935059092996,Выше
2020-07-23 20:30:00+05:00,26.85,26.26409498668681,Вверх,2.2308212546831876,True,0.1495548105727486,0.1538479054361705,-0.004293094863421887,False,26.70030233210184,Зелёный,0.5859050133131909,Выше
2020-07-24 12:00:00+05:00,26.45,26.265944787814316,Вверх,0.700737071034554,True,0.1121602653818847,0.1455103774253133,-0.03335011204342861,False,26.621155110997517,Красный,0.1840552121856831,Выше
2020-07-24 12:30:00+05:00,26.315,26.26643289937835,Вверх,0.1849017748534837,True,0.0708151343590479,0.1305713288120603,-0.05975619445301239,False,26.62003959989776,Красный,0.04856710062164993,Выше
2020-07-24 13:00:00+05:00,26.385,26.26761267152384,Вверх,0.4468899779515164,True,0.0431992609439042,0.1130969152384291,-0.06989765429452491,False,26.62003959989776,Красный,0.11738732847616262,Выше
2020-07-24 13:30:00+05:00,26.385,26.26878070464301,Вверх,0.4424236384007333,True,0.0210705936135902,0.0946916509134613,-0.07362105729987109,False,26.62003959989776,Красный,0.11621929535699138,Выше
2020-07-24 14:00:00+05:00,26.375,26.269837613054523,Вверх,0.40031609062256696,True,0.0026954771170366,0.0762924161541764,-0.07359693903713979,False,26.62003959989776,Красный,0.10516238694547653,Выше
2020-07-24 14:30:00+05:00,26.475,26.27187902984005,Вверх,0.7731497618774907,True,-0.0037544913872977,0.0602830346458815,-0.0640375260331792,False,26.62003959989776,Красный,0.2031209701599508,Выше
2020-07-24 15:00:00+05:00,26.485,26.273999636508314,Вверх,0.8030766781259117,True,-0.0079673784902674,0.0466329520186517,-0.0546003305089191,False,26.62003959989776,Красный,0.21100036349168505,Выше
2020-07-24 15:30:00+05:00,26.445,26.275701132662466,Вверх,0.644317221004941,True,-0.0143681603687717,0.034432729541167,-0.0488008899099387,False,26.62003959989776,Красный,0.16929886733753463,Выше
2020-07-24 16:00:00+05:00,26.52,26.278131967163333,Вверх,0.9204156259619243,True,-0.0132363722636839,0.0248989091801968,-0.0381352814438807,False,26.62003959989776,Красный,0.2418680328366669,Выше
2020-07-24 16:30:00+05:00,26.485,26.28019035554977,Вверх,0.7793309016385345,True,-0.0149908246341858,0.0169209624173203,-0.0319117870515061,False,26.62003959989776,Красный,0.2048096444502292,Выше
2020-07-24 17:00:00+05:00,26.505,26.282427267434848,Вверх,0.8468499895400803,True,-0.0145991183759299,0.0106169462586702,-0.025216064634600098,False,26.62003959989776,Красный,0.2225727325651512,Выше
2020-07-24 17:30:00+05:00,26.52,26.284791175221567,Вверх,0.8948476067793969,True,-0.0129292730923822,0.0059077023884597,-0.0188369754808419,False,26.62003959989776,Красный,0.2352088247784323,Выше
2020-07-24 18:00:00+05:00,26.535,26.287280815269117,Вверх,0.9423537811753961,True,-0.010277066410488,0.0026707486286701,-0.012947815039158102,False,26.62003959989776,Красный,0.24771918473088306,Выше
2020-07-24 18:30:00+05:00,26.54,26.289795434022658,Вверх,0.9517174319794895,True,-0.0076831487376587,0.0005999691554044,-0.008283117893063099,False,26.62003959989776,Красный,0.25020456597734153,Выше
2020-07-24 19:00:00+05:00,26.565,26.292533787912983,Вверх,1.036287389739037,True,-0.0035690178117917,-0.0002338282380348,-0.0033351895737569,False,26.62003959989776,Красный,0.2724662120870178,Выше
2020-07-24 19:30:00+05:00,26.58,26.29539414823226,Вверх,1.0823410752596492,True,0.0008915579029107,-8.751009845712771e-06,0.0009003089127564128,Выше,26.62003959989776,Красный,0.2846058517677399,Выше
2020-07-24 20:00:00+05:00,26.595,26.29837530098617,Вверх,1.1279202445738399,True,0.0055727319483018,0.0011075455817838,0.0044651863665179994,False,26.62003959989776,Красный,0.2966246990138295,Выше
2020-07-24 20:30:00+05:00,26.56,26.300978531822125,Вверх,0.9848358602493754,True,0.0063847887422845,0.0021629942138839,0.0042217945284006,False,26.62003959989776,Красный,0.25902146817787397,Выше
2020-07-27 12:00:00+05:00,26.765,26.30559566085872,Вверх,1.7464129878071837,True,0.023301530803188,0.0063907015317447,0.0169108292714433,False,26.38844250518944,Зелёный,0.45940433914127965,Выше
2020-07-27 12:30:00+05:00,26.925,26.31175888811386,Вверх,2.3306731963219947,True,0.0490533767961665,0.0149232365846291,0.034130140211537395,False,26.568848254670492,Зелёный,0.6132411118861398,Выше
2020-07-27 13:00:00+05:00,27.06,26.31920407330676,Вверх,2.8146593059193674,True,0.079439542439708,0.0278264977556449,0.051613044684063095,False,26.705213429203447,Зелёный,0.740795926693238,Выше
2020-07-27 13:30:00+05:00,26.975,26.325729405910675,Вверх,2.466296694303755,True,0.0955604466625459,0.0413732875370251,0.0541871591255208,False,26.705213429203447,Зелёный,0.6492705940893266,Выше
2020-07-27 14:00:00+05:00,27.04,26.33283657600112,Вверх,2.685481383510972,True,0.1122869619748812,0.0555560224245963,0.056730939550284895,False,26.741997877654796,Зелёный,0.7071634239988782,Выше
2020-07-27 14:30:00+05:00,27.07,26.340171535443893,Вверх,2.7707809858946217,True,0.126505320558909,0.0697458820514588,0.0567594385074502,False,26.831298089889312,Зелёный,0.7298284645561068,Выше
2020-07-27 15:00:00+05:00,26.985,26.34658773907132,Вверх,2.4231307190567577,True,0.129422777334895,0.0816812611081461,0.047741516226748895,False,26.831298089889312,Зелёный,0.6384122609286784,Выше
2020-07-27 15:30:00+05:00,26.98,26.3528903486328,Вверх,2.3796617489425933,True,0.1298347702239439,0.0913119629313057,0.03852280729263821,False,26.831298089889312,Зелёный,0.6271096513671992,Выше
2020-07-27 16:00:00+05:00,27.0,26.359329250636453,Вверх,2.430527511803352,True,0.1302733997498499,0.0991042502950145,0.031169149454835385,False,26.831298089889312,Зелёный,0.6406707493635473,Выше
2020-07-27 16:30:00+05:00,27.05,26.366201596401265,Вверх,2.5934657333882636,True,0.1331210622017735,0.1059076126763663,0.027213449525407205,False,26.831298089889312,Зелёный,0.6837984035987361,Выше
2020-07-27 17:00:00+05:00,27.01,26.37260755066593,Вверх,2.4168730684273108,True,0.1306442044395837,0.1108549310290098,0.01978927341057389,False,26.83917118409874,Зелёный,0.6373924493340724,Выше
2020-07-27 17:30:00+05:00,27.0,26.37885026160458,Вверх,2.354726351737655,True,0.1264171027234546,0.1139673653678988,0.01244973735555581,False,26.83917118409874,Зелёный,0.6211497383954203,Выше
2020-07-27 18:00:00+05:00,26.99,26.384931353528916,Вверх,2.2932356289422593,True,0.1208668993535724,0.1153472721650335,0.005519627188538892,False,26.83917118409874,Зелёный,0.6050686464710822,Выше
2020-07-27 18:30:00+05:00,26.97,26.390752932100767,Вверх,2.1948864793268412,True,0.1135456072620293,0.1149869391844327,-0.0014413319224034077,Выше,26.83917118409874,Зелёный,0.5792470678992316,Выше
2020-07-27 19:00:00+05:00,26.94,26.39621807705499,Вверх,2.0600751265110078,True,0.1041224227770669,0.1128140359029595,-0.008691613125892603,False,26.83917118409874,Зелёный,0.543781922945012,Выше
2020-07-27 19:30:00+05:00,26.955,26.40177809618877,Вверх,2.0953963850301722,True,0.0967495868099064,0.1096011460843489,-0.012851559274442495,False,26.83917118409874,Зелёный,0.5532219038112274,Выше
2020-07-27 20:00:00+05:00,26.98,26.407531547967988,Вверх,2.1678226569270644,True,0.0918648909745556,0.1060538950623902,-0.014189004087834606,False,26.83917118409874,Зелёный,0.5724684520320125,Выше
2020-07-27 20:30:00+05:00,26.98,26.4132277514708,Вверх,2.145789427411577,True,0.086990956733473,0.1022413073966068,-0.015250350663133808,False,26.83917118409874,Зелёный,0.566772248529201,Выше
2020-07-28 12:00:00+05:00,27.69,26.4259319529487,Вверх,4.783437909784864,True,0.1388191739892228,0.10955688071513,0.0292622932740928,Выше,27.19906871088138,Зелёный,1.2640680470512997,Выше
2020-07-28 12:30:00+05:00,27.6,26.43761422207359,Вверх,4.396712079094859,True,0.1706638550415675,0.1217782755804175,0.048885579461150006,False,27.34716183979324,Зелёный,1.16238577792641,Выше
2020-07-28 13:00:00+05:00,27.575,26.448931493495746,Вверх,4.2575198426491205,True,0.1916742022473521,0.1357574609138044,0.05591674133354771,False,27.349195655813915,Зелёный,1.1260685065042537,Выше
2020-07-28 13:30:00+05:00,27.62,26.46058391644604,Вверх,4.381672328981934,True,0.2095407226821137,0.1505141132674663,0.05902660941464741,False,27.349195655813915,Зелёный,1.1594160835539604,Выше
2020-07-28 14:00:00+05:00,27.595,26.471871638670454,Вверх,4.242723660267621,True,0.2191564783198067,0.1642425862779344,0.0549138920418723,False,27.37017348120927,Зелёный,1.1231283613295453,Выше
2020-07-28 14:30:00+05:00,27.54,26.482499781569253,Вверх,3.9932039163716855,True,0.2198052158898562,0.1753551122003188,0.04445010368953739,False,27.37017348120927,Зелёный,1.0575002184307465,Выше
2020-07-28 15:00:00+05:00,27.58,26.493420181752644,Вверх,4.101319538183813,True,0.2209994665115182,0.1844839830625587,0.036515483448959496,False,27.37017348120927,Зелёный,1.0865798182473547,Выше
2020-07-28 15:30:00+05:00,27.54,26.503833911287444,Вверх,3.909495102409592,True,0.2162257373232314,0.1908323339146932,0.025393403408538184,False,27.37017348120927,Зелёный,1.0361660887125552,Выше
2020-07-28 16:00:00+05:00,27.51,26.51384551416021,Вверх,3.7571105455365856,True,0.2076283627475277,0.1941915396812601,0.01343682306626759,False,27.37017348120927,Зелёный,0.9961544858397922,Выше
2020-07-28 16:30:00+05:00,27.465,26.523309737899904,Вверх,3.550425159626621,True,0.1949366491882429,0.1943405615826567,0.0005960876055862152,False,27.37017348120927,Зелёный,0.9416902621000958,Выше
2020-07-28 17:00:00+05:00,27.475,26.532779292746675,Вверх,3.5511572189910154,True,0.1835692194858005,0.1921862931632855,-0.008617073677485015,Выше,27.37017348120927,Зелёный,0.9422207072533269,Выше
2020-07-28 17:30:00+05:00,27.5,26.542403379386013,Вверх,3.6077992144362434,True,0.1745654586706599,0.1886621262647604,-0.014096667594100498,False,27.37017348120927,Зелёный,0.9575966206139874,Выше
2020-07-28 18:00:00+05:00,27.545,26.552379465163263,Вверх,3.7383487085933584,True,0.1691116237451737,0.1847520257608431,-0.015640402015669408,False,27.37017348120927,Зелёный,0.992620534836739,Выше
2020-07-28 18:30:00+05:00,27.55,26.562306037649208,Вверх,3.7184044222321777,True,0.1633103385614447,0.1804636883209634,-0.01715334975951871,False,27.37017348120927,Зелёный,0.987693962350793,Выше
2020-07-28 19:00:00+05:00,27.7,26.573626375583046,Вверх,4.238689926986826,True,0.1688698975934315,0.178144930175457,-0.0092750325820255,False,27.40846788764544,Зелёный,1.1263736244169529,Выше
2020-07-28 19:30:00+05:00,27.695,26.58478432209466,Вверх,4.176131972538287,True,0.1709023737855197,0.1766964188974696,-0.0057940451119498915,False,27.46812109888089,Зелёный,1.110215677905341,Выше
2020-07-28 20:00:00+05:00,27.72,26.596080000481777,Вверх,4.225885918142307,True,0.1725414662575488,0.1758654283694854,-0.0033239621119366125,False,27.480308988992803,Зелёный,1.1239199995182219,Выше
2020-07-28 20:30:00+05:00,27.75,26.60756179152176,Вверх,4.293659890483712,True,0.1742525333936733,0.175542849374323,-0.0012903159806496867,False,27.544778090093523,Зелёный,1.1424382084782394,Выше
2020-07-29 12:00:00+05:00,27.675,26.618183067228014,Вверх,3.9702820064872397,True,0.167624423219479,0.1739591641433542,-0.006334740923875176,False,27.544778090093523,Зелёный,1.0568169327719872,Выше
2020-07-29 12:30:00+05:00,27.7,26.628947414817787,Вверх,4.022136393518207,True,0.1625155115648304,0.1716704336276494,-0.009154922062818982,False,27.544778090093523,Зелёный,1.071052585182212,Выше
2020-07-29 13:00:00+05:00,27.67,26.639306147008654,Вверх,3.8690716916704884,True,0.1542676119885087,0.1681898692998213,-0.013922257311312608,False,27.544778090093523,Зелёный,1.030693852991348,Выше
2020-07-29 13:30:00+05:00,27.695,26.649810563456327,Вверх,3.921939460150961,True,0.1480418489359678,0.1641602652270506,-0.016118416291082793,False,27.544778090093523,Зелёный,1.045189436543673,Выше
2020-07-29 14:00:00+05:00,27.835,26.66160349317318,Вверх,4.40107252786681,True,0.1526451189211783,0.1618572359658762,-0.009212117044697904,False,27.544778090093523,Зелёный,1.1733965068268226,Выше
2020-07-29 14:30:00+05:00,27.87,26.673627339012253,Вверх,4.48522672144392,True,0.1573041467566405,0.160946618124029,-0.003642471367388489,False,27.61091664297739,Зелёный,1.1963726609877483,Выше
2020-07-29 15:00:00+05:00,28.025,26.68707383315144,Вверх,5.01338653766734,False,0.1715264147558599,0.1630625774503952,0.008463837305464683,Выше,27.73307497867965,Зелёный,1.3379261668485576,Выше
2020-07-29 15:30:00+05:00,28.235,26.70247608356784,Вверх,5.73925770642387,False,0.1974666370942159,0.1699433893791594,0.027523247715056515,False,27.881267480811683,Зелёный,1.532523916432158,Выше
2020-07-29 16:00:00+05:00,28.55,26.72085940611941,Вверх,6.845365884682944,False,0.2406680461958394,0.1840883207424954,0.056579725453344,False,28.06664073273052,Зелёный,1.8291405938805916,Выше
2020-07-29 16:30:00+05:00,28.485,26.738413043869468,Вверх,6.532126470127164,False,0.2665874630567018,0.2005881492053367,0.06599931385136507,False,28.179976659457463,Зелёный,1.7465869561305318,Выше
2020-07-29 17:00:00+05:00,28.55,26.75643878472649,Вверх,6.703288242893285,False,0.2890418499071643,0.2182788893457022,0.07076296056146211,False,28.27397899351172,Зелёный,1.7935612152735096,Выше
2020-07-29 17:30:00+05:00,28.43,26.773091135127224,Вверх,6.188709613358219,False,0.2937677444491804,0.2333766603663979,0.060391084082782515,False,28.27397899351172,Зелёный,1.6569088648727757,Выше
2020-07-29 18:00:00+05:00,28.365,26.78893102432994,Вверх,5.883284309622725,False,0.2889374026294007,0.2444888088189985,0.0444485938104022,False,28.27397899351172,Зелёный,1.5760689756700579,Выше
2020-07-29 18:30:00+05:00,28.33,26.80426504398835,Вверх,5.692135014736537,False,0.2790681900625742,0.2514046850677136,0.027663504994860644,False,28.27397899351172,Зелёный,1.5257349560116467,Выше
2020-07-29 19:00:00+05:00,28.255,26.81870021768001,Вверх,5.355590579192646,False,0.2621727307573636,0.2535582942056436,0.008614436551720006,False,28.552231632356964,Красный,1.4362997823199883,Выше
2020-07-29 19:30:00+05:00,28.445,26.83488230506628,Вверх,6.000092255406459,False,0.2611045192702903,0.255067539218573,0.006036980051717322,False,28.552231632356964,Красный,1.6101176949337201,Выше
2020-07-29 20:00:00+05:00,28.38,26.850256610488508,Вверх,5.6973138532833545,False,0.2521068661761987,0.2544754046100981,-0.002368538433899392,Выше,28.552231632356964,Красный,1.5297433895114914,Выше
2020-07-29 20:30:00+05:00,28.2,26.86368689297121,Вверх,4.97442183700567,True,0.2278254357899349,0.2491454108460655,-0.02131997505613062,False,28.552231632356964,Красный,1.33631310702879,Выше
2020-07-30 12:00:00+05:00,28.37,26.8786750830909,Вверх,5.548357247144513,False,0.2197664753928343,0.2432696237554193,-0.02350314836258499,False,28.552231632356964,Красный,1.4913249169091003,Выше
2020-07-30 12:30:00+05:00,28.48,26.89460866435368,Вверх,5.894829537890287,False,0.2197229425986044,0.2385602875240564,-0.018837344925452,False,28.552231632356964,Красный,1.585391335646321,Выше
2020-07-30 13:00:00+05:00,28.435,26.909935941325287,Вверх,5.6672898144387185,False,0.2135951269609783,0.2335672554114408,-0.019972128450462506,False,28.552231632356964,Красный,1.5250640586747117,Выше
2020-07-30 13:30:00+05:00,28.255,26.923319663302152,Вверх,4.94619665535894,True,0.192001024943341,0.2252540093178208,-0.033252984374479794,False,28.552231632356964,Красный,1.331680336697847,Выше
2020-07-30 14:00:00+05:00,27.89,26.93293837312004,Вверх,3.5534987442556134,True,0.143777713961505,0.2089587502465577,-0.0651810362850527,False,28.42007212637945,Красный,0.957061626879959,Выше
2020-07-30 14:30:00+05:00,28.055,26.944103165427304,Вверх,4.122968308695155,True,0.1175198183038084,0.1906709638580078,-0.07315114555419941,False,28.3350649137415,Красный,1.1108968345726957,Выше
2020-07-30 15:00:00+05:00,28.065,26.955256367761365,Вверх,4.116984149948193,True,0.0964058565400449,0.1718179423944152,-0.0754120858543703,False,28.3350649137415,Красный,1.1097436322386365,Выше
2020-07-30 15:30:00+05:00,28.14,26.96704486161449,Вверх,4.349587225462447,True,0.0847478425480332,0.1544039224251389,-0.06965607987710569,False,28.3350649137415,Красный,1.172955138385511,Выше
2020-07-30 16:00:00+05:00,28.085,26.97816879333972,Вверх,4.102692125395599,True,0.070260819134944,0.1375753017670999,-0.06731448263215589,False,28.3350649137415,Красный,1.1068312066602815,Выше
2020-07-30 16:30:00+05:00,28.055,26.98888353171445,Вверх,3.950205895078112,True,0.0557167316274203,0.121203587739164,-0.0654868561117437,False,28.3350649137415,Красный,1.06611646828555,Выше
2020-07-30 17:00:00+05:00,28.12,27.000138421946147,Вверх,4.147614210539055,True,0.0488720279491374,0.1067372757811587,-0.0578652478320213,False,28.3350649137415,Красный,1.119861578053854,Выше
2020-07-30 17:30:00+05:00,28.085,27.01093306451385,Вверх,3.9764155237466703,True,0.0401603993926542,0.0934219005034578,-0.053261501110803605,False,28.3350649137415,Красный,1.074066935486151,Выше
2020-07-30 18:00:00+05:00,28.11,27.021869053921677,Вверх,4.026853005271309,True,0.0348716830091717,0.0817118570046006,-0.0468401739954289,False,28.3350649137415,Красный,1.0881309460783228,Выше
2020-07-30 18:30:00+05:00,27.83,27.02991015786275,Вверх,2.9600166536421435,True,0.0079945213638872,0.0669683898764579,-0.05897386851257069,False,28.3350649137415,Красный,0.8000898421372469,Выше
2020-07-30 19:00:00+05:00,27.73,27.03687622594372,Вверх,2.563623727326838,True,-0.0211313975475349,0.0493484323916593,-0.0704798299391942,False,28.03485857365097,Красный,0.6931237740562821,Выше
2020-07-30 19:30:00+05:00,27.955,27.04601178588458,Вверх,3.3608955779196337,True,-0.0257613180901259,0.0343264822953023,-0.0600878003854282,False,28.03485857365097,Красный,0.9089882141154177,Выше
2020-07-30 20:00:00+05:00,27.88,27.054310176074782,Вверх,3.0519714550157238,True,-0.0350780784230408,0.0204455701516336,-0.0555236485746744,False,28.03485857365097,Красный,0.8256898239252166,Выше
2020-07-30 20:30:00+05:00,28.035,27.064068283775537,Вверх,3.5875305443510155,True,-0.0296131119781968,0.0104338337256675,-0.0400469457038643,False,27.421285599808435,Зелёный,0.9709317162244631,Выше
2020-07-31 12:00:00+05:00,28.385,27.077211882941956,Вверх,4.829847780162044,True,0.0029262561706495,0.0089323182146639,-0.006006062044014399,False,27.826907039827592,Зелёный,1.3077881170580454,Выше
2020-07-31 12:30:00+05:00,28.42,27.090572958733578,Вверх,4.9073419129654745,True,0.0311787382682311,0.0133816022253774,0.0177971360428537,Выше,27.964966335844835,Зелёный,1.329427041266424,Выше
2020-07-31 13:00:00+05:00,28.22,27.101811038746177,Вверх,4.125882804124047,True,0.0370041446037348,0.0181061107010488,0.018898033902686,False,27.964966335844835,Зелёный,1.1181889612538214,Выше
2020-07-31 13:30:00+05:00,28.055,27.111295506022334,Вверх,3.480853557027688,True,0.0279841165805123,0.0200817118769415,0.0079024047035708,False,27.964966335844835,Зелёный,0.9437044939776662,Выше
2020-07-31 14:00:00+05:00,28.17,27.121829879096737,Вверх,3.864673311409227,True,0.0297720249203763,0.0220197744856285,0.007752250434747799,False,27.964966335844835,Зелёный,1.048170120903265,Выше
2020-07-31 14:30:00+05:00,28.14,27.13196092507588,Вверх,3.7153196472152934,True,0.0284403630792944,0.0233038922043617,0.0051364708749327,False,27.964966335844835,Зелёный,1.0080390749241204,Выше
2020-07-31 15:00:00+05:00,28.135,27.14194141338358,Вверх,3.658760335127492,True,0.0266740711744084,0.023977927998371,0.0026961431760374015,False,27.964966335844835,Зелёный,0.9930585866164208,Выше
2020-07-31 15:30:00+05:00,28.075,27.151225578424544,Вверх,3.4023304727338854,True,0.0201999214349797,0.0232223266856928,-0.0030224052507130984,Выше,27.964966335844835,Зелёный,0.9237744215754553,Выше
2020-07-31 16:00:00+05:00,28.13,27.160964627395444,Вверх,3.5677502102674,True,0.0192848477481284,0.0224348308981799,-0.003149983150051501,False,27.964966335844835,Зелёный,0.9690353726045551,Выше
2020-07-31 16:30:00+05:00,28.095,27.170258511699966,Вверх,3.403506403525102,True,0.015556116537656,0.0210590880260751,-0.005502971488419101,False,27.964966335844835,Зелёный,0.9247414883000324,Выше
2020-07-31 17:00:00+05:00,28.085,27.179360417056188,Вверх,3.332085704178257,True,0.0116597474520929,0.0191792199112787,-0.0075194724591858,False,27.964966335844835,Зелёный,0.9056395829438131,Выше
2020-07-31 17:30:00+05:00,27.995,27.1874762338019,Вверх,2.9702049548612255,True,0.0012946748357514,0.0156023108961732,-0.0143076360604218,False,27.964966335844835,Зелёный,0.8075237661981021,Выше
2020-07-31 18:00:00+05:00,28.12,27.196755077246657,Вверх,3.39468778584453,True,0.0031306472892076,0.0131079781747801,-0.0099773308855725,False,27.964966335844835,Зелёный,0.9232449227533444,Выше
2020-07-31 18:30:00+05:00,28.07,27.20544408145316,Вверх,3.1778783538999003,True,0.0005448063648252,0.0105953438127891,-0.0100505374479639,False,27.964966335844835,Зелёный,0.8645559185468414,Выше
2020-07-31 19:00:00+05:00,27.97,27.213051603030745,Вверх,2.781563817285935,True,-0.0094645539761017,0.0065833642550109,-0.0160479182311126,False,27.964966335844835,Зелёный,0.7569483969692534,Выше
2020-07-31 19:30:00+05:00,27.81,27.21899138807521,Вверх,2.1713097428867725,True,-0.0299623200098579,-0.0007257725979628,-0.0292365474118951,False,28.11660352520858,Красный,0.5910086119247886,Выше
2020-07-31 20:00:00+05:00,27.97,27.22646411058193,Вверх,2.7309307826317566,True,-0.0329168396088448,-0.0071639860001392,-0.0257528536087056,False,28.11660352520858,Красный,0.7435358894180695,Выше
2020-07-31 20:30:00+05:00,28.0,27.2341609851035,Вверх,2.8120529041280076,True,-0.0324633510939875,-0.0122238590189088,-0.020239492075078698,False,28.11660352520858,Красный,0.7658390148964997,Выше
2020-08-03 12:00:00+05:00,28.08,27.242577293709434,Вверх,3.073948170402852,True,-0.0253563347237246,-0.014850354159872,-0.010505980563852598,False,28.11660352520858,Красный,0.8374227062905639,Выше
2020-08-03 12:30:00+05:00,28.23,27.252402395264568,Вверх,3.5871978938095452,True,-0.0075333864595705,-0.0133869606198117,0.0058535741602412,Ниже,27.899190677110653,Зелёный,0.9775976047354327,Выше
2020-08-03 13:00:00+05:00,28.29,27.262726749540544,Вверх,3.768050275736882,True,0.011302637239801,-0.0084490410478891,0.0197516782876901,False,27.938021609399588,Зелёный,1.027273250459455,Выше
2020-08-03 13:30:00+05:00,28.45,27.27454041372422,Вверх,4.309731964115153,True,0.0386949334459778,0.0009797538508842,0.037715179595093594,False,28.10996944845963,Зелёный,1.1754595862757782,Выше
2020-08-03 14:00:00+05:00,28.6,27.287729066323983,Вверх,4.809014815730865,True,0.0716809782406073,0.0151199987288288,0.056560979511778506,False,28.257972503613665,Зелёный,1.312270933676018,Выше
2020-08-03 14:30:00+05:00,28.59,27.300686986062058,Вверх,4.722639450780785,True,0.095910147487217,0.0312780284805064,0.0646321190067106,False,28.3114252532523,Зелёный,1.2893130139379423,Выше
2020-08-03 15:00:00+05:00,28.655,27.314162737444523,Вверх,4.908945133864005,True,0.1189853068970983,0.0488194841638248,0.0701658227332735,False,28.37428272792707,Зелёный,1.3408372625554783,Выше
2020-08-03 15:30:00+05:00,28.645,27.327404899260998,Вверх,4.821515638225248,True,0.1349104567835048,0.0660376786877608,0.068872778095744,False,28.456604455134364,Зелёный,1.3175951007390019,Выше
2020-08-03 16:00:00+05:00,28.63,27.34036604454198,Вверх,4.7169593609573175,True,0.1446534037681992,0.0817608237038485,0.06289258006435071,False,28.456604455134364,Зелёный,1.2896339554580187,Выше
2020-08-03 16:30:00+05:00,28.72,27.354093745591317,Вверх,4.993425361163083,True,0.1578177821320707,0.096972215389493,0.06084556674257771,False,28.456604455134364,Зелёный,1.3659062544086815,Выше
2020-08-03 17:00:00+05:00,28.63,27.366789330212296,Вверх,4.615852647329544,True,0.1591537733615204,0.1094085269838985,0.0497452463776219,False,28.456604455134364,Зелёный,1.2632106697877035,Выше
2020-08-03 17:30:00+05:00,28.755,27.38060237170272,Вверх,5.019603329537003,False,0.1683582818932905,0.1211984779657769,0.047159803927513594,False,28.456604455134364,Зелёный,1.3743976282972774,Выше
2020-08-03 18:00:00+05:00,28.755,27.39427796999424,Вверх,4.967176106981901,True,0.1736511785276597,0.1316890180781534,0.04196216044950632,False,28.54561028971229,Зелёный,1.3607220300057605,Выше
2020-08-03 18:30:00+05:00,28.8,27.40826525387489,Вверх,5.077792166829496,False,0.1794088476454476,0.1412329839916123,0.038175863653835296,False,28.563299260741054,Зелёный,1.3917347461251097,Выше
2020-08-03 19:00:00+05:00,28.8,27.422113360801514,Вверх,5.024728112925474,False,0.1818752966961874,0.1493614465325273,0.032513850163660096,False,28.563299260741054,Зелёный,1.3778866391984863,Выше
2020-08-03 19:30:00+05:00,28.935,27.4371669592015,Вверх,5.459138849961236,False,0.1925042776140415,0.1579900127488301,0.03451426486521142,False,28.633122401200257,Зелёный,1.497833040798497,Выше
2020-08-03 20:00:00+05:00,28.875,27.45147375562736,Вверх,5.18560954885282,False,0.1938517210384098,0.1651623544067461,0.028689366631663715,False,28.64131016108023,Зелёный,1.4235262443726384,Выше
2020-08-03 20:30:00+05:00,28.96,27.466483967014156,Вверх,5.43759454169482,False,0.1994789006895452,0.1720256636633059,0.027453237026239308,False,28.67717914497221,Зелёный,1.4935160329858448,Выше
2020-08-03 21:00:00+05:00,28.755,27.47930502206874,Вверх,4.642384430416794,True,0.1852611194966797,0.1746727548299807,0.01058836466669899,False,28.67717914497221,Зелёный,1.2756949779312592,Выше
2020-08-03 21:30:00+05:00,28.78,27.492247260655123,Вверх,4.68405775321181,True,0.1740048964025895,0.1745391831445025,-0.0005342867419129982,Выше,27.61989010742749,Зелёный,1.287752739344878,Выше
2020-08-03 22:00:00+05:00,28.785,27.505110471991888,Вверх,4.6532789945032516,True,0.1636018168114645,0.1723517098778949,-0.008749893066430398,False,27.75615109668474,Зелёный,1.2798895280081126,Выше
2020-08-03 22:30:00+05:00,28.745,27.5174476812258,Вверх,4.460996284956026,True,0.150395964518573,0.1679605608060305,-0.01756459628745749,False,27.843785987016265,Зелёный,1.227552318774201,Выше
2020-08-03 23:00:00+05:00,28.85,27.53070690827828,Вверх,4.792078518423441,True,0.1467116532974337,0.1637107793043112,-0.016999126006877502,False,27.96515738831464,Зелёный,1.3192930917217218,Выше
2020-08-03 23:30:00+05:00,28.8,27.54333669028546,Вверх,4.562494819873313,True,0.1381645530153754,0.158601534046524,-0.020436981031148604,False,28.03789164948317,Зелёный,1.2566633097145399,Выше
2020-08-04 00:00:00+05:00,28.835,27.5561890615264,Вверх,4.640739456455031,True,0.1326856048967819,0.1534183482165756,-0.02073274331979369,False,28.132602484534857,Зелёный,1.278810938473601,Выше
2020-08-04 00:30:00+05:00,28.855,27.56911255345151,Вверх,4.664232278262084,True,0.1284763366568952,0.1484299459046396,-0.01995360924774439,False,28.18209223608137,Зелёный,1.2858874465484895,Выше
2020-08-04 01:00:00+05:00,28.895,27.58230546336742,Вверх,4.759190773142568,True,0.1269052423190082,0.1441250051875133,-0.0172197628685051,False,28.268133012473232,Зелёный,1.3126945366325806,Выше
2020-08-04 01:30:00+05:00,28.845,27.594869588110036,Вверх,4.530300126617064,True,0.1202395103754305,0.1393479062250968,-0.019108395849666296,False,28.32606971122591,Зелёный,1.2501304118899625,Выше
2020-08-04 12:00:00+05:00,28.845,27.60730869668605,Вверх,4.483201593143772,True,0.1136468199880056,0.1342076889776785,-0.02056086898967291,False,28.37671274010332,Зелёный,1.237691303313948,Выше
2020-08-04 12:30:00+05:00,28.86,27.61977328676878,Вверх,4.490358050206549,True,0.1083830674623875,0.1290427646746204,-0.02065969721223289,False,28.37671274010332,Зелёный,1.2402267132312197,Выше
2020-08-04 13:00:00+05:00,28.565,27.629178527696457,Вверх,3.38707671444319,True,0.0794911466236563,0.1191324410644275,-0.03964129444077119,False,28.37671274010332,Зелёный,0.9358214723035445,Выше
2020-08-04 13:30:00+05:00,28.68,27.63963446274425,Вверх,3.764035080341125,True,0.0651229334693965,0.1083305395454213,-0.04320760607602479,False,28.37671274010332,Зелёный,1.0403655372557488,Выше
2020-08-04 14:00:00+05:00,28.715,27.650334617343816,Вверх,3.8504611151735104,True,0.0559156675112753,0.0978475651385921,-0.04193189762731679,False,28.37671274010332,Зелёный,1.0646653826561838,Выше
2020-08-04 14:30:00+05:00,28.7,27.66077904901204,Вверх,3.757019819096811,True,0.0468682008203131,0.0876516922749364,-0.040783491454623295,False,28.37671274010332,Зелёный,1.0392209509879606,Выше
2020-08-04 15:00:00+05:00,28.705,27.671169307230823,Вверх,3.7361294034619004,True,0.039644479614342,0.0780502497428175,-0.03840577012847551,False,28.37671274010332,Зелёный,1.0338306927691754,Выше
2020-08-04 15:30:00+05:00,28.78,27.68220244845241,Вверх,3.96571607187622,True,0.0395159860243161,0.0703433969991172,-0.030827410974801094,False,28.392193108781928,Зелёный,1.0977975515475897,Выше
2020-08-04 16:00:00+05:00,28.825,27.693573568368308,Вверх,4.08551980060822,True,0.0425547333708813,0.06478566427347,-0.0222309309025887,False,28.44022379790373,Зелёный,1.1314264316316915,Выше
2020-08-04 16:30:00+05:00,28.74,27.70398577166813,Вверх,3.739585476510615,True,0.0376699373219437,0.0593625188831648,-0.0216925815612211,False,28.44520141811336,Зелёный,1.0360142283318687,Выше
2020-08-04 17:00:00+05:00,28.78,27.714692380905262,Вверх,3.8438370682718075,True,0.0366044140662573,0.0548108979197833,-0.018206483853526002,False,28.44520141811336,Зелёный,1.0653076190947388,Выше
2020-08-04 17:30:00+05:00,28.8,27.725491461692275,Вверх,3.8755256684713815,True,0.0369478996742955,0.0512382982706857,-0.014290398596390197,False,28.492263148671817,Зелёный,1.0745085383077253,Выше
2020-08-04 18:00:00+05:00,28.81,27.73628259142668,Вверх,3.8711655213132525,True,0.0375936744421387,0.0485093735049763,-0.010915699062837597,False,28.53703683380464,Зелёный,1.0737174085733194,Выше
2020-08-04 18:30:00+05:00,28.95,27.748359381561738,Вверх,4.330492487554884,True,0.0488392965600539,0.0485753581159919,0.00026393844406200073,Выше,28.62283315042417,Зелёный,1.2016406184382618,Выше
2020-08-04 19:00:00+05:00,28.94,27.76021650214321,Вверх,4.249907408919914,True,0.0562956751816692,0.0501194215291273,0.006176253652541895,False,28.65879983538176,Зелёный,1.1797834978567927,Выше
2020-08-04 19:30:00+05:00,28.935,27.77190589018159,Вверх,4.188024093188386,True,0.0610971607093517,0.0523149693651722,0.008782191344179499,False,28.67416985184358,Зелёный,1.1630941098184095,Выше
2020-08-04 20:00:00+05:00,29.08,27.784921751970828,Вверх,4.661082941280224,True,0.0757296959722459,0.056997914686587,0.018731781285658895,False,28.773502866659225,Зелёный,1.2950782480291707,Выше
2020-08-04 20:30:00+05:00,29.1,27.79800710767261,Вверх,4.683763434134902,True,0.0879263581187039,0.0631836033730104,0.0247427547456935,False,28.8309025799933,Зелёный,1.301992892327391,Выше
2020-08-04 21:00:00+05:00,29.2,27.811957285705724,Вверх,4.990812764579055,True,0.1044573457477682,0.0714383518479619,0.033018993899806295,False,28.85056232199397,Зелёный,1.3880427142942757,Выше
2020-08-04 21:30:00+05:00,29.135,27.82512188982805,Вверх,4.707537725650717,True,0.1110333919443533,0.0793573598672402,0.0316760320771131,False,28.911006089794576,Зелёный,1.309878110171951,Выше
2020-08-04 22:00:00+05:00,29.19,27.838702766546184,Вверх,4.854023712188462,True,0.1193076914779247,0.0873474261893771,0.03196026528854759,False,28.925155480815118,Зелёный,1.351297233453817,Выше
2020-08-04 22:30:00+05:00,29.18,27.85204900767508,Вверх,4.76787539745812,True,0.1236330521782669,0.0946045513871551,0.0290285007911118,False,28.955139932733605,Зелёный,1.3279509923249186,Выше
2020-08-04 23:00:00+05:00,29.22,27.865660460335025,Вверх,4.860245611593483,True,0.1288038270611196,0.101444406521948,0.02735942053917159,False,28.998625939460243,Зелёный,1.3543395396649736,Выше
2020-08-04 23:30:00+05:00,29.235,27.879285729386417,Вверх,4.8628013062206215,True,0.1325837352791801,0.1076722722733944,0.0249114630057857,False,29.03526334551422,Зелёный,1.355714270613582,Выше
2020-08-05 00:00:00+05:00,29.24,27.892825174865163,Вверх,4.829825651181454,True,0.1344331364724844,0.1130244451132124,0.021408691359271995,False,29.0584870109628,Зелёный,1.3471748251348359,Выше
2020-08-05 00:30:00+05:00,29.25,27.906329401980933,Вверх,4.81493133211452,True,0.1351478167638475,0.1174491194433394,0.01769869732050809,False,29.08763830986652,Зелёный,1.3436705980190666,Выше
2020-08-05 01:00:00+05:00,29.265,27.919848512408983,Вверх,4.8179039617394945,True,0.1353641866016524,0.121032132875002,0.01433205372665039,False,29.096374478879863,Зелёный,1.3451514875910178,Выше
2020-08-05 01:30:00+05:00,29.29,27.933481860544223,Вверх,4.856244367344141,True,0.1359853973110283,0.1240227857622073,0.011962611548821,False,29.11098703099188,Зелёный,1.3565181394557762,Выше
2020-08-05 12:00:00+05:00,29.6,27.95006413058856,Вверх,5.903155934464385,False,0.1596517544501559,0.131148579499797,0.028503174950358895,False,29.11288832789269,Зелёный,1.6499358694114399,Выше
2020-08-05 12:30:00+05:00,29.67,27.96717792033395,Вверх,6.088644640931006,False,0.1819584245226906,0.1413105485043757,0.040647876018314905,False,29.426599495103424,Зелёный,1.7028220796660527,Выше
2020-08-05 13:00:00+05:00,29.635,27.983773164907745,Вверх,5.900658304230861,False,0.1945695372630211,0.1519623462561048,0.04260719100691629,False,29.426599495103424,Зелёный,1.651226835092256,Выше
2020-08-05 13:30:00+05:00,29.75,28.00134756127682,Вверх,6.244886732313551,False,0.2114065112075778,0.1638511792463994,0.04755533196117842,False,29.426599495103424,Зелёный,1.7486524387231803,Выше
2020-08-05 14:00:00+05:00,29.745,28.018697336786506,Вверх,6.16125240393309,False,0.2217898211503808,0.1754389076271957,0.0463509135231851,False,29.44933603193039,Зелёный,1.7263026632134952,Выше
2020-08-05 14:30:00+05:00,29.8,28.036421741395596,Вверх,6.290311491499974,False,0.2317848381010065,0.1867080937219579,0.0450767443790486,False,29.52165242873735,Зелёный,1.7635782586044044,Выше
2020-08-05 15:00:00+05:00,29.865,28.05461654993892,Вверх,6.4530678822092815,False,0.242159454366007,0.1977983658507677,0.04436108851523929,False,29.57323718586362,Зелёный,1.810383450061078,Выше
2020-08-05 15:30:00+05:00,29.895,28.07292882307386,Вверх,6.4904919198474715,False,0.2499212254640497,0.2082229377734241,0.04169828769062561,False,29.62641346727726,Зелёный,1.8220711769261406,Выше
2020-08-05 16:00:00+05:00,29.99,28.09200415816765,Вверх,6.756356118794436,False,0.2607326276011044,0.2187248757389602,0.04200775186214417,False,29.66552212054953,Зелёный,1.8979958418323477,Выше
2020-08-05 16:30:00+05:00,30.0,28.110989191419712,Вверх,6.719830439680397,False,0.2670295081631693,0.228385802223802,0.03864370593936728,False,29.735969908494575,Зелёный,1.889010808580288,Выше
2020-08-05 17:00:00+05:00,30.1,28.130780343743897,Вверх,7.000231178066292,False,0.2768970982540963,0.2380880614298609,0.03880903682423542,False,29.735969908494575,Зелёный,1.9692196562561044,Выше
2020-08-05 17:30:00+05:00,30.185,28.15122034032356,Вверх,7.2244813371847645,False,0.2882532204250019,0.2481210932288891,0.04013212719611281,False,29.94641062588061,Зелёный,2.033779659676437,Выше
2020-08-05 18:00:00+05:00,30.16,28.171208197633774,Вверх,7.059661014231095,False,0.2918712281608968,0.2568711202152907,0.035000107945606096,False,29.95151956329255,Зелёный,1.9887918023662259,Выше
2020-08-05 18:30:00+05:00,30.28,28.1921912006424,Вверх,7.4056279786795205,False,0.3009523313367594,0.2656873624395844,0.03526496889717501,False,29.959117606963297,Зелёный,2.0878087993575996,Выше
2020-08-05 19:00:00+05:00,30.335,28.21351268123302,Вверх,7.519401581562531,False,0.30902496395219,0.2743548827421055,0.03467008121008447,False,30.056205846266963,Зелёный,2.121487318766981,Выше
2020-08-05 19:30:00+05:00,30.58,28.23705981873319,Вверх,8.297394262388613,False,0.331372183648579,0.2857583429234003,0.04561384072517871,False,30.20833526164027,Зелёный,2.3429401812668083,Выше
2020-08-05 20:00:00+05:00,30.525,28.259825392676145,Вверх,8.015529380839343,False,0.3407169035400699,0.2967500550467342,0.04396684849333571,False,30.38075173547624,Зелёный,2.2651746073238535,Выше
2020-08-05 20:30:00+05:00,30.25,28.279628125087328,Вверх,6.967460343528077,False,0.32221812962554,0.3018436699624954,0.020374459663044575,False,30.64207343807138,Красный,1.9703718749126722,Выше
2020-08-05 21:00:00+05:00,30.275,28.299482571603875,Вверх,6.9807545894085985,False,0.3060470887565998,0.3026843537213163,0.003362735035283504,False,30.64207343807138,Красный,1.9755174283961239,Выше
2020-08-05 21:30:00+05:00,30.48,28.321179262433688,Вверх,7.622637170443873,False,0.3062430300842784,0.3033960889939087,0.0028469410903697034,False,30.64207343807138,Красный,2.1588207375663124,Выше
2020-08-05 22:00:00+05:00,30.535,28.34320732947415,Вверх,7.733043917886458,False,0.3072940606961687,0.3041756833343607,0.0031183773618080335,False,30.64207343807138,Красный,2.1917926705258495,Выше
2020-08-05 22:30:00+05:00,30.595,28.365613226693316,Вверх,7.859469687786371,False,0.3094019158969807,0.3052209298468847,0.0041809860500959806,False,30.64207343807138,Красный,2.2293867733066826,Выше
2020-08-05 23:00:00+05:00,30.28,28.38466185130333,Вверх,6.677332140244053,False,0.2823992165141824,0.3006565871803443,-0.0182573706661619,Выше,30.64207343807138,Красный,1.8953381486966698,Выше
2020-08-05 23:30:00+05:00,30.32,28.403918947310267,Вверх,6.7458334050456035,False,0.2612159139605445,0.2927684525363844,-0.031552538575839895,False,30.64207343807138,Красный,1.9160810526897336,Выше
2020-08-06 00:00:00+05:00,30.3,28.422785425446484,Вверх,6.60461156939557,False,0.240047048267975,0.2822241716827025,-0.042177123414727485,False,30.608659192751887,Красный,1.8772145745535163,Выше
2020-08-06 00:30:00+05:00,30.29,28.44136467494453,Вверх,6.499812319779533,False,0.2199284549388345,0.2697650283339289,-0.0498365733950944,False,30.54979327347669,Красный,1.8486353250554686,Выше
2020-08-06 01:00:00+05:00,30.285,28.459709305044587,Вверх,6.413595709608579,False,0.2012608566902045,0.2560641940051841,-0.054803337314979605,False,30.545063946129023,Красный,1.825290694955413,Выше
2020-08-06 01:30:00+05:00,30.345,28.47846841643718,Вверх,6.55418527523585,False,0.1891279992966588,0.242676955063479,-0.0535489557668202,False,30.545063946129023,Красный,1.8665315835628178,Выше
2020-08-06 12:00:00+05:00,30.12,28.494802064034825,Вверх,5.7034891216754415,False,0.1595181765604429,0.2260451993628718,-0.06652702280242889,False,30.44745179636451,Красный,1.6251979359651756,Выше
2020-08-06 12:30:00+05:00,30.26,28.51236622260164,Вверх,6.129388784340953,False,0.145669817703741,0.2099701230310457,-0.06430030532730471,False,30.44745179636451,Красный,1.747633777398363,Выше
2020-08-06 13:00:00+05:00,30.345,28.53060138456581,Вверх,6.359482546399195,False,0.1399405357766561,0.1959642055801678,-0.0560236698035117,False,30.44745179636451,Красный,1.8143986154341896,Выше
2020-08-06 13:30:00+05:00,30.3,28.548207340938287,Вверх,6.136261510717113,False,0.1302672745998627,0.1828248193841068,-0.0525575447842441,False,30.44745179636451,Красный,1.7517926590617137,Выше
2020-08-06 14:00:00+05:00,30.275,28.565389357446364,Вверх,5.984902292633996,False,0.119209679380436,0.1701017913833726,-0.05089211200293661,False,30.44745179636451,Красный,1.7096106425536348,Выше
2020-08-06 14:30:00+05:00,30.49,28.58453971209864,Вверх,6.666052023551941,False,0.1263388035888013,0.1613491938244584,-0.03501039023565708,False,30.09205841376472,Зелёный,1.9054602879013594,Выше
2020-08-06 15:00:00+05:00,30.48,28.603400013470797,Вверх,6.560758461041055,False,0.1296868205202663,0.15501671916362,-0.025329898643353693,False,30.16535257238825,Зелёный,1.8765999865292038,Выше
2020-08-06 15:30:00+05:00,30.315,28.620430859107906,Вверх,5.920837283107607,False,0.1176696050617849,0.147547296343253,-0.02987769128146811,False,30.16535257238825,Зелёный,1.6945691408920958,Выше
2020-08-06 16:00:00+05:00,30.295,28.637093238619265,Вверх,5.789368172133216,False,0.1053180020095609,0.1391014374765146,-0.0337834354669537,False,30.16535257238825,Зелёный,1.6579067613807368,Выше
2020-08-06 16:30:00+05:00,30.28,28.65344056957828,Вверх,5.6766635981183375,False,0.0932440337833497,0.1299299567378816,-0.03668592295453191,False,30.16535257238825,Зелёный,1.6265594304217217,Выше
2020-08-06 17:00:00+05:00,30.39,28.670719767890933,Вверх,5.996641333136439,False,0.0914966907709846,0.1222433035445022,-0.030746612773517604,False,30.16535257238825,Зелёный,1.7192802321090674,Выше
2020-08-06 17:30:00+05:00,30.425,28.688175292588536,Вверх,6.054148406783355,False,0.0918770152966743,0.1161700458949366,-0.024293030598262294,False,30.16535257238825,Зелёный,1.7368247074114649,Выше
2020-08-06 18:00:00+05:00,30.36,28.704810364304077,Вверх,5.766244802488703,False,0.0859427736538727,0.1101245914467239,-0.024181817792851196,False,30.16535257238825,Зелёный,1.6551896356959226,Выше
2020-08-06 18:30:00+05:00,30.39,28.72157842038065,Вверх,5.80894808495431,False,0.0827071965986441,0.1046411124771079,-0.0219339158784638,False,30.16535257238825,Зелёный,1.668421579619352,Выше
2020-08-06 19:00:00+05:00,30.43,28.73857764007836,Вверх,5.88554653297388,False,0.0824205513662121,0.1001970002549288,-0.017776448888716698,False,30.16535257238825,Зелёный,1.6914223599216385,Выше
2020-08-06 19:30:00+05:00,30.41,28.755208708336284,Вверх,5.754753194276013,False,0.0796612646300758,0.0960898531299582,-0.016428588499882393,False,30.17626900337206,Зелёный,1.6547912916637166,Выше
2020-08-06 20:00:00+05:00,30.405,28.771624542084183,Вверх,5.677035912680857,False,0.0761927492142398,0.0921104323468145,-0.015917683132574703,False,30.17626900337206,Зелёный,1.6333754579158182,Выше
2020-08-06 20:30:00+05:00,30.375,28.787578526740063,Вверх,5.51425842151128,False,0.0702137955498223,0.0877311049874161,-0.017517309437593803,False,30.17626900337206,Зелёный,1.587421473259937,Выше
2020-08-06 21:00:00+05:00,30.295,28.802577745379462,Вверх,5.181557941840658,False,0.0583475065472178,0.0818543852993764,-0.0235068787521586,False,30.17626900337206,Зелёный,1.4924222546205392,Выше
2020-08-06 21:30:00+05:00,30.185,28.816333190699076,Вверх,4.749621682409895,True,0.0396106988494828,0.0734056480093977,-0.03379494915991489,False,30.17626900337206,Зелёный,1.3686668093009224,Выше
2020-08-06 22:00:00+05:00,30.1,28.82910599477172,Вверх,4.408371197701253,True,0.017698833002548,0.0622642850080278,-0.0445654520054798,False,30.47096176619883,Красный,1.270894005228282,Выше
2020-08-06 22:30:00+05:00,30.195,28.84269697989837,Вверх,4.688545669096423,True,0.0079080682164516,0.0513930416497125,-0.043484973433260896,False,30.44836558957895,Красный,1.3523030201016297,Выше
2020-08-06 23:00:00+05:00,30.195,28.856152731342167,Вверх,4.639728937959362,True,0.0001471206693324,0.0411438574536365,-0.0409967367843041,False,30.44752903062105,Красный,1.3388472686578332,Выше
2020-08-06 23:30:00+05:00,30.275,28.870270614612394,Вверх,4.86566061031868,True,0.0004466960022746,0.0330044251633641,-0.032557729161089496,False,30.44752903062105,Красный,1.4047293853876042,Выше
2020-08-07 00:00:00+05:00,30.3,28.88449677765108,Вверх,4.900563901961913,True,0.0026706174625346,0.0269376636231982,-0.024267046160663597,False,30.44752903062105,Красный,1.4155032223489208,Выше
2020-08-07 00:30:00+05:00,30.275,28.89833263060977,Вверх,4.763829757887251,True,0.0023882696896571,0.02202778483649,-0.0196395151468329,False,30.44752903062105,Красный,1.3766673693902298,Выше
2020-08-07 01:00:00+05:00,30.33,28.91257807707137,Вверх,4.902440450485774,True,0.0065273046859566,0.0189276888063833,-0.012400384120426699,False,30.44752903062105,Красный,1.4174219229286287,Выше
2020-08-07 01:30:00+05:00,30.34,28.92678128028459,Вверх,4.885502835666706,True,0.0104934739316497,0.0172408458314366,-0.0067473718997869015,False,30.44752903062105,Красный,1.4132187197154096,Выше
2020-08-07 12:00:00+05:00,30.24,28.939848133217083,Вверх,4.492600862305854,True,0.0055040797630958,0.0148934926177684,-0.0093894128546726,False,30.40250496306228,Красный,1.3001518667829153,Выше
2020-08-07 12:30:00+05:00,30.165,28.952038699055723,Вверх,4.189554019157334,True,-0.0044506202807923,0.0110246700380563,-0.0154752903188486,False,30.388504466756054,Красный,1.2129613009442757,Выше
2020-08-07 13:00:00+05:00,30.095,28.96341144831885,Вверх,3.9069587976551343,True,-0.0177832129615502,0.005263093438135,-0.0230463063996852,False,30.36215402008045,Красный,1.1315885516811477,Выше
2020-08-07 13:30:00+05:00,30.045,28.97417352345996,Вверх,3.6957964501489893,True,-0.0320149227489068,-0.0021925097992733,-0.0298224129496335,False,30.278438618072403,Красный,1.0708264765400415,Выше
2020-08-07 14:00:00+05:00,30.005,28.98443050332603,Вверх,3.5210955638988835,True,-0.045991163491152,-0.0109522405376491,-0.0350389229535029,False,30.25284475626517,Красный,1.0205694966739678,Выше
2020-08-07 14:30:00+05:00,30.09,28.995431194835223,Вверх,3.774969917880529,True,-0.0496364670528386,-0.018689085840687,-0.030947381212151598,False,30.25284475626517,Красный,1.0945688051647764,Выше
2020-08-07 15:00:00+05:00,30.13,29.00672043667766,Вверх,3.8724803990664283,True,-0.04873593318176,-0.0246984553089016,-0.024037477872858398,False,30.25284475626517,Красный,1.1232795633223382,Выше
2020-08-07 15:30:00+05:00,30.14,29.01799685024306,Вверх,3.8665768541757366,True,-0.0466772706539195,-0.0290942183779052,-0.017583052276014303,False,30.25284475626517,Красный,1.1220031497569423,Выше
2020-08-07 16:00:00+05:00,30.155,29.029310314419742,Вверх,3.877769307599066,True,-0.0433358425121177,-0.0319425432047477,-0.01139329930737,False,30.25284475626517,Красный,1.1256896855802587,Выше
2020-08-07 16:30:00+05:00,30.2,29.040958968007608,Вверх,3.9910563327789057,True,-0.0366343151359203,-0.0328808975909822,-0.0037534175449381035,False,30.25284475626517,Красный,1.1590410319923912,Выше
2020-08-07 17:00:00+05:00,30.205,29.05254146583838,Вверх,3.966807983104484,True,-0.0305674852527388,-0.0324182151233335,0.0018507298705947028,Ниже,30.25284475626517,Красный,1.1524585341616174,Выше
2020-08-07 17:30:00+05:00,30.135,29.063312197521583,Вверх,3.687424871587101,True,-0.0310499691305601,-0.0321445659247788,0.001094596794218701,False,30.25284475626517,Красный,1.0716878024784187,Выше
2020-08-07 18:00:00+05:00,30.15,29.074125011476596,Вверх,3.7004552608159873,True,-0.0298775565661131,-0.0316911640530457,0.0018136074869326002,False,30.25284475626517,Красный,1.0758749885234025,Выше
2020-08-07 18:30:00+05:00,30.125,29.08458147902409,Вверх,3.577216752203439,True,-0.0306128167328125,-0.0314754945889991,0.0008626778561866,False,30.25284475626517,Красный,1.0404185209759085,Выше
2020-08-07 19:00:00+05:00,30.205,29.09572992201888,Вверх,3.812484103179871,True,-0.0244582448778594,-0.0300720446467711,0.005613799768911701,False,30.25284475626517,Красный,1.1092700779811189,Выше
2020-08-07 19:30:00+05:00,30.09,29.10562315662565,Вверх,3.3820847541285644,True,-0.0285313496082757,-0.029763905639072,0.0012325560307962988,False,30.25284475626517,Красный,0.9843768433743492,Выше
2020-08-07 20:00:00+05:00,30.145,29.11596521476868,Вверх,3.534262998464351,True,-0.0270099205553684,-0.0292131086223313,0.002203188066962899,False,30.25284475626517,Красный,1.029034785231321,Выше
2020-08-07 20:30:00+05:00,30.12,29.125955610641636,Вверх,3.412915966249618,True,-0.0275044143679927,-0.0288713697714636,0.0013669554034708986,False,30.25284475626517,Красный,0.9940443893583648,Выше
2020-08-07 21:00:00+05:00,30.155,29.13619485829694,Вверх,3.4966993688022483,True,-0.0247863748836607,-0.028054370793903,0.003267995910242301,False,30.25284475626517,Красный,1.0188051417030621,Выше
2020-08-07 21:30:00+05:00,30.14,29.14618296915966,Вверх,3.4097673506404726,True,-0.0235709721550954,-0.0271576910661415,0.003586718911046099,False,30.25284475626517,Красный,0.99381703084034,Выше
2020-08-07 22:00:00+05:00,30.56,29.1602508003123,Вверх,4.800196024626463,True,0.0111541550214724,-0.0194953218486187,0.0306494768700911,False,30.24297589906052,Зелёный,1.3997491996876974,Выше
2020-08-07 22:30:00+05:00,30.36,29.17218860329427,Вверх,4.071725343814609,True,0.0222789224102797,-0.011140472996839,0.0334193954071187,False,30.24297589906052,Зелёный,1.1878113967057295,Выше
2020-08-07 23:00:00+05:00,30.32,29.18360961221672,Вверх,3.8939336253578745,True,0.0275501342116477,-0.0034023515551416,0.0309524857667893,False,30.24297589906052,Зелёный,1.1363903877832797,Выше
2020-08-07 23:30:00+05:00,30.34,29.195115984234462,Вверх,3.921491582303635,True,0.0329614809595923,0.0038704149478051,0.029091066011787202,False,30.24297589906052,Зелёный,1.1448840157655376,Выше
2020-08-08 00:00:00+05:00,30.345,29.20655761623213,Вверх,3.8978999125016984,True,0.037224371078814,0.0105412061740069,0.026683164904807103,False,30.24297589906052,Зелёный,1.1384423837678703,Выше
2020-08-08 00:30:00+05:00,30.345,29.21788540114525,Вверх,3.8576186585035006,True,0.0401400328978205,0.0164609715187696,0.023679061379050896,False,30.24297589906052,Зелёный,1.1271145988547495,Выше
2020-08-08 01:00:00+05:00,30.34,29.22905072053684,Вверх,3.800839411738362,True,0.0415680866546175,0.0214823945459392,0.020085692108678305,False,30.24297589906052,Зелёный,1.11094927946316,Выше
2020-08-08 01:30:00+05:00,30.33,29.24000543973548,Вверх,3.727750880590736,True,0.0414155010036232,0.025469015837476,0.0159464851661472,False,30.24297589906052,Зелёный,1.0899945602645182,Выше
2020-08-10 12:00:00+05:00,30.455,29.252094937847566,Вверх,4.112201415687544,True,0.0507954922912645,0.0305343111282337,0.020261181163030804,False,30.24297589906052,Зелёный,1.202905062152432,Выше
2020-08-10 12:30:00+05:00,30.48,29.264312898665004,Вверх,4.154162462466202,True,0.0595599242996307,0.0363394337625131,0.023220490537117604,False,30.269927282499243,Зелёный,1.2156871013349964,Выше
2020-08-10 13:00:00+05:00,30.68,29.278399337484256,Вверх,4.7871492097633785,True,0.0817023149124587,0.0454120099925022,0.0362903049199565,False,30.37893455424932,Зелёный,1.4016006625157438,Выше
2020-08-10 13:30:00+05:00,30.795,29.293489891340133,Вверх,5.125746758851533,False,0.1072930504078364,0.057788218075569,0.04950483233226741,False,30.513291098824386,Зелёный,1.5015101086598683,Выше
2020-08-10 14:00:00+05:00,30.69,29.307385514311875,Вверх,4.717631618872809,True,0.1177439907485684,0.0697793726101689,0.0479646181383995,False,30.513291098824386,Зелёный,1.3826144856881264,Выше
2020-08-10 14:30:00+05:00,30.655,29.32079461367196,Вверх,4.550372539037245,True,0.1217982147676757,0.0801831410416703,0.0416150737260054,False,30.513291098824386,Зелёный,1.3342053863280405,Выше
2020-08-10 15:00:00+05:00,30.7,29.33451805035184,Вверх,4.6548641000487905,True,0.1271763308536755,0.0895817790040713,0.037594551849604196,False,30.513291098824386,Зелёный,1.36548194964816,Выше
2020-08-10 15:30:00+05:00,30.7,29.348104935422967,Вверх,4.606413489224321,True,0.1299406516520669,0.0976535535336704,0.03228709811839649,False,30.513291098824386,Зелёный,1.3518950645770325,Выше
2020-08-10 16:00:00+05:00,30.6,29.360561602732197,Вверх,4.22143967829439,True,0.1226484169311206,0.1026525262131605,0.019995890717960096,False,30.513291098824386,Зелёный,1.2394383972678042,Выше
2020-08-10 16:30:00+05:00,30.695,29.373839596734857,Вверх,4.497745005089497,True,0.1231157724411389,0.1067451754587562,0.016370596982382704,False,30.513291098824386,Зелёный,1.321160403265143,Выше
2020-08-10 17:00:00+05:00,30.7,29.387035222637994,Вверх,4.467836811079794,True,0.1224777658186013,0.1098916935307252,0.012586072287876102,False,30.513291098824386,Зелёный,1.312964777362005,Выше
2020-08-10 17:30:00+05:00,30.7,29.4000995487809,Вверх,4.42141513521848,True,0.1205821450651249,0.1120297838376052,0.008552361227519692,False,30.513291098824386,Зелёный,1.2999004512190986,Выше
2020-08-10 18:00:00+05:00,30.52,29.411242836852733,Вверх,3.7698412450560483,True,0.1033638422518237,0.1102965955204489,-0.006932753268625205,Выше,30.513291098824386,Зелёный,1.108757163147267,Выше
2020-08-10 18:30:00+05:00,30.48,29.42187723648604,Вверх,3.596380866553897,True,0.0855049002499335,0.1053382564663458,-0.0198333562164123,False,30.72742526566345,Красный,1.0581227635139605,Выше
2020-08-10 19:00:00+05:00,30.53,29.432903333635437,Вверх,3.72744969780409,True,0.0745270408438898,0.0991760133418546,-0.0246489724979648,False,30.700432739097103,Красный,1.097096666364564,Выше
2020-08-10 19:30:00+05:00,30.575,29.44426747956941,Вверх,3.8402467346663407,True,0.0686665864278275,0.0930741279590492,-0.024407541531221696,False,30.700432739097103,Красный,1.1307325204305876,Выше
2020-08-10 20:00:00+05:00,30.6,29.45576730564335,Вверх,3.884579486535502,True,0.0652868391055285,0.0875166701883451,-0.022229831082816592,False,30.700432739097103,Красный,1.1442326943566528,Выше
2020-08-10 20:30:00+05:00,30.635,29.467500964293663,Вверх,3.9619886230631485,True,0.0646869021538023,0.0829507165814365,-0.01826381442763421,False,30.700432739097103,Красный,1.1674990357063386,Выше
2020-08-10 21:00:00+05:00,30.695,29.479714885046963,Вверх,4.122445280396751,True,0.0682660181927268,0.0800137769036946,-0.011747758710967796,False,30.700432739097103,Красный,1.215285114953037,Выше
2020-08-10 21:30:00+05:00,30.705,29.49190677673804,Вверх,4.113308889945337,True,0.0710899294119045,0.0782290074053366,-0.007139077993432094,False,30.519127896890552,Зелёный,1.2130932232619571,Выше
2020-08-10 22:00:00+05:00,30.735,29.504275863536662,Вверх,4.171341612163908,True,0.0748854162142578,0.0775602891671208,-0.0026748729528629916,False,30.551965107201493,Зелёный,1.230724136463337,Выше
2020-08-10 22:30:00+05:00,30.715,29.51632286986964,Вверх,4.0610652465587895,True,0.0754102515583916,0.077130281645375,-0.001720030086983404,False,30.561018596481347,Зелёный,1.1986771301303598,Выше
2020-08-10 23:00:00+05:00,30.73,29.52839925922417,Вверх,4.069305383699292,True,0.0761586524512765,0.0769359558065553,-0.0007773033552787995,False,30.56966673683321,Зелёный,1.201600740775831,Выше
2020-08-10 23:30:00+05:00,30.75,29.54055449047567,Вверх,4.094186891157622,True,0.0774725431513836,0.0770432732755209,0.0004292698758627117,Выше,30.59645006314989,Зелёный,1.209445509524329,Выше
2020-08-11 00:00:00+05:00,30.755,29.552638525396315,Вверх,4.068541878487176,True,0.0780179271112793,0.0772382040426726,0.0007797230686066997,False,30.6345550568349,Зелёный,1.2023614746036841,Выше
2020-08-11 00:30:00+05:00,30.775,29.56480132613864,Вверх,4.093376649182509,True,0.0791515706455463,0.0776208773632474,0.0015306932822989061,False,30.65459955115141,Зелёный,1.2101986738613597,Выше
2020-08-11 01:00:00+05:00,30.8,29.57709186020692,Вверх,4.134646318755846,True,0.08113204269495,0.0783231104295879,0.0028089322653621074,False,30.65459955115141,Зелёный,1.2229081397930806,Выше
2020-08-11 01:30:00+05:00,30.865,29.589906866573017,Вверх,4.309216447272508,True,0.0869442980875589,0.0800473479611821,0.006896950126376797,False,30.711525636432643,Зелёный,1.2750931334269815,Выше
2020-08-11 12:00:00+05:00,30.63,29.60025605198025,Вверх,3.4788345959286393,True,0.0717608024767848,0.0783900388643027,-0.0066292363875178895,Выше,30.915376927210623,Красный,1.0297439480197497,Выше
2020-08-11 12:30:00+05:00,30.625,29.61045250917448,Вверх,3.426315388159551,True,0.0586482540355568,0.0744416818985535,-0.015793427862996708,False,30.78033923448956,Красный,1.014547490825521,Выше
2020-08-11 13:00:00+05:00,30.725,29.621542533958813,Вверх,3.725185698132228,True,0.0556837416780666,0.0706900938544561,-0.0150063521763895,False,30.78033923448956,Красный,1.1034574660411884,Выше
2020-08-11 13:30:00+05:00,30.875,29.634014747551262,Вверх,4.187705456113683,True,0.0646923574472317,0.0694905465730112,-0.004798189125779492,False,30.50850022006346,Зелёный,1.2409852524487377,Выше
2020-08-11 14:00:00+05:00,30.74,29.64501957593384,Вверх,3.6936404149150075,True,0.0602439241330756,0.0676412220850241,-0.007397297951948496,False,30.571400198057116,Зелёный,1.0949804240661578,Выше
2020-08-11 14:30:00+05:00,30.77,29.65621341099917,Вверх,3.755660149747022,True,0.0584653063042317,0.0658060389288656,-0.00734073262463391,False,30.571400198057116,Зелёный,1.1137865890008278,Выше
2020-08-11 15:00:00+05:00,30.72,29.666798352183264,Вверх,3.5501021556619263,True,0.0524169270217562,0.0631282165474438,-0.010711289525687596,False,30.571400198057116,Зелёный,1.053201647816735,Выше
2020-08-11 15:30:00+05:00,30.76,29.677675980519748,Вверх,3.6469298343666967,True,0.0502717076178598,0.060556914761527,-0.0102852071436672,False,30.571400198057116,Зелёный,1.0823240194802537,Выше
2020-08-11 16:00:00+05:00,30.69,29.687748856335475,Вверх,3.3759755531300333,True,0.0424340376277072,0.056932339334763,-0.014498301707055801,False,30.571400198057116,Зелёный,1.0022511436645267,Выше
2020-08-11 16:30:00+05:00,30.675,29.6975722507998,Вверх,3.2912715589870336,True,0.034613253018584,0.0524685220715272,-0.0178552690529432,False,30.571400198057116,Зелёный,0.9774277492001993,Выше
2020-08-11 17:00:00+05:00,30.57,29.70625312392617,Вверх,2.907626459892196,True,0.0197153362676338,0.0459178849107486,-0.0262025486431148,False,30.83367867234433,Красный,0.8637468760738294,Выше
2020-08-11 17:30:00+05:00,30.72,29.71634015751895,Вверх,3.377467875118192,True,0.0197843150380556,0.04069117093621,-0.020906855898154397,False,30.83367867234433,Красный,1.0036598424810492,Выше
2020-08-11 18:00:00+05:00,30.73,29.72642632510583,Вверх,3.376032032638209,True,0.0204106167523434,0.0366350600994367,-0.0162244433470933,False,30.83367867234433,Красный,1.0035736748941702,Выше
2020-08-11 18:30:00+05:00,30.66,29.735715615403286,Вверх,3.108330724409836,True,0.0150846637734822,0.0323249808342458,-0.0172403170607636,False,30.83367867234433,Красный,0.9242843845967137,Выше
2020-08-11 19:00:00+05:00,30.725,29.745559241120667,Вверх,3.2927293480680055,True,0.0159251887755296,0.0290450224225025,-0.0131198336469729,False,30.83367867234433,Красный,0.9794407588793348,Выше
2020-08-11 19:30:00+05:00,30.74,29.755454174044843,Вверх,3.308791121776785,True,0.0175988173238472,0.0267557814027715,-0.009156964078924301,False,30.83367867234433,Красный,0.9845458259551556,Выше
2020-08-11 20:00:00+05:00,30.615,29.76400686883047,Вверх,2.8591349777596866,True,0.0087379984677049,0.0231522248157582,-0.0144142263480533,False,30.83367867234433,Красный,0.8509931311695276,Выше
2020-08-11 20:30:00+05:00,30.69,29.77322073083216,Вверх,3.07920757870328,True,0.0076790891249416,0.0200575976775948,-0.0123785085526532,False,30.83367867234433,Красный,0.91677926916784,Выше
2020-08-11 21:00:00+05:00,30.7,29.78244241510249,Вверх,3.080867485979662,True,0.0075596691085344,0.0175580119637828,-0.009998342855248398,False,30.83367867234433,Красный,0.9175575848975086,Выше
2020-08-11 21:30:00+05:00,30.66,29.79117433137013,Вверх,2.91638610470953,True,0.0041890731514229,0.0148842242013108,-0.0106951510498879,False,30.83367867234433,Красный,0.8688256686298708,Выше
2020-08-11 22:00:00+05:00,30.66,29.799819362898788,Вверх,2.8865297021637315,True,0.0015005541177721,0.0122074901846031,-0.010706936066831,False,30.83367867234433,Красный,0.8601806371012124,Выше
2020-08-11 22:30:00+05:00,30.715,29.808925637894824,Вверх,3.0396075763070183,True,0.003764528617129,0.0105188978711082,-0.0067543692539792,False,30.83367867234433,Красный,0.9060743621051763,Выше
2020-08-11 23:00:00+05:00,30.66,29.81739403950781,Вверх,2.825887330649162,True,0.0011079328132979,0.0086367048595462,-0.0075287720462483,False,30.83367867234433,Красный,0.8426059604921896,Выше
2020-08-11 23:30:00+05:00,30.64,29.82557917344306,Вверх,2.730611941585052,True,-0.0025815132758957,0.0063930612324578,-0.0089745745083535,False,30.83367867234433,Красный,0.8144208265569404,Выше
2020-08-12 00:00:00+05:00,30.6,29.8332848533093,Вверх,2.569999081430857,True,-0.0086335691773911,0.003387735150488,-0.0120213043278791,False,30.825397322390504,Красный,0.7667151466907001,Выше
2020-08-12 00:30:00+05:00,30.575,29.840665103525133,Вверх,2.460852980076902,True,-0.0152711221580261,-0.0003440363112148,-0.014927085846811301,False,30.752857590151457,Красный,0.7343348964748664,Выше
2020-08-12 01:00:00+05:00,30.56,29.847822664684088,Вверх,2.386027762616528,True,-0.021494035494328,-0.0045740361478374,-0.016919999346490598,False,30.73132183113631,Красный,0.7121773353159107,Выше
2020-08-12 01:30:00+05:00,30.555,29.85485925508524,Вверх,2.3451483690900403,True,-0.0265234515214096,-0.0089639192225518,-0.0175595322988578,False,30.70993964802268,Красный,0.7001407449147585,Выше
2020-08-12 12:00:00+05:00,30.385,29.86013428737295,Вверх,1.7577473281793057,True,-0.0437228691891071,-0.0159157092158629,-0.027807159973244202,False,30.702945683220413,Красный,0.5248657126270508,Выше
2020-08-12 12:30:00+05:00,30.375,29.86525732928964,Вверх,1.70680823235513,True,-0.0574976509038087,-0.0242320975534521,-0.033265553350356594,False,30.602651114898368,Красный,0.5097426707103594,Выше
2020-08-12 13:00:00+05:00,30.425,29.870826908102675,Вверх,1.8552318407596622,True,-0.0636460109263907,-0.0321148802280398,-0.0315311306983509,False,30.602651114898368,Красный,0.5541730918973258,Выше
2020-08-12 13:30:00+05:00,30.49,29.87698783439021,Вверх,2.0517870442888975,True,-0.0625526062611641,-0.0382024254346647,-0.024350180826499403,False,30.602651114898368,Красный,0.6130121656097884,Выше
2020-08-12 14:00:00+05:00,30.685,29.88502775643608,Вверх,2.6768328612029975,True,-0.0454275444150624,-0.0396474492307442,-0.005780095184318199,False,30.32450483723909,Зелёный,0.7999722435639178,Выше
2020-08-12 14:30:00+05:00,30.62,29.89234091308846,Вверх,2.4342659848126256,True,-0.0366779655394537,-0.0390535524924861,0.002375586953032402,Ниже,30.408804353515176,Зелёный,0.7276590869115402,Выше
2020-08-12 15:00:00+05:00,30.58,29.899183292062705,Вверх,2.2770411528867025,True,-0.0325957830524181,-0.0377619986044725,0.005166215552054397,False,30.408804353515176,Зелёный,0.6808167079372929,Выше
2020-08-12 15:30:00+05:00,30.53,29.905460075226262,Вверх,2.088380928441589,True,-0.033014634003571,-0.0368125256842922,0.0037978916807211993,False,30.408804353515176,Зелёный,0.6245399247737389,Выше
2020-08-12 16:00:00+05:00,30.57,29.9120724127862,Вверх,2.1995386281980402,True,-0.029775675244462,-0.0354051555963262,0.005629480351864197,False,30.408804353515176,Зелёный,0.657927587213802,Выше
2020-08-12 16:30:00+05:00,30.615,29.919066717136587,Вверх,2.326052779128986,True,-0.0233089619688691,-0.0329859168708348,0.009676954901965698,False,30.408804353515176,Зелёный,0.695933282863411,Выше
2020-08-12 17:00:00+05:00,30.71,29.926936700050653,Вверх,2.6165835407672113,True,-0.0103984719441925,-0.0284684278855063,0.018069955941313803,False,30.45520340770718,Зелёный,0.7830632999493474,Выше
2020-08-12 17:30:00+05:00,30.725,29.93487762840836,Вверх,2.639470858707679,True,0.0010316666443088,-0.0225684089795433,0.0236000756238521,False,30.49693306693646,Зелёный,0.790122371591643,Выше
2020-08-12 18:00:00+05:00,30.79,29.943386308722705,Вверх,2.8273812539053758,True,0.0151603317305237,-0.0150226608375298,0.0301829925680535,False,30.54073976024281,Зелёный,0.8466136912772946,Выше
2020-08-12 18:30:00+05:00,30.79,29.95181032555133,Вверх,2.7984608120118315,True,0.0260570313652444,-0.006806722396975,0.0328637537622194,False,30.55216578421853,Зелёный,0.8381896744486674,Выше
2020-08-12 19:00:00+05:00,30.79,29.960150521317,Вверх,2.7698441571331585,True,0.034297385422473,0.0014140991669145,0.0328832862555585,False,30.62244920579668,Зелёный,0.8298494786829984,Выше
2020-08-12 19:30:00+05:00,30.78,29.968308227572557,Вверх,2.708500480786705,True,0.0395649290807291,0.0090442651496775,0.0305206639310516,False,30.62244920579668,Зелёный,0.8116917724274444,Выше
2020-08-12 20:00:00+05:00,30.76,29.97618575764646,Вверх,2.614789782431223,True,0.0416455979972454,0.015564531719191,0.0260810662780544,False,30.62244920579668,Зелёный,0.783814242353543,Выше
2020-08-12 20:30:00+05:00,30.745,29.9838356506052,Вверх,2.5385823156999483,True,0.0416045768008181,0.0207725407355165,0.020832036065301596,False,30.62244920579668,Зелёный,0.7611643493948002,Выше
2020-08-12 21:00:00+05:00,30.79,29.99185718642008,Вверх,2.6611983666730286,True,0.0446880550452029,0.0255556435974537,0.0191324114477492,False,30.6606691739232,Зелёный,0.7981428135799185,Выше
2020-08-12 21:30:00+05:00,30.76,29.9995003984955,Вверх,2.5350408886897404,True,0.0442014576008276,0.0292848063981285,0.014916651202699104,False,30.6606691739232,Зелёный,0.7604996015045025,Выше
2020-08-12 22:00:00+05:00,30.76,30.00706755870948,Вверх,2.5091836775366105,True,0.0433164999723203,0.0320911451129669,0.0112253548593534,False,30.6606691739232,Зелёный,0.7529324412905218,Выше
2020-08-12 22:30:00+05:00,30.675,30.01371365265267,Вверх,2.2032806569702386,True,0.0353488949930351,0.0327426950889805,0.0026061999040545986,False,30.6606691739232,Зелёный,0.6612863473473318,Выше
2020-08-12 23:00:00+05:00,30.72,30.020741377501896,Вверх,2.329251678714839,True,0.0322933766190303,0.0326528313949905,-0.000359454775960201,Выше,30.6606691739232,Зелёный,0.6992586224981032,Выше
2020-08-12 23:30:00+05:00,30.7,30.02750016976556,Вверх,2.2396131094241873,True,0.0279359946836237,0.0317094640527171,-0.0037734693690933997,False,30.6606691739232,Зелёный,0.6724998302344396,Выше
2020-08-13 00:00:00+05:00,30.68,30.03399270538978,Вверх,2.150920461848178,True,0.0226082909486642,0.0298892294319065,-0.007280938483242301,False,30.6606691739232,Зелёный,0.646007294610218,Выше
2020-08-13 00:30:00+05:00,30.68,30.040420638669485,Вверх,2.129062602096915,True,0.0181765197494954,0.0275466874954243,-0.0093701677459289,False,30.6606691739232,Зелёный,0.6395793613305152,Выше
2020-08-13 01:00:00+05:00,30.715,30.04713287112053,Вверх,2.2227316388026535,True,0.01728921730286,0.0254951934569114,-0.0082059761540514,False,30.6606691739232,Зелёный,0.6678671288794682,Выше
2020-08-13 01:30:00+05:00,30.695,30.053579310213863,Вверх,2.134257231610837,True,0.0148015676104478,0.0233564682876187,-0.008554900677170902,False,30.6606691739232,Зелёный,0.6414206897861376,Выше
2020-08-13 12:00:00+05:00,30.26,30.055633247425664,Вверх,0.6799615595916344,True,-0.0220169792153548,0.014281778787024,-0.0362987580023788,False,30.40081993971205,Красный,0.20436675257433734,Выше
2020-08-13 12:30:00+05:00,30.275,30.057816001182623,Вверх,0.7225541563260309,True,-0.0494159320935132,0.0015422366109165,-0.0509581687044297,False,30.40081993971205,Красный,0.21718399881737582,Выше
2020-08-13 13:00:00+05:00,30.36,30.060822807141005,Вверх,0.9952395341218827,True,-0.0635385768602319,-0.0114739260833131,-0.0520646507769188,False,30.40081993971205,Красный,0.2991771928589948,Выше
2020-08-13 13:30:00+05:00,30.45,30.0646952170202,Вверх,1.281585528136901,True,-0.0666997535081179,-0.022519091568274,-0.04418066193984389,False,30.100164763949916,Зелёный,0.385304782979798,Выше
2020-08-13 14:00:00+05:00,30.63,30.070320140233928,Вверх,1.8612367848296438,True,-0.0540573733489573,-0.0288267479244107,-0.0252306254245466,False,30.19139828755492,Зелёный,0.5596798597660708,Выше
2020-08-13 14:30:00+05:00,30.7,30.076585611475384,Вверх,2.0727565175707934,True,-0.0379522906219911,-0.0306518564639268,-0.007300434158064296,False,30.37875845879943,Зелёный,0.6234143885246155,Выше
2020-08-13 15:00:00+05:00,30.84,30.08418177454528,Вверх,2.512344298139534,True,-0.0137337524100189,-0.0272682356531452,0.0135344832431263,Ниже,30.51788261291949,Зелёный,0.7558182254547212,Выше
2020-08-13 15:30:00+05:00,30.495,30.088269518082143,Вверх,1.3517908754221486,True,-0.0221239717321459,-0.0262393828689453,0.004115411136799401,False,30.95290564837246,Красный,0.4067304819178581,Выше
2020-08-13 16:00:00+05:00,30.615,30.09351061740471,Вверх,1.7328964680301613,True,-0.0188727307824514,-0.0247660524516466,0.005893321669195199,False,30.941115083535216,Красный,0.5214893825952878,Выше
2020-08-13 16:30:00+05:00,30.75,30.100042850067357,Вверх,2.1593230055192043,True,-0.0053411576078197,-0.0208810734828812,0.0155399158750615,False,30.941115083535216,Красный,0.6499571499326429,Выше
2020-08-13 17:00:00+05:00,30.78,30.106808592852754,Вверх,2.2360105192519804,True,0.0077145325729652,-0.0151619522717119,0.0228764848446771,False,30.941115083535216,Красный,0.6731914071472467,Выше
2020-08-13 17:30:00+05:00,30.79,30.11360651730198,Вверх,2.246139074406086,True,0.0186531555627773,-0.008398930704814,0.0270520862675913,False,30.941115083535216,Красный,0.6763934826980176,Выше
2020-08-13 18:00:00+05:00,30.655,30.118993517129823,Вверх,1.7796294639305617,True,0.016241499437271,-0.003470844676397,0.019712344113668,False,30.941115083535216,Красный,0.536006482870178,Выше
2020-08-13 18:30:00+05:00,30.81,30.12586920352654,Вверх,2.2709080752211888,True,0.0265316093168621,0.0025296461222547,0.0240019631946074,False,30.941115083535216,Красный,0.6841307964734575,Выше
2020-08-13 19:00:00+05:00,30.95,30.13406950995911,Вверх,2.7076677770694992,True,0.045459397862789,0.0111155964703616,0.034343801392427396,False,30.597841236390963,Зелёный,0.8159304900408877,Выше
2020-08-13 19:30:00+05:00,30.935,30.142038967571462,Вверх,2.6307478179616495,True,0.058574224810588,0.0206073221384069,0.0379669026721811,False,30.634807112751865,Зелёный,0.7929610324285363,Выше
2020-08-13 20:00:00+05:00,30.9,30.14958086839165,Вверх,2.48898694440916,True,0.0653898388031919,0.0295638254713639,0.03582601333182799,False,30.63607640147668,Зелёный,0.7504191316083499,Выше
2020-08-13 20:30:00+05:00,30.95,30.15754523786039,Вверх,2.6277164002882625,True,0.0739731279563358,0.0384456859683583,0.035527441987977505,False,30.67146876132901,Зелёный,0.7924547621396094,Выше
2020-08-13 21:00:00+05:00,30.76,30.163539812608047,Вверх,1.9774210556767633,True,0.0646982333845116,0.0436961954515889,0.0210020379329227,False,30.67146876132901,Зелёный,0.5964601873919548,Выше
2020-08-13 21:30:00+05:00,30.885,30.170718520940305,Вверх,2.367465920852836,True,0.066665786259751,0.0482901136132214,0.018375672646529603,False,30.67146876132901,Зелёный,0.7142814790596965,Выше
2020-08-13 22:00:00+05:00,30.885,30.17782579933891,Вверх,2.3433570243373363,True,0.0674475922302697,0.052121609336631,0.015325982893638707,False,30.67146876132901,Зелёный,0.7071742006610933,Выше
2020-08-13 22:30:00+05:00,30.73,30.183320069992256,Вверх,1.8111987970178423,True,0.0549268123811863,0.0526826499455421,0.002244162435644202,False,30.67146876132901,Зелёный,0.5466799300077447,Выше
2020-08-13 23:00:00+05:00,30.825,30.189704944917708,Вверх,2.1043433721575364,True,0.0520694855777037,0.0525600170719744,-0.0004905314942706962,Выше,30.67146876132901,Зелёный,0.6352950550822918,Выше
2020-08-13 23:30:00+05:00,30.78,30.195578527555345,Вверх,1.9354538013283489,True,0.0456477111809228,0.0511775558937641,-0.005529844712841299,False,30.67146876132901,Зелёный,0.5844214724446566,Выше
2020-08-14 00:00:00+05:00,30.84,30.20199068151002,Вверх,2.1124743902413607,True,0.0448825294036083,0.0499185505957329,-0.005036021192124603,False,30.67146876132901,Зелёный,0.6380093184899813,Выше
2020-08-14 00:30:00+05:00,30.81,30.20804052547509,Вверх,1.992712748174652,True,0.0413783838013941,0.0482105172368652,-0.006832133435471101,False,30.67146876132901,Зелёный,0.6019594745249073,Выше
2020-08-14 01:00:00+05:00,30.81,30.21403017198778,Вверх,1.9724936548344292,True,0.0381614220469401,0.0462006981988802,-0.008039276151940104,False,30.67146876132901,Зелёный,0.595969828012219,Выше
2020-08-14 01:30:00+05:00,30.835,30.220208976246607,Вверх,2.03437052416357,True,0.0372004244097219,0.0444006434410485,-0.007200219031326602,False,30.67146876132901,Зелёный,0.6147910237533942,Выше
2020-08-14 12:00:00+05:00,30.7,30.22498301628396,Вверх,1.5716038068908729,True,0.0252543388032435,0.0405713825134875,-0.015317043710243998,False,30.67146876132901,Зелёный,0.4750169837160385,Выше
2020-08-14 12:30:00+05:00,30.605,30.22876427980352,Вверх,1.2446281849762901,True,0.0080287237120941,0.0340628507532088,-0.0260341270411147,False,30.96427371517702,Красный,0.37623572019647966,Выше
2020-08-14 13:00:00+05:00,30.52,30.23166214766617,Вверх,0.9537611624708099,True,-0.0123392507748434,0.0247824304475984,-0.037121681222441805,False,30.779846343659315,Красный,0.2883378523338287,Выше
2020-08-14 13:30:00+05:00,30.6,30.23532720092323,Вверх,1.2061149418142771,True,-0.0217746809195951,0.0154710081741597,-0.0372456890937548,False,30.779846343659315,Красный,0.3646727990767715,Выше
2020-08-14 14:00:00+05:00,30.615,30.239105039720016,Вверх,1.2430756789469546,True,-0.0277223862361992,0.0068323292920879,-0.0345547155282871,False,30.779846343659315,Красный,0.37589496027998237,Выше
2020-08-14 14:30:00+05:00,30.64,30.24309404429992,Вверх,1.3123854163819861,True,-0.0300720426952381,-0.0005485451053772,-0.0295234975898609,False,30.779846343659315,Красный,0.39690595570008114,Выше
2020-08-14 15:00:00+05:00,30.645,30.247093108535744,Вверх,1.31552109829677,True,-0.0311713798902637,-0.0066731120623545,-0.024498267827909197,False,30.779846343659315,Красный,0.39790689146425606,Выше
2020-08-14 15:30:00+05:00,30.6,30.2506046198936,Вверх,1.1550029643924182,True,-0.0352671981497252,-0.0123919292798287,-0.0228752688698965,False,30.779846343659315,Красный,0.3493953801064009,Выше
2020-08-14 16:00:00+05:00,30.615,30.25423044457128,Вверх,1.1924598647110949,True,-0.0368776859809258,-0.0172890806200481,-0.019588605360877698,False,30.779846343659315,Красный,0.3607695554287176,Выше
2020-08-14 16:30:00+05:00,30.61,30.257770440147684,Вверх,1.1640962130671646,True,-0.0381180660654223,-0.0214548777091229,-0.0166631883562994,False,30.779846343659315,Красный,0.3522295598523151,Выше
2020-08-14 17:00:00+05:00,30.685,30.262021480544227,Вверх,1.397720637161363,True,-0.0326725739257476,-0.0236984169524479,-0.008974156973299698,False,30.779846343659315,Красный,0.42297851945577136,Выше
2020-08-14 17:30:00+05:00,30.62,30.265583455862195,Вверх,1.1710216809620366,True,-0.0332190108655972,-0.0256025357350777,-0.007616475130519499,False,30.779846343659315,Красный,0.35441654413780554,Выше
2020-08-14 18:00:00+05:00,30.635,30.26925924237103,Вверх,1.2082910741238244,True,-0.0320719855521964,-0.0268964256985015,-0.005175559853694896,False,30.779846343659315,Красный,0.36574075762896996,Выше
2020-08-14 18:30:00+05:00,30.56,30.27215218523301,Вверх,0.950866700873028,True,-0.0367907322661729,-0.0288752870120357,-0.007915445254137204,False,30.779846343659315,Красный,0.2878478147669874,Выше
2020-08-14 19:00:00+05:00,30.55,30.27491684010632,Вверх,0.9086173922343072,True,-0.0408662092384766,-0.0312734714573239,-0.009592737781152702,False,30.779846343659315,Красный,0.27508315989367915,Выше
2020-08-14 19:30:00+05:00,30.575,30.27790274219482,Вверх,0.9812345998164216,True,-0.0415992329718974,-0.0333386237602386,-0.008260609211658804,False,30.775836110164224,Красный,0.2970972578051807,Выше
2020-08-14 20:00:00+05:00,30.585,30.28095843630233,Вверх,1.0040684951806855,True,-0.0409017531850075,-0.0348512496451924,-0.006050503539815101,False,30.7757524991478,Красный,0.30404156369766966,Выше
2020-08-14 20:30:00+05:00,30.6,30.2841329792247,Вверх,1.0430116027821872,True,-0.0386925966205211,-0.0356195190402581,-0.0030730775802630048,False,30.773177249233026,Красный,0.3158670207753005,Выше
2020-08-14 21:00:00+05:00,30.675,30.288022203312018,Вверх,1.2776595120353114,True,-0.0305379286954092,-0.0346032009712884,0.004065272275879196,Ниже,30.773177249233026,Красный,0.38697779668798304,Выше
2020-08-14 21:30:00+05:00,30.705,30.29217123611488,Вверх,1.362823287466888,True,-0.0214077708772109,-0.0319641149524729,0.010556344075262,False,30.773177249233026,Красный,0.4128287638851198,Выше
2020-08-14 22:00:00+05:00,30.7,30.296229233765484,Вверх,1.3327426430498108,True,-0.0144094105253209,-0.0284531740670425,0.0140437635417216,False,30.773177249233026,Красный,0.4037707662345156,Выше
2020-08-14 22:30:00+05:00,30.73,30.300545360792697,Вверх,1.4173165337248197,True,-0.0063689924658554,-0.0240363377468051,0.0176673452809497,False,30.773177249233026,Красный,0.42945463920730376,Выше
2020-08-14 23:00:00+05:00,30.73,30.304818541282323,Вверх,1.4030160191801837,True,3.0614834791720118e-06,-0.0192284579007482,0.01923151938422737,False,30.773177249233026,Красный,0.42518145871767743,Выше
2020-08-14 23:30:00+05:00,30.68,30.308551690125284,Вверх,1.225556119185119,True,0.0010067725664768,-0.0151814118073032,0.01618818437378,False,30.773177249233026,Красный,0.3714483098747152,Выше
2020-08-15 00:00:00+05:00,30.74,30.31284470813399,Вверх,1.409156072215773,True,0.0065680074882976,-0.010831527948183,0.0173995354364806,False,30.773177249233026,Красный,0.42715529186600776,Выше
2020-08-15 00:30:00+05:00,30.74,30.3170950095456,Вверх,1.3949390280343257,True,0.0108502512875787,-0.0064951721010306,0.0173454233886093,False,30.773177249233026,Красный,0.42290499045439844,Выше
2020-08-15 01:00:00+05:00,30.75,30.321402521888427,Вверх,1.413514687528643,True,0.0148793568136476,-0.002220266318095,0.0170996231317426,False,30.773177249233026,Красный,0.42859747811157334,Выше
2020-08-15 01:30:00+05:00,30.75,30.32566717341193,Вверх,1.3992530623039516,True,0.0178664981025775,0.0017970865660394,0.0160694115365381,False,30.773177249233026,Красный,0.4243328265880706,Выше
2020-08-17 12:00:00+05:00,30.77,30.33008839556703,Вверх,1.4504131959512008,True,0.0215986857437364,0.0057574064015788,0.015841279342157597,False,30.773177249233026,Красный,0.43991160443296806,Выше
2020-08-17 12:30:00+05:00,30.725,30.33401786426786,Вверх,1.2889230087541452,True,0.0206868819213497,0.008743301505533,0.0119435804158167,False,30.773177249233026,Красный,0.39098213573214124,Выше
2020-08-17 13:00:00+05:00,30.735,30.3380077362652,Вверх,1.308564053335134,True,0.0205344785628263,0.0111015369169917,0.009432941645834601,False,30.773177249233026,Красный,0.39699226373479846,Выше
2020-08-17 13:30:00+05:00,30.765,30.34225641550634,Вверх,1.393250319635481,True,0.0225742254635541,0.0133960746263041,0.009178150837250001,False,30.773177249233026,Красный,0.42274358449365934,Выше
2020-08-17 14:00:00+05:00,30.78,30.346612073063493,Вверх,1.4281262300156237,True,0.0251116428306374,0.0157391882671708,0.009372454563466599,False,30.6272700095018,Зелёный,0.43338792693650774,Выше
2020-08-17 14:30:00+05:00,30.75,30.35062588328177,Вверх,1.3158678119327392,True,0.0244203129292834,0.0174754131995933,0.006944899729690101,False,30.632293008551617,Зелёный,0.3993741167182314,Выше
2020-08-17 15:00:00+05:00,30.725,30.35435099887101,Вверх,1.2210737140872425,True,0.021606076534443,0.0183015458665633,0.0033045306678796994,False,30.632293008551617,Зелёный,0.37064900112899224,Выше
2020-08-17 15:30:00+05:00,30.7,30.35779029241458,Вверх,1.1272549954695656,True,0.0171606653813967,0.0180733697695299,-0.0009127043881331995,Выше,30.632293008551617,Зелёный,0.34220970758541824,Выше
2020-08-17 16:00:00+05:00,30.7,30.36119536413185,Вверх,1.115913361792099,True,0.0134822302571429,0.0171551418670525,-0.003672911609909601,False,30.632293008551617,Зелёный,0.3388046358681507,Выше
2020-08-17 16:30:00+05:00,30.62,30.363770534638004,Вверх,0.8438657678225402,True,0.004064855384783,0.0145370845705986,-0.0104722291858156,False,30.786368557089283,Красный,0.2562294653619972,Выше
2020-08-17 17:00:00+05:00,30.55,30.365623564144094,Вверх,0.6071880442910421,True,-0.0089437984939593,0.009840907957687,-0.018784706451646302,False,30.69598170138035,Красный,0.18437643585590635,Выше
2020-08-17 17:30:00+05:00,30.505,30.36701039435162,Вверх,0.454406291091616,True,-0.0226235837437549,0.0033480096173986,-0.0259715933611535,False,30.641383531242315,Красный,0.1379896056483787,Выше
2020-08-17 18:00:00+05:00,30.57,30.36903019142275,Вверх,0.6617590595106088,True,-0.0278983604067661,-0.0029012643874343,-0.0249970960193318,False,30.641383531242315,Красный,0.200969808577252,Выше
2020-08-17 18:30:00+05:00,30.56,30.37093038852302,Вверх,0.6225348023859868,True,-0.0325108109500789,-0.0088231736999632,-0.023687637250115696,False,30.641383531242315,Красный,0.18906961147697743,Выше
2020-08-17 19:00:00+05:00,30.4,30.371219638388464,Вверх,0.09476195541109282,True,-0.0485175934446928,-0.0167620576489091,-0.031755535795783704,False,30.62684859427565,Красный,0.028780361611534744,Выше
2020-08-17 19:30:00+05:00,30.48,30.37230203004629,Вверх,0.3545927136085042,True,-0.0541238464710218,-0.0242344154133316,-0.0298894310576902,False,30.59141373484808,Красный,0.10769796995371195,Выше
2020-08-17 20:00:00+05:00,30.5,30.373572656613,Вверх,0.41624126610431583,True,-0.0563039723865621,-0.0306483268079777,-0.025655645578584404,False,30.59141373484808,Красный,0.12642734338700023,Выше
2020-08-17 20:30:00+05:00,30.5,30.37483064012929,Вверх,0.4120824947262253,True,-0.0573704075353589,-0.035992742953454,-0.021377664581904904,False,30.59141373484808,Красный,0.12516935987071065,Выше
2020-08-17 21:00:00+05:00,30.445,30.375528842715067,Вверх,0.22870764701630794,True,-0.0619396042184874,-0.0411821152064607,-0.020757489012026696,False,30.574600612704256,Красный,0.06947115728493358,Выше
2020-08-17 21:30:00+05:00,30.48,30.376568356717904,Вверх,0.3404981170600931,True,-0.0620215719420969,-0.0453500065535879,-0.016671565388508995,False,30.574600612704256,Красный,0.10343164328209653,Выше
2020-08-17 22:00:00+05:00,30.49,30.377697029785388,Вверх,0.36968888755621365,True,-0.0605812723301966,-0.0483962597089096,-0.012185012621286996,False,30.574600612704256,Красный,0.11230297021461055,Выше
2020-08-17 22:30:00+05:00,30.535,30.37926223346912,Вверх,0.5126449922779959,True,-0.0551727040037199,-0.0497515485678717,-0.005421155435848202,False,30.574600612704256,Красный,0.1557377665308799,Выше
2020-08-17 23:00:00+05:00,30.53,30.380762111743056,Вверх,0.4912249656806993,True,-0.0507053333319404,-0.0499423055206855,-0.000763027811254896,False,30.574600612704256,Красный,0.14923788825694473,Выше
2020-08-17 23:30:00+05:00,30.585,30.382794329536654,Вверх,0.6655269040437535,True,-0.0422399536508351,-0.0484018351467154,0.006161881495880303,Ниже,30.414583934204263,Зелёный,0.20220567046334637,Выше
2020-08-18 00:00:00+05:00,30.565,30.38460732128256,Вверх,0.593697581179825,True,-0.0367216082750267,-0.0460657897723777,0.009344181497351,False,30.414583934204263,Зелёный,0.18039267871744258,Выше
2020-08-18 00:30:00+05:00,30.555,30.38630277082204,Вверх,0.5551752394830577,True,-0.0327773592395672,-0.0434081036658156,0.010630744426248402,False,30.421737986705452,Зелёный,0.16869722917795826,Выше
2020-08-18 01:00:00+05:00,30.565,30.38808085270441,Вверх,0.5821991462808925,True,-0.028515883679141,-0.0404296596684807,0.011913775989339702,False,30.42456418803491,Зелёный,0.17691914729559244,Выше
2020-08-18 01:30:00+05:00,30.635,30.39053775964268,Вверх,0.804402483071416,True,-0.0192681078562557,-0.0361973493060357,0.01692924144978,False,30.46235776923142,Зелёный,0.244462240357322,Выше
2020-08-18 12:00:00+05:00,30.495,30.391577184919864,Вверх,0.3403009144634148,True,-0.022971211039394,-0.0335521216527073,0.010580910613313302,False,30.46235776923142,Зелёный,0.10342281508013684,Выше
2020-08-18 12:30:00+05:00,30.6,30.393651043776387,Вверх,0.6789212520944163,True,-0.0172346541482362,-0.0302886281518131,0.013053974003576899,False,30.46235776923142,Зелёный,0.20634895622361427,Выше
2020-08-18 13:00:00+05:00,30.56,30.39530625727115,Вверх,0.5418393923550255,True,-0.0157346776192923,-0.0273778380453089,0.0116431604260166,False,30.46235776923142,Зелёный,0.16469374272884707,Выше
2020-08-18 13:30:00+05:00,30.475,30.396099229835617,Вверх,0.25957531447633514,True,-0.0211607965482443,-0.026134429745896,0.004973633197651699,False,30.46235776923142,Зелёный,0.07890077016438468,Выше
2020-08-18 14:00:00+05:00,30.555,30.397680332026308,Вверх,0.5175383985071493,True,-0.0187891142669549,-0.0246653666501078,0.0058762523831529,False,30.46235776923142,Зелёный,0.15731966797369168,Выше
2020-08-18 14:30:00+05:00,30.405,30.39775316454346,Вверх,0.023840036522812618,True,-0.0286826496389771,-0.0254688232478817,-0.003213826391095402,Ниже,30.694846257261887,Красный,0.007246835456541589,Выше
2020-08-18 15:00:00+05:00,30.49,30.398671043503228,Вверх,0.30043733282310464,True,-0.029326500433136,-0.0262403586849325,-0.0030861417482034997,False,30.6758616315357,Красный,0.09132895649677053,Выше
2020-08-18 15:30:00+05:00,30.515,30.399828545557924,Вверх,0.3788556052856622,True,-0.0275024348110868,-0.0264927739101634,-0.0010096609009234009,False,30.6758616315357,Красный,0.11517145444207699,Выше
2020-08-18 16:00:00+05:00,30.53,30.40112378391058,Вверх,0.4239192505035826,True,-0.0245633243116358,-0.0261068839904579,0.0015435596788220991,Ниже,30.6758616315357,Красный,0.12887621608942013,Выше
2020-08-18 16:30:00+05:00,30.605,30.403152402976147,Вверх,0.6639035135188632,True,-0.0159977725036739,-0.0240850616931011,0.008087289189427197,False,30.6758616315357,Красный,0.20184759702385335,Выше
2020-08-18 17:00:00+05:00,30.66,30.405708100458973,Вверх,0.8363294770207582,True,-0.0047170949047981,-0.0202114683354405,0.015494373430642402,False,30.6758616315357,Красный,0.2542918995410268,Выше
2020-08-18 17:30:00+05:00,30.68,30.40843737309122,Вверх,0.8930502530494627,True,0.005770240477851,-0.0150151265727822,0.0207853670506332,False,30.51141976519448,Зелёный,0.2715626269087785,Выше
2020-08-18 18:00:00+05:00,30.675,30.41108973753808,Вверх,0.8678092917405749,True,0.0135221956582398,-0.0093076621265777,0.022829857784817498,False,30.51141976519448,Зелёный,0.26391026246191984,Выше
2020-08-18 18:30:00+05:00,30.63,30.413267949104863,Вверх,0.712623356548945,True,0.0158518221311041,-0.0042757652750414,0.0201275874061455,False,30.51141976519448,Зелёный,0.2167320508951356,Выше
2020-08-18 19:00:00+05:00,30.65,30.415623491899844,Вверх,0.7705793312524831,True,0.0190918221069225,0.0003977522013513,0.0186940699055712,False,30.51141976519448,Зелёный,0.23437650810015498,Выше
2020-08-18 19:30:00+05:00,30.63,30.41775659148293,Вверх,0.6977615455588759,True,0.0198172714086979,0.0042816560428206,0.0155356153658773,False,30.51141976519448,Зелёный,0.21224340851706813,Выше
2020-08-18 20:00:00+05:00,30.6,30.41956995873186,Вверх,0.5931380407840057,True,0.0177666431248049,0.0069786534592175,0.0107879896655874,False,30.51141976519448,Зелёный,0.1804300412681421,Выше
2020-08-18 20:30:00+05:00,30.6,30.42136528252557,Вверх,0.5872015138552668,True,0.0159575566559446,0.0087744340985629,0.007183122557381698,False,30.51141976519448,Зелёный,0.17863471747443072,Выше
2020-08-18 21:00:00+05:00,30.53,30.422446224988008,Вверх,0.3535342760295597,True,0.0087742831358283,0.008774403906016,-1.207701876993622e-07,Выше,30.51141976519448,Зелёный,0.10755377501199348,Выше
2020-08-18 21:30:00+05:00,30.535,30.42356616304783,Вверх,0.36627473700803737,True,0.0034452308549859,0.00770856929581,-0.0042633384408241,False,30.51141976519448,Зелёный,0.11143383695216968,Выше
2020-08-18 22:00:00+05:00,30.51,30.42442620122646,Вверх,0.2812667631184184,True,-0.0027635164403108,0.0056141521485858,-0.0083776685888966,False,30.708490589291586,Красный,0.08557379877354165,Выше
2020-08-18 22:30:00+05:00,30.51,30.425277681811277,Вверх,0.2784602956618957,True,-0.0075964265270513,0.0029720364134584,-0.0105684629405097,False,30.70089153036243,Красный,0.08472231818872444,Выше
2020-08-18 23:00:00+05:00,30.545,30.426468948658925,Вверх,0.3895655836406235,True,-0.0085043027884381,0.000676768573079,-0.0091810713615171,False,30.70089153036243,Красный,0.11853105134107622,Выше
2020-08-18 23:30:00+05:00,30.54,30.427598610861324,Вверх,0.369406046714948,True,-0.0095175471209962,-0.0013620945657359,-0.0081554525552603,False,30.689147139593565,Красный,0.11240138913867526,Выше
2020-08-19 00:00:00+05:00,30.515,30.42846827642489,Вверх,0.2843775203832796,True,-0.0121972394371461,-0.003529123540018,-0.0086681158971281,False,30.67873242563421,Красный,0.08653172357510996,Выше
2020-08-19 00:30:00+05:00,30.555,30.42972729855002,Вверх,0.41167868584858786,True,-0.0109668304035075,-0.0050166649127159,-0.0059501654907916,False,30.67873242563421,Красный,0.1252727014499797,Выше
2020-08-19 01:00:00+05:00,30.55,30.430924041848037,Вверх,0.39129918627581783,True,-0.0102767169964899,-0.0060686753294707,-0.0042080416670191995,False,30.67873242563421,Красный,0.11907595815196359,Выше
2020-08-19 01:30:00+05:00,30.49,30.43151186232716,Вверх,0.1921959642933307,True,-0.0144052410565542,-0.0077359884748874,-0.0066692525816667994,False,30.67873242563421,Красный,0.058488137672839,Выше
2020-08-19 12:00:00+05:00,30.53,30.43249184379654,Вверх,0.3204080582817496,True,-0.014284794196989,-0.0090457496193077,-0.0052390445776813,False,30.67873242563421,Красный,0.09750815620346032,Выше
2020-08-19 12:30:00+05:00,30.73,30.435452123957774,Вверх,0.9677788745920046,True,0.0019267786325549,-0.0068512439689352,0.0087780226014901,Выше,30.42274266498725,Зелёный,0.2945478760422269,Выше
2020-08-19 13:00:00+05:00,30.715,30.43823369486367,Вверх,0.9092718976759612,True,0.0134096145687188,-0.0027990722614044,0.0162086868301232,False,30.531218398488527,Зелёный,0.2767663051363307,Выше
2020-08-19 13:30:00+05:00,30.7,30.44083833471577,Вверх,0.8513617871971403,True,0.0210567411333073,0.0019720904175379,0.0190846507157694,False,30.542096558639678,Зелёный,0.25916166528422835,Выше
2020-08-19 14:00:00+05:00,30.71,30.44351656024099,Вверх,0.8753372470348448,True,0.0276058375456393,0.0070988398431582,0.0205069977024811,False,30.556386902775703,Зелёный,0.26648343975901057,Выше
2020-08-19 14:30:00+05:00,30.735,30.446416892974916,Вверх,0.947839307461068,True,0.0344166015433842,0.0125623921832034,0.021854209360180794,False,30.577998212498137,Зелёный,0.28858310702508305,Выше
2020-08-19 15:00:00+05:00,30.78,30.44973612787069,Вверх,1.0846198165475083,True,0.0429502018089316,0.018639954108349,0.024310247700582602,False,30.638948391248324,Зелёный,0.3302638721293114,Выше
2020-08-19 15:30:00+05:00,30.84,30.453619350478935,Вверх,1.2687511624623653,True,0.0539329347598922,0.0256985502386577,0.0282343845212345,False,30.65255355212349,Зелёный,0.3863806495210653,Выше
2020-08-19 16:00:00+05:00,31.16,30.46064801365825,Вверх,2.2959195944490975,True,0.0874500852512731,0.0380488572411808,0.049401228010092293,False,30.84654819691114,Зелёный,0.6993519863417497,Выше
2020-08-19 16:30:00+05:00,31.21,30.468104252328324,Вверх,2.4349914964433093,True,0.1167019828128843,0.0537794823555215,0.0629225004573628,False,31.047143377220028,Зелёный,0.741895747671677,Выше
2020-08-19 17:00:00+05:00,31.305,30.47643157320068,Вверх,2.7187186426639145,True,0.1458685466253939,0.072197295209496,0.07367125141589789,False,31.065179039498027,Зелёный,0.8285684267993183,Выше
2020-08-19 17:30:00+05:00,31.36,30.48522329884048,Вверх,2.8695105578996736,True,0.1714449878275026,0.0920468337330973,0.07939815409440529,False,31.11191113554822,Зелёный,0.8747767011595187,Выше
2020-08-19 18:00:00+05:00,31.335,30.493678788404253,Вверх,2.759002012953828,True,0.1875354191074691,0.1111445508079717,0.0763908682994974,False,31.1552200219934,Зелёный,0.8413212115957478,Выше
2020-08-19 18:30:00+05:00,31.29,30.50160238254949,Вверх,2.584774424512092,True,0.1944149829979586,0.1277986372459691,0.06661634575198949,False,31.1552200219934,Зелёный,0.7883976174505101,Выше
2020-08-19 19:00:00+05:00,31.4,30.510541662325117,Вверх,2.9152492522713813,True,0.2063643281201592,0.1435117754208071,0.06285255269935211,False,31.183153217814656,Зелёный,0.8894583376748812,Выше
2020-08-19 19:30:00+05:00,31.415,30.51954124777461,Вверх,2.9340504988445115,True,0.214571201613392,0.1577236606593241,0.05684754095406788,False,31.227087896033183,Зелёный,0.8954587522253874,Выше
2020-08-19 20:00:00+05:00,31.36,30.5279040214286,Вверх,2.7256898409642587,True,0.2141683680070834,0.169012602128876,0.04515576587820738,False,31.227087896033183,Зелёный,0.8320959785713988,Выше
2020-08-19 20:30:00+05:00,31.31,30.535686070966623,Вверх,2.535767256821502,True,0.2074234884806927,0.1766947793992393,0.030728709081453393,False,31.227087896033183,Зелёный,0.7743139290333758,Выше
2020-08-19 21:00:00+05:00,31.335,30.54363944339482,Вверх,2.5909176870417627,True,0.2017695402650794,0.1817097315724073,0.0200598086926721,False,31.227087896033183,Зелёный,0.7913605566051807,Выше
2020-08-19 21:30:00+05:00,31.365,30.55181218525159,Вверх,2.6616680209266406,True,0.1974336031700581,0.1848545058919375,0.012579097278120593,False,31.227087896033183,Зелёный,0.8131878147484102,Выше
2020-08-19 22:00:00+05:00,31.31,30.55935634261227,Вверх,2.4563464261877312,True,0.1873990814782864,0.1853634210092073,0.0020356604690791036,False,31.227087896033183,Зелёный,0.7506436573877302,Выше
2020-08-19 22:30:00+05:00,31.33,30.56702443870568,Вверх,2.4960740382966295,True,0.1789971162613319,0.1840901600596322,-0.0050930437983002785,Выше,31.227087896033183,Зелёный,0.7629755612943185,Выше
2020-08-19 23:00:00+05:00,31.315,30.57446698160413,Вверх,2.422063543549041,True,0.1691779456068936,0.1811077171690845,-0.01192977156219091,False,31.227087896033183,Зелёный,0.7405330183958725,Выше
2020-08-19 23:30:00+05:00,31.25,30.581188703180214,Вверх,2.1870022886004916,True,0.1543717242040543,0.1757605185760785,-0.021388794372024206,False,31.227087896033183,Зелёный,0.6688112968197863,Выше
2020-08-20 00:00:00+05:00,31.3,30.58834105439235,Вверх,2.3265692779551963,True,0.1450007903504939,0.1696085729309616,-0.024607782580467696,False,31.227087896033183,Зелёный,0.711658945607649,Выше
2020-08-20 00:30:00+05:00,31.295,30.595372486686955,Вверх,2.2867102324623683,True,0.1356075995495551,0.1628083782546803,-0.027200778705125217,False,31.227087896033183,Зелёный,0.6996275133130467,Выше
2020-08-20 01:00:00+05:00,31.325,30.6026324619438,Вверх,2.36047516158784,True,0.1290960386707631,0.1560659103378968,-0.026969871667133688,False,31.227087896033183,Зелёный,0.7223675380562007,Выше
2020-08-20 01:30:00+05:00,31.27,30.60927293495929,Вверх,2.158584643433606,True,0.1181357440942605,0.1484798770891696,-0.030344132994909095,False,31.227087896033183,Зелёный,0.6607270650407102,Выше
2020-08-20 12:00:00+05:00,31.035,30.6135090251587,Вверх,1.3768136625400016,True,0.0894559036813973,0.1366750824076151,-0.04721917872621781,False,31.438071910715323,Красный,0.4214909748413014,Выше
2020-08-20 12:30:00+05:00,30.905,30.616409432868565,Вверх,0.9426009531399092,True,0.055596132375804,0.1204592924012529,-0.0648631600254489,False,31.274264719643792,Красный,0.28859056713143616,Выше
2020-08-20 13:00:00+05:00,30.71,30.61734068229276,Вверх,0.3026367269082577,True,0.0128786918101617,0.0989431722830347,-0.086064480472873,False,31.04833824767941,Красный,0.09265931770724123,Выше
2020-08-20 13:30:00+05:00,30.705,30.618212914309748,Вверх,0.2834492200218836,True,-0.0211350145225814,0.0749275349219114,-0.0960625494444928,False,30.99525442291147,Красный,0.08678708569025062,Выше
2020-08-20 14:00:00+05:00,30.83,30.620320248495723,Вверх,0.684773215311411,True,-0.0375715649026773,0.0524277149569937,-0.089999279859671,False,30.99525442291147,Красный,0.2096797515042752,Выше
2020-08-20 14:30:00+05:00,30.875,30.622854375376363,Вверх,0.8233903395575871,True,-0.0464312945178235,0.0326559130620302,-0.0790872075798537,False,30.99525442291147,Красный,0.2521456246236369,Выше
2020-08-20 15:00:00+05:00,30.82,30.62481602338257,Вверх,0.6373392626045573,True,-0.0572310109454399,0.0146785282605362,-0.07190953920597609,False,30.99525442291147,Красный,0.1951839766174288,Выше
2020-08-20 15:30:00+05:00,30.78,30.626360142552898,Вверх,0.5016588870893386,True,-0.0682310051728265,-0.0019033784261363,-0.0663276267466902,False,30.99525442291147,Красный,0.15363985744710362,Выше
2020-08-20 16:00:00+05:00,30.965,30.629729693373267,Вверх,1.094591137378754,True,-0.0613138381980071,-0.0137854703805104,-0.0475283678174967,False,30.99525442291147,Красный,0.3352703066267324,Выше
2020-08-20 16:30:00+05:00,30.945,30.632866711349656,Вверх,1.0189489987716254,True,-0.0567911137795853,-0.0223865990603254,-0.0344045147192599,False,30.99525442291147,Красный,0.31213328865034384,Выше
2020-08-20 17:00:00+05:00,30.96,30.63612176894817,Вверх,1.0571776463563527,True,-0.0514038953460129,-0.0281900583174629,-0.023213837028549997,False,30.99525442291147,Красный,0.32387823105183244,Выше
2020-08-20 17:30:00+05:00,30.89,30.63864792050093,Вверх,0.820375886531489,True,-0.0521813863698987,-0.0329883239279501,-0.0191930624419486,False,30.99525442291147,Красный,0.2513520794990711,Выше
2020-08-20 18:00:00+05:00,30.75,30.639755901391467,Вверх,0.35980736583977185,True,-0.0633639632533444,-0.039063451793029,-0.024300511460315394,False,30.99525442291147,Красный,0.11024409860853268,Выше
2020-08-20 18:30:00+05:00,30.795,30.64130061879056,Вверх,0.5016085417574841,True,-0.0678134014013061,-0.0448134417146844,-0.022999959686621697,False,30.99525442291147,Красный,0.15369938120944227,Выше
2020-08-20 19:00:00+05:00,30.8,30.64287971711105,Вверх,0.5127464661919947,True,-0.0701277657462711,-0.0498763065210017,-0.020251459225269393,False,30.98609090475863,Красный,0.1571202828889504,Выше
2020-08-20 19:30:00+05:00,30.77,30.64414459554776,Вверх,0.4106996821524062,True,-0.0735349997402323,-0.0546080451648478,-0.018926954575384493,False,30.98609090475863,Красный,0.12585540445223842,Выше
2020-08-20 20:00:00+05:00,30.65,30.64420285827863,Вверх,0.018917580425179534,True,-0.0849391289407393,-0.0606742619200261,-0.024264867020713198,False,30.92618363285449,Красный,0.005797141721370025,Выше
2020-08-20 20:30:00+05:00,30.67,30.644459546255955,Вверх,0.08334444177582725,True,-0.0913105791241477,-0.0668015253608504,-0.02450905376329729,False,30.868815269569044,Красный,0.025540453744046232,Выше
2020-08-20 21:00:00+05:00,30.76,30.64560920251212,Вверх,0.37326977816614976,True,-0.0880823924687099,-0.0710576987824224,-0.017024693686287506,False,30.868815269569044,Красный,0.11439079748788217,Выше
2020-08-20 21:30:00+05:00,30.89,30.648040951740853,Вверх,0.7894763930919498,True,-0.0741790280809056,-0.071681964642119,-0.002497063438786598,False,30.586984631649077,Зелёный,0.24195904825914738,Выше
2020-08-20 22:00:00+05:00,30.845,30.650000743265824,Вверх,0.6362128939817994,True,-0.0660304773146087,-0.0705516671766169,0.004521189862008196,Ниже,30.631036168484165,Зелёный,0.1949992567341745,Выше
2020-08-20 22:30:00+05:00,30.885,30.652339044327856,Вверх,0.7590316528069281,True,-0.055702917855946,-0.0675819173124828,0.011878999456536796,False,30.66318255163575,Зелёный,0.23266095567214506,Выше
2020-08-20 23:00:00+05:00,30.88,30.654604327468878,Вверх,0.735275099698969,True,-0.0473755944298588,-0.063540652735958,0.016165058306099205,False,30.67761429647217,Зелёный,0.22539567253112125,Выше
2020-08-20 23:30:00+05:00,30.865,30.65669781674779,Вверх,0.6794671249243684,True,-0.0415080265669161,-0.0591341275021496,0.0176261009352335,False,30.682852866824955,Зелёный,0.20830218325220784,Выше
2020-08-21 00:00:00+05:00,30.92,30.659317738969207,Вверх,0.850254605305378,True,-0.0320504389071558,-0.0537173897831508,0.021666950875994996,False,30.719067580142458,Зелёный,0.2606822610307944,Выше
2020-08-21 00:30:00+05:00,30.945,30.662160348531707,Вверх,0.9224387592175569,True,-0.0222810988442958,-0.0474301315953798,0.025149032751084002,False,30.74391082212821,Зелёный,0.2828396514682936,Выше
2020-08-21 01:00:00+05:00,30.895,30.66447716098413,Вверх,0.7517585830851016,True,-0.0183617458167653,-0.0416164544396569,0.0232547086228916,False,30.7570197399154,Зелёный,0.2305228390158689,Выше
2020-08-21 01:30:00+05:00,30.955,30.6673679355017,Вверх,0.9379091975001972,True,-0.0102954521819,-0.0353522539881055,0.025056801806205502,False,30.77831776592385,Зелёный,0.2876320644982968,Выше
2020-08-21 12:00:00+05:00,31.07,30.67137422470069,Вверх,1.2996671501542476,True,0.0053154098076042,-0.0272187212289636,0.0325341310365678,False,30.866985989331468,Зелёный,0.39862577529931187,Выше
2020-08-21 12:30:00+05:00,31.0,30.674644132912626,Вверх,1.060667128451805,True,0.0119015220807732,-0.0193946725670162,0.0312961946477894,False,30.866985989331468,Зелёный,0.3253558670873744,Выше
2020-08-21 13:00:00+05:00,31.12,30.679075534575187,Вверх,1.4372156192512846,True,0.0264986012454429,-0.0102160178045244,0.0367146190499673,False,30.866985989331468,Зелёный,0.4409244654248141,Выше
2020-08-21 13:30:00+05:00,30.93,30.681572295425187,Вверх,0.8096967853627709,True,0.0224763857619763,-0.0036775370912242,0.0261539228532005,False,30.866985989331468,Зелёный,0.24842770457481222,Выше
2020-08-21 14:00:00+05:00,30.895,30.68369595417718,Вверх,0.6886525213207082,True,0.0162769133944493,0.0003133530059104,0.0159635603885389,False,30.866985989331468,Зелёный,0.21130404582282125,Выше
2020-08-21 14:30:00+05:00,30.96,30.68644524816547,Вверх,0.891451419746591,True,0.016419470218814,0.0035345764484911,0.0128848937703229,False,30.866985989331468,Зелёный,0.2735547518345314,Выше
2020-08-21 15:00:00+05:00,30.99,30.68946569345736,Вверх,0.979275134811838,True,0.0187372059619086,0.0065751023511746,0.012162103610734002,False,30.866985989331468,Зелёный,0.30053430654263735,Выше
2020-08-21 15:30:00+05:00,31.04,30.692953597005047,Вверх,1.1307038336930073,True,0.0243281703650488,0.0101257159539495,0.0142024544110993,False,30.866985989331468,Зелёный,0.3470464029949518,Выше
2020-08-21 16:00:00+05:00,30.99,30.695909282606987,Вверх,0.9580778816011487,True,0.024442707485857,0.012989114260331,0.011453593225526002,False,30.866985989331468,Зелёный,0.2940907173930114,Выше
2020-08-21 16:30:00+05:00,30.8,30.69694501113826,Вверх,0.3357174103948985,True,0.0090972000165656,0.0122107314115779,-0.0031135313950123,Выше,31.147376683604552,Красный,0.10305498886173936,Выше
2020-08-21 17:00:00+05:00,30.575,30.69573162794286,Вниз,0.39331731657751245,True,-0.0209780232145497,0.0055729804863524,-0.0265510037009021,False,30.954389015244097,Красный,-0.12073162794285963,Ниже
2020-08-21 17:30:00+05:00,30.51,30.693883552042934,Вниз,0.5990885830108424,True,-0.0494873516923206,-0.0054390859493822,-0.0440482657429384,False,30.789200113719687,Красный,-0.18388355204293205,Ниже
2020-08-21 18:00:00+05:00,30.685,30.693795158490268,Вниз,0.02865451614847365,True,-0.0572996477738527,-0.0158111983142763,-0.0414884494595764,False,30.789200113719687,Красный,-0.008795158490269017,Ниже
2020-08-21 18:30:00+05:00,30.745,30.694304659400814,Вверх,0.1651620428015158,True,-0.0579810803417366,-0.0242451747197683,-0.03373590562196831,False,30.789200113719687,Красный,0.05069534059918723,Выше
2020-08-21 19:00:00+05:00,30.655,30.6939135682625,Вниз,0.1267794286836531,True,-0.0650337003839034,-0.0324028798525954,-0.032630820531307995,False,30.789200113719687,Красный,-0.03891356826249748,Ниже
2020-08-21 19:30:00+05:00,30.83,30.695267662110638,Вверх,0.43893521103147215,True,-0.0558580186461838,-0.0370939076113131,-0.018764111034870704,False,30.44789680538851,Зелёный,0.13473233788936056,Выше
2020-08-21 20:00:00+05:00,30.73,30.695613257512523,Вверх,0.11202494049882326,True,-0.0560097435679587,-0.0408770748026422,-0.0151326687653165,False,30.54360712484966,Зелёный,0.034386742487477306,Выше
2020-08-21 20:30:00+05:00,31.0,30.698641981318367,Вверх,0.981665634802425,True,-0.0339518671554657,-0.0394920332732069,0.005540166117741198,Ниже,30.54360712484966,Зелёный,0.3013580186816327,Выше
2020-08-21 21:00:00+05:00,30.865,30.70029728498684,Вверх,0.5364857332951736,True,-0.0270523700555891,-0.0370041006296833,0.009951730574094198,False,30.703246771128224,Зелёный,0.16470271501315992,Выше
2020-08-21 21:30:00+05:00,31.035,30.703627660260608,Вверх,1.0792611980775288,True,-0.0077772384809797,-0.0311587281999426,0.0233814897189629,False,30.703246771128224,Зелёный,0.3313723397393922,Выше
2020-08-21 22:00:00+05:00,30.975,30.70632788254657,Вверх,0.8749731276273623,True,0.0026266650430741,-0.0244016495513392,0.0270283145944133,False,30.703246771128224,Зелёный,0.26867211745343056,Выше
2020-08-21 22:30:00+05:00,31.0,30.709249993168,Вверх,0.9467831578325203,True,0.0127422399973227,-0.0169728716416068,0.029715111638929502,False,30.703246771128224,Зелёный,0.29075000683199903,Выше
2020-08-21 23:00:00+05:00,31.07,30.712839545474782,Вверх,1.1629027462484878,True,0.0261063828817391,-0.0083570207369376,0.0344634036186767,False,30.703246771128224,Зелёный,0.35716045452521783,Выше
2020-08-21 23:30:00+05:00,31.085,30.71654263457454,Вверх,1.1995404880324139,True,0.0374759377583409,0.000809570962118,0.0366663667962229,False,30.703246771128224,Зелёный,0.3684573654254599,Выше
2020-08-22 00:00:00+05:00,31.125,30.72060688696684,Вверх,1.316357826266517,True,0.0491475156501692,0.0104771598997282,0.038670355750441,False,30.786091104795155,Зелёный,0.4043931130331586,Выше
2020-08-22 00:30:00+05:00,31.055,30.72393418162389,Вверх,1.0775502135209052,True,0.0521477830508878,0.0188112845299602,0.0333364985209276,False,30.786091104795155,Зелёный,0.3310658183761106,Выше
2020-08-22 01:00:00+05:00,31.1,30.72767613006544,Вверх,1.211688994503108,True,0.0574938867631225,0.0265478049765926,0.030946081786529897,False,30.823333794884075,Зелёный,0.37232386993456146,Выше
2020-08-22 01:30:00+05:00,31.105,30.731430596432947,Вверх,1.2155939255571597,True,0.061426088967714,0.0335234617748169,0.0279026271928971,False,30.823333794884075,Зелёный,0.37356940356705337,Выше
2020-08-24 12:00:00+05:00,31.8,30.74206312781173,Вверх,3.4413333542054216,True,0.119248457202449,0.0506684608603433,0.06857999634210571,False,31.459150373856104,Зелёный,1.0579368721882716,Выше
2020-08-24 12:30:00+05:00,31.825,30.75283861907728,Вверх,3.486381840073819,True,0.1651862276746492,0.0735720142232045,0.09161421345144469,False,31.459150373856104,Зелёный,1.0721613809227186,Выше
2020-08-24 13:00:00+05:00,31.95,30.7647506726188,Вверх,3.852621267742287,True,0.2092664042249516,0.1007108922235539,0.10855551200139771,False,31.546561802823444,Зелёный,1.1852493273812001,Выше
2020-08-24 13:30:00+05:00,32.145,30.77848449677185,Вверх,4.439840120690409,True,0.2569729083116598,0.1319632954411751,0.1250096128704847,False,31.6979056225411,Зелёный,1.366515503228154,Выше
2020-08-24 14:00:00+05:00,32.195,30.792579178396007,Вверх,4.554411676524738,True,0.2954099367749023,0.1646526237079206,0.13075731306698168,False,31.6979056225411,Зелёный,1.402420821603993,Выше
2020-08-24 14:30:00+05:00,32.23,30.80688187313833,Вверх,4.6194812338425475,True,0.3249499455506601,0.1967120880764685,0.12823785747419159,False,31.71730355425829,Зелёный,1.4231181268616666,Выше
2020-08-24 15:00:00+05:00,32.15,30.8202462326096,Вверх,4.314546215349325,True,0.3380089274057312,0.224971455942321,0.11303747146341017,False,31.80857319883246,Зелёный,1.3297537673904003,Выше
2020-08-24 15:30:00+05:00,32.045,30.83243283726025,Вверх,3.932765115033006,True,0.3360123014812934,0.2471796250501155,0.0888326764311779,False,31.80857319883246,Зелёный,1.2125671627397523,Выше
2020-08-24 16:00:00+05:00,32.02,30.84424942594423,Вверх,3.8118955589394425,True,0.3286244914096521,0.2634685983220228,0.06515589308762931,False,31.80857319883246,Зелёный,1.1757505740557725,Выше
2020-08-24 16:30:00+05:00,32.07,30.856445949069165,Вверх,3.932902878490592,True,0.3230799166650939,0.2753908619906371,0.04768905467445678,False,31.80857319883246,Зелёный,1.213554050930835,Выше
2020-08-24 17:00:00+05:00,32.165,30.86946638738689,Вверх,4.196812463018337,True,0.3226324017892779,0.2848391699503653,0.03779323183891259,False,31.80857319883246,Зелёный,1.2955336126131094,Выше
2020-08-24 17:30:00+05:00,32.15,30.88220801537309,Вверх,4.10525045358092,True,0.3174084809972299,0.2913530321597382,0.026055448837491724,False,31.80918368817857,Зелёный,1.267791984626907,Выше
2020-08-24 18:00:00+05:00,32.205,30.895370124672866,Вверх,4.238919521087951,True,0.3140859392826947,0.2958996135843295,0.018186325698365202,False,31.89826531936072,Зелёный,1.3096298753271327,Выше
2020-08-24 18:30:00+05:00,32.2,30.908351516467164,Вверх,4.178962708006871,True,0.3075046209675136,0.2982206150609663,0.009284005906547266,False,31.89826531936072,Зелёный,1.291648483532839,Выше
2020-08-24 19:00:00+05:00,32.025,30.91946244665157,Вверх,3.5755393718630275,True,0.2848838773192383,0.2955532675126208,-0.010669390193382478,Выше,31.89826531936072,Зелёный,1.1055375533484302,Выше
2020-08-24 19:30:00+05:00,32.035,30.93056232280429,Вверх,3.570700285592401,True,0.2647122533518562,0.2893850646804679,-0.024672811328611655,False,31.89826531936072,Зелёный,1.1044376771957083,Выше
2020-08-24 20:00:00+05:00,32.1,30.942198518597287,Вверх,3.741820351604418,True,0.2510767957893591,0.2817234109022461,-0.03064661511288702,False,31.89826531936072,Зелёный,1.1578014814027142,Выше
2020-08-24 20:30:00+05:00,32.075,30.95347017512866,Вверх,3.62327654549214,True,0.2355381689721376,0.2724863625162244,-0.036948193544086766,False,31.89826531936072,Зелёный,1.1215298248713417,Выше
2020-08-24 21:00:00+05:00,32.165,30.965525198261712,Вверх,3.8735813265186305,True,0.2278593226740639,0.2635609545477924,-0.03570163187372849,False,31.89826531936072,Зелёный,1.1994748017382868,Выше
2020-08-24 21:30:00+05:00,32.135,30.97716176345314,Вверх,3.737715693220404,True,0.2168532827234415,0.2542194201829222,-0.0373661374594807,False,31.89826531936072,Зелёный,1.1578382365468585,Выше
2020-08-24 22:00:00+05:00,32.105,30.98838403446356,Вверх,3.603337186910417,True,0.2033658920758192,0.2440487145615016,-0.04068282248568239,False,31.89826531936072,Зелёный,1.116615965536436,Выше
2020-08-24 22:30:00+05:00,32.105,30.99949464108581,Вверх,3.5662044549880574,True,0.1904812880974731,0.2333352292686959,-0.04285394117122279,False,31.89826531936072,Зелёный,1.1055053589141863,Выше
2020-08-24 23:00:00+05:00,32.165,31.01109170933372,Вверх,3.7209534623348217,True,0.1830021107572008,0.2232686055663969,-0.04026649480919611,False,31.92112537548662,Зелёный,1.1539082906662799,Выше
2020-08-24 23:30:00+05:00,32.18,31.022722637599053,Вверх,3.7304184288401085,True,0.1762534434876741,0.2138655731506524,-0.037612129662978305,False,31.96501283793796,Зелёный,1.1572773624009471,Выше
2020-08-25 00:00:00+05:00,32.19,31.034337337722448,Вверх,3.723819360798253,True,0.169755160658422,0.2050434906522063,-0.03528832999378431,False,32.00376155414416,Зелёный,1.1556626622775497,Выше
2020-08-25 00:30:00+05:00,32.18,31.04573696620282,Вверх,3.6535226560476453,True,0.1619316608844059,0.1964211246986462,-0.03448946381424031,False,32.018135398729754,Зелёный,1.134263033797179,Выше
2020-08-25 01:00:00+05:00,32.25,31.057719682957025,Вверх,3.8389177609109564,True,0.1595408088006671,0.1890450615190504,-0.029504252718383306,False,32.054321858856774,Зелёный,1.1922803170429752,Выше
2020-08-25 01:30:00+05:00,32.145,31.068538392579345,Вверх,3.464796424661446,True,0.1474734368398955,0.1807307365832194,-0.03325729974332389,False,32.054321858856774,Зелёный,1.0764616074206579,Выше
2020-08-25 12:00:00+05:00,32.085,31.078652438424328,Вверх,3.238066912873827,True,0.1315520093852811,0.1708949911436318,-0.03934298175835069,False,32.054321858856774,Зелёный,1.006347561575673,Выше
2020-08-25 12:30:00+05:00,32.235,31.09015838431065,Вверх,3.682328026566379,True,0.1295446003039089,0.1626249129756872,-0.0330803126717783,False,32.054321858856774,Зелёный,1.144841615689348,Выше
2020-08-25 13:00:00+05:00,32.255,31.101748848148365,Вверх,3.707994548738363,True,0.1280909937552081,0.1557181291315914,-0.027627135376383283,False,32.054321858856774,Зелёный,1.153251151851638,Выше
2020-08-25 13:30:00+05:00,32.25,31.113174232743905,Вверх,3.6538405202632296,True,0.1250935414021867,0.1495932115857104,-0.024499670183523697,False,32.054321858856774,Зелёный,1.136825767256095,Выше
2020-08-25 14:00:00+05:00,31.96,31.121600359781283,Вверх,2.6939477100354683,True,0.0981856395141775,0.1393116971714039,-0.041126057657226406,False,32.3529857220073,Красный,0.8383996402187179,Выше
2020-08-25 14:30:00+05:00,31.78,31.128151599982463,Вверх,2.094080009613888,True,0.0616260509749793,0.123774567932119,-0.062148516957139695,False,32.15318714980657,Красный,0.6518484000175384,Выше
2020-08-25 15:00:00+05:00,31.82,31.135035663664237,Вверх,2.1999792893609653,True,0.0354710907123632,0.1061138724881678,-0.0706427817758046,False,32.05611843482591,Красный,0.6849643363357636,Выше
2020-08-25 15:30:00+05:00,31.885,31.142497995369062,Вверх,2.3842082441214267,True,0.0197602689600273,0.0888431517825397,-0.06908288282251239,False,32.05611843482591,Красный,0.7425020046309392,Выше
2020-08-25 16:00:00+05:00,31.87,31.1497368212858,Вверх,2.312260879912213,True,0.0060294511317309,0.0722804116523779,-0.06625096052064701,False,32.05611843482591,Красный,0.7202631787142018,Выше
2020-08-25 16:30:00+05:00,32.085,31.15904292256653,Вверх,2.971712191977686,True,0.012353973333127,0.0602951239885278,-0.0479411506554008,False,31.775087161011907,Зелёный,0.9259570774334698,Выше
2020-08-25 17:00:00+05:00,32.085,31.16825642582458,Вверх,2.9412732032576865,True,0.0171682972990865,0.0516697586506395,-0.03450146135155299,False,31.853328444910712,Зелёный,0.9167435741754204,Выше
2020-08-25 17:30:00+05:00,32.11,31.1776270086522,Вверх,2.9905194230755776,True,0.0227388554228511,0.0458835780050818,-0.023144722582230697,False,31.853328444910712,Зелёный,0.9323729913478012,Выше
2020-08-25 18:00:00+05:00,32.1,31.18680484936213,Вверх,2.9281459099409783,True,0.0260463997600126,0.041916142356068,-0.0158697425960554,False,31.889721040377683,Зелёный,0.9131951506378719,Выше
2020-08-25 18:30:00+05:00,32.07,31.195592860811264,Вверх,2.8029829184211157,True,0.025947793189303,0.038722472522715,-0.012774679333411997,False,31.889721040377683,Зелёный,0.8744071391887367,Выше
2020-08-25 19:00:00+05:00,32.115,31.20474119055444,Вверх,2.9170529051562646,True,0.029164579571919,0.0368108939325558,-0.0076463143606367995,False,31.889721040377683,Зелёный,0.9102588094455619,Выше
2020-08-25 19:30:00+05:00,32.105,31.2136989896534,Вверх,2.8554802512898063,True,0.0305547731244359,0.0355596697709318,-0.0050048966464959,False,31.912191638435324,Зелёный,0.8913010103465986,Выше
2020-08-25 20:00:00+05:00,32.13,31.22281641264192,Вверх,2.905514913737157,True,0.0332900555587443,0.0351057469284943,-0.0018156913697500027,False,31.92672247459181,Зелёный,0.9071835873580838,Выше
2020-08-25 20:30:00+05:00,32.11,31.23164411002857,Вверх,2.812390813871333,True,0.0334582676590287,0.0347762510746012,-0.0013179834155725018,False,31.95230022713261,Зелёный,0.8783558899714308,Выше
2020-08-25 21:00:00+05:00,32.135,31.240632725849185,Вверх,2.8628334195382474,True,0.035203068960854,0.0348616146518518,0.0003414543090021968,Выше,31.95230022713261,Зелёный,0.8943672741508131,Выше
2020-08-25 21:30:00+05:00,32.15,31.249681156437752,Вверх,2.8810496947319137,True,0.0373654851493441,0.0353623887513502,0.0020030963979939045,False,31.95230022713261,Зелёный,0.9003188435622462,Выше
2020-08-25 22:00:00+05:00,32.165,31.25878880662245,Вверх,2.899060481785394,True,0.039830449568825,0.0362560009148452,0.003574448653979795,False,31.971739365579683,Зелёный,0.9062111933775476,Выше
2020-08-25 22:30:00+05:00,32.19,31.26805458964114,Вверх,2.9485218139036133,True,0.04330208323573,0.0376652173790222,0.0056368658567078,False,31.991315429021707,Зелёный,0.9219454103588589,Выше
2020-08-25 23:00:00+05:00,32.21,31.27742718078899,Вверх,2.981616147071742,True,0.0471239947042576,0.0395569728440692,0.0075670218601884,False,32.01543388611954,Зелёный,0.9325728192110105,Выше
2020-08-25 23:30:00+05:00,32.185,31.286457756104525,Вверх,2.871984584832574,True,0.0475870422114681,0.041162986717549,0.006424055493919105,False,32.03239049750758,Зелёный,0.8985422438954771,Выше
2020-08-26 00:00:00+05:00,32.185,31.29539847494926,Вверх,2.8425952964389776,True,0.047407526244612,0.0424118946229616,0.004995631621650405,False,32.03239049750758,Зелёный,0.8896015250507432,Выше
2020-08-26 00:30:00+05:00,32.185,31.304250231417427,Вверх,2.8135149766297265,True,0.0467266231224954,0.0432748403228684,0.003451782799626997,False,32.03623630298114,Зелёный,0.8807497685825751,Выше
2020-08-26 01:00:00+05:00,32.205,31.31321291568193,Вверх,2.847957782931477,True,0.0472560964812629,0.0440710915545473,0.0031850049267156053,False,32.06561267268303,Зелёный,0.891787084318068,Выше
2020-08-26 01:30:00+05:00,32.245,31.322484428958727,Вверх,2.9452183881951974,True,0.0503232782127085,0.0453215288861795,0.005001749326529005,False,32.09930140541472,Зелёный,0.92251557104127,Выше
2020-08-26 12:00:00+05:00,32.28,31.332011947078545,Вверх,3.0256213821271962,True,0.0549448789628428,0.0472461989015122,0.0076986800613306,False,32.09930140541472,Зелёный,0.9479880529214562,Выше
2020-08-26 12:30:00+05:00,31.935,31.33801182820214,Вверх,1.9049969572754053,True,0.0304182712432918,0.0438806133698681,-0.0134623421265763,Выше,32.23986586161408,Красный,0.5969881717978573,Выше
2020-08-26 13:00:00+05:00,31.98,31.34439977021008,Вверх,2.027795186539183,True,0.0144453646682194,0.0379935636295384,-0.023548198961319003,False,32.09462927545267,Красный,0.6356002297899188,Выше
2020-08-26 13:30:00+05:00,31.99,31.350823653093563,Вверх,2.0387864573483507,True,0.0025640804322648,0.0309076669900837,-0.0283435865578189,False,32.09462927545267,Красный,0.6391763469064351,Выше
2020-08-26 14:00:00+05:00,32.05,31.357780631669748,Вверх,2.2074883948615405,True,-0.0019875135466946,0.024328630882728,-0.026316144429422598,False,32.09462927545267,Красный,0.6922193683302496,Выше
2020-08-26 14:30:00+05:00,32.015,31.36432012787204,Вверх,2.074586247924851,True,-0.0083229502704256,0.0177983146520973,-0.026121264922522897,False,32.09462927545267,Красный,0.6506798721279594,Выше
2020-08-26 15:00:00+05:00,32.05,31.37114281316684,Вверх,2.1639542775860607,True,-0.0103997402930602,0.0121587036630657,-0.022558443956125898,False,32.09462927545267,Красный,0.6788571868331559,Выше
2020-08-26 15:30:00+05:00,31.99,31.377300596120406,Вверх,1.9526836032394332,True,-0.0166946642105827,0.006388030088336,-0.0230826942989187,False,32.09462927545267,Красный,0.6126994038795921,Выше
2020-08-26 16:00:00+05:00,32.03,31.383795117552044,Вверх,2.059039960041524,True,-0.0182454488843006,0.0014613342938087,-0.0197067831781093,False,32.09462927545267,Красный,0.6462048824479574,Выше
2020-08-26 16:30:00+05:00,32.02,31.390125514392324,Вверх,2.0066007232716636,True,-0.020050246575856,-0.0028409818801242,-0.0172092646957318,False,32.09462927545267,Красный,0.6298744856076794,Выше
2020-08-26 17:00:00+05:00,31.925,31.39544764857748,Вверх,1.6867169958843193,True,-0.028814116601147,-0.0080356088243288,-0.0207785077768182,False,32.09462927545267,Красный,0.5295523514225202,Выше
2020-08-26 17:30:00+05:00,32.03,31.40176160232297,Вверх,2.000646988003871,True,-0.0269759621582608,-0.0118236794911152,-0.015152282667145599,False,32.09462927545267,Красный,0.6282383976770305,Выше
2020-08-26 18:00:00+05:00,31.96,31.40731621324513,Вверх,1.7597294305643052,True,-0.0308124398778488,-0.0156214315684619,-0.0151910083093869,False,32.09462927545267,Красный,0.5526837867548693,Выше
2020-08-26 18:30:00+05:00,32.06,31.4138105792825,Вверх,2.0570233562930604,True,-0.0254898803717935,-0.0175951213291282,-0.007894759042665303,False,32.09462927545267,Красный,0.6461894207175014,Выше
2020-08-26 19:00:00+05:00,32.055,31.420190573518497,Вверх,2.0203869387620204,True,-0.0214281613243514,-0.0183617293281729,-0.003066431996178502,False,32.09462927545267,Красный,0.6348094264815032,Выше
2020-08-26 19:30:00+05:00,32.04,31.42635783149344,Вверх,1.9526353381351957,True,-0.0191982884373373,-0.0185290411500058,-0.0006692472873315002,False,32.09462927545267,Красный,0.6136421685065585,Выше
2020-08-26 20:00:00+05:00,31.985,31.431916460035797,Вверх,1.7596239817811359,True,-0.0216199175037772,-0.01914721642076,-0.002472701083017198,False,32.09462927545267,Красный,0.5530835399642022,Выше
2020-08-26 20:30:00+05:00,31.91,31.43667351018469,Вверх,1.5056506842620114,True,-0.0292537303905433,-0.0211685192147167,-0.008085211175826602,False,32.09462927545267,Красный,0.4733264898153102,Выше
2020-08-26 21:00:00+05:00,32.065,31.442925515058477,Вверх,1.978424318830004,True,-0.0225365897133329,-0.0214421333144399,-0.001094456398892999,False,32.09462927545267,Красный,0.6220744849415212,Выше
2020-08-26 21:30:00+05:00,32.0,31.448468544759383,Вверх,1.753762522507715,True,-0.0222022306105245,-0.0215941527736568,-0.0006080778368676987,False,32.09462927545267,Красный,0.5515314552406174,Выше
2020-08-26 22:00:00+05:00,32.085,31.454802191080187,Вверх,2.0035026928210105,True,-0.0149066246968061,-0.0202566471582867,0.0053500224614806,Ниже,32.09462927545267,Красный,0.6301978089198137,Выше
2020-08-26 22:30:00+05:00,32.045,31.46067480609432,Вверх,1.85731932804089,True,-0.0122117012635811,-0.0186476579793456,0.006435956715764499,False,32.09462927545267,Красный,0.5843251939056806,Выше
2020-08-26 23:00:00+05:00,32.12,31.46723525578492,Вверх,2.074426745498948,True,-0.0039782233456691,-0.0157137710526103,0.011735547706941199,False,31.9108085442941,Зелёный,0.6527647442150766,Выше
2020-08-26 23:30:00+05:00,32.08,31.473332417418906,Вверх,1.9275606870447963,True,-0.0006730400954992,-0.0127056248611881,0.0120325847656889,False,31.9108085442941,Зелёный,0.6066675825810925,Выше
2020-08-27 00:00:00+05:00,32.065,31.47921965704657,Вверх,1.860847725373336,True,0.0007275797169796,-0.0100189839455545,0.0107465636625341,False,31.91760492087822,Зелёный,0.5857803429534272,Выше
2020-08-27 00:30:00+05:00,32.02,31.48460055598144,Вверх,1.7005121061218202,True,-0.00177310367458,-0.0083698078913596,0.0065967042167796005,False,31.91760492087822,Зелёный,0.5353994440185623,Выше
2020-08-27 01:00:00+05:00,32.05,31.49022642109605,Вверх,1.7776105240352964,True,-0.0013189598511615,-0.00695963828332,0.0056406784321585,False,31.91760492087822,Зелёный,0.5597735789039469,Выше
2020-08-27 01:30:00+05:00,32.07,31.495995312428438,Вверх,1.8224687992160653,True,0.0006473233136432,-0.0054382459639273,0.0060855692775705,False,31.943776487320225,Зелёный,0.5740046875715628,Выше
2020-08-27 12:00:00+05:00,32.195,31.50295058295153,Вверх,2.1967765058266835,True,0.0121519916243713,-0.0019201984462676,0.014072190070638901,False,31.9486488385882,Зелёный,0.6920494170484695,Выше
2020-08-27 12:30:00+05:00,32.235,31.510234656753013,Вверх,2.300095036238203,True,0.0242180195985994,0.0033074451627057,0.0209105744358937,False,32.05203395472938,Зелёный,0.724765343246986,Выше
2020-08-27 13:00:00+05:00,32.175,31.51684923728284,Вверх,2.0882505029677807,True,0.0286091467054845,0.0083677854712615,0.020241361234223,False,32.05203395472938,Зелёный,0.6581507627171561,Выше
2020-08-27 13:30:00+05:00,32.175,31.52339800109097,Вверх,2.067042388280842,True,0.0317234582940102,0.0130389200358112,0.018684538258199,False,32.05203395472938,Зелёный,0.651601998909026,Выше
2020-08-27 14:00:00+05:00,32.2,31.530130359289075,Вверх,2.124538126159628,True,0.0357962271078804,0.0175903814502251,0.0182058456576553,False,32.05203395472938,Зелёный,0.6698696407109281,Выше
2020-08-27 14:30:00+05:00,32.235,31.537143987554856,Вверх,2.2128066280210104,True,0.0413712314252094,0.0223465514452219,0.019024679979987497,False,32.06383922769795,Зелёный,0.6978560124451434,Выше
2020-08-27 15:00:00+05:00,32.26,31.54433658469361,Вверх,2.2687540547410086,True,0.0472619472701225,0.027329630610202,0.0199323166599205,False,32.08170530492816,Зелёный,0.7156634153063877,Выше
2020-08-27 15:30:00+05:00,32.23,31.551159106238952,Вверх,2.151556117083541,True,0.0489454203991002,0.0316527885679817,0.017292631831118503,False,32.08170530492816,Зелёный,0.6788408937610448,Выше
2020-08-27 16:00:00+05:00,32.205,31.557664985778864,Вверх,2.05127665343063,True,0.0477122962648337,0.0348646901073521,0.012847606157481595,False,32.08170530492816,Зелёный,0.6473350142211345,Выше
2020-08-27 16:30:00+05:00,32.155,31.563608617761165,Вверх,1.8736494594159108,True,0.0422138395070419,0.03633451998729,0.005879319519751895,False,32.08170530492816,Зелёный,0.5913913822388359,Выше
2020-08-27 17:00:00+05:00,32.18,31.56974186534563,Вверх,1.9330475911310978,True,0.039419164389038,0.0369514488676396,0.002467715521398406,False,32.08170530492816,Зелёный,0.6102581346543694,Выше
2020-08-27 17:30:00+05:00,32.14,31.5754160756407,Вверх,1.7880490410856602,True,0.0335894996739227,0.0362790590288963,-0.0026895593549736,Выше,32.08170530492816,Зелёный,0.5645839243593009,Выше
2020-08-27 18:00:00+05:00,32.2,31.58163084105721,Вверх,1.9580026188479576,True,0.0334256370091026,0.0357083746249375,-0.002282737615834897,False,32.08170530492816,Зелёный,0.6183691589427944,Выше
2020-08-27 18:30:00+05:00,32.125,31.58703749935515,Вверх,1.7031116028397124,True,0.0269334296562178,0.0339533856311936,-0.007019955974975799,False,32.08170530492816,Зелёный,0.5379625006448485,Выше
2020-08-27 19:00:00+05:00,31.825,31.58940528543122,Вверх,0.7458029438668616,True,-0.0023916151889906,0.0266843854671567,-0.0290760006561473,False,32.17485555212038,Красный,0.23559471456878,Выше
2020-08-27 19:30:00+05:00,31.9,31.592495780103548,Вверх,0.9733457655159752,True,-0.0193569168176992,0.0174761250101855,-0.0368330418278847,False,32.06036999690834,Красный,0.30750421989645105,Выше
2020-08-27 20:00:00+05:00,31.93,31.595854031047796,Вверх,1.0575627062457416,True,-0.0300350657653467,0.0079738868550791,-0.0380089526204258,False,32.06036999690834,Красный,0.3341459689522033,Выше
2020-08-27 20:30:00+05:00,31.85,31.59838284665926,Вверх,0.7962975654855216,True,-0.0444406233082048,-0.0025090151775776,-0.0419316081306272,False,32.06036999690834,Красный,0.2516171533407423,Выше
2020-08-27 21:00:00+05:00,31.79,31.60028948500096,Вверх,0.6003442313054906,True,-0.060006907727157,-0.0140085936874935,-0.0459983140396635,False,31.958614727746177,Красный,0.1897105149990388,Выше
2020-08-27 21:30:00+05:00,31.645,31.600734365747225,Вверх,0.1400778657243948,True,-0.0830858267707554,-0.0278240403041459,-0.05526178646660951,False,31.896003254971564,Красный,0.04426563425277408,Выше
2020-08-27 22:00:00+05:00,31.455,31.59928427255571,Вниз,0.45660614117461007,True,-0.1153774490781778,-0.0453347220589523,-0.07004272701922551,False,31.731152929474405,Красный,-0.14428427255571208,Ниже
2020-08-27 22:30:00+05:00,31.365,31.596953085764117,Вниз,0.734099535276469,True,-0.1465417976201415,-0.0655761371711901,-0.0809656604489514,False,31.644787636526964,Красный,-0.23195308576411833,Ниже
2020-08-27 23:00:00+05:00,31.475,31.595739622224173,Вниз,0.3821389328681643,True,-0.1605133892399699,-0.0845635875849461,-0.07594980165502381,False,31.644787636526964,Красный,-0.12073962222417123,Ниже
2020-08-27 23:30:00+05:00,31.425,31.5940407205105,Вниз,0.5350398893445715,True,-0.1736191845063288,-0.1023747069692226,-0.0712444775371062,False,31.644787636526964,Красный,-0.16904072051049823,Ниже
2020-08-28 00:00:00+05:00,31.45,31.592607479510395,Вниз,0.45139509172481196,True,-0.1799143895212118,-0.1178826434796205,-0.0620317460415913,False,31.644787636526964,Красный,-0.14260747951039576,Ниже
2020-08-28 00:30:00+05:00,31.48,31.591487007077458,Вниз,0.35290205571039024,True,-0.1804030613759373,-0.1303867270588838,-0.05001633431705352,False,31.644787636526964,Красный,-0.11148700707745718,Ниже
2020-08-28 01:00:00+05:00,31.65,31.59206922591251,Вверх,0.18337125584661626,True,-0.1651687950356084,-0.1373431406542288,-0.0278256543813796,False,31.356204323507196,Зелёный,0.057930774087488146,Выше
2020-08-28 01:30:00+05:00,31.65,31.592645651525324,Вверх,0.18154335381502276,True,-0.151350850808452,-0.1401446826850734,-0.011206168123378601,False,31.422833891156472,Зелёный,0.05735434847467502,Выше
2020-08-28 12:00:00+05:00,31.07,31.58744519728129,Вниз,1.6381356391742201,True,-0.1850678363762519,-0.1491293134233091,-0.03593852295294281,False,31.754949497959178,Красный,-0.5174451972812903,Ниже
2020-08-28 12:30:00+05:00,31.055,31.58214723511929,Вниз,1.6691304463716254,True,-0.2105718240846243,-0.1614178155555722,-0.04915400852905211,False,31.32070454816326,Красный,-0.5271472351192905,Ниже
2020-08-28 13:00:00+05:00,31.065,31.577001491486264,Вниз,1.6214379684667268,True,-0.2273561811315367,-0.1746054886707651,-0.052750692460771575,False,31.32070454816326,Красный,-0.512001491486263,Ниже
2020-08-28 13:30:00+05:00,31.06,31.571857198038643,Вниз,1.6212451324226897,True,-0.238314225186734,-0.1873472359739589,-0.05096698921277512,False,31.32070454816326,Красный,-0.5118571980386442,Ниже
2020-08-28 14:00:00+05:00,31.06,31.5667640915905,Вниз,1.6053723153888453,True,-0.2441837557121786,-0.1987145399216028,-0.04546921579057581,False,31.32070454816326,Красный,-0.506764091590501,Ниже
2020-08-28 14:30:00+05:00,31.1,31.562119672768706,Вниз,1.4641591805616712,True,-0.2428087866855364,-0.2075333892743895,-0.03527539741114691,False,31.32070454816326,Красный,-0.46211967276870425,Ниже
2020-08-28 15:00:00+05:00,31.105,31.557571218313296,Вниз,1.4341129587649062,True,-0.2385656196511547,-0.2137398353497426,-0.02482578430141208,False,31.32070454816326,Красный,-0.4525712183132953,Ниже
2020-08-28 15:30:00+05:00,31.06,31.552620260917145,Вниз,1.561265773946937,True,-0.236112248103975,-0.2182143179005891,-0.017897930203385898,False,31.32070454816326,Красный,-0.49262026091714617,Ниже
2020-08-28 16:00:00+05:00,31.065,31.547768318022445,Вниз,1.530277239124552,True,-0.2311004926399,-0.2207915528484512,-0.010308939791448812,False,31.275235270952383,Красный,-0.482768318022444,Ниже
2020-08-28 16:30:00+05:00,31.13,31.54361141933565,Вниз,1.3112367313849036,True,-0.2193550945681615,-0.2205042611923933,0.0011491666242318122,Ниже,31.275235270952383,Красный,-0.41361141933565193,Ниже
2020-08-28 17:00:00+05:00,31.115,31.539346629093508,Вниз,1.3454515532102702,True,-0.2088496676507816,-0.218173342484071,0.009323674833289386,False,31.275235270952383,Красный,-0.4243466290935096,Ниже
2020-08-28 17:30:00+05:00,31.09,31.53487551835626,Вниз,1.4107413174892656,True,-0.2002331688676406,-0.2145853077607849,0.014352138893144323,False,31.275235270952383,Красный,-0.44487551835625894,Ниже
2020-08-28 18:00:00+05:00,31.12,31.53074740374575,Вниз,1.302688447204246,True,-0.1888073288652627,-0.2094297119816805,0.020622383116417814,False,31.275235270952383,Красный,-0.4107474037457486,Ниже
2020-08-28 18:30:00+05:00,31.06,31.526063349977136,Вниз,1.4783429976755253,True,-0.1824901342324558,-0.2040417964318356,0.02155166219937979,False,31.262479325144675,Красный,-0.46606334997713716,Ниже
2020-08-28 19:00:00+05:00,30.9,31.519833863907717,Вниз,1.9664883596276475,True,-0.1882246383323078,-0.20087836481193,0.012653726479622207,False,31.179231392630207,Красный,-0.6198338639077186,Ниже
2020-08-28 19:30:00+05:00,30.945,31.514114123968337,Вниз,1.805902338646074,True,-0.1869827297115947,-0.198099237791863,0.011116508080268317,False,31.107308253367183,Красный,-0.5691141239683368,Ниже
2020-08-28 20:00:00+05:00,31.015,31.50914781427711,Вниз,1.568267784294713,True,-0.1782948214792803,-0.1941383545293465,0.015843533050066194,False,31.107308253367183,Красный,-0.49414781427710963,Ниже
2020-08-28 20:30:00+05:00,30.905,31.50313639323953,Вниз,1.898656647304128,True,-0.1782311347277065,-0.1909569105690185,0.012725775841312015,False,31.107308253367183,Красный,-0.5981363932395283,Ниже
2020-08-28 21:00:00+05:00,30.64,31.494547971416253,Вниз,2.713320325129991,True,-0.1972897147972432,-0.1922234714146635,-0.005066243382579688,Ниже,31.11584271670468,Красный,-0.8545479714162525,Ниже
2020-08-28 21:30:00+05:00,30.655,31.48619426025788,Вниз,2.6398689323562277,True,-0.2087767537144316,-0.1955341278746171,-0.013242625839814504,False,30.85275844503421,Красный,-0.8311942602578775,Ниже
2020-08-28 22:00:00+05:00,30.78,31.479167451698103,Вниз,2.2210481035462912,True,-0.2054258382938307,-0.1975124699584599,-0.007913368335370818,False,30.85275844503421,Красный,-0.6991674516981021,Ниже
2020-08-28 22:30:00+05:00,30.8,31.47240956660658,Вниз,2.1365048811516187,True,-0.1988640004196362,-0.1977827760506951,-0.0010812243689410916,False,30.85275844503421,Красный,-0.6724095666065786,Ниже
2020-08-28 23:00:00+05:00,30.885,31.466564695297063,Вниз,1.8481988768986297,True,-0.1846760761544459,-0.1951614360714453,0.010485359916999393,Ниже,30.578546593570056,Зелёный,-0.581564695297061,Ниже
2020-08-28 23:30:00+05:00,30.815,31.46008146449809,Вниз,2.050476141411285,True,-0.1770396559905016,-0.1915370800552566,0.014497424064755016,False,30.578546593570056,Зелёный,-0.6450814644980873,Ниже
2020-08-29 00:00:00+05:00,30.825,31.45376224594587,Вниз,1.9990048917817898,True,-0.1682414389846656,-0.1868779518411384,0.018636512856472803,False,30.596397740791748,Зелёный,-0.6287622459458717,Ниже
2020-08-29 00:30:00+05:00,30.95,31.44874968628472,Вниз,1.585912607846009,True,-0.1494594576953716,-0.179394253011985,0.02993479531661339,False,30.65525796671257,Зелёный,-0.4987496862847216,Ниже
2020-08-29 01:00:00+05:00,30.935,31.44363774910776,Вниз,1.6176173799171685,True,-0.1342375697029609,-0.1703629163501802,0.03612534664721928,False,30.668482170041315,Зелёный,-0.5086377491077627,Ниже
2020-08-29 01:30:00+05:00,31.015,31.43937269687783,Вниз,1.3498128635371016,True,-0.1144000498262514,-0.1591703430453944,0.044770293219143,False,30.730633953037184,Зелёный,-0.4243726968778283,Ниже
2020-08-31 12:00:00+05:00,31.015,31.43515008297855,Вниз,1.3365614029819766,True,-0.0975541291271007,-0.1468471002617357,0.049292971134635,False,30.780320557733464,Зелёный,-0.42015008297854806,Ниже
2020-08-31 12:30:00+05:00,31.01,31.43091973389419,Вниз,1.3391899997131809,True,-0.0836428906405686,-0.1342062583375023,0.0505633676969337,False,30.780320557733464,Зелёный,-0.4209197338941877,Ниже
2020-08-31 13:00:00+05:00,31.035,31.426980234054447,Вниз,1.247272983707468,True,-0.0697962748389748,-0.1213242616377968,0.051527986798822006,False,30.780320557733464,Зелёный,-0.39198023405444715,Ниже
2020-08-31 13:30:00+05:00,31.005,31.4227814257554,Вниз,1.3295494758874835,True,-0.0605455499250311,-0.1091685192952437,0.0486229693702126,False,30.7858211865877,Зелёный,-0.41778142575540045,Ниже
2020-08-31 14:00:00+05:00,31.005,31.41862439664341,Вниз,1.3164942914801814,True,-0.0526078531984346,-0.0978563860758819,0.0452485328774473,False,30.79748906792893,Зелёный,-0.4136243966434101,Ниже
2020-08-31 14:30:00+05:00,31.005,31.414508731005164,Вниз,1.3035656056623033,True,-0.0457893403420044,-0.0874429769291064,0.04165363658710199,False,30.821740161136034,Зелёный,-0.4095087310051646,Ниже
2020-08-31 15:00:00+05:00,30.88,31.40919023616929,Вниз,1.684826104048688,True,-0.0498968947668245,-0.07993376049665,0.03003686572982551,False,30.821740161136034,Зелёный,-0.529190236169292,Ниже
2020-08-31 15:30:00+05:00,30.86,31.403725656704925,Вниз,1.731404937900532,True,-0.0541418802020388,-0.0747753844377278,0.020633504235689,False,30.821740161136034,Зелёный,-0.5437256567049253,Ниже
2020-08-31 16:00:00+05:00,30.865,31.398365202409355,Вниз,1.698703734958879,True,-0.0564518616090907,-0.0711106798720004,0.014658818262909698,False,30.821740161136034,Зелёный,-0.5333652024093567,Ниже
2020-08-31 16:30:00+05:00,30.845,31.39285908099235,Вниз,1.745171026248022,True,-0.0592137916390136,-0.068731302225403,0.009517510586389395,False,30.821740161136034,Зелёный,-0.5478590809923496,Ниже
2020-08-31 17:00:00+05:00,30.805,31.38700973690288,Вниз,1.8543013233229058,True,-0.0638937790796774,-0.0677637975962579,0.0038700185165805034,False,30.991186227250783,Красный,-0.5820097369028794,Ниже
2020-08-31 17:30:00+05:00,30.815,31.381318097729714,Вниз,1.8046345152426324,True,-0.0660345808741595,-0.0674179542518382,0.001383373377678701,False,30.968567604525703,Красный,-0.5663180977297131,Ниже
2020-08-31 18:00:00+05:00,30.865,31.376180604219968,Вниз,1.6291995850865861,True,-0.0629707124125857,-0.0665285058839877,0.0035577934714020043,False,30.968567604525703,Красный,-0.5111806042199696,Ниже
2020-08-31 18:30:00+05:00,30.625,31.36870617034713,Вниз,2.3708538258111442,True,-0.0789979298582146,-0.0690223906788331,-0.009975539179381501,Ниже,30.945689759665814,Красный,-0.7437061703471315,Ниже
2020-08-31 19:00:00+05:00,30.735,31.362400636313836,Вниз,2.0004866451051693,True,-0.0818796765195131,-0.0715938478469691,-0.010285828672544003,False,30.85187078369924,Красный,-0.6274006363138369,Ниже
2020-08-31 19:30:00+05:00,30.805,31.35685436132564,Вниз,1.75991620513529,True,-0.077620307931987,-0.0727991398639727,-0.004821168068014303,False,30.85187078369924,Красный,-0.5518543613256419,Ниже
2020-08-31 20:00:00+05:00,30.56,31.348925462207973,Вниз,2.5165949089995006,True,-0.0929427934211695,-0.076827870575412,-0.016114922845757496,False,30.85187078369924,Красный,-0.788925462207974,Ниже
2020-08-31 20:30:00+05:00,30.595,31.34142371631536,Вниз,2.3815884149729865,True,-0.101096389819574,-0.0816815744242444,-0.019414815395329604,False,30.808963801316747,Красный,-0.7464237163153626,Ниже
2020-08-31 21:00:00+05:00,30.71,31.335140893267447,Вниз,1.9950154218127716,True,-0.0971586503616883,-0.0847769896117332,-0.0123816607499551,False,30.808963801316747,Красный,-0.6251408932674458,Ниже
2020-08-31 21:30:00+05:00,30.62,31.328025063483693,Вниз,2.2600373373327463,True,-0.1001457929475435,-0.0878507502788953,-0.012295042668648198,False,30.808963801316747,Красный,-0.7080250634836922,Ниже
2020-08-31 22:00:00+05:00,30.69,31.32167655538933,Вниз,2.0167392836468108,True,-0.0957608386436135,-0.0894327679518389,-0.006328070691774601,False,30.808963801316747,Красный,-0.6316765553893298,Ниже
2020-08-31 22:30:00+05:00,30.69,31.31539121652974,Вниз,1.997072979882262,True,-0.0912340415263628,-0.0897930226667437,-0.0014410188596191004,False,30.808963801316747,Красный,-0.6253912165297386,Ниже
2020-08-31 23:00:00+05:00,30.7,31.30926792084288,Вниз,1.9459666779282514,True,-0.0858499806336254,-0.0890044142601201,0.0031544336264947015,Ниже,30.808963801316747,Красный,-0.609267920842882,Ниже
2020-08-31 23:30:00+05:00,30.725,31.303454309690213,Вниз,1.8478929001491926,True,-0.0786590499554584,-0.0869353413991877,0.008276291443729294,False,30.808963801316747,Красный,-0.5784543096902119,Ниже
2020-09-01 00:00:00+05:00,30.695,31.297400037952,Вниз,1.9247606421668033,True,-0.0745218928719282,-0.0844526516937358,0.009930758821807592,False,30.808963801316747,Красный,-0.6024000379519983,Ниже
2020-09-01 00:30:00+05:00,30.665,31.29110750026094,Вниз,2.000911921240622,True,-0.0728244405372926,-0.0821270094624472,0.009302568925154603,False,30.808963801316747,Красный,-0.6261075002609395,Ниже
2020-09-01 01:00:00+05:00,30.605,31.28428055995984,Вниз,2.1713159062677545,True,-0.0754509443715534,-0.0807917964442684,0.005340852072714994,False,30.78773398480693,Красный,-0.6792805599598388,Ниже
2020-09-01 01:30:00+05:00,30.67,31.278168315582125,Вниз,1.944385967381429,True,-0.0714637215138189,-0.0789261814581785,0.007462459944359595,False,30.78773398480693,Красный,-0.6081683155821231,Ниже
2020-09-01 12:00:00+05:00,30.81,31.273509924382303,Вниз,1.4821167355472626,True,-0.0563573364085954,-0.0744124124482619,0.018055076039666496,False,30.555085472306388,Зелёный,-0.4635099243823042,Ниже
2020-09-01 12:30:00+05:00,30.86,31.26939539777153,Вниз,1.3092526816195038,True,-0.0398909966662337,-0.0675081292918563,0.027617132625622605,False,30.596576925075748,Зелёный,-0.40939539777152945,Ниже
2020-09-01 13:00:00+05:00,30.825,31.264973553017587,Вниз,1.4072410848885004,True,-0.0293274427750276,-0.0598719919884905,0.030544549213462897,False,30.630669232568174,Зелёный,-0.43997355301758745,Ниже
2020-09-01 13:30:00+05:00,30.89,31.26124247288806,Вниз,1.1875486817583383,True,-0.0155317530565568,-0.0510039442021038,0.035472191145547005,False,30.63385230931136,Зелёный,-0.3712424728880599,Ниже
2020-09-01 14:00:00+05:00,30.97,31.25834453783445,Вниз,0.9224562020085385,True,0.0018356021708108,-0.0404360349275209,0.042271637098331705,False,30.66946707838022,Зелёный,-0.28834453783445113,Ниже
2020-09-01 14:30:00+05:00,30.98,31.255574940443065,Вниз,0.8816825189367581,True,0.0162193066689368,-0.0291049666082293,0.0453242732771661,False,30.747020370542195,Зелёный,-0.2755749404430645,Ниже
2020-09-01 15:00:00+05:00,31.0,31.2530319062098,Вниз,0.8096235493860127,True,0.0288991970116967,-0.0175041338842441,0.0464033308959408,False,30.78706833348798,Зелёный,-0.25303190620979876,Ниже
2020-09-01 15:30:00+05:00,30.985,31.25036492206841,Вниз,0.8491578345730462,True,0.0373076672573127,-0.0065417736559327,0.0438494409132454,False,30.78836150013917,Зелёный,-0.2653649220684109,Ниже
2020-09-01 16:00:00+05:00,31.385,31.251704574585144,Вверх,0.4265220960883441,True,0.0753791733784439,0.0098424157509425,0.0655367576275014,False,30.975275350125266,Зелёный,0.1332954254148575,Выше
2020-09-01 16:30:00+05:00,31.615,31.255319454440016,Вверх,1.1507818567789017,True,0.1226958328935339,0.0324130991794608,0.09028273371407311,False,31.231747815112733,Зелёный,0.3596805455599821,Выше
2020-09-01 17:00:00+05:00,31.665,31.259395877778925,Вверх,1.2975430613148942,True,0.162357650657281,0.0584020094750248,0.1039556411822562,False,31.342573033601457,Зелёный,0.40560412222107445,Выше
2020-09-01 17:30:00+05:00,31.585,31.26263571979108,Вверх,1.0311487588515897,True,0.1851997283849193,0.0837615532570038,0.1014381751279155,False,31.369065730241317,Зелёный,0.3223642802089195,Выше
2020-09-01 18:00:00+05:00,31.63,31.266291085763307,Вверх,1.1632620998731202,True,0.2045751485033307,0.1079242723062691,0.0966508761970616,False,31.369065730241317,Зелёный,0.3637089142366925,Выше
2020-09-01 18:30:00+05:00,31.6,31.269611572472133,Вверх,1.056579889910504,True,0.2150308178439246,0.1293455814138003,0.08568523643012432,False,31.369065730241317,Зелёный,0.33038842752786834,Выше
2020-09-01 19:00:00+05:00,31.695,31.27384429314405,Вверх,1.3466707287670279,True,0.2283504355000154,0.1491465522310433,0.0792038832689721,False,31.41297141734592,Зелёный,0.4211557068559486,Выше
2020-09-01 19:30:00+05:00,31.605,31.27713937480431,Вверх,1.0482436429586088,True,0.2290042620339889,0.1651180941916324,0.06388616784235651,False,31.446424275611328,Зелёный,0.32786062519569015,Выше
2020-09-01 20:00:00+05:00,31.575,31.28010316211969,Вверх,0.9427617177344536,True,0.2245136217169161,0.1769971996966892,0.047516422020226906,False,31.446424275611328,Зелёный,0.29489683788030874,Выше
2020-09-01 20:30:00+05:00,31.47,31.281992682894625,Вверх,0.6010081231435697,True,0.2100606856084752,0.1836098968790464,0.026450788729428798,False,31.446424275611328,Зелёный,0.18800731710537377,Выше
2020-09-01 21:00:00+05:00,31.53,31.284460417393188,Вверх,0.784861171747431,True,0.2011296309866672,0.1871138437005705,0.014015787286096704,False,31.446424275611328,Зелёный,0.2455395826068134,Выше
2020-09-01 21:30:00+05:00,31.515,31.28675434358828,Вверх,0.7295280741017302,True,0.1906437092061992,0.1878198168016963,0.002823892404502898,False,31.446424275611328,Зелёный,0.228245656411719,Выше
2020-09-01 22:00:00+05:00,31.5,31.28887619091576,Вверх,0.6747567659382249,True,0.1790590843445088,0.1860676703102588,-0.007008585965750019,Выше,31.446424275611328,Зелёный,0.21112380908423845,Выше
2020-09-01 22:30:00+05:00,31.525,31.291225681553417,Вверх,0.7470922386539638,True,0.1699365539332724,0.1828414470348615,-0.012904893101589099,False,31.446424275611328,Зелёный,0.23377431844658147,Выше
2020-09-01 23:00:00+05:00,31.51,31.293402540443434,Вверх,0.692150555621549,True,0.1596560921702483,0.1782043760619389,-0.01854828389169061,False,31.446424275611328,Зелёный,0.21659745955656717,Выше
2020-09-01 23:30:00+05:00,31.525,31.29570699277733,Вверх,0.7326660083940169,True,0.1509787378867315,0.1727592484268974,-0.021780510540165915,False,31.446424275611328,Зелёный,0.22929300722266888,Выше
2020-09-02 00:00:00+05:00,31.545,31.298187520212384,Вверх,0.7885839383773461,True,0.1440551271188859,0.1670184241652951,-0.022963297046409203,False,31.446424275611328,Зелёный,0.2468124797876179,Выше
2020-09-02 00:30:00+05:00,31.53,31.30049411205107,Вверх,0.7332340733259199,True,0.1357924106811872,0.1607732214684736,-0.024980810787286395,False,31.446424275611328,Зелёный,0.22950588794893179,Выше
2020-09-02 01:00:00+05:00,31.555,31.30302650894609,Вверх,0.8049492945415311,True,0.1297655825812107,0.154571693691021,-0.02480611110981029,False,31.446424275611328,Зелёный,0.25197349105391,Выше
2020-09-02 01:30:00+05:00,31.57,31.30568296159339,Вверх,0.8443100849480921,True,0.1247614798523812,0.1486096509232931,-0.02384817107091189,False,31.446424275611328,Зелёный,0.2643170384066096,Выше
2020-09-02 12:00:00+05:00,31.195,31.304581638592463,Вниз,0.3500498420888334,True,0.0895045733856036,0.1367886354157552,-0.047284062030151605,False,31.65249764489513,Красный,-0.10958163859246284,Ниже
2020-09-02 12:30:00+05:00,31.37,31.305232567561696,Вверх,0.20689011748603667,True,0.074821759790435,0.1243952602906911,-0.04957350050025611,False,31.59499788040562,Красный,0.0647674324383054,Выше
2020-09-02 13:00:00+05:00,31.565,31.30781731813322,Вверх,0.8214647455407955,True,0.0780210168336452,0.1151204115992819,-0.0370993947656367,False,31.59499788040562,Красный,0.25718268186678017,Выше
2020-09-02 13:30:00+05:00,31.62,31.31092361347518,Вверх,0.9871199915412456,True,0.084025893242611,0.1089015079279478,-0.02487561468533679,False,31.34805171687145,Зелёный,0.30907638652482206,Выше
2020-09-02 14:00:00+05:00,31.645,31.31424775662468,Вверх,1.056235634162236,True,0.0897673104491545,0.1050746684321891,-0.015307357983034606,False,31.396746545184303,Зелёный,0.3307522433753185,Выше
2020-09-02 14:30:00+05:00,31.68,31.31788708242941,Вверх,1.1562495152291037,True,0.0960346052924627,0.1032666558042438,-0.0072320505117810935,False,31.419321890665877,Зелёный,0.36211291757058817,Выше
2020-09-02 15:00:00+05:00,31.87,31.323380743300763,Вверх,1.7450838438508747,True,0.1150071627304676,0.1056147571894886,0.009392405540979004,Выше,31.53838970159929,Зелёный,0.5466192566992376,Выше
2020-09-02 15:30:00+05:00,31.95,31.32961576078036,Вверх,1.9801846404904222,True,0.1349428454784167,0.1114803748472742,0.0234624706311425,False,31.68005073143936,Зелёный,0.6203842392196393,Выше
2020-09-02 16:00:00+05:00,31.935,31.335639484553685,Вверх,1.912711932181111,True,0.1478275787370258,0.1187498156252245,0.029077763111801283,False,31.715545658295422,Зелёный,0.599360515446314,Выше
2020-09-02 16:30:00+05:00,31.95,31.341752524508376,Вверх,1.940693887541837,True,0.1574343916463441,0.1264867308294485,0.030947660816895595,False,31.715545658295422,Зелёный,0.6082474754916234,Выше
2020-09-02 17:00:00+05:00,31.985,31.34815299690133,Вверх,2.0315295869636074,True,0.1659589955878715,0.1343811837811331,0.03157781180673841,False,31.82941698321929,Зелёный,0.6368470030986693,Выше
2020-09-02 17:30:00+05:00,32.08,31.355435056633656,Вверх,2.3108113220487785,True,0.1783248933131354,0.1431699256875335,0.035154967625601885,False,31.82941698321929,Зелёный,0.7245649433663424,Выше
2020-09-02 18:00:00+05:00,31.935,31.36120187199053,Вверх,1.8296432973187209,True,0.1744141306384818,0.1494187666777232,0.024995363960758604,False,31.82941698321929,Зелёный,0.573798128009468,Выше
2020-09-02 18:30:00+05:00,31.715,31.36472225137372,Вверх,1.1167889382822058,True,0.1518126598177289,0.1498975453057243,0.001915114512004601,False,32.08528251923314,Красный,0.35027774862627936,Выше
2020-09-02 19:00:00+05:00,31.32,31.36427725384761,Вниз,0.14117096813438895,True,0.1008649244474213,0.1400910211340638,-0.039226096686642495,Выше,31.818004267309824,Красный,-0.04427725384761061,Ниже
2020-09-02 19:30:00+05:00,31.36,31.364234694107832,Вниз,0.01350166566834286,True,0.0629900329242794,0.1246708234921069,-0.06168079056782749,False,31.63495384057884,Красный,-0.004234694107832837,Ниже
2020-09-02 20:00:00+05:00,31.385,31.36444131406696,Вверх,0.06554775112102039,True,0.0345924394753858,0.1066551466887627,-0.0720627072133769,False,31.61595845652096,Красный,0.020558685933043108,Выше
2020-09-02 20:30:00+05:00,31.54,31.366188166663303,Вверх,0.554137571365549,True,0.0243140692293835,0.0901869311968868,-0.0658728619675033,False,31.61595845652096,Красный,0.17381183333669625,Выше
2020-09-02 21:00:00+05:00,31.42,31.36672360779104,Вверх,0.16985003877079358,True,0.0064114820653742,0.0734318413705843,-0.0670203593052101,False,31.61595845652096,Красный,0.05327639220896074,Выше
2020-09-02 21:30:00+05:00,31.525,31.36829849726575,Вверх,0.4995537222011138,True,0.0006882416141849,0.0588831214193044,-0.058194879805119504,False,31.61595845652096,Красный,0.1567015027342471,Выше
2020-09-02 22:00:00+05:00,31.465,31.36926070127306,Вверх,0.3052010043802361,True,-0.0085899466779331,0.0453885077998569,-0.05397845447779,False,31.61595845652096,Красный,0.09573929872694009,Выше
2020-09-02 22:30:00+05:00,31.365,31.36921830623552,Вниз,0.01344727877609752,True,-0.0237384993663063,0.0315631063666242,-0.0553016057329305,False,31.61595845652096,Красный,-0.004218306235522107,Ниже
2020-09-02 23:00:00+05:00,31.36,31.369126581795364,Вниз,0.029094153359885258,True,-0.0357353597419098,0.0181034131449174,-0.0538387728868272,False,31.61153295809196,Красный,-0.009126581795364075,Ниже
2020-09-02 23:30:00+05:00,31.33,31.36873726257352,Вниз,0.123490028461366,True,-0.047120531150238,0.0050586242858863,-0.0521791554361243,False,31.58787966228276,Красный,-0.03873726257352317,Ниже
2020-09-03 00:00:00+05:00,31.355,31.36860057339369,Вниз,0.043357284498130075,True,-0.0535092491351072,-0.0066549503983123,-0.0468542987367949,False,31.56459169605448,Красный,-0.013600573393688364,Ниже
2020-09-03 00:30:00+05:00,31.345,31.368365741817637,Вниз,0.07448823445235876,True,-0.0587025837484915,-0.0170644770683482,-0.0416381066801433,False,31.56459169605448,Красный,-0.023365741817638508,Ниже
2020-09-03 01:00:00+05:00,31.32,31.367884490655268,Вниз,0.15265451092034116,True,-0.0640967623345005,-0.0264709341215786,-0.0376258282129219,False,31.52871927380413,Красный,-0.04788449065526734,Ниже
2020-09-03 01:30:00+05:00,31.315,31.367358276817903,Вниз,0.16691962503134128,True,-0.0679913835932275,-0.0347750240159084,-0.033216359577319096,False,31.51334734642372,Красный,-0.05235827681790184,Ниже
2020-09-03 12:00:00+05:00,31.76,31.37126515963564,Вверх,1.2391430131562968,True,-0.0347693189544173,-0.0347738830036102,4.564049192898323e-06,Ниже,31.33173738821865,Зелёный,0.3887348403643607,Выше
2020-09-03 12:30:00+05:00,31.555,31.373093367002447,Вверх,0.5798173322267235,True,-0.0246976806310819,-0.0327586425291045,0.0080609618980226,False,31.376313649396785,Зелёный,0.18190663299755272,Выше
2020-09-03 13:00:00+05:00,31.59,31.375251641957647,Вверх,0.6844514284474249,True,-0.0137333180628722,-0.0289535776358581,0.0152202595729859,False,31.376313649396785,Зелёный,0.21474835804235326,Выше
2020-09-03 13:30:00+05:00,31.485,31.37634366542076,Вверх,0.34630017996325235,True,-0.0133625688363494,-0.0258353758759563,0.012472807039606902,False,31.376313649396785,Зелёный,0.10865633457924062,Выше
2020-09-03 14:00:00+05:00,31.43,31.37687755929717,Вверх,0.1693044204364704,True,-0.017307280196352,-0.0241297567400355,0.006822476543683502,False,31.376313649396785,Зелёный,0.05312244070282901,Выше
2020-09-03 14:30:00+05:00,31.47,31.377804150746957,Вверх,0.2938250516515087,True,-0.0170097488664779,-0.022705755165324,0.005696006298846097,False,31.376313649396785,Зелёный,0.09219584925304147,Выше
2020-09-03 15:00:00+05:00,31.455,31.37857226864997,Вверх,0.24356663106174775,True,-0.0177793781793518,-0.0217204797681295,0.003941101588777699,False,31.376313649396785,Зелёный,0.07642773135002656,Выше
2020-09-03 15:30:00+05:00,31.515,31.37992975851415,Вверх,0.4304351301143401,True,-0.0133934253255709,-0.0200550688796178,0.0066616435540469005,False,31.376313649396785,Зелёный,0.1350702414858489,Выше
2020-09-03 16:00:00+05:00,31.355,31.379681701215507,Вниз,0.07865504006865125,True,-0.0225680386130591,-0.0205576628263061,-0.002010375786752998,Ниже,31.837970988315828,Красный,-0.02468170121550628,Ниже
2020-09-03 16:30:00+05:00,31.47,31.380580390755654,Вверх,0.28495205675254837,True,-0.0203251511475528,-0.0205111604905554,0.00018600934300259941,Ниже,31.744923889484248,Красный,0.08941960924434511,Выше
2020-09-03 17:00:00+05:00,31.425,31.38102237691729,Вверх,0.14014082318445747,True,-0.0219260210689107,-0.0207941326062265,-0.001131888462684201,Ниже,31.744923889484248,Красный,0.04397762308271069,Выше
2020-09-03 17:30:00+05:00,31.375,31.38096245276886,Вниз,0.019000222755542046,True,-0.0269189986874209,-0.0220191058224654,-0.0048998928649555025,False,31.74058835048224,Красный,-0.0059624527688590945,Ниже
2020-09-03 18:00:00+05:00,31.415,31.38130113483086,Вверх,0.10738517508993928,True,-0.0273332233322669,-0.0230819293244257,-0.004251294007841203,False,31.677529515434017,Красный,0.033698865169139225,Выше
2020-09-03 18:30:00+05:00,31.48,31.38228321309125,Вверх,0.31137564544057356,True,-0.0221610834006504,-0.0228977601396706,0.0007366767390202013,Ниже,31.677529515434017,Красный,0.09771678690875163,Выше
2020-09-03 19:00:00+05:00,31.435,31.382807758234627,Вверх,0.16630838823424612,True,-0.0214460326462457,-0.0226074146409856,0.001161381994739901,False,31.677529515434017,Красный,0.05219224176537196,Выше
2020-09-03 19:30:00+05:00,31.32,31.38218280541637,Вниз,0.19814684594099563,True,-0.0298151976375677,-0.0240489712403021,-0.005766226397265602,Ниже,31.677529515434017,Красный,-0.06218280541637,Ниже
2020-09-03 20:00:00+05:00,31.285,31.38121581232765,Вниз,0.3066032014280739,True,-0.0388244841961515,-0.027004073831472,-0.011820410364679498,False,31.56418136507626,Красный,-0.09621581232764953,Ниже
2020-09-03 20:30:00+05:00,31.4,31.381402719667676,Вверх,0.059262106600056354,True,-0.036266808603063,-0.0288566207857902,-0.0074101878172728,False,31.56418136507626,Красный,0.01859728033232244,Выше
2020-09-03 21:00:00+05:00,31.45,31.382085279670974,Вверх,0.21641238854519154,True,-0.0298610307611468,-0.0290575027808615,-0.0008035279802852992,False,31.56418136507626,Красный,0.0679147203290249,Выше
2020-09-03 21:30:00+05:00,31.405,31.382313286838432,Вверх,0.07229139851549375,True,-0.0280917058905743,-0.0288643434028041,0.0007726375122297999,Ниже,31.56418136507626,Красный,0.022686713161569116,Выше
2020-09-03 22:00:00+05:00,31.425,31.382738030252977,Вверх,0.1346662923620091,True,-0.0247899077054754,-0.0280494562633383,0.0032595485578628992,False,31.56418136507626,Красный,0.0422619697470239,Выше
2020-09-03 22:30:00+05:00,31.4,31.382909791145984,Вверх,0.05445705630150399,True,-0.0239148247091094,-0.0272225299524925,0.0033077052433830995,False,31.56418136507626,Красный,0.017090208854014577,Выше
2020-09-03 23:00:00+05:00,31.345,31.382532579293787,Вниз,0.1195970376162459,True,-0.0273441491454704,-0.0272468537910881,-9.7295354382302e-05,Ниже,31.56418136507626,Красный,-0.037532579293788615,Ниже
2020-09-03 23:30:00+05:00,31.2,31.3807163347237,Вниз,0.5758833953823211,True,-0.0412862791267159,-0.0300547388582137,-0.011231540268502198,False,31.49044591170374,Красный,-0.18071633472370152,Ниже
2020-09-04 00:00:00+05:00,31.03,31.37722661995033,Вниз,1.1066198557190388,True,-0.0653003549909243,-0.0371038620847558,-0.028196492906168505,False,31.24415132053337,Красный,-0.3472266199503302,Ниже
2020-09-04 00:30:00+05:00,30.95,31.37297560880655,Вниз,1.3482164206566938,True,-0.0897524046852034,-0.0476335706048453,-0.0421188340803581,False,31.24415132053337,Красный,-0.4229756088065493,Ниже
2020-09-04 01:00:00+05:00,31.0,31.36926440871892,Вниз,1.1771535472036263,True,-0.1038985700618049,-0.0588865704962372,-0.0450119995655677,False,31.241587569632028,Красный,-0.3692644087189194,Ниже
2020-09-04 01:30:00+05:00,31.03,31.365888643458035,Вниз,1.0708723966859144,True,-0.1114045563817995,-0.0693901676733497,-0.0420143887084498,False,31.241587569632028,Красный,-0.33588864345803415,Ниже
2020-09-04 12:00:00+05:00,31.05,31.36274547287637,Вниз,0.9971878040678623,True,-0.1144203057050781,-0.0783961952796954,-0.0360241104253827,False,31.241587569632028,Красный,-0.3127454728763688,Ниже
2020-09-04 12:30:00+05:00,31.4,31.36311616468854,Вверх,0.11760258488913827,True,-0.0875589092409256,-0.0802287380719414,-0.007330171168984198,False,30.89091266173825,Зелёный,0.03688383531145689,Выше
2020-09-04 13:00:00+05:00,31.375,31.36323441180607,Вверх,0.037513950377204855,True,-0.0675101352676854,-0.0776850175110902,0.010174882243404806,Ниже,31.120321395564424,Зелёный,0.011765588193931364,Выше
2020-09-04 13:30:00+05:00,31.4,31.363600238554262,Вверх,0.11605734408319308,True,-0.0490387581061142,-0.071955765630095,0.022917007523980792,False,31.120321395564424,Зелёный,0.03639976144573609,Выше
2020-09-04 14:00:00+05:00,31.28,31.36276839538457,Вниз,0.2639065351027803,True,-0.0435806847390018,-0.0662807494518764,0.0227000647128746,False,31.120321395564424,Зелёный,-0.08276839538456926,Ниже
2020-09-04 14:30:00+05:00,31.275,31.361895078017564,Вниз,0.27707215332938573,True,-0.0392066308503658,-0.0608659257315743,0.021659294881208505,False,31.120321395564424,Зелёный,-0.08689507801756591,Ниже
2020-09-04 15:00:00+05:00,31.37,31.361975724007443,Вверх,0.02558600281810358,True,-0.0277545187626806,-0.0542436443377955,0.0264891255751149,False,31.120321395564424,Зелёный,0.008024275992557506,Выше
2020-09-04 15:30:00+05:00,31.37,31.36205556754966,Вверх,0.02533135123502781,True,-0.0184657754602213,-0.0470880705622807,0.028622295102059398,False,31.12097568086684,Зелёный,0.0079444324503406,Выше
2020-09-04 16:00:00+05:00,31.36,31.362035114141207,Вниз,0.006489101022306396,True,-0.0117755546339601,-0.0400255673766166,0.028250012742656497,False,31.12097568086684,Зелёный,-0.0020351141412078277,Ниже
2020-09-04 16:30:00+05:00,31.345,31.361865610517917,Вниз,0.053777446556820464,True,-0.0075963154722593,-0.0335397169957451,0.0259434015234858,False,31.129165301502137,Зелёный,-0.016865610517918128,Ниже
2020-09-04 17:00:00+05:00,31.755,31.36577739548789,Вверх,1.2409148978022821,True,0.028471137608534,-0.0211375460748893,0.049608683683423305,False,31.130998771351926,Зелёный,0.3892226045121099,Выше
2020-09-04 17:30:00+05:00,31.75,31.36960050598055,Вверх,1.2126373555408445,True,0.056005795861477,-0.005708877687616,0.061714673549093,False,31.436398894216733,Зелёный,0.38039949401944995,Выше
2020-09-04 18:00:00+05:00,31.795,31.37383333676681,Вверх,1.342413783844602,True,0.0805300347108008,0.0115389047920673,0.06899112991873349,False,31.48575900479506,Зелёный,0.4211666632331905,Выше
2020-09-04 18:30:00+05:00,31.855,31.378621064759187,Вверх,1.5181640208397384,True,0.1036127855504638,0.0299536809437466,0.0736591046067172,False,31.508683104315555,Зелёный,0.4763789352408132,Выше
2020-09-04 19:00:00+05:00,31.76,31.38241588003521,Вверх,1.2031709776843573,True,0.1129384417860919,0.0465506331122156,0.06638780867387631,False,31.508683104315555,Зелёный,0.3775841199647907,Выше
2020-09-04 19:30:00+05:00,31.785,31.386421692174167,Вверх,1.269906814274447,True,0.1209521218363889,0.0614309308570503,0.0595211909793386,False,31.508683104315555,Зелёный,0.3985783078258329,Выше
2020-09-04 20:00:00+05:00,31.595,31.388497098222185,Вверх,0.6578935625099102,True,0.1106955791768022,0.0712838605210007,0.039411718655801495,False,31.508683104315555,Зелёный,0.20650290177781372,Выше
2020-09-04 20:30:00+05:00,31.675,31.391347873364253,Вверх,0.9035997045428807,True,0.1077801046808097,0.0785831093529625,0.029196995327847197,False,31.508683104315555,Зелёный,0.28365212663574724,Выше
2020-09-04 21:00:00+05:00,31.555,31.392976252733764,Вверх,0.5161146428482603,True,0.0946949881420025,0.0818054851107705,0.012889503031232,False,31.508683104315555,Зелёный,0.16202374726623603,Выше
2020-09-04 21:30:00+05:00,31.55,31.394538678079694,Вверх,0.49518587775539613,True,0.0829651106470166,0.0820374102180197,0.0009277004289968971,False,31.508683104315555,Зелёный,0.15546132192030626,Выше
2020-09-04 22:00:00+05:00,31.595,31.396533318098808,Вверх,0.6321292860278414,True,0.0764193079298962,0.080913789760395,-0.004494481830498803,Выше,31.508683104315555,Зелёный,0.19846668190119132,Выше
2020-09-04 22:30:00+05:00,31.59,31.398458359709764,Вверх,0.610035174644181,True,0.0700210943147183,0.0787352506712597,-0.008714156356541394,False,31.508683104315555,Зелёный,0.1915416402902359,Выше
2020-09-04 23:00:00+05:00,31.52,31.39966772926489,Вверх,0.38322784741749744,True,0.0586262421169045,0.0747134489603887,-0.0160872068434842,False,31.508683104315555,Зелёный,0.12033227073510844,Выше
2020-09-04 23:30:00+05:00,31.7,31.40265611006823,Вверх,0.9468749678038766,True,0.0633895203993368,0.0724486632481783,-0.00905914284884149,False,31.508683104315555,Зелёный,0.29734388993177063,Выше
2020-09-05 00:00:00+05:00,31.645,31.4050674920576,Вверх,0.7639929702525817,True,0.0620115814992523,0.0703612468983931,-0.008349665399140796,False,31.508683104315555,Зелёный,0.23993250794239884,Выше
2020-09-05 00:30:00+05:00,31.61,31.407106621489863,Вверх,0.646011047612102,True,0.0574332922584517,0.0677756559704048,-0.010342363711953101,False,31.508683104315555,Зелёный,0.20289337851013656,Выше
2020-09-05 01:00:00+05:00,31.595,31.40897620734569,Вверх,0.5922631525022497,True,0.0519952218588706,0.064619569148098,-0.012624347289227393,False,31.508683104315555,Зелёный,0.18602379265430713,Выше
2020-09-05 01:30:00+05:00,31.55,31.41037942916315,Вверх,0.44450456624289936,True,0.043552343661382,0.0604061240507548,-0.016853780389372804,False,31.508683104315555,Зелёный,0.13962057083685053,Выше
2020-09-07 12:00:00+05:00,31.405,31.41032590250481,Вниз,0.01695589699176947,True,0.0248742784791708,0.053299754936438,-0.0284254764572672,False,31.85191581028752,Красный,-0.0053259025048078,Ниже
2020-09-07 12:30:00+05:00,31.45,31.410720669644068,Вверх,0.1250507136370541,True,0.0135467427554551,0.0453491525002414,-0.0318024097447863,False,31.73397422925877,Красный,0.03927933035593156,Выше
2020-09-07 13:00:00+05:00,31.5,31.411609021189896,Вверх,0.281395896499527,True,0.0085061179832521,0.0379805455968436,-0.0294744276135915,False,31.731076806332894,Красный,0.0883909788101036,Выше
2020-09-07 13:30:00+05:00,31.445,31.411941269735276,Вверх,0.1052425572200315,True,7.251033570199183e-05,0.0303989385446153,-0.03032642820891331,False,31.725719125699605,Красный,0.033058730264723835,Выше
2020-09-07 14:00:00+05:00,31.425,31.412071207349847,Вверх,0.0411586761178897,True,-0.0081312849475381,0.0226928938461846,-0.0308241787937227,False,31.72189721312964,Красный,0.012928792650154008,Выше
2020-09-07 14:30:00+05:00,31.3,31.410956070958303,Вниз,0.3532400309867966,True,-0.0244376056401378,0.0132667939489201,-0.0377043995890579,False,31.59095749181668,Красный,-0.11095607095830218,Ниже
2020-09-07 15:00:00+05:00,31.45,31.41134456776469,Вверх,0.12306201077103407,True,-0.0249689098222027,0.0056196531946955,-0.030588563016898197,False,31.59095749181668,Красный,0.038655432235309206,Выше
2020-09-07 15:30:00+05:00,31.34,31.41063467156803,Вниз,0.22487502180898658,True,-0.0338755565765573,-0.002279388759555,-0.0315961678170023,False,31.59095749181668,Красный,-0.07063467156802972,Ниже
2020-09-07 16:00:00+05:00,31.45,31.411026366378294,Вверх,0.12407628189896197,True,-0.0316927236168425,-0.0081620557310125,-0.023530667885829998,False,31.59095749181668,Красный,0.038973633621704806,Выше
2020-09-07 16:30:00+05:00,31.425,31.41116540750886,Вверх,0.044043550475311756,True,-0.0316156582083309,-0.0128527762264762,-0.018762881981854697,False,31.59095749181668,Красный,0.01383459249113983,Выше
2020-09-07 17:00:00+05:00,31.59,31.412944856190364,Вверх,0.5636375214746677,True,-0.0180325937633902,-0.013888739733859,-0.004143854029531201,False,31.59095749181668,Красный,0.1770551438096355,Выше
2020-09-07 17:30:00+05:00,31.535,31.414159335233247,Вверх,0.38466942080866545,True,-0.0115725564488258,-0.0134255030768523,0.0018529466280265,Ниже,31.59095749181668,Красный,0.12084066476675304,Выше
2020-09-07 18:00:00+05:00,31.54,31.415411481151324,Вверх,0.3965840744229186,True,-0.0059805322684809,-0.011936508915178,0.0059559766466970995,False,31.59095749181668,Красный,0.12458851884867528,Выше
2020-09-07 18:30:00+05:00,31.5,31.416253157955783,Вверх,0.2665717061266081,True,-0.0047220457195678,-0.010493616276056,0.0057715705564882,False,31.59095749181668,Красный,0.08374684204421712,Выше
2020-09-07 19:00:00+05:00,31.605,31.41813123598608,Вверх,0.5947800097030637,True,0.0046938288782349,-0.0074561272451978,0.012149956123432702,False,31.30856238606717,Зелёный,0.18686876401391928,Выше
2020-09-07 19:30:00+05:00,31.855,31.42247818886184,Вверх,1.3764726274564572,True,0.0319604676214915,0.00042719172814,0.0315332758933515,False,31.46395614746045,Зелёный,0.4325218111381588,Выше
2020-09-07 20:00:00+05:00,31.74,31.425637609868197,Вверх,1.000337348869212,True,0.0437852077465947,0.0090987949318309,0.034686412814763805,False,31.536560532714404,Зелёный,0.31436239013180156,Выше
2020-09-07 20:30:00+05:00,31.84,31.42976061872523,Вверх,1.3052577340673672,True,0.0605278365312536,0.0193846032517155,0.0411432332795381,False,31.536560532714404,Зелёный,0.41023938127477066,Выше
2020-09-07 21:00:00+05:00,31.755,31.432996831474235,Вверх,1.024411290632457,True,0.0661748780402469,0.0287426582094217,0.037432219830825196,False,31.536560532714404,Зелёный,0.3220031685257645,Выше
2020-09-07 21:30:00+05:00,31.76,31.43625059434514,Вверх,1.0298601122396547,True,0.0702439290454073,0.0370429123766189,0.0332010166687884,False,31.536560532714404,Зелёный,0.323749405654862,Выше
2020-09-07 22:00:00+05:00,31.745,31.43932272773474,Вверх,0.9722768995771078,True,0.0714348501571962,0.0439212999327343,0.02751355022446189,False,31.536560532714404,Зелёный,0.3056772722652603,Выше
2020-09-07 22:30:00+05:00,31.8,31.442911556314492,Вверх,1.135672321712195,True,0.0759413000293136,0.0503252999520502,0.025616000077263397,False,31.55975420396253,Зелёный,0.35708844368550885,Выше
2020-09-07 23:00:00+05:00,31.795,31.446414923913355,Вверх,1.108504981983067,True,0.0782077060541439,0.0559017811724689,0.022305924881675,False,31.56827878356628,Зелёный,0.34858507608664624,Выше
2020-09-07 23:30:00+05:00,31.785,31.44978392964556,Вверх,1.065877180919059,True,0.0782944035829551,0.0603803056545662,0.017914097928388897,False,31.56827878356628,Зелёный,0.33521607035444134,Выше
2020-09-08 00:00:00+05:00,31.79,31.45316916417645,Вверх,1.0708963350096408,True,0.0778689454806453,0.063878033619782,0.013990911860863292,False,31.577255814688684,Зелёный,0.3368308358235481,Выше
2020-09-08 00:30:00+05:00,31.8,31.45662021726923,Вверх,1.0915978269727173,True,0.0774459347682317,0.0665916138494719,0.010854320918759791,False,31.59778023321981,Зелёный,0.3433797827307714,Выше
2020-09-08 01:00:00+05:00,31.845,31.46048469271929,Вверх,1.2222167300864692,True,0.0798216849534547,0.0692376280702685,0.0105840568831862,False,31.65125220989784,Зелёный,0.38451530728070793,Выше
2020-09-08 01:30:00+05:00,31.825,31.464111710702184,Вверх,1.146983879970979,True,0.0791779372643475,0.0712256899090843,0.007952247355263203,False,31.65125220989784,Зелёный,0.36088828929781513,Выше
2020-09-08 12:00:00+05:00,31.64,31.465861842934004,Вверх,0.5534193149872403,True,0.06301342910605,0.0695832377484774,-0.006569808642427399,Выше,31.939885709982757,Красный,0.17413815706599678,Выше
2020-09-08 12:30:00+05:00,31.54,31.466599536039137,Вверх,0.23326468396051345,True,0.0416536186788256,0.0639973139345471,-0.022343695255721503,False,31.74314713898448,Красный,0.07340046396086208,Выше
2020-09-08 13:00:00+05:00,31.4,31.4659368540885,Вниз,0.20954994727873316,True,0.0132759481882231,0.0538530407852823,-0.0405770925970592,False,31.678082425086032,Красный,-0.06593685408850192,Ниже
2020-09-08 13:30:00+05:00,31.47,31.465977283401056,Вверх,0.012784337072107677,True,-0.0035245167054185,0.0423775292871421,-0.0459020459925606,False,31.678082425086032,Красный,0.0040227165989428215,Выше
2020-09-08 14:00:00+05:00,31.71,31.468405370133382,Вверх,0.7677371224406421,True,0.0024981904771159,0.0344016615251369,-0.031903471048021,False,31.322528235680316,Зелёный,0.2415946298666185,Выше
2020-09-08 14:30:00+05:00,31.66,31.47031178436092,Вверх,0.6027528959320486,True,0.003199762309844,0.0281612816820783,-0.0249615193722343,False,31.457275412112285,Зелёный,0.18968821563908023,Выше
2020-09-08 15:00:00+05:00,31.67,31.47229873178021,Вверх,0.6281754945982263,True,0.0045106831211292,0.0234311619698885,-0.018920478848759296,False,31.457275412112285,Зелёный,0.19770126821979161,Выше
2020-09-08 15:30:00+05:00,31.58,31.47337038619036,Вверх,0.3387931209821232,True,-0.0016931331449079,0.0184063029469292,-0.020099436091837102,False,31.457275412112285,Зелёный,0.10662961380963765,Выше
2020-09-08 16:00:00+05:00,31.59,31.474530879860104,Вверх,0.366865261886339,True,-0.0057366571921519,0.0135777109191129,-0.0193143681112648,False,31.457275412112285,Зелёный,0.11546912013989541,Выше
2020-09-08 16:30:00+05:00,31.365,31.47344102035901,Вниз,0.34454771020704933,True,-0.0267880033010534,0.0055045680750797,-0.032292571376133096,False,31.74281435211313,Красный,-0.10844102035901315,Ниже
2020-09-08 17:00:00+05:00,31.435,31.473058522644,Вниз,0.1209241314015236,True,-0.0373919012120005,-0.0030747257823363,-0.0343171754296642,False,31.656282916901823,Красный,-0.03805852264400045,Ниже
2020-09-08 17:30:00+05:00,31.365,31.47198331346346,Вниз,0.3399319083195376,True,-0.0508577254873934,-0.0126313257233477,-0.0382263997640457,False,31.656282916901823,Красный,-0.10698331346346279,Ниже
2020-09-08 18:00:00+05:00,31.46,31.47186407651358,Вниз,0.037697406434951064,True,-0.0532499499141252,-0.0207550505615032,-0.032494899352621995,False,31.651414162690475,Красный,-0.01186407651357868,Ниже
2020-09-08 18:30:00+05:00,31.415,31.47129826480698,Вниз,0.17888764655742156,True,-0.0581071063747948,-0.0282254617241615,-0.0298816446506333,False,31.651414162690475,Красный,-0.05629826480697986,Ниже
2020-09-08 19:00:00+05:00,31.625,31.472827635306416,Вверх,0.4835039496828561,True,-0.0444982448397048,-0.0314800183472702,-0.0130182264924346,False,31.651414162690475,Красный,0.15217236469358397,Выше
2020-09-08 19:30:00+05:00,31.61,31.4741925344576,Вверх,0.4314883229926187,True,-0.0345255100775787,-0.0320891166933319,-0.002436393384246803,False,31.651414162690475,Красный,0.1358074655423991,Выше
2020-09-08 20:00:00+05:00,31.555,31.474996588841105,Вверх,0.25418084139605196,True,-0.0307061251775913,-0.0318125183901838,0.0011063932125924998,Ниже,31.651414162690475,Красный,0.08000341115889498,Выше
2020-09-08 20:30:00+05:00,31.555,31.475792642683484,Вверх,0.251645314275915,True,-0.0273638022482245,-0.0309227751617919,0.0035589729135673993,False,31.651414162690475,Красный,0.07920735731651618,Выше
2020-09-08 21:00:00+05:00,31.52,31.47623251688564,Вверх,0.13904930677735597,True,-0.0272253577622763,-0.0301832916818888,0.0029579339196125,False,31.651414162690475,Красный,0.043767483114358186,Выше
2020-09-08 21:30:00+05:00,31.495,31.47641925801116,Вверх,0.05903067256963457,True,-0.0288009313671651,-0.029906819618944,0.0011058882517789026,False,31.651414162690475,Красный,0.018580741988841964,Выше
2020-09-08 22:00:00+05:00,31.445,31.47610662857821,Вниз,0.09882616343016315,True,-0.0336957433782032,-0.0306646043707959,-0.003031139007407299,Ниже,31.651414162690475,Красный,-0.031106628578211115,Ниже
2020-09-08 22:30:00+05:00,31.44,31.475747358642117,Вниз,0.11357111948701928,True,-0.037545573376839,-0.0320407981720045,-0.0055047752048345,False,31.65040697564857,Красный,-0.035747358642115756,Ниже
2020-09-08 23:00:00+05:00,31.375,31.474744897362093,Вниз,0.31690454581080024,True,-0.045319137354383,-0.0346964660084802,-0.0106226713459028,False,31.612366278083712,Красный,-0.09974489736209335,Ниже
2020-09-08 23:30:00+05:00,31.375,31.473752410821177,Вниз,0.31376116051298863,True,-0.0508930790763422,-0.0379357886220526,-0.012957290454289595,False,31.60137965027534,Красный,-0.09875241082117725,Ниже
2020-09-09 00:00:00+05:00,31.355,31.472570794793107,Вниз,0.37356590778582915,True,-0.0562755909203112,-0.0416037490817043,-0.014671841838606904,False,31.591741685247808,Красный,-0.11757079479310661,Ниже
2020-09-09 00:30:00+05:00,31.27,31.47055516499417,Вниз,0.637278764046894,True,-0.0666319681095188,-0.0466093928872672,-0.0200225752222516,False,31.524067516723026,Красный,-0.2005551649941708,Ниже
2020-09-09 01:00:00+05:00,31.305,31.468907849919603,Вниз,0.5208564933403684,True,-0.0711945773818634,-0.0515264297861865,-0.019668147595676894,False,31.51266076505072,Красный,-0.16390784991960317,Ниже
2020-09-09 01:30:00+05:00,31.3,31.467227174796022,Вниз,0.5314328264994505,True,-0.0743567974398899,-0.0560925033169272,-0.018264294122962703,False,31.49864468854565,Красный,-0.16722717479602167,Ниже
2020-09-09 12:00:00+05:00,31.045,31.463025909375173,Вниз,1.328625894340982,True,-0.0963288297082591,-0.0641397685951936,-0.03218906111306549,False,31.473030219691086,Красный,-0.4180259093751708,Ниже
2020-09-09 12:30:00+05:00,31.05,31.458916198834128,Вниз,1.299841978819607,True,-0.1120467600642918,-0.0737211668890132,-0.0383255931752786,False,31.28197719772197,Красный,-0.40891619883412744,Ниже
2020-09-09 13:00:00+05:00,31.08,31.45514588839797,Вниз,1.1926375726533835,True,-0.1206913293168625,-0.0831151993745831,-0.03757612994227939,False,31.28197719772197,Красный,-0.37514588839797014,Ниже
2020-09-09 13:30:00+05:00,31.15,31.452109610901477,Вниз,0.9605384651106698,True,-0.1205046946364909,-0.0905930984269646,-0.029911596209526298,False,31.28197719772197,Красный,-0.3021096109014785,Ниже
2020-09-09 14:00:00+05:00,31.29,31.45049657994723,Вниз,0.5103149310830406,True,-0.1078171068426208,-0.0940379001100959,-0.013779206732524904,False,30.96882612286068,Зелёный,-0.16049657994723177,Ниже
2020-09-09 14:30:00+05:00,31.49,31.45088964880348,Вверх,0.12435371982556227,True,-0.0806935881227275,-0.0913690377126222,0.010675449589894692,Ниже,31.14894351057461,Зелёный,0.039110351196519844,Выше
2020-09-09 15:00:00+05:00,31.42,31.450582289113893,Вниз,0.0972391825142026,True,-0.0641074285772482,-0.0859167158855474,0.021809287308299202,False,31.21454915951715,Зелёный,-0.030582289113890937,Ниже
2020-09-09 15:30:00+05:00,31.35,31.44958147031674,Вниз,0.3166384595951703,True,-0.0559660508299124,-0.0799265828744204,0.023960532044507994,False,31.21454915951715,Зелёный,-0.09958147031673903,Ниже
2020-09-09 16:00:00+05:00,31.455,31.449635386034984,Вверх,0.017057793831836317,True,-0.0405736203916262,-0.0720559903778616,0.0314823699862354,False,31.21454915951715,Зелёный,0.005364613965014087,Выше
2020-09-09 16:30:00+05:00,31.495,31.45008677522867,Вверх,0.1428079518264063,True,-0.024860763263149,-0.0626169449549191,0.0377561816917701,False,31.265901337288003,Зелёный,0.04491322477133153,Выше
2020-09-09 17:00:00+05:00,31.57,31.451279941644305,Вверх,0.3774728995957304,True,-0.0062839006894073,-0.0513503361018167,0.0450664354124094,False,31.2853112035592,Зелёный,0.1187200583556951,Выше
2020-09-09 17:30:00+05:00,31.58,31.45256073824486,Вверх,0.4051792883120609,True,0.0091399534716671,-0.0392522781871199,0.048392231658787,False,31.379530083203285,Зелёный,0.1274392617551392,Выше
2020-09-09 18:00:00+05:00,31.565,31.453679536869288,Вверх,0.3539187299222849,True,0.0199234294842298,-0.0274171366528499,0.0473405661370797,False,31.379530083203285,Зелёный,0.11132046313071342,Выше
2020-09-09 18:30:00+05:00,31.48,31.45394143202482,Вверх,0.08284674921105137,True,0.0213643473916889,-0.0176608398439422,0.0390251872356311,False,31.379530083203285,Зелёный,0.02605856797518058,Выше
2020-09-09 19:00:00+05:00,31.3,31.452409676482286,Вниз,0.48457233658712673,True,0.0078908289728332,-0.0125505060805871,0.0204413350534203,False,31.595957569344808,Красный,-0.15240967648228576,Ниже
2020-09-09 19:30:00+05:00,31.28,31.45069415731331,Вниз,0.5427357388664126,True,-0.0043507119988923,-0.0109105472642481,0.006559835265355801,False,31.56161181241033,Красный,-0.17069415731331006,Ниже
2020-09-09 20:00:00+05:00,31.335,31.449542971668404,Вниз,0.3642118798724351,True,-0.0095046177516771,-0.0106293613617339,0.0011247436100567994,False,31.471950631169296,Красный,-0.11454297166840277,Ниже
2020-09-09 20:30:00+05:00,31.425,31.449298762995088,Вниз,0.07726329028257602,True,-0.0062547761876032,-0.0097544443269078,0.0034996681393046,False,31.471950631169296,Красный,-0.024298762995087486,Ниже
2020-09-09 21:00:00+05:00,31.39,31.448708725552358,Вниз,0.18668087794859348,True,-0.006429347313329,-0.009089424924192,0.0026600776108629993,False,31.471950631169296,Красный,-0.058708725552357066,Ниже
2020-09-09 21:30:00+05:00,31.425,31.448472817835416,Вниз,0.07463897522585948,True,-0.0037008278555532,-0.0080117055104643,0.0043108776549111005,False,31.471950631169296,Красный,-0.023472817835415327,Ниже
2020-09-09 22:00:00+05:00,31.25,31.446497963926607,Вниз,0.624864378068479,True,-0.0154810382193417,-0.0095055720522397,-0.005975466167101999,Ниже,31.40307680911017,Красный,-0.1964979639266069,Ниже
2020-09-09 22:30:00+05:00,31.25,31.44454276030545,Вниз,0.6186852891721275,True,-0.0245341256756503,-0.0125112827769219,-0.0120228428987284,False,31.40307680911017,Красный,-0.19454276030544904,Ниже
2020-09-09 23:00:00+05:00,31.27,31.44280601642181,Вниз,0.549588406109674,True,-0.0297519676921247,-0.0159594197599624,-0.013792547932162297,False,31.40307680911017,Красный,-0.17280601642180926,Ниже
2020-09-09 23:30:00+05:00,31.2,31.44039003615891,Вниз,0.7645898663548475,True,-0.0390850123752066,-0.0205845382830113,-0.018500474092195296,False,31.40307680911017,Красный,-0.2403900361589102,Ниже
2020-09-10 00:00:00+05:00,31.28,31.438794115401112,Вниз,0.5050897143771865,True,-0.0395700472422859,-0.0243816400748662,-0.015188407167419697,False,31.40307680911017,Красный,-0.1587941154011112,Ниже
2020-09-10 00:30:00+05:00,31.31,31.437512581914536,Вниз,0.405606460060371,True,-0.037105957212308,-0.0269265035023546,-0.0101794537099534,False,31.40307680911017,Красный,-0.1275125819145373,Ниже
2020-09-10 01:00:00+05:00,31.28,31.43594529254225,Вниз,0.49607317703038817,True,-0.0371457048274308,-0.0289703437673698,-0.008175361060061,False,31.40307680911017,Красный,-0.1559452925422491,Ниже
2020-09-10 01:30:00+05:00,31.24,31.43399558813885,Вниз,0.6171521771545072,True,-0.0399444164366862,-0.0311651583012331,-0.008779258135453098,False,31.40307680911017,Красный,-0.19399558813885065,Ниже
2020-09-10 12:00:00+05:00,31.23,31.43196578129169,Вниз,0.6425489983572725,True,-0.0424796529802726,-0.033428057237041,-0.009051595743231597,False,31.40307680911017,Красный,-0.2019657812916904,Ниже
2020-09-10 12:30:00+05:00,31.315,31.43080194267188,Вниз,0.3684345785484446,True,-0.0372012240274699,-0.0341826905951268,-0.0030185334323431026,False,31.40307680911017,Красный,-0.11580194267187949,Ниже
2020-09-10 13:00:00+05:00,31.335,31.42984868951096,Вниз,0.30177902047174415,True,-0.0310463155997418,-0.0335554155960498,0.0025090999963079987,Ниже,31.40307680911017,Красный,-0.09484868951095748,Ниже
2020-09-10 13:30:00+05:00,31.235,31.427909896580505,Вниз,0.6138171364730032,True,-0.0338474977079421,-0.0336138320184282,-0.00023366568951389832,Ниже,31.40307680911017,Красный,-0.19290989658050606,Ниже
2020-09-10 14:00:00+05:00,31.23,31.425940643878214,Вниз,0.6234996944041594,True,-0.0360552899840733,-0.0341021236115573,-0.0019531663725159965,False,31.40307680911017,Красный,-0.1959406438782132,Ниже
2020-09-10 14:30:00+05:00,31.24,31.424090488217736,Вниз,0.5858259868706819,True,-0.0365764344740995,-0.0345969857840657,-0.0019794486900338026,False,31.389293323403347,Красный,-0.18409048821773766,Ниже
2020-09-10 15:00:00+05:00,31.435,31.424199040573782,Вверх,0.03437147089181363,True,-0.0210123575420801,-0.0318800601356686,0.010867702593588505,Ниже,31.122136008936987,Зелёный,0.010800959426216394,Выше
2020-09-10 15:30:00+05:00,31.41,31.42405775658797,Вниз,0.044735650299723276,True,-0.0105731251019882,-0.0276186731289325,0.0170455480269443,False,31.21867240804329,Зелёный,-0.01405775658797026,Ниже
2020-09-10 16:00:00+05:00,31.65,31.426305938114464,Вверх,0.7118051428826518,True,0.0168715513123558,-0.0187206282406748,0.035592179553030595,False,31.34505516723896,Зелёный,0.22369406188553498,Выше
2020-09-10 16:30:00+05:00,31.845,31.430472048182978,Вверх,1.3188728161051768,True,0.0537370778328565,-0.0042290870259686,0.0579661648588251,False,31.514299650515067,Зелёный,0.4145279518170213,Выше
2020-09-10 17:00:00+05:00,31.84,31.434546953176184,Вверх,1.2898326399542657,True,0.0816090763565178,0.0129385456505286,0.0686705307059892,False,31.572119685463555,Зелёный,0.40545304682381555,Выше
2020-09-10 17:30:00+05:00,31.835,31.438531560607267,Вверх,1.2610908325295715,True,0.1021172338738409,0.0307742832951911,0.07134295057864981,False,31.6344077169172,Зелёный,0.39646843939273424,Выше
2020-09-10 18:00:00+05:00,31.795,31.44207851025297,Вверх,1.1224496167832803,True,0.1138302663005355,0.04738547989626,0.06644478640427551,False,31.6344077169172,Зелёный,0.3529214897470325,Выше
2020-09-10 18:30:00+05:00,31.86,31.44623693303652,Вверх,1.3157792706471403,True,0.1268951177311308,0.0632874074632341,0.0636077102678967,False,31.6344077169172,Зелёный,0.41376306696347953,Выше
2020-09-10 19:00:00+05:00,31.98,31.45154800832969,Вверх,1.6802097993089329,True,0.1452576638065963,0.0796814587319066,0.0655762050746897,False,31.68239822563264,Зелёный,0.528451991670309,Выше
2020-09-10 19:30:00+05:00,32.0,31.457005242077656,Вверх,1.7261489253148001,True,0.1595843575830251,0.0956620385021303,0.06392231908089481,False,31.739408403069376,Зелёный,0.5429947579223438,Выше
2020-09-10 20:00:00+05:00,32.09,31.463303697380365,Вверх,1.99183248093498,True,0.1761698372359745,0.1117635982488991,0.06440623898707541,False,31.88621756276244,Зелёный,0.6266963026196386,Выше
2020-09-10 20:30:00+05:00,32.25,31.47113152128703,Вверх,2.474866460349998,True,0.199920058192152,0.1293948902375497,0.07052516795460231,False,31.9120958064862,Зелёный,0.7788684787129689,Выше
2020-09-10 21:00:00+05:00,32.135,31.47773717779164,Вверх,2.0880243662243783,True,0.2070757007282821,0.1449310523356962,0.062144648392585905,False,32.024386225837574,Зелёный,0.6572628222083594,Выше
2020-09-10 21:30:00+05:00,32.1,31.48392884766436,Вверх,1.9567797758548993,True,0.2075301135331848,0.1574508645751939,0.0500792489579909,False,32.024386225837574,Зелёный,0.6160711523356426,Выше
2020-09-10 22:00:00+05:00,32.135,31.490407167588103,Вверх,2.0469498186589044,True,0.2083131422147133,0.1676233201030978,0.04068982211161551,False,32.024386225837574,Зелёный,0.6445928324118952,Выше
2020-09-10 22:30:00+05:00,32.15,31.49697028034842,Вверх,2.0733096353048777,True,0.2077492684784161,0.1756485097781615,0.03210075870025461,False,32.024386225837574,Зелёный,0.6530297196515775,Выше
2020-09-10 23:00:00+05:00,31.995,31.501925799946942,Вверх,1.565219228768195,True,0.1925753016653288,0.179033868155595,0.013541433509733802,False,32.32104869722796,Красный,0.4930742000530586,Выше
2020-09-10 23:30:00+05:00,32.0,31.50688176213653,Вверх,1.5651127953134232,True,0.1788911361944976,0.1790053217633755,-0.00011418556887790587,Выше,32.25844382750517,Красный,0.4931182378634702,Выше
2020-09-11 00:00:00+05:00,31.845,31.51024612271229,Вверх,1.0623651620620718,True,0.1537666061396372,0.1739575786386278,-0.0201909724989906,False,32.12284944475465,Красный,0.3347538772877101,Выше
2020-09-11 00:30:00+05:00,31.79,31.51302974338182,Вверх,0.8789071024703532,True,0.1279423548870824,0.1647545338883188,-0.0368121790012364,False,32.10656450027919,Красный,0.27697025661817776,Выше
2020-09-11 01:00:00+05:00,31.8,31.51588516882081,Вверх,0.901497228008279,True,0.1070493676677131,0.1532135006441976,-0.04616413297648449,False,32.10656450027919,Красный,0.2841148311791919,Выше
2020-09-11 01:30:00+05:00,31.9,31.519707206941995,Вверх,1.2065238758761287,True,0.0974374903001944,0.142058298575397,-0.04462080827520261,False,32.10656450027919,Красный,0.380292793058004,Выше
2020-09-11 12:00:00+05:00,31.91,31.52359071732068,Вверх,1.225778135950126,True,0.0895941391968691,0.1315654666996914,-0.041971327502822314,False,32.10656450027919,Красный,0.3864092826793204,Выше
2020-09-11 12:30:00+05:00,31.81,31.52644056092943,Вверх,0.8994337261846888,True,0.0744508397376044,0.120142541307274,-0.045691701569669604,False,32.10656450027919,Красный,0.2835594390705687,Выше
2020-09-11 13:00:00+05:00,32.245,31.533590406094312,Вверх,2.256037402477947,True,0.096438843412109,0.115401801728241,-0.018962958316131998,False,31.586856928230144,Зелёный,0.7114095939056853,Выше
2020-09-11 13:30:00+05:00,32.15,31.5397238348894,Вверх,1.9349445426516616,True,0.1049885460811665,0.1133191505988261,-0.008330604517659587,False,31.81917123540713,Зелёный,0.6102761651105979,Выше
2020-09-11 14:00:00+05:00,32.2,31.54629374698005,Вверх,2.072212533944756,True,0.114479184399304,0.1135511573589217,0.0009280270403823065,Выше,31.81917123540713,Зелёный,0.6537062530199513,Выше
2020-09-11 14:30:00+05:00,32.095,31.551753510691693,Вверх,1.721763226643553,True,0.1122341952252021,0.1132877649321778,-0.0010535697069757044,Выше,31.820128700679778,Зелёный,0.5432464893083058,Выше
2020-09-11 15:00:00+05:00,32.05,31.556711187202225,Вверх,1.5631819484339182,True,0.1056065348155819,0.1117515189088586,-0.006144984093276698,False,31.820128700679778,Зелёный,0.4932888127977719,Выше
2020-09-11 15:30:00+05:00,32.1,31.56211704603604,Вверх,1.7042042939623272,True,0.1031990340978978,0.1100410219466665,-0.006841987848768702,False,31.820128700679778,Зелёный,0.5378829539639618,Выше
2020-09-11 16:00:00+05:00,32.2,31.56846414010533,Вверх,2.000527669296252,True,0.1081139661954573,0.1096556107964246,-0.0015416446009672985,False,31.820128700679778,Зелёный,0.6315358598946723,Выше
2020-09-11 16:30:00+05:00,32.15,31.574250566571948,Вверх,1.823477748788134,True,0.1067440244918884,0.1090732935355174,-0.002329269043628998,False,31.843525190516,Зелёный,0.5757494334280508,Выше
2020-09-11 17:00:00+05:00,32.125,31.579730660436905,Вверх,1.726643413859792,True,0.1024599502284999,0.1077506248741139,-0.005290674645614002,False,31.843525190516,Зелёный,0.5452693395630952,Выше
2020-09-11 17:30:00+05:00,32.09,31.58480796729823,Вверх,1.5994779301011812,True,0.0951438242360609,0.1052292647465033,-0.010085440510442412,False,31.85273040431796,Зелёный,0.5051920327017747,Выше
2020-09-11 18:00:00+05:00,32.12,31.59013326115596,Вверх,1.6773172004803674,True,0.0907207189800445,0.1023275555932116,-0.01160683661316711,False,31.85520736388616,Зелёный,0.5298667388440386,Выше
2020-09-11 18:30:00+05:00,32.09,31.59510705955242,Вверх,1.5663594350694234,True,0.0838283063836726,0.0986277057513038,-0.014799399367631208,False,31.860436627497556,Зелёный,0.4948929404475848,Выше
2020-09-11 19:00:00+05:00,32.125,31.60037962612404,Вверх,1.660171112128838,True,0.0802649824818573,0.0949551610974145,-0.0146901786155572,False,31.875142964747795,Зелёный,0.5246203738759583,Выше
2020-09-11 19:30:00+05:00,32.24,31.60674400795365,Вверх,2.0035470654205816,True,0.0857322930148285,0.0931105874808973,-0.007378294466068802,False,31.967628668273008,Зелёный,0.633255992046351,Выше
2020-09-11 20:00:00+05:00,32.2,31.612647052650637,Вверх,1.857968256726917,True,0.0858479090390744,0.0916580517925327,-0.0058101427534583,False,31.967628668273008,Зелёный,0.5873529473493662,Выше
2020-09-11 20:30:00+05:00,32.16,31.61809335063421,Вверх,1.7139131172655462,True,0.0817692844536281,0.0896802983247518,-0.007911013871123695,False,31.967628668273008,Зелёный,0.5419066493657851,Выше
2020-09-11 21:00:00+05:00,32.2,31.6238834665483,Вверх,1.821776677305045,True,0.0808328203544519,0.0879108027306918,-0.007077982376239897,False,31.967628668273008,Зелёный,0.5761165334517031,Выше
2020-09-11 21:30:00+05:00,32.2,31.62961596936872,Вверх,1.8033226555253217,True,0.0791779516687185,0.0861642325182972,-0.00698628084957871,False,31.967628668273008,Зелёный,0.5703840306312813,Выше
2020-09-11 22:00:00+05:00,32.115,31.6344456612158,Вверх,1.5190856951647724,True,0.0701984625084648,0.0829710785163307,-0.012772616007865903,False,31.967628668273008,Зелёный,0.4805543387842022,Выше
2020-09-11 22:30:00+05:00,31.975,31.637834261601707,Вверх,1.065704231239072,True,0.0511951765566038,0.0766158981243853,-0.025420721567781496,False,31.967628668273008,Зелёный,0.3371657383982942,Выше
2020-09-11 23:00:00+05:00,32.095,31.642383174421592,Вверх,1.4304131995477616,True,0.0452957909640332,0.0703518766923149,-0.02505608572828169,False,31.967628668273008,Зелёный,0.45261682557840643,Выше
2020-09-11 23:30:00+05:00,32.09,31.64683707318357,Вверх,1.4003387630543187,True,0.039758713466,0.0642332440470519,-0.024474530581051902,False,31.967628668273008,Зелёный,0.4431629268164343,Выше
2020-09-12 00:00:00+05:00,32.145,31.65179391822652,Вверх,1.558224734584389,True,0.0393549209707728,0.0592575794317961,-0.0199026584610233,False,31.967628668273008,Зелёный,0.4932060817734829,Выше
2020-09-12 00:30:00+05:00,32.06,31.65585567028397,Вверх,1.2766811105201357,True,0.0318094434207196,0.0537679522295808,-0.021958508808861202,False,31.967628668273008,Зелёный,0.40414432971603276,Выше
2020-09-12 01:00:00+05:00,32.05,31.65977750441049,Вверх,1.2325497092806388,True,0.0247375229080404,0.0479618663652727,-0.0232243434572323,False,31.967628668273008,Зелёный,0.3902224955895086,Выше
2020-09-12 01:30:00+05:00,32.045,31.6636105640681,Вверх,1.2045039372885096,True,0.0185160749518686,0.0420727080825919,-0.023556633130723297,False,31.967628668273008,Зелёный,0.3813894359319008,Выше
2020-09-14 12:00:00+05:00,32.02,31.667156727609715,Вверх,1.114224669506416,True,0.01143640974459,0.0359454484149915,-0.024509038670401495,False,31.967628668273008,Зелёный,0.3528432723902881,Выше
2020-09-14 12:30:00+05:00,32.09,31.67136412335489,Вверх,1.3218119529509131,True,0.0113433796278314,0.0310250346575595,-0.0196816550297281,False,31.967628668273008,Зелёный,0.41863587664511215,Выше
2020-09-14 13:00:00+05:00,32.195,31.67657443058519,Вверх,1.636621316332253,True,0.0195172918767738,0.0287234861014024,-0.009206194224628601,False,31.967628668273008,Зелёный,0.5184255694148092,Выше
2020-09-14 13:30:00+05:00,32.215,31.68193189893758,Вверх,1.6825618550120627,True,0.0272943764948792,0.0284376641800977,-0.0011432876852184998,False,31.9989931608855,Зелёный,0.5330681010624225,Выше
2020-09-14 14:00:00+05:00,32.335,31.688430088997904,Вверх,2.040397423243075,True,0.0426491365062702,0.0312799586453322,0.011369177860937996,Выше,32.04184384479696,Зелёный,0.6465699110020964,Выше
2020-09-14 14:30:00+05:00,32.475,31.69625665527653,Вверх,2.4568937373045623,True,0.0653612802587133,0.0380962229680084,0.027265057290704893,False,32.15165946031726,Зелёный,0.7787433447234697,Выше
2020-09-14 15:00:00+05:00,32.4,31.703259076617066,Вверх,2.197694948961315,True,0.0764279310019802,0.0457625645748028,0.030665366427177397,False,32.17599351428553,Зелёный,0.6967409233829329,Выше
2020-09-14 15:30:00+05:00,32.39,31.7100923196358,Вверх,2.1441365528386696,True,0.0834296894931228,0.0532959895584668,0.03013369993465599,False,32.17599351428553,Зелёный,0.6799076803641988,Выше
2020-09-14 16:00:00+05:00,32.395,31.716907321430472,Вверх,2.137953337308386,True,0.0883634924193046,0.0603094901306344,0.028054002288670207,False,32.17599351428553,Зелёный,0.6780926785695307,Выше
2020-09-14 16:30:00+05:00,32.465,31.724351029674946,Вверх,2.3346386806534043,True,0.0968060617498594,0.0676088044544794,0.029197257295380002,False,32.17599351428553,Зелёный,0.7406489703250578,Выше
2020-09-14 17:00:00+05:00,32.44,31.73147191495181,Вверх,2.232887547565449,True,0.100323105393457,0.0741516646422749,0.026171440751182093,False,32.22839634472274,Зелёный,0.7085280850481865,Выше
2020-09-14 17:30:00+05:00,32.44,31.738521945648813,Вверх,2.2101787082348796,True,0.1019353406652996,0.0797083998468798,0.022226940818419805,False,32.23655671025047,Зелёный,0.7014780543511847,Выше
2020-09-14 18:00:00+05:00,32.465,31.74575058300554,Вверх,2.2656557296191244,True,0.1040311336484691,0.0845729466071977,0.01945818704127139,False,32.23655671025047,Зелёный,0.7192494169944617,Выше
2020-09-14 18:30:00+05:00,32.475,31.753006796109965,Вверх,2.273779010995858,True,0.1052853175110897,0.0887154207879761,0.016569896723113597,False,32.23655671025047,Зелёный,0.7219932038900367,Выше
2020-09-14 19:00:00+05:00,32.47,31.760141056845196,Вверх,2.2350623124887172,True,0.10466924711843,0.0919061860540669,0.01276306106436309,False,32.27808234177259,Зелёный,0.7098589431548028,Выше
2020-09-14 19:30:00+05:00,32.5,31.767502837374096,Вверх,2.305806554502389,True,0.1053869213450511,0.0946023331122637,0.010784588232787398,False,32.29352410759533,Зелёный,0.7324971626259043,Выше
2020-09-14 20:00:00+05:00,32.56,31.775388381280823,Вверх,2.4692432057932012,True,0.1095345359517239,0.0975887736801558,0.0119457622715681,False,32.3466716968358,Зелёный,0.784611618719179,Выше
2020-09-14 20:30:00+05:00,32.665,31.7842402381835,Вверх,2.7710580942514147,True,0.119911903111344,0.1020533995663934,0.01785850354495061,False,32.38400452715222,Зелёный,0.8807597618164991,Выше
2020-09-14 21:00:00+05:00,32.58,31.792158245763765,Вверх,2.4781008830729854,True,0.1198951747821439,0.1056217546095435,0.014273420172600401,False,32.40635407443699,Зелёный,0.7878417542362328,Выше
2020-09-14 21:30:00+05:00,32.585,31.80004721844273,Вверх,2.4684013082283367,True,0.1189146021620359,0.108280324120042,0.010634278041993905,False,32.4099686669933,Зелёный,0.7849527815572692,Выше
2020-09-14 22:00:00+05:00,32.615,31.8081562013438,Вверх,2.536594053263975,True,0.1191843574920099,0.1104611307944356,0.00872322669757429,False,32.42797180029396,Зелёный,0.8068437986562031,Выше
2020-09-14 22:30:00+05:00,32.62,31.816234249091625,Вверх,2.5262755630211653,True,0.1184363383631605,0.1120561723081806,0.006380166054979902,False,32.43167462026457,Зелёный,0.8037657509083722,Выше
2020-09-14 23:00:00+05:00,32.595,31.82398316203599,Вверх,2.422754040681442,True,0.114506279634142,0.1125461937733729,0.001960085860769109,False,32.43167462026457,Зелёный,0.7710168379640088,Выше
2020-09-14 23:30:00+05:00,32.63,31.832003230075436,Вверх,2.5069008826017107,True,0.1129142817167192,0.1126198113620422,0.0002944703546770011,False,32.4545314424143,Зелёный,0.7979967699245663,Выше
2020-09-15 00:00:00+05:00,32.615,31.8397942427115,Вверх,2.4347071823994506,True,0.1091836362632818,0.1119325763422901,-0.002748940079008305,Выше,32.461328298172866,Зелёный,0.7752057572885036,Выше
2020-09-15 00:30:00+05:00,32.715,31.8485027577094,Вверх,2.7206843878425464,True,0.1129937159078622,0.1121448042554045,0.0008489116524576928,Выше,32.51119546835559,Зелёный,0.8664972422906025,Выше
2020-09-15 01:00:00+05:00,32.785,31.857821138229703,Вверх,2.9103649548012247,True,0.1202751889523909,0.1137708811948018,0.0065043077575890895,False,32.57182592152002,Зелёный,0.9271788617702938,Выше
2020-09-15 01:30:00+05:00,32.72,31.86640003237667,Вверх,2.678683399304784,True,0.1194242041416728,0.114901545784176,0.004522658357496809,False,32.57182592152002,Зелёный,0.8535999676233281,Выше
2020-09-15 12:00:00+05:00,32.52,31.872903514641585,Вверх,2.0302401538697548,True,0.1014421026045937,0.1122096571482596,-0.010767554543665903,Выше,32.70939600356878,Красный,0.6470964853584178,Выше
2020-09-15 12:30:00+05:00,32.32,31.877352235888928,Вверх,1.3885963954456664,True,0.0702431102025542,0.1038163477591185,-0.0335732375565643,False,32.6694564032119,Красный,0.4426477641110722,Выше
2020-09-15 13:00:00+05:00,32.69,31.88543828329302,Вверх,2.5232888742462203,True,0.0745146334180191,0.0979560048908986,-0.023441371472879502,False,32.26923923710929,Зелёный,0.8045617167069778,Выше
2020-09-15 13:30:00+05:00,32.885,31.895384171021448,Вверх,3.102692927830184,True,0.092567654359847,0.0968783347846883,-0.004310680424841298,False,32.514565313398364,Зелёный,0.9896158289785504,Выше
2020-09-15 14:00:00+05:00,32.855,31.904932587230192,Вверх,2.9778073035329498,True,0.1032636946492004,0.0981554067575907,0.005108287891609706,Выше,32.59010878205853,Зелёный,0.9500674127698048,Выше
2020-09-15 14:30:00+05:00,32.885,31.914684501785118,Вверх,3.0403418155695903,True,0.1128601513471352,0.1010963556754996,0.011763795671635602,False,32.59010878205853,Зелёный,0.9703154982148803,Выше
2020-09-15 15:00:00+05:00,32.84,31.923891621170338,Вверх,2.8696638545851605,True,0.1155028436164826,0.1039776532636962,0.011525190352786402,False,32.59010878205853,Зелёный,0.9161083788296658,Выше
2020-09-15 15:30:00+05:00,32.81,31.932708619964664,Вверх,2.7473127647143785,True,0.1138638948974133,0.1059549015904397,0.007908993306973602,False,32.604929302120674,Зелёный,0.8772913800353379,Выше
2020-09-15 16:00:00+05:00,32.85,31.941835897377956,Вверх,2.8431806660699634,True,0.1144731072127029,0.1076585427148923,0.006814564497810607,False,32.604929302120674,Зелёный,0.9081641026220453,Выше
2020-09-15 16:30:00+05:00,32.855,31.95092210735429,Вверх,2.829583101257694,True,0.1140447338732499,0.1089357809465638,0.005108952926686103,False,32.604929302120674,Зелёный,0.9040778926457058,Выше
2020-09-15 17:00:00+05:00,33.27,31.96404726051495,Вверх,4.085692681033831,True,0.1455148717540453,0.1162515991080601,0.02926327264598519,False,32.757940961245964,Зелёный,1.305952739485054,Выше
2020-09-15 17:30:00+05:00,33.605,31.980375148470024,Вверх,5.080068148005125,False,0.195236320273139,0.1320485433410759,0.0631877769320631,False,33.21864686512137,Зелёный,1.6246248515299726,Выше
2020-09-15 18:00:00+05:00,33.55,31.99599330619669,Вверх,4.85687904398436,True,0.2275794913889797,0.1511547329506567,0.076424758438323,False,33.24803217860923,Зелёный,1.5540066938033057,Выше
2020-09-15 18:30:00+05:00,33.49,32.01085904444349,Вверх,4.62074745792635,True,0.2455397594553616,0.1700317382515977,0.0755080212037639,False,33.24803217860923,Зелёный,1.4791409555565096,Выше
2020-09-15 19:00:00+05:00,33.3,32.02368631763311,Вверх,3.9855301782172323,True,0.2416563254964856,0.1843566557005753,0.05729966979591031,False,33.24803217860923,Зелёный,1.2763136823668901,Выше
2020-09-15 19:30:00+05:00,33.23,32.03568943885069,Вверх,3.728062614132256,True,0.2302757852096562,0.1935404816023915,0.03673530360726468,False,33.58072204179387,Красный,1.1943105611493081,Выше
2020-09-15 20:00:00+05:00,33.02,32.0454835737875,Вверх,3.0410414121808915,True,0.2019830452674398,0.1952289943354012,0.006754050932038597,False,33.43914983761448,Красный,0.974516426212503,Выше
2020-09-15 20:30:00+05:00,32.99,32.054881747182655,Вверх,2.917241311924464,True,0.1751214051957035,0.1912074765074616,-0.0160860713117581,Выше,33.32348485385303,Красный,0.9351182528173467,Выше
2020-09-15 21:00:00+05:00,33.18,32.066076953678355,Вверх,3.4738363783345965,True,0.1672369703224561,0.1864133752704606,-0.01917640494800449,False,33.32348485385303,Красный,1.113923046321645,Выше
2020-09-15 21:30:00+05:00,33.18,32.07716076508454,Вверх,3.4380824506010503,True,0.1591538721132437,0.1809614746390172,-0.021807602525773517,False,33.32348485385303,Красный,1.1028392349154572,Выше
2020-09-15 22:00:00+05:00,33.325,32.089577075879724,Вверх,3.849919620937884,True,0.1625741926374999,0.1772840182387138,-0.014709825601213894,False,32.93763954154113,Зелёный,1.2354229241202788,Выше
2020-09-15 22:30:00+05:00,33.305,32.10167083631873,Вверх,3.7484938706675117,True,0.161805791992549,0.1741883729894808,-0.012382580996931819,False,32.96387558738702,Зелёный,1.2033291636812677,Выше
2020-09-15 23:00:00+05:00,33.3,32.11359450958919,Вверх,3.694402661952222,True,0.1589609676468697,0.1711428919209586,-0.012181924274088901,False,33.00948802864832,Зелёный,1.186405490410806,Выше
2020-09-15 23:30:00+05:00,33.29,32.12530003685696,Вверх,3.6254913162111797,True,0.154122874867248,0.1677388885102165,-0.013616013642968522,False,33.01103922578349,Зелёный,1.1646999631430361,Выше
2020-09-16 00:00:00+05:00,33.28,32.13678958872904,Вверх,3.5573261234280498,True,0.1477782395000986,0.1637467587081929,-0.015968519208094306,False,33.03643530320514,Зелёный,1.1432104112709638,Выше
2020-09-16 00:30:00+05:00,33.3,32.14836382167701,Вверх,3.5822544024665497,True,0.1427187304289674,0.1595411530523478,-0.016822422623380406,False,33.06654177288463,Зелёный,1.1516361783229883,Выше
2020-09-16 01:00:00+05:00,33.335,32.16017114683446,Вверх,3.653055351607425,True,0.1399203261090988,0.155616987663698,-0.0156966615545992,False,33.08238759559617,Зелёный,1.1748288531655433,Выше
2020-09-16 01:30:00+05:00,33.4,32.1725077523386,Вверх,3.815345254123591,True,0.1413184956464164,0.1527572892602417,-0.011438793613825299,False,33.14539883603655,Зелёный,1.2274922476613952,Выше
2020-09-16 12:00:00+05:00,32.515,32.1759156353999,Вверх,1.053845268748272,True,0.0702051698349564,0.1362468653751846,-0.0660416955402282,False,32.9648910475671,Красный,0.3390843646000974,Выше
2020-09-16 12:30:00+05:00,32.77,32.18182692260986,Вверх,1.8276559587638415,True,0.0340314226056435,0.1158037768212764,-0.0817723542156329,False,32.9648910475671,Красный,0.5881730773901452,Выше
2020-09-16 13:00:00+05:00,32.915,32.18912217711125,Вверх,2.2550407522603972,True,0.0168692967410066,0.0960168808052225,-0.0791475840642159,False,32.9648910475671,Красный,0.7258778228887479,Выше
2020-09-16 13:30:00+05:00,32.9,32.19619558828428,Вверх,2.1859862597300768,True,0.0020343628386214,0.0772203772119023,-0.07518601437328089,False,32.9648910475671,Красный,0.7038044117157156,Выше
2020-09-16 14:00:00+05:00,32.94,32.20359662720682,Вверх,2.2867115785788825,True,-0.0064207490545697,0.0604921519586078,-0.0669129010131775,False,32.9648910475671,Красный,0.7364033727931769,Выше
2020-09-16 14:30:00+05:00,32.775,32.209282232906254,Вверх,1.756381166779883,True,-0.0261343467024559,0.0431668522263951,-0.069301198928851,False,32.9648910475671,Красный,0.5657177670937443,Выше
2020-09-16 15:00:00+05:00,32.85,32.21565753407137,Вверх,1.9690501901373594,True,-0.0352987397690114,0.0274737338273138,-0.0627724735963252,False,32.9648910475671,Красный,0.6343424659286327,Выше
2020-09-16 15:30:00+05:00,32.89,32.22236740935424,Вверх,2.071953876523497,True,-0.038885671775354,0.0142018527067802,-0.0530875244821342,False,32.9648910475671,Красный,0.6676325906457592,Выше
2020-09-16 16:00:00+05:00,32.745,32.22756773363928,Вверх,1.6055579205892603,True,-0.0528197561475565,0.0007975309359128,-0.0536172870834693,False,32.9648910475671,Красный,0.5174322663607143,Выше
2020-09-16 16:30:00+05:00,32.95,32.23475611439908,Вверх,2.218859305349062,True,-0.0467815629218151,-0.0087182878356327,-0.0380632750861824,False,32.9648910475671,Красный,0.7152438856009198,Выше
2020-09-16 17:00:00+05:00,32.985,32.242221227688646,Вверх,2.30374566028186,True,-0.0387256387372971,-0.0147197580159656,-0.0240058807213315,False,32.555229505646345,Зелёный,0.7427787723113539,Выше
2020-09-16 17:30:00+05:00,32.94,32.249164300049955,Вверх,2.1421817121288087,True,-0.0355624429945891,-0.0188882950116903,-0.016674147982898797,False,32.61970655508171,Зелёный,0.6908356999500427,Выше
2020-09-16 18:00:00+05:00,32.735,32.25399848611912,Вверх,1.4912926658934427,True,-0.0490321620794205,-0.0249170684252363,-0.0241150936541842,False,32.61970655508171,Зелёный,0.48100151388087653,Выше
2020-09-16 18:30:00+05:00,32.74,32.25883432207813,Вверх,1.4915780065634912,True,-0.0586277293159156,-0.0316592006033722,-0.026968528712543405,False,32.61970655508171,Зелёный,0.48116567792187226,Выше
2020-09-16 19:00:00+05:00,32.67,32.26292552285347,Вверх,1.2617407459164807,True,-0.0710615471870639,-0.0395396699201105,-0.031521877266953394,False,32.61970655508171,Зелёный,0.40707447714653,Выше
2020-09-16 19:30:00+05:00,32.295,32.26324467187981,Вверх,0.09842571149661364,True,-0.1099078540982247,-0.0536133067557334,-0.056294547342491306,False,32.819935029210896,Красный,0.031755328120190995,Выше
2020-09-16 20:00:00+05:00,32.43,32.26490392887603,Вверх,0.5116893311937418,True,-0.128321252913544,-0.0685548959872955,-0.05976635692624849,False,32.7046915262898,Красный,0.16509607112396907,Выше
2020-09-16 20:30:00+05:00,32.6,32.268238218140944,Вверх,1.028137264936094,True,-0.1277241009550209,-0.0803887369808406,-0.0473353639741803,False,32.7046915262898,Красный,0.3317617818590577,Выше
2020-09-16 21:00:00+05:00,32.675,32.27228559905497,Вверх,1.2478645174013405,True,-0.1198177955635273,-0.0882745486973779,-0.0315432468661494,False,32.7046915262898,Красный,0.40271440094502964,Выше
2020-09-16 21:30:00+05:00,32.685,32.27639221000965,Вверх,1.2659648802496493,True,-0.1114602309911205,-0.0929116851561265,-0.018548545834994004,False,32.7046915262898,Красный,0.40860778999035574,Выше
2020-09-16 22:00:00+05:00,32.66,32.280209202944874,Вверх,1.176543790863891,True,-0.1056363814715339,-0.095456624419208,-0.010179757052325891,False,32.7046915262898,Красный,0.3797907970551222,Выше
2020-09-16 22:30:00+05:00,32.64,32.283789210875774,Вверх,1.103373543909232,True,-0.1014651445946839,-0.0966583284543032,-0.0048068161403807125,False,32.7046915262898,Красный,0.3562107891242263,Выше
2020-09-16 23:00:00+05:00,32.62,32.287134591862085,Вверх,1.0309536982628706,True,-0.0986362251658761,-0.0970539077966178,-0.0015823173692583042,False,32.7046915262898,Красный,0.33286540813791277,Выше
2020-09-16 23:30:00+05:00,32.64,32.290645690450525,Вверх,1.0819056171824775,True,-0.0937003341585125,-0.0963831930689967,0.0026828589104841982,Ниже,32.7046915262898,Красный,0.34935430954947577,Выше
2020-09-17 00:00:00+05:00,32.625,32.293972599003254,Вверх,1.025043914872718,True,-0.0899619542050658,-0.0950989452962105,0.00513699109114471,False,32.7046915262898,Красный,0.33102740099674577,Выше
2020-09-17 00:30:00+05:00,32.61,32.29711715025695,Вверх,0.9687640178143836,True,-0.0872043977833598,-0.0935200357936404,0.006315638010280608,False,32.7046915262898,Красный,0.3128828497430476,Выше
2020-09-17 01:00:00+05:00,32.56,32.29973290000564,Вверх,0.8057871586743681,True,-0.0880387407830696,-0.0924237767915262,0.004385036008456605,False,32.7046915262898,Красный,0.2602670999943655,Выше
2020-09-17 01:30:00+05:00,32.565,32.302372373637425,Вверх,0.8130289110805621,True,-0.0872902774263408,-0.0913970769184892,0.0041067994921484,False,32.7046915262898,Красный,0.26262762636257264,Выше
2020-09-17 12:00:00+05:00,32.45,32.303841305243026,Вверх,0.45244989094611177,True,-0.094882902689001,-0.0920942420725915,-0.002788660616409505,Ниже,32.45148303570289,Красный,0.14615869475697707,Выше
2020-09-17 12:30:00+05:00,32.685,32.30763392907145,Вверх,1.168039949186703,True,-0.081003815328529,-0.089876156723779,0.008872341395249991,Ниже,32.221915267867395,Зелёный,0.37736607092855223,Выше
2020-09-17 13:00:00+05:00,32.8,32.31253309395631,Вверх,1.5086000983774959,True,-0.0600329769084595,-0.0839075207607151,0.023874543852255604,False,32.44947374108065,Зелёный,0.4874669060436858,Выше
2020-09-17 13:30:00+05:00,32.805,32.317433262175655,Вверх,1.5086802651341538,True,-0.042519835959311,-0.0756299838004343,0.0331101478411233,False,32.544776366972584,Зелёный,0.4875667378243449,Выше
2020-09-17 14:00:00+05:00,32.725,32.321488652601765,Вверх,1.2484305773637536,True,-0.034695923979676,-0.0674431718362826,0.0327472478566066,False,32.544776366972584,Зелёный,0.40351134739823635,Выше
2020-09-17 14:30:00+05:00,32.82,32.326448964516175,Вверх,1.5267715795990544,True,-0.0205923356881641,-0.0580730046066589,0.0374806689184948,False,32.544776366972584,Зелёный,0.49355103548382573,Выше
2020-09-17 15:00:00+05:00,32.445,32.327628576809545,Вверх,0.36306845988280345,True,-0.039222375224007,-0.0543028787301286,0.015080503506121605,False,32.920118028476985,Красный,0.11737142319045546,Выше
2020-09-17 15:30:00+05:00,32.47,32.32904520788607,Вверх,0.4360004794683741,True,-0.0513772794162008,-0.053717758867343,0.0023404794511421995,False,32.729856225629284,Красный,0.1409547921139307,Выше
2020-09-17 16:00:00+05:00,32.255,32.3283084396484,Вниз,0.226762373865787,True,-0.0774658535905317,-0.0584673778119807,-0.018998475778550995,Ниже,32.66162060306636,Красный,-0.07330843964840028,Ниже
2020-09-17 16:30:00+05:00,32.375,32.32877303228871,Вверх,0.14299017059856167,True,-0.0874501683585649,-0.0642639359212976,-0.023186232437267293,False,32.66162060306636,Красный,0.04622696771129142,Выше
2020-09-17 17:00:00+05:00,32.46,32.33007877326096,Вверх,0.40185867671468906,True,-0.0874954272980943,-0.0689102341966569,-0.0185851931014374,False,32.66162060306636,Красный,0.12992122673904305,Выше
2020-09-17 17:30:00+05:00,32.565,32.332416297905134,Вверх,0.7193514395951084,True,-0.0781577193185398,-0.0707597312210335,-0.007397988097506303,False,32.66162060306636,Красный,0.232583702094864,Выше
2020-09-17 18:00:00+05:00,32.52,32.33428280240359,Вверх,0.5743662190726101,True,-0.0735409085731007,-0.0713159666914469,-0.0022249418816537997,False,32.66162060306636,Красный,0.1857171975964107,Выше
2020-09-17 18:30:00+05:00,32.42,32.33513570984236,Вверх,0.2624522467422589,True,-0.0770628841021903,-0.0724653501735956,-0.004597533928594702,False,32.97628839990465,Красный,0.08486429015763974,Выше
2020-09-17 19:00:00+05:00,32.58,32.33757217044095,Вверх,0.749678511056084,True,-0.0661805243702531,-0.0712083850129271,0.005027860642674006,Ниже,32.93315955991419,Красный,0.2424278295590483,Выше
2020-09-17 19:30:00+05:00,32.425,32.33844209909328,Вверх,0.2676625566608416,True,-0.069264937407965,-0.0708196954919347,0.0015547580839697095,False,32.93315955991419,Красный,0.086557900906719,Выше
2020-09-17 20:00:00+05:00,32.46,32.33965163044558,Вверх,0.3721387321350145,True,-0.0681001335211846,-0.0702757830977847,0.0021756495766001027,False,32.93315955991419,Красный,0.12034836955442074,Выше
2020-09-17 20:30:00+05:00,32.4,32.340252111734685,Вверх,0.18474775044698538,True,-0.0711977927720397,-0.0704601850326357,-0.0007376077394040115,Ниже,32.88450331917745,Красный,0.05974788826531352,Выше
2020-09-17 21:00:00+05:00,32.445,32.34129437927961,Вверх,0.32066008089902664,True,-0.0692236193330018,-0.0702128718927089,0.0009892525597070961,Ниже,32.88450331917745,Красный,0.10370562072039036,Выше
2020-09-17 21:30:00+05:00,32.435,32.342226773515634,Вверх,0.28684860549038754,True,-0.0676857498940606,-0.0697074474929792,0.002021697598918598,False,32.85539768853373,Красный,0.09277322648436837,Выше
2020-09-17 22:00:00+05:00,32.44,32.343199641440854,Вверх,0.29929122545783754,True,-0.0653106584545,-0.0688280896852834,0.003517431230783394,False,32.810107919680355,Красный,0.09680035855914326,Выше
2020-09-17 22:30:00+05:00,32.46,32.344361834063335,Вверх,0.35752186588168205,True,-0.0611101092245931,-0.0672844935931453,0.006174384368552201,False,32.810107919680355,Красный,0.11563816593666587,Выше
2020-09-17 23:00:00+05:00,32.45,32.34541296009256,Вверх,0.3233442715246255,True,-0.057920389922252,-0.0654116728589667,0.007491282936714694,False,32.78468741494109,Красный,0.10458703990744311,Выше
2020-09-17 23:30:00+05:00,32.43,32.34625462218119,Вверх,0.2589028584514388,True,-0.0563567022646083,-0.063600678740095,0.007243976475486705,False,32.74471867344698,Красный,0.08374537781880775,Выше
2020-09-18 00:00:00+05:00,32.455,32.34733666574158,Вверх,0.33283523577520024,True,-0.0524950472363769,-0.0613795524393514,0.0088845052029745,False,32.73074680610228,Красный,0.10766333425841879,Выше
2020-09-18 00:30:00+05:00,32.48,32.34865669891828,Вверх,0.4060239728164835,True,-0.0468769978867769,-0.0584790415288365,0.0116020436420596,False,32.728672125492054,Красный,0.13134330108171355,Выше
2020-09-18 01:00:00+05:00,32.46,32.349764592461376,Вверх,0.3407610810383244,True,-0.0435366230643055,-0.0554905578359303,0.011953934771624798,False,32.72205491294285,Красный,0.11023540753862449,Выше
2020-09-18 01:30:00+05:00,32.465,32.350911213431914,Вверх,0.3526601949954365,True,-0.0400245160317283,-0.0523973494750899,0.012372833443361604,False,32.67859942164856,Красный,0.11408878656808952,Выше
2020-09-18 12:00:00+05:00,32.625,32.35363846503956,Вверх,0.8387357584330639,True,-0.0240532126183694,-0.0467285221037458,0.022675309485376396,False,32.67859942164856,Красный,0.271361534960441,Выше
2020-09-18 12:30:00+05:00,32.535,32.35544305742723,Вверх,0.5549512712716472,True,-0.0184454596578405,-0.0410719096145647,0.0226264499567242,False,32.67859942164856,Красный,0.17955694257276633,Выше
2020-09-18 13:00:00+05:00,32.5,32.356881434965274,Вверх,0.44231260457650334,True,-0.0166337391371129,-0.0361842755190744,0.019550536381961504,False,32.67859942164856,Красный,0.14311856503472598,Выше
2020-09-18 13:30:00+05:00,32.51,32.358405002776564,Вверх,0.46848723603782694,True,-0.0142270209042081,-0.0317928245961011,0.017565803691893003,False,32.67859942164856,Красный,0.15159499722343384,Выше
2020-09-18 14:00:00+05:00,32.28,32.3576248534952,Вниз,0.23989663594488733,True,-0.0305268625062922,-0.0315396321781393,0.001012769671847099,False,32.67859942164856,Красный,-0.07762485349520176,Ниже
2020-09-18 14:30:00+05:00,32.24,32.35645445694301,Вниз,0.35991105607067503,True,-0.0461403923939016,-0.0344597842212918,-0.011680608172609803,Ниже,32.47889236024033,Красный,-0.1164544569430106,Ниже
2020-09-18 15:00:00+05:00,32.27,32.35559421359035,Вниз,0.26454223966746176,True,-0.0554542361247172,-0.0386586746019769,-0.016795561522740296,False,32.47889236024033,Красный,-0.08559421359034758,Ниже
2020-09-18 15:30:00+05:00,32.295,32.35499128609194,Вниз,0.18541586230537419,True,-0.0601251480377484,-0.0429519692891312,-0.0171731787486172,False,32.47889236024033,Красный,-0.05999128609193605,Ниже
2020-09-18 16:00:00+05:00,32.47,32.35613565140446,Вверх,0.3519096032427434,True,-0.0491393935760129,-0.0441894541465075,-0.004949939429505404,False,32.47889236024033,Красный,0.11386434859554129,Выше
2020-09-18 16:30:00+05:00,32.26,32.35517907775864,Вниз,0.29416952856265033,True,-0.0567244646549909,-0.0466964562482042,-0.0100280084067867,False,32.47889236024033,Красный,-0.09517907775864387,Ниже
2020-09-18 17:00:00+05:00,32.555,32.35716734564164,Вверх,0.6114028840815846,True,-0.0384879879829114,-0.0450547625951456,0.006566774612234198,Ниже,32.030591200201684,Зелёный,0.19783265435835773,Выше
2020-09-18 17:30:00+05:00,32.58,32.35938458598352,Вверх,0.6817664082277946,True,-0.0217672385904492,-0.0403972577942064,0.0186300192037572,False,32.14828208018152,Зелёный,0.22061541401647844,Выше
2020-09-18 18:00:00+05:00,32.79,32.363669316471245,Вверх,1.3173125684848594,True,0.0083332600912839,-0.0306511542171083,0.038984414308392196,False,32.328453872163365,Зелёный,0.4263306835287537,Выше
2020-09-18 18:30:00+05:00,32.69,32.366916387949146,Вверх,0.9981908939930461,True,0.0238440979747949,-0.0197521037787276,0.043596201753522495,False,32.36760848494703,Зелёный,0.32308361205085134,Выше
2020-09-18 19:00:00+05:00,32.55,32.368738115432244,Вверх,0.5599905807923179,True,0.0245566450576006,-0.010890354011462,0.035446999069062596,False,32.36760848494703,Зелёный,0.18126188456775338,Выше
2020-09-18 19:30:00+05:00,32.81,32.37312878095034,Вверх,1.3494871688359529,True,0.045575801375385,0.0004028770659074,0.0451729243094776,False,32.36760848494703,Зелёный,0.43687121904966375,Выше
2020-09-18 20:00:00+05:00,33.18,32.38115735029412,Вверх,2.4669984493269714,True,0.09104008850327,0.0185303193533799,0.0725097691498901,False,32.558876585526384,Зелёный,0.7988426497058825,Выше
2020-09-18 20:30:00+05:00,33.935,32.39661847118671,Вверх,4.7485867396361545,True,0.185850682822803,0.0519943920472645,0.1338562907755385,False,33.042238926973745,Зелёный,1.5383815288132894,Выше
2020-09-18 21:00:00+05:00,33.37,32.40630385953312,Вверх,2.97379221229324,True,0.2129433059184791,0.0841841748215074,0.12875913109697168,False,33.042238926973745,Зелёный,0.9636961404668796,Выше
2020-09-18 21:30:00+05:00,33.51,32.41728591068204,Вверх,3.3707759876279177,True,0.2429111068519134,0.1159295612275886,0.1269815456243248,False,33.042238926973745,Зелёный,1.0927140893179583,Выше
2020-09-18 22:00:00+05:00,33.475,32.42781042898371,Вверх,3.229294723150103,True,0.2608299126333548,0.1449096315087419,0.11592028112461292,False,33.042238926973745,Зелёный,1.0471895710162897,Выше
2020-09-18 22:30:00+05:00,33.45,32.43798146949134,Вверх,3.119856676225334,True,0.2699021403808288,0.1699081332831593,0.09999400709766953,False,33.042238926973745,Зелёный,1.0120185305086622,Выше
2020-09-18 23:00:00+05:00,33.46,32.448150808103364,Вверх,3.118357030206927,True,0.2747319240532846,0.1908728914371843,0.08385903261610031,False,33.06689361398873,Зелёный,1.011849191896637,Выше
2020-09-18 23:30:00+05:00,33.45,32.45811945677896,Вверх,3.0558780355153528,True,0.2745873736649997,0.2076157878827474,0.06697158578225229,False,33.103204252589855,Зелёный,0.9918805432210434,Выше
2020-09-19 00:00:00+05:00,33.45,32.46798891492047,Вверх,3.0245516211453958,True,0.271344921096798,0.2203616145255575,0.05098330657124048,False,33.15338382733087,Зелёный,0.9820110850795345,Выше
2020-09-19 00:30:00+05:00,33.41,32.47736215954813,Вверх,2.871655142034614,True,0.2625214050265896,0.228793572625764,0.03372783240082561,False,33.17454544459778,Зелёный,0.9326378404518678,Выше
2020-09-19 01:00:00+05:00,33.495,32.48748790920437,Вверх,3.1012311373886816,True,0.2593973237177209,0.2349143228441554,0.024483000873565502,False,33.17454544459778,Зелёный,1.007512090795629,Выше
2020-09-19 01:30:00+05:00,33.495,32.49751290513268,Вверх,3.069425952008079,True,0.2539935868094289,0.2387301756372101,0.0152634111722188,False,33.1859318101242,Зелёный,0.9974870948673171,Выше
2020-09-21 12:00:00+05:00,33.575,32.508234169758225,Вверх,3.2815249966242988,True,0.253247142373489,0.2416335689844659,0.011613573389023107,False,33.30558862911178,Зелёный,1.0667658302417777,Выше
2020-09-21 12:30:00+05:00,33.335,32.51646069543228,Вверх,2.5173075022974603,True,0.23063101476842,0.2394330581412567,-0.008802043372836715,Выше,33.30558862911178,Зелёный,0.8185393045677216,Выше
2020-09-21 13:00:00+05:00,33.235,32.52361034025385,Вверх,2.1873022469023766,True,0.2023063448240663,0.2320077154778186,-0.029701370653752307,False,33.53369821041945,Красный,0.7113896597461462,Выше
2020-09-21 13:30:00+05:00,32.915,32.52750476472894,Вверх,1.1912848466976158,True,0.1522821009095594,0.2160625925641668,-0.06378049165460739,False,33.46057838937751,Красный,0.3874952352710608,Выше
2020-09-21 14:00:00+05:00,33.485,32.53703208050278,Вверх,2.913504578880348,True,0.1568239941285654,0.2042148728770465,-0.04739087874848111,False,32.71622944956024,Зелёный,0.9479679194972164,Выше
2020-09-21 14:30:00+05:00,33.535,32.54696210955251,Вверх,3.035729992623484,True,0.1625838934411376,0.1958886769898647,-0.033304783548727096,False,33.058856504604215,Зелёный,0.9880378904474867,Выше
2020-09-21 15:00:00+05:00,33.49,32.556345571149,Вверх,2.8678109058972265,True,0.1616540835755913,0.1890417583070101,-0.027387674731418787,False,33.084220854143794,Зелёный,0.9336544288509998,Выше
2020-09-21 15:30:00+05:00,33.72,32.56792422218235,Вверх,3.537455350110891,True,0.1774309666316398,0.186719599971936,-0.009288633340296198,False,33.19954876872942,Зелёный,1.1520757778176502,Выше
2020-09-21 16:00:00+05:00,33.695,32.579138906538745,Вверх,3.4250785346487422,True,0.1857754651327354,0.1865307730040959,-0.0007553078713604944,False,33.29984389185648,Зелёный,1.1158610934612554,Выше
2020-09-21 16:30:00+05:00,33.715,32.5904410069712,Вверх,3.4505792443503895,True,0.1917915199112911,0.1875829223855349,0.004208597525756197,Выше,33.344109502670825,Зелёный,1.1245589930288062,Выше
2020-09-21 17:00:00+05:00,33.525,32.5997401014292,Вверх,2.838243175227757,True,0.1791625996390848,0.1858988578362449,-0.0067362581971601165,Выше,33.344109502670825,Зелёный,0.9252598985708005,Выше
2020-09-21 17:30:00+05:00,33.42,32.607901891464735,Вверх,2.490494823120886,True,0.1588503390310691,0.1804891540752098,-0.021638815044140697,False,33.344109502670825,Зелёный,0.8120981085352668,Выше
2020-09-21 18:00:00+05:00,33.34,32.61518644975862,Вверх,2.2223191989348576,True,0.1347441480814168,0.1713401528764512,-0.036596004795034415,False,33.71859167255297,Красный,0.7248135502413859,Выше
2020-09-21 18:30:00+05:00,33.375,32.622746783591865,Вверх,2.305916241199203,True,0.1171140081854602,0.160494923938253,-0.04338091575279279,False,33.57198250529767,Красный,0.7522532164081355,Выше
2020-09-21 19:00:00+05:00,32.88,32.62530651708847,Вверх,0.7806623449748469,True,0.0624794084586,0.1408918208423224,-0.0784124123837224,False,33.5175342547679,Красный,0.2546934829115344,Выше
2020-09-21 19:30:00+05:00,32.58,32.62485570597317,Вниз,0.13748936202944592,True,-0.0049691173497237,0.1117196332039132,-0.11668875055363691,False,33.09953082929111,Красный,-0.04485570597316979,Ниже
2020-09-21 20:00:00+05:00,32.445,32.62306609695851,Вниз,0.5458288207162455,True,-0.0685260066029727,0.075670505242536,-0.1441965118455087,False,32.928577746362,Красный,-0.17806609695850995,Ниже
2020-09-21 20:30:00+05:00,32.4,32.6208465338047,Вниз,0.6770104312769506,True,-0.12113011064352,0.0363103820653248,-0.1574404927088448,False,32.85046997172581,Красный,-0.22084653380470343,Ниже
2020-09-21 21:00:00+05:00,32.6,32.620639105607644,Вниз,0.06327008352235117,True,-0.1450093361950166,4.643841325652209e-05,-0.14505577460827312,False,32.85046997172581,Красный,-0.020639105607642705,Ниже
2020-09-21 21:30:00+05:00,32.625,32.620682497591645,Вверх,0.013235475403293676,True,-0.1600713011006647,-0.0319771094895277,-0.128094191611137,False,32.85046997172581,Красный,0.004317502408355267,Выше
2020-09-21 22:00:00+05:00,32.57,32.620178194133025,Вниз,0.15382562852476986,True,-0.1744352758717511,-0.0604687427659724,-0.11396653310577869,False,32.85046997172581,Красный,-0.050178194133025045,Ниже
2020-09-21 22:30:00+05:00,32.59,32.61987791359439,Вниз,0.09159419196333508,True,-0.1821057942722106,-0.08479615306722,-0.0973096412049906,False,32.85046997172581,Красный,-0.029877913594383188,Ниже
2020-09-21 23:00:00+05:00,32.52,32.61888410350888,Вниз,0.3031498661790288,True,-0.1916242255629114,-0.1061617675663583,-0.0854624579965531,False,32.85046997172581,Красный,-0.09888410350887966,Ниже
2020-09-21 23:30:00+05:00,32.58,32.618497197006306,Вниз,0.11802259550400425,True,-0.1921116093312633,-0.1233517359193393,-0.06875987341192401,False,32.85046997172581,Красный,-0.038497197006307715,Ниже
2020-09-22 00:00:00+05:00,32.6,32.618313145294806,Вниз,0.0561437533977637,True,-0.1887087150263369,-0.1364231317407389,-0.052285583285598014,False,32.85046997172581,Красный,-0.018313145294804656,Ниже
2020-09-22 00:30:00+05:00,32.7,32.619125949819235,Вверх,0.24793444896464442,True,-0.1759148951005258,-0.1443214844126963,-0.031593410687829504,False,32.85046997172581,Красный,0.08087405018076765,Выше
2020-09-22 01:00:00+05:00,32.7,32.61993066673646,Вверх,0.2454613839666859,True,-0.1638865188612115,-0.1482344913023993,-0.015652027558812204,False,32.85046997172581,Красный,0.0800693332635447,Выше
2020-09-22 01:30:00+05:00,32.64,32.6201303615948,Вверх,0.06091219803520625,True,-0.1573812495129019,-0.1500638429444998,-0.007317406568402102,False,32.85046997172581,Красный,0.019869638405197065,Выше
2020-09-28 12:00:00+05:00,32.495,32.61888528336998,Вниз,0.37979618951951033,True,-0.1620579615675055,-0.152462666669101,-0.009595294898404494,False,32.37285314816422,Красный,-0.1238852833699795,Ниже
2020-09-28 12:30:00+05:00,32.43,32.617005827814054,Вниз,0.5733384259771204,True,-0.1690604230169157,-0.1557822179386639,-0.013278205078251809,False,32.009682166652205,Зелёный,-0.18700582781405473,Ниже
2020-09-28 13:00:00+05:00,32.085,32.611712237487545,Вниз,1.6151014508280932,True,-0.2001414350012993,-0.164654061351191,-0.03548737365010829,False,32.009682166652205,Зелёный,-0.5267122374875441,Ниже
2020-09-28 13:30:00+05:00,32.09,32.606521070945384,Вниз,1.5841035902650635,True,-0.2218129807440405,-0.1760858452297609,-0.04572713551427959,False,32.009682166652205,Зелёный,-0.5165210709453802,Ниже
2020-09-28 14:00:00+05:00,32.28,32.60327210506533,Вниз,0.9915327026795688,True,-0.2211076336109343,-0.1850902029059956,-0.03601743070493871,False,32.009682166652205,Зелёный,-0.3232721050653282,Ниже
2020-09-28 14:30:00+05:00,32.32,32.60045347715423,Вниз,0.8602747730204691,True,-0.2148443829099378,-0.1910410389067841,-0.023803344003153704,False,32.009682166652205,Зелёный,-0.2804534771542322,Ниже
2020-09-28 15:00:00+05:00,32.33,32.59776239777956,Вниз,0.821413428664669,True,-0.206691187826145,-0.1941710686906563,-0.0125201191354887,False,32.009682166652205,Зелёный,-0.26776239777956334,Ниже
2020-09-28 15:30:00+05:00,32.35,32.59529710028922,Вниз,0.7525536568496094,True,-0.1963524601926707,-0.1946073469910592,-0.0017451132016114979,False,32.009682166652205,Зелёный,-0.24529710028922125,Ниже
2020-09-28 16:00:00+05:00,32.25,32.59186130824654,Вниз,1.048916184974202,True,-0.1939918905631046,-0.1944842557054683,0.0004923651423636988,Ниже,32.009682166652205,Зелёный,-0.3418613082465427,Ниже
2020-09-28 16:30:00+05:00,32.195,32.587912439507775,Вниз,1.2056999362482324,True,-0.1943191720150068,-0.194451238967376,0.00013206695236919752,False,32.009682166652205,Зелёный,-0.392912439507775,Ниже
2020-09-28 17:00:00+05:00,32.225,32.58430137045795,Вниз,1.1026824432200473,True,-0.1899679632150466,-0.1935545838169101,0.0035866206018634883,False,32.009682166652205,Зелёный,-0.3593013704579491,Ниже
2020-09-28 17:30:00+05:00,32.18,32.580278471249414,Вниз,1.2285913136152042,True,-0.1879837630075016,-0.1924404196550284,0.0044566566475267855,False,32.009682166652205,Зелёный,-0.40027847124941474,Ниже
2020-09-28 18:00:00+05:00,32.22,32.57669361083898,Вниз,1.0949349713020025,True,-0.1810960418989395,-0.1901715441038107,0.009075502204871216,False,32.009682166652205,Зелёный,-0.3566936108389811,Ниже
2020-09-28 18:30:00+05:00,32.25,32.57344292814406,Вниз,0.9929651245573444,True,-0.1712427442566308,-0.1863857841343747,0.015143039877743902,False,32.009682166652205,Зелёный,-0.32344292814406117,Ниже
2020-09-28 19:00:00+05:00,32.25,32.57022459055059,Вниз,0.9831820154027815,True,-0.161571439901472,-0.1814229152877942,0.019851475386322204,False,32.009682166652205,Зелёный,-0.3202245905505876,Ниже
2020-09-28 19:30:00+05:00,32.29,32.567436286167,Вниз,0.851882486939396,True,-0.1489620539833041,-0.1749307430268961,0.025968689043592008,False,32.009682166652205,Зелёный,-0.2774362861670028,Ниже
2020-09-28 20:00:00+05:00,32.13,32.563083686304644,Вниз,1.3299836418342266,True,-0.1501488649706814,-0.1699743674156532,0.019825502444971804,False,32.009682166652205,Зелёный,-0.43308368630464145,Ниже
2020-09-28 20:30:00+05:00,32.44,32.56185897300808,Вниз,0.37423837843255486,True,-0.1246382597332171,-0.160907145879166,0.03626888614594889,False,32.009682166652205,Зелёный,-0.1218589730080808,Ниже
2020-09-28 21:00:00+05:00,32.375,32.559999679744315,Вниз,0.568180840184112,True,-0.1084161244647319,-0.1504089415962792,0.041992817131547316,False,32.03969053717897,Зелёный,-0.18499967974431542,Ниже
2020-09-28 21:30:00+05:00,32.635,32.560745951587656,Вверх,0.22804774965151492,True,-0.0737302221949534,-0.1350731977160141,0.06134297552106069,False,32.15372148346108,Зелёный,0.0742540484123424,Выше
2020-09-28 22:00:00+05:00,32.545,32.56058927545245,Вниз,0.04787774361381572,True,-0.0528939144656988,-0.118637341065951,0.0657434266002522,False,32.268099335114975,Зелёный,-0.015589275452448703,Ниже
2020-09-28 22:30:00+05:00,32.545,32.56043415828377,Вниз,0.04740157397391686,True,-0.0359663922907529,-0.1021031513109114,0.0661367590201585,False,32.27928940160348,Зелёный,-0.015434158283767374,Ниже
2020-09-28 23:00:00+05:00,32.575,32.56057909203219,Вверх,0.04428947018125821,True,-0.0199010527828491,-0.0856627316052989,0.06576167882244979,False,32.28786046144313,Зелёный,0.014420907967810592,Выше
2020-09-28 23:30:00+05:00,32.72,32.56216536972342,Вверх,0.4847178573183536,True,0.004479495866164,-0.0676342861110063,0.0721137819771703,False,32.38432441529882,Зелёный,0.1578346302765823,Выше
2020-09-29 00:00:00+05:00,32.84,32.56492989340776,Вверх,0.8446820167972451,True,0.0331026665072329,-0.0474868955873585,0.0805895620945914,False,32.55064197376894,Зелёный,0.2750701065922456,Выше
2020-09-29 00:30:00+05:00,32.8,32.567268899443505,Вверх,0.7146165718565031,True,0.051960105995171,-0.0275974952708525,0.0795576012660235,False,32.55064197376894,Зелёный,0.23273110055649227,Выше
2020-09-29 01:00:00+05:00,32.76,32.569186621837105,Вверх,0.5858708735297556,True,0.0629514320213857,-0.0094877098124049,0.0724391418337906,False,32.55064197376894,Зелёный,0.19081337816289334,Выше
2020-09-29 01:30:00+05:00,32.7,32.57048824749047,Вверх,0.3976352811337275,True,0.0660591497681792,0.0056216621037119,0.0604374876644673,False,32.55064197376894,Зелёный,0.1295117525095364,Выше
2020-09-29 12:00:00+05:00,32.655,32.57132916045076,Вверх,0.2568849405471555,True,0.0641514169513541,0.0173276130732403,0.046823803878113794,False,32.55064197376894,Зелёный,0.08367083954924226,Выше
2020-09-29 12:30:00+05:00,32.365,32.56927613397861,Вниз,0.6272050172017613,True,0.0387917810754814,0.0216204466736885,0.017171334401792904,False,32.82669109590918,Красный,-0.20427613397860966,Ниже
2020-09-29 13:00:00+05:00,32.3,32.56659676946141,Вниз,0.8186202916707905,True,0.0132958637245792,0.0199555300838667,-0.006659666359287501,Выше,32.54802198631827,Красный,-0.2665967694614153,Ниже
2020-09-29 13:30:00+05:00,32.235,32.56329729911852,Вниз,1.0081819912242256,True,-0.0120162750970607,0.0135611690476812,-0.0255774441447419,False,32.54802198631827,Красный,-0.32829729911851757,Ниже
2020-09-29 14:00:00+05:00,32.46,32.56226946529644,Вниз,0.3140735181417015,True,-0.0137620673351364,0.0080965217711177,-0.0218585891062541,False,32.54802198631827,Красный,-0.10226946529643755,Ниже
2020-09-29 14:30:00+05:00,32.335,32.56000807758205,Вниз,0.6910565778912297,True,-0.0249445305719717,0.0014883113024998,-0.026432841874471497,False,32.54802198631827,Красный,-0.22500807758204644,Ниже
2020-09-29 15:00:00+05:00,32.26,32.55702292258123,Вниз,0.9123159795277916,True,-0.0394043575458837,-0.0066902224671769,-0.0327141350787068,False,32.54802198631827,Красный,-0.29702292258123464,Ниже
2020-09-29 15:30:00+05:00,32.575,32.55720179897346,Вверх,0.05466747767956219,True,-0.0251560241773418,-0.0103833828092099,-0.0147726413681319,False,32.01119199729893,Зелёный,0.017798201026543836,Выше
2020-09-29 16:00:00+05:00,32.46,32.55623461689412,Вниз,0.29559504662183567,True,-0.0228799108637858,-0.012882688420125,-0.009997222443660799,False,32.05482279756903,Зелёный,-0.09623461689412238,Ниже
2020-09-29 16:30:00+05:00,32.355,32.55423228239766,Вниз,0.6120011698306673,True,-0.029211959853292,-0.0161485427067584,-0.013063417146533599,False,32.05482279756903,Зелёный,-0.19923228239766644,Ниже
2020-09-29 17:00:00+05:00,32.265,32.551354349239475,Вниз,0.8797002612155963,True,-0.0410195542484501,-0.0211227450150968,-0.0198968092333533,False,32.05482279756903,Зелёный,-0.286354349239474,Ниже
2020-09-29 17:30:00+05:00,32.15,32.54736077362515,Вниз,1.22086941669063,True,-0.058976848384276,-0.0286935656889326,-0.0302832826953434,False,32.05482279756903,Зелёный,-0.3973607736251523,Ниже
2020-09-29 18:00:00+05:00,31.93,32.54121788035525,Вниз,1.8782882761257478,True,-0.0899237101900141,-0.0409395945891489,-0.048984115600865206,False,32.40518151251495,Красный,-0.6112178803552482,Ниже
2020-09-29 18:30:00+05:00,31.925,32.53508635915769,Вниз,1.875164406889505,True,-0.1135439157621505,-0.0554604588237492,-0.05808345693840131,False,32.33141336126346,Красный,-0.6100863591576875,Ниже
2020-09-29 19:00:00+05:00,32.085,32.53060788792229,Вниз,1.369811131281465,True,-0.1179922943071289,-0.0679668259204252,-0.0500254683867037,False,32.33141336126346,Красный,-0.4456078879222858,Ниже
2020-09-29 19:30:00+05:00,31.78,32.52313915271908,Вниз,2.28495517984755,True,-0.144463333972773,-0.0832661275308947,-0.0611972064418783,False,32.2168448226234,Красный,-0.7431391527190812,Ниже
2020-09-29 20:00:00+05:00,31.945,32.51738652433382,Вниз,1.760247626006127,True,-0.1503940535515795,-0.0966917127350317,-0.0537023408165478,False,32.210660340361066,Красный,-0.5723865243338224,Ниже
2020-09-29 20:30:00+05:00,31.96,32.51184038976334,Вниз,1.697352051276353,True,-0.1521301551754064,-0.1077794012231066,-0.0443507539522998,False,32.210660340361066,Красный,-0.5518403897633419,Ниже
2020-09-29 21:00:00+05:00,32.0,32.50674745056172,Вниз,1.5588992757039488,True,-0.1485657885823954,-0.1159366786949644,-0.03262910988743101,False,32.210660340361066,Красный,-0.5067474505617184,Ниже
2020-09-29 21:30:00+05:00,32.04,32.5021031973223,Вниз,1.4217639840623308,True,-0.1408892530627099,-0.1209271935685135,-0.01996205949419641,False,32.210660340361066,Красный,-0.46210319732229976,Ниже
2020-09-29 22:00:00+05:00,31.945,32.49655988192606,Вниз,1.6972869864690723,True,-0.1408476454269163,-0.1249112839401941,-0.0159363614867222,False,32.210660340361066,Красный,-0.5515598819260603,Ниже
2020-09-29 22:30:00+05:00,32.075,32.49236525623526,Вниз,1.2845025375773933,True,-0.1288395751091116,-0.1256969421739776,-0.0031426329351340043,False,32.210660340361066,Красный,-0.4173652562352572,Ниже
2020-09-29 23:00:00+05:00,32.155,32.48900838801402,Вниз,1.0280658123663866,True,-0.1115815191608646,-0.122873857571355,0.01129233841049039,Ниже,32.210660340361066,Красный,-0.3340083880140199,Ниже
2020-09-29 23:30:00+05:00,32.2,32.486132682660646,Вниз,0.8807840731789082,True,-0.0931989224018607,-0.1169388705374561,0.023739948135595393,False,32.210660340361066,Красный,-0.28613268266064296,Ниже
2020-09-30 00:00:00+05:00,32.185,32.48313633755954,Вниз,0.9178188166972417,True,-0.0789310882185745,-0.1093373140736798,0.0304062258551053,False,32.210660340361066,Красный,-0.2981363375595407,Ниже
2020-09-30 00:30:00+05:00,32.195,32.480269309325124,Вниз,0.8782849261758495,True,-0.0660553652747637,-0.1006809243138966,0.03462555903913289,False,32.210660340361066,Красный,-0.2852693093251233,Ниже
2020-09-30 01:00:00+05:00,32.245,32.477928321172634,Вниз,0.7171895906328125,True,-0.0512261764694983,-0.090789974745017,0.0395637982755187,False,31.97886044997472,Зелёный,-0.2329283211726363,Ниже
2020-09-30 01:30:00+05:00,32.19,32.475063362753005,Вниз,0.8777915521481575,True,-0.0434115564486319,-0.0813142910857399,0.037902734637108,False,31.99272440497725,Зелёный,-0.28506336275300725,Ниже
2020-09-30 12:00:00+05:00,31.85,32.46884382680521,Вниз,1.905962005010828,True,-0.0639167794357149,-0.0778347887557349,0.013918009320019992,False,32.18704803552048,Красный,-0.618843826805211,Ниже
2020-09-30 12:30:00+05:00,31.65,32.46069612703601,Вниз,2.4974699367608264,True,-0.0952081446884278,-0.0813094599422735,-0.0138986847461543,Ниже,32.02859323196843,Красный,-0.8106961270360102,Ниже
2020-09-30 13:00:00+05:00,31.525,32.45138571781177,Вниз,2.8546877038390956,True,-0.1286106884654785,-0.0907697056469145,-0.03784098281856399,False,31.829983908771588,Красный,-0.9263857178117689,Ниже
2020-09-30 13:30:00+05:00,31.565,32.442565959425586,Вниз,2.704983201769909,True,-0.150124240559009,-0.1026406126293334,-0.0474836279296756,False,31.782735517894427,Красный,-0.8775659594255849,Ниже
2020-09-30 14:00:00+05:00,31.45,32.43268968122235,Вниз,3.0299358174764675,True,-0.1744425592583951,-0.1170010019551458,-0.057441557303249305,False,31.782735517894427,Красный,-0.9826896812223502,Ниже
2020-09-30 14:30:00+05:00,31.53,32.42370769434452,Вниз,2.75634021491134,True,-0.1851256572791833,-0.1306259330199533,-0.05449972425923,False,31.764940769494487,Красный,-0.8937076943445206,Ниже
2020-09-30 15:00:00+05:00,31.495,32.41446682176398,Вниз,2.8365940023626233,True,-0.1941779345629442,-0.1433363333285515,-0.050841601234392686,False,31.75569669254504,Красный,-0.9194668217639794,Ниже
2020-09-30 15:30:00+05:00,31.53,32.40566615687081,Вниз,2.702200759064303,True,-0.1962652978529213,-0.1539221262334255,-0.0423431716194958,False,31.75569669254504,Красный,-0.8756661568708068,Ниже
2020-09-30 16:00:00+05:00,31.555,32.397201817001445,Вниз,2.599612836190913,True,-0.1936697528766622,-0.1618716515620728,-0.03179810131458938,False,31.75569669254504,Красный,-0.8422018170014454,Ниже
2020-09-30 16:30:00+05:00,31.555,32.388821699419346,Вниз,2.5744119596493205,True,-0.1894291435319957,-0.1673831499560574,-0.022045993575938283,False,31.75569669254504,Красный,-0.8338216994193459,Ниже
2020-09-30 17:00:00+05:00,31.535,32.38032596111667,Вниз,2.6106159713517476,True,-0.1855434337202837,-0.1710152067089026,-0.014528227011381095,False,31.7467378499788,Красный,-0.8453259611166679,Ниже
2020-09-30 17:30:00+05:00,31.5,32.371566498817,Вниз,2.692382831856018,True,-0.1831766418880818,-0.1734474937447385,-0.009729148143343302,False,31.71206406498092,Красный,-0.8715664988170033,Ниже
2020-09-30 18:00:00+05:00,31.525,32.363142951565095,Вниз,2.5898070308544106,True,-0.1772405327102859,-0.174206101537848,-0.0030344311724379014,False,31.682107658482824,Красный,-0.8381429515650964,Ниже
2020-09-30 18:30:00+05:00,31.515,32.35470371821619,Вниз,2.5953064677375686,True,-0.1713676205885299,-0.1736384053479844,0.002270784759454497,Ниже,31.672146892634544,Красный,-0.8397037182161924,Ниже
2020-09-30 19:00:00+05:00,31.515,32.34634845733842,Вниз,2.570146235934132,True,-0.164813428805516,-0.1718734100394907,0.007059981233974694,False,31.672146892634544,Красный,-0.8313484573384216,Ниже
2020-09-30 19:30:00+05:00,31.565,32.33857384582262,Вниз,2.3921087228852826,True,-0.1538115585617845,-0.1682610397439495,0.014449481182164992,False,31.672146892634544,Красный,-0.7735738458226216,Ниже
2020-09-30 20:00:00+05:00,31.43,32.32953331004329,Вниз,2.7823887880368674,True,-0.1542082521478995,-0.1654504822247395,0.011242230076839999,False,31.672146892634544,Красный,-0.8995333100432887,Ниже
2020-09-30 20:30:00+05:00,31.435,32.320632481087635,Вниз,2.740145885467628,True,-0.1523628325683859,-0.1628329522934688,0.01047011972508291,False,31.629248076257525,Красный,-0.8856324810876366,Ниже
2020-09-30 21:00:00+05:00,31.49,32.31236748127582,Вниз,2.5450548671568654,True,-0.144793198053744,-0.1592250014455238,0.014431803391779796,False,31.629248076257525,Красный,-0.8223674812758226,Ниже
2020-09-30 21:30:00+05:00,31.495,32.30423447151188,Вниз,2.505041474440514,True,-0.1368136473878074,-0.1547427306339805,0.017929083246173094,False,31.629248076257525,Красный,-0.809234471511882,Ниже
2020-09-30 22:00:00+05:00,31.48,32.29603313348689,Вниз,2.5267286855758258,True,-0.130199313989852,-0.1498340473051549,0.01963473331530291,False,31.629248076257525,Красный,-0.8160331334868864,Ниже
2020-09-30 22:30:00+05:00,31.58,32.288908425691,Вниз,2.19551685162249,True,-0.1155561831055251,-0.1429784744652289,0.02742229135970381,False,31.629248076257525,Красный,-0.7089084256909999,Ниже
2020-09-30 23:00:00+05:00,31.565,32.28170535677865,Вниз,2.2201595264487892,True,-0.1039633462804232,-0.1351754488282678,0.031212102547844595,False,31.629248076257525,Красный,-0.7167053567786503,Ниже
2020-09-30 23:30:00+05:00,31.495,32.27387744278086,Вниз,2.4133370530446725,True,-0.0992799174712324,-0.1279963425568607,0.028716425085628314,False,31.629248076257525,Красный,-0.7788774427808569,Ниже
2020-10-01 00:00:00+05:00,31.475,32.26592841349946,Вниз,2.4512805066800687,True,-0.0960746109401498,-0.1216119962335185,0.0255373852933687,False,31.62727855520494,Красный,-0.7909284134994579,Ниже
2020-10-01 00:30:00+05:00,31.495,32.2582574840119,Вниз,2.366084046511782,True,-0.0908730219378419,-0.1154642013743832,0.024591179436541294,False,31.624300699684444,Красный,-0.7632574840118984,Ниже
2020-10-01 01:00:00+05:00,31.5,32.25071263342472,Вниз,2.327739674957379,True,-0.0853632525264842,-0.1094440116048034,0.02408075907831919,False,31.614870629716,Красный,-0.750712633424719,Ниже
2020-10-01 01:30:00+05:00,31.4,32.242247831102084,Вниз,2.61224910717801,True,-0.0880508889987687,-0.1051653870835965,0.017114498084827803,False,31.5818835667444,Красный,-0.8422478311020853,Ниже
2020-10-01 12:00:00+05:00,31.68,32.23665332531998,Вниз,1.7267714477134006,True,-0.0668169758189485,-0.0974957048306669,0.030678729011718392,False,31.47330478993004,Зелёный,-0.5566533253199779,Ниже
2020-10-01 12:30:00+05:00,31.82,32.23250752108794,Вниз,1.2797872483797856,True,-0.038251180868162,-0.0856468000381659,0.04739561917000389,False,31.544474310937037,Зелёный,-0.41250752108793876,Ниже
2020-10-01 13:00:00+05:00,31.68,32.227009933813434,Вниз,1.697364834456756,True,-0.026602752563491,-0.073837990543231,0.04723523797974,False,31.548026879843327,Зелёный,-0.5470099338134347,Ниже
2020-10-01 13:30:00+05:00,31.555,32.22032326780534,Вниз,2.064918040316916,True,-0.0271448357713595,-0.0644993595888567,0.03735452381749721,False,31.548026879843327,Зелёный,-0.6653232678053413,Ниже
2020-10-01 14:00:00+05:00,31.47,32.2128573646431,Вниз,2.3060896344403843,True,-0.0340408287601832,-0.058407653423122,0.024366824662938796,False,31.7088482273269,Красный,-0.7428573646431005,Ниже
2020-10-01 14:30:00+05:00,31.59,32.20665977892526,Вниз,1.9146964732082348,True,-0.0294830930248188,-0.0526227413434613,0.0231396483186425,False,31.7088482273269,Красный,-0.616659778925257,Ниже
2020-10-01 15:00:00+05:00,31.16,32.19624525376182,Вниз,3.218528265002416,True,-0.0598782220865707,-0.0540738374920832,-0.005804384594487497,Ниже,31.660842064134798,Красный,-1.0362452537618232,Ниже
2020-10-01 15:30:00+05:00,31.19,32.18623286317713,Вниз,3.0952142408591015,True,-0.0806165343476443,-0.0593823768631954,-0.021234157484448908,False,31.549507857721316,Красный,-0.9962328631771307,Ниже
2020-10-01 16:00:00+05:00,31.21,32.176519103344525,Вниз,3.003802556268621,True,-0.0943503512547785,-0.0663759717415121,-0.02797437951326641,False,31.43205707194918,Красный,-0.966519103344524,Ниже
2020-10-01 16:30:00+05:00,31.085,32.165658216744085,Вниз,3.359664551125332,True,-0.1140067565095996,-0.0759021286951296,-0.038104627814469993,False,31.43205707194918,Красный,-1.0806582167440837,Ниже
2020-10-01 17:00:00+05:00,31.145,32.1555024135924,Вниз,3.142548981493301,True,-0.1233215269342089,-0.0853860083429455,-0.0379355185912634,False,31.40234122827884,Красный,-1.010502413592402,Ниже
2020-10-01 17:30:00+05:00,31.145,32.1454476632084,Вниз,3.1122530122778445,True,-0.1292140504642098,-0.0941516167671983,-0.03506243369701151,False,31.40234122827884,Красный,-1.0004476632084014,Ниже
2020-10-01 18:00:00+05:00,31.19,32.135940721285934,Вниз,2.943560076520082,True,-0.1287684315721726,-0.1010749797281932,-0.027693451843979408,False,31.40234122827884,Красный,-0.9459407212859325,Ниже
2020-10-01 18:30:00+05:00,31.135,32.12598111211891,Вниз,3.0846719004795693,True,-0.1313393178354189,-0.1071278473496384,-0.024211470485780512,False,31.40234122827884,Красный,-0.9909811121189058,Ниже
2020-10-01 19:00:00+05:00,31.045,32.11522508115255,Вниз,3.3324539325138742,True,-0.1390362877814333,-0.1135095354359973,-0.025526752345435985,False,31.374812079873745,Красный,-1.0702250811525502,Ниже
2020-10-01 19:30:00+05:00,31.075,32.10487458283263,Вниз,3.20784490272805,True,-0.1410890558270985,-0.1190254395142176,-0.022063616312880896,False,31.36358087188637,Красный,-1.0298745828326297,Ниже
2020-10-01 20:00:00+05:00,31.3,32.09686588051589,Вниз,2.4826906261885893,True,-0.1231407794431937,-0.1198485075000128,-0.003292271943180894,False,31.36358087188637,Красный,-0.7968658805158917,Ниже
2020-10-01 20:30:00+05:00,31.3,32.08893686677942,Вниз,2.4585945930673034,True,-0.107675425815426,-0.1174138911630955,0.009738465347669506,Ниже,31.36358087188637,Красный,-0.7889368667794194,Ниже
2020-10-01 21:00:00+05:00,31.065,32.078748440244304,Вниз,3.160187007085687,True,-0.1130780641319617,-0.1165467257568687,0.003468661624906999,False,31.36358087188637,Красный,-1.0137484402443029,Ниже
2020-10-01 21:30:00+05:00,31.11,32.06910915228168,Вниз,2.9907570794290192,True,-0.1124325179226133,-0.1157238841900176,0.003291366267404297,False,31.362366160044648,Красный,-0.9591091522816839,Ниже
2020-10-01 22:00:00+05:00,30.965,32.058122991562456,Вниз,3.4098159516393425,True,-0.1222124174118945,-0.117021590834393,-0.0051908265775015006,Ниже,31.287129544040184,Красный,-1.0931229915624563,Ниже
2020-10-01 22:30:00+05:00,31.02,32.04779340955686,Вниз,3.20706451274853,True,-0.1240945333375513,-0.1184361793350247,-0.005658354002526594,False,31.259666589636165,Красный,-1.0277934095568604,Ниже
2020-10-01 23:00:00+05:00,31.005,32.037417355730426,Вниз,3.222536149736683,True,-0.1253515240674829,-0.1198192482815163,-0.0055322757859666005,False,31.259666589636165,Красный,-1.032417355730427,Ниже
2020-10-01 23:30:00+05:00,31.1,32.02808981985251,Вниз,2.897737033562444,True,-0.1173294908893041,-0.1193212968030739,0.001991805913769809,Ниже,31.259666589636165,Красный,-0.9280898198525094,Ниже
2020-10-02 00:00:00+05:00,31.14,32.019253105227115,Вниз,2.74601378844648,True,-0.1065164507538156,-0.1167603275932222,0.010243876839406599,False,31.259666589636165,Красный,-0.8792531052271144,Ниже
2020-10-02 00:30:00+05:00,31.225,32.011350089254705,Вниз,2.4564727418936916,True,-0.0900502061946291,-0.1114183033135036,0.021368097118874496,False,31.259666589636165,Красный,-0.7863500892547037,Ниже
2020-10-02 01:00:00+05:00,31.255,32.00382421771983,Вниз,2.3397960588260713,True,-0.07372992676855,-0.1038806280045129,0.030150701235962904,False,31.259666589636165,Красный,-0.7488242177198323,Ниже
2020-10-02 01:30:00+05:00,31.16,31.995427956847,Вниз,2.6110854274984567,True,-0.0676815035513271,-0.0966408031138758,0.028959299562548696,False,31.259666589636165,Красный,-0.8354279568469991,Ниже
2020-10-02 12:00:00+05:00,31.09,31.98641872344553,Вниз,2.8024979326256085,True,-0.0677554568306924,-0.0908637338572391,0.023108277026546706,False,31.259666589636165,Красный,-0.8964187234455316,Ниже
2020-10-02 12:30:00+05:00,30.82,31.974812566993343,Вниз,3.6116320137101336,True,-0.0885797170144613,-0.0904069304886835,0.0018272134742222113,False,31.178054606970896,Красный,-1.1548125669933427,Ниже
2020-10-02 13:00:00+05:00,30.945,31.96456567577948,Вниз,3.189674735834232,True,-0.0939140551411803,-0.0911083554191829,-0.002805699721997401,Ниже,31.178054606970896,Красный,-1.0195656757794787,Ниже
2020-10-02 13:30:00+05:00,30.895,31.953923231244367,Вниз,3.3139067887881715,True,-0.101011738230305,-0.0930890319814073,-0.007922706248897696,False,31.178054606970896,Красный,-1.0589232312443677,Ниже
2020-10-02 14:00:00+05:00,30.885,31.943287179192183,Вниз,3.313019017909804,True,-0.1062191909271348,-0.0957150637705528,-0.010504127156582,False,31.178054606970896,Красный,-1.058287179192181,Ниже
2020-10-02 14:30:00+05:00,30.75,31.931413674921615,Вниз,3.699847701542499,True,-0.1198578596676505,-0.1005436229499723,-0.019314236717678207,False,31.1343463776336,Красный,-1.1814136749216146,Ниже
2020-10-02 15:00:00+05:00,30.655,31.918713041340308,Вниз,3.9591603825115924,True,-0.1367558723883668,-0.1077860728376512,-0.028969799550715616,False,31.036411739870243,Красный,-1.2637130413403064,Ниже
2020-10-02 15:30:00+05:00,30.72,31.90678554839165,Вниз,3.7195396778271634,True,-0.1432513994785189,-0.1148791381658248,-0.02837226131269409,False,31.036411739870243,Красный,-1.1867855483916507,Ниже
2020-10-02 16:00:00+05:00,30.79,31.895673254377805,Вниз,3.466530540238863,True,-0.1411239474895644,-0.1201281000305727,-0.02099584745899169,False,31.036411739870243,Красный,-1.1056732543778054,Ниже
2020-10-02 16:30:00+05:00,30.78,31.884572027966087,Вниз,3.4642836886669235,True,-0.1386466110595918,-0.1238318022363765,-0.0148148088232153,False,31.036411739870243,Красный,-1.1045720279660856,Ниже
2020-10-02 17:00:00+05:00,30.97,31.875471808782347,Вниз,2.84065382377453,True,-0.1199689644428367,-0.1230592346776686,0.00309027023483191,Ниже,31.036411739870243,Красный,-0.9054718087823481,Ниже
2020-10-02 17:30:00+05:00,30.98,31.866561641530783,Вниз,2.782106370633197,True,-0.1031705921426144,-0.1190815061706578,0.0159109140280434,False,31.036411739870243,Красный,-0.8865616415307827,Ниже
2020-10-02 18:00:00+05:00,30.94,31.857342122709586,Вниз,2.879531252720718,True,-0.092024624190671,-0.1136701297746604,0.021645505583989394,False,31.036411739870243,Красный,-0.9173421227095844,Ниже
2020-10-02 18:30:00+05:00,31.06,31.849408370244813,Вниз,2.4785652564344525,True,-0.0726706649782826,-0.1054702368153849,0.03279957183710229,False,30.708465213696456,Зелёный,-0.7894083702448143,Ниже
2020-10-02 19:00:00+05:00,31.105,31.842001321784664,Вниз,2.3145571609547213,True,-0.0530894073050092,-0.0949940709133097,0.04190466360830051,False,30.84361869232681,Зелёный,-0.737001321784664,Ниже
2020-10-02 19:30:00+05:00,31.14,31.83501623400572,Вниз,2.1831816541161797,True,-0.0343509358253228,-0.0828654438957123,0.048514508070389505,False,30.84361869232681,Зелёный,-0.6950162340057204,Ниже
2020-10-02 20:00:00+05:00,31.145,31.82815040083153,Вниз,2.1463716622807008,True,-0.0188794731466508,-0.0700682497459,0.0511887765992492,False,30.84361869232681,Зелёный,-0.6831504008315292,Ниже
2020-10-02 20:30:00+05:00,31.11,31.821004625698883,Вниз,2.2343877387349083,True,-0.009334828903853,-0.0579215655774906,0.048586736673637596,False,30.860840526706244,Зелёный,-0.7110046256988838,Ниже
2020-10-02 21:00:00+05:00,31.08,31.81363144534367,Вниз,2.3060286173367626,True,-0.0041436138543211,-0.0471659752328567,0.0430223613785356,False,30.86125647403562,Зелёный,-0.7336314453436721,Ниже
2020-10-02 21:30:00+05:00,31.17,31.80722715235518,Вниз,2.003403658240586,True,0.0071502852739975,-0.0363027231314859,0.0434530084054834,False,30.892380826632056,Зелёный,-0.6372271523551767,Ниже
2020-10-02 22:00:00+05:00,31.21,31.80128459362528,Вниз,1.8593104057934957,True,0.0191081802004617,-0.0252205424650963,0.044328722665558,False,30.957392743968853,Зелёный,-0.5912845936252786,Ниже
2020-10-02 22:30:00+05:00,31.02,31.793510617569304,Вниз,2.4329198083015626,True,0.0131024491006783,-0.0175559441519414,0.030658393252619702,False,30.957392743968853,Зелёный,-0.7735106175693041,Ниже
2020-10-02 23:00:00+05:00,31.035,31.785963248240257,Вниз,2.3625625008606033,True,0.0094443697592474,-0.0121558813697036,0.021600251128951,False,30.957392743968853,Зелёный,-0.7509632482402573,Ниже
2020-10-02 23:30:00+05:00,31.045,31.778590479601053,Вниз,2.308442471896133,True,0.007268445833521,-0.0082710159290587,0.015539461762579698,False,30.957392743968853,Зелёный,-0.7335904796010517,Ниже
2020-10-03 00:00:00+05:00,31.06,31.77144032557517,Вниз,2.239244800628321,True,0.0066774120360619,-0.0052813303360345,0.0119587423720964,False,30.957392743968853,Зелёный,-0.7114403255751718,Ниже
2020-10-03 00:30:00+05:00,31.05,31.76426181487293,Вниз,2.248633445460687,True,0.0053405347071553,-0.0031569573273965,0.0084974920345518,False,30.957392743968853,Зелёный,-0.7142618148729305,Ниже
2020-10-03 01:00:00+05:00,31.065,31.757303985869225,Вниз,2.1799834966383544,True,0.0054288440966701,-0.0014397970425832,0.0068686411392533,False,30.957392743968853,Зелёный,-0.6923039858692235,Ниже
2020-10-03 01:30:00+05:00,31.0,31.74976862282575,Вниз,2.3614931867148248,True,0.0002509800104348,-0.0011016416319796,0.0013526216424144,False,30.957392743968853,Зелёный,-0.7497686228257514,Ниже
2020-10-05 12:00:00+05:00,31.3,31.745293313145893,Вниз,1.4027065642562337,True,0.0201230126493037,0.003143289224277,0.0169797234250267,False,30.976978872520515,Зелёный,-0.4452933131458927,Ниже
2020-10-05 12:30:00+05:00,31.2,31.73986750903499,Вниз,1.7009129256173292,True,0.0274857389316203,0.0080117791657456,0.019473959765874703,False,30.976978872520515,Зелёный,-0.5398675090349911,Ниже
2020-10-05 13:00:00+05:00,31.15,31.733998180586884,Вниз,1.8402918449278265,True,0.0289524248914752,0.0121999083108916,0.0167525165805836,False,30.976978872520515,Зелёный,-0.5839981805868852,Ниже
2020-10-05 13:30:00+05:00,31.055,31.727241979785024,Вниз,2.1188163163168814,True,0.022193248080633,0.0141985762648398,0.007994671815793199,False,30.976978872520515,Зелёный,-0.6722419797850243,Ниже
2020-10-05 14:00:00+05:00,31.085,31.72085151232448,Вниз,2.004522205456659,True,0.0190378446182286,0.0151664299355176,0.003871414682710999,False,30.976978872520515,Зелёный,-0.6358515123244786,Ниже
2020-10-05 14:30:00+05:00,31.075,31.714425129117277,Вниз,2.016196498955979,True,0.0155509861263958,0.0152433411736932,0.0003076449527026001,False,30.976978872520515,Зелёный,-0.6394251291172779,Ниже
2020-10-05 15:00:00+05:00,31.02,31.707515426339988,Вниз,2.168304318694291,True,0.008254433335054,0.0138455596059654,-0.005591126270911399,Выше,30.976978872520515,Зелёный,-0.6875154263399885,Ниже
2020-10-05 15:30:00+05:00,31.1,31.701470496724667,Вниз,1.897295258864438,True,0.0088254596855996,0.0128415396218922,-0.0040160799362925995,False,30.976978872520515,Зелёный,-0.6014704967246658,Ниже
2020-10-05 16:00:00+05:00,31.165,31.69613248183189,Вниз,1.6757012299097775,True,0.0143574551490104,0.0131447227273159,0.0012127324216944999,Выше,30.976978872520515,Зелёный,-0.5311324818318894,Ниже
2020-10-05 16:30:00+05:00,31.04,31.689603800420628,Вниз,2.0498956203801004,True,0.0085565119348878,0.0122270805688302,-0.0036705686339423994,Выше,30.976978872520515,Зелёный,-0.6496038004206284,Ниже
2020-10-05 17:00:00+05:00,31.015,31.682891324794557,Вниз,2.108050423642601,True,0.0019198013034831,0.0101656247157608,-0.0082458234122777,False,30.976978872520515,Зелёный,-0.6678913247945566,Ниже
2020-10-05 17:30:00+05:00,31.01,31.676195888726948,Вниз,2.103143606849694,True,-0.0037006392345517,0.0073923719256983,-0.01109301116025,False,30.976978872520515,Зелёный,-0.6661958887269464,Ниже
2020-10-05 18:00:00+05:00,31.03,31.66976607888887,Вниз,2.02011621208449,True,-0.0064665041662408,0.0046205967073105,-0.0110871008735513,False,30.976978872520515,Зелёный,-0.6397660788888686,Ниже
2020-10-05 18:30:00+05:00,31.03,31.66340024725813,Вниз,2.000417650384782,True,-0.0085598000054147,0.0019845173647654,-0.0105443173701801,False,30.976978872520515,Зелёный,-0.6334002472581304,Ниже
2020-10-05 19:00:00+05:00,31.03,31.657097757235668,Вниз,1.980907289874149,True,-0.0101022990246448,-0.0004328459131166,-0.0096694531115282,False,30.976978872520515,Зелёный,-0.6270977572356671,Ниже
2020-10-05 19:30:00+05:00,31.24,31.652947530795515,Вниз,1.3046100379554082,True,0.0055564530147016,0.000765013872447,0.004791439142254599,Выше,30.82928254575921,Зелёный,-0.4129475307955168,Ниже
2020-10-05 20:00:00+05:00,31.195,31.648390838946803,Вниз,1.432587335179315,True,0.0141716410453582,0.0034463393070292,0.010725301738329,False,30.90085429118329,Зелёный,-0.45339083894680243,Ниже
2020-10-05 20:30:00+05:00,31.17,31.643630731096582,Вниз,1.4967648153950233,True,0.0187656300603187,0.0065101974576871,0.012255432602631601,False,30.90085429118329,Зелёный,-0.4736307310965806,Ниже
2020-10-05 21:00:00+05:00,31.24,31.639614504916523,Вниз,1.2630195126253123,True,0.0277351014531141,0.0107551782567725,0.0169799231963416,False,30.90085429118329,Зелёный,-0.3996145049165243,Ниже
2020-10-05 21:30:00+05:00,31.345,31.636683017305412,Вниз,0.9219772412482721,True,0.0428224639237839,0.0171686353901748,0.0256538285336091,False,31.04447777827261,Зелёный,-0.291683017305413,Ниже
2020-10-05 22:00:00+05:00,31.3,31.633332937531232,Вниз,1.053739541734315,True,0.0505652981794533,0.0238479679480305,0.026717330231422802,False,31.094280000445355,Зелёный,-0.3333329375312317,Ниже
2020-10-05 22:30:00+05:00,31.27,31.62971768442147,Вниз,1.1372775691850068,True,0.0536622162067779,0.02981081759978,0.0238513986069979,False,31.094280000445355,Зелёный,-0.3597176844214687,Ниже
2020-10-05 23:00:00+05:00,31.25,31.62593939900434,Вниз,1.1887058729271351,True,0.0538815996617287,0.0346249740121697,0.019256625649559003,False,31.094280000445355,Зелёный,-0.37593939900434137,Ниже
2020-10-05 23:30:00+05:00,31.265,31.62234796219833,Вниз,1.1300487953187606,True,0.0546360271587786,0.0386271846414915,0.016008842517287097,False,31.094280000445355,Зелёный,-0.3573479621983289,Ниже
2020-10-06 00:00:00+05:00,31.22,31.6183444998879,Вниз,1.2598524881317357,True,0.0510147264552252,0.0411046930042382,0.009910033450987003,False,31.094280000445355,Зелёный,-0.39834449988790155,Ниже
2020-10-06 00:30:00+05:00,31.285,31.615027639192498,Вниз,1.0438948305184115,True,0.0527813458304464,0.0434400235694799,0.009341322260966498,False,31.094280000445355,Зелёный,-0.33002763919249745,Ниже
2020-10-06 01:00:00+05:00,31.295,31.611843284573663,Вниз,1.002292975203626,True,0.0543616733086906,0.045624353517322,0.008737319791368603,False,31.09517133521668,Зелёный,-0.31684328457366107,Ниже
2020-10-06 01:30:00+05:00,31.3,31.608740366319203,Вниз,0.9767563108847642,True,0.0553791757681843,0.0475753179674945,0.0078038578006897966,False,31.12165420169501,Зелёный,-0.30874036631920276,Ниже
2020-10-06 12:00:00+05:00,31.415,31.606812601480208,Вниз,0.6068710689012199,True,0.0647190517604592,0.0510040647260874,0.013714987034371795,False,31.123988781525508,Зелёный,-0.1918126014802084,Ниже
2020-10-06 12:30:00+05:00,31.455,31.605302028331156,Вниз,0.47555953806872747,True,0.074489962560559,0.0557012442929817,0.018788718267577297,False,31.18108990337296,Зелёный,-0.1503020283311578,Ниже
2020-10-06 13:00:00+05:00,31.385,31.60310996834776,Вниз,0.69015349617872,True,0.0757123005086626,0.0597034555361179,0.016008844972544692,False,31.226230913035664,Зелёный,-0.21810996834775764,Ниже
2020-10-06 13:30:00+05:00,31.375,31.600840217418927,Вниз,0.7146652299910687,True,0.0750094336530899,0.0627646511595123,0.012244782493577605,False,31.226230913035664,Зелёный,-0.22584021741892712,Ниже
2020-10-06 14:00:00+05:00,31.4,31.59884180729536,Вниз,0.6292692893872311,True,0.0755982481263224,0.0653313705528743,0.010266877573448102,False,31.226230913035664,Зелёный,-0.19884180729536283,Ниже
2020-10-06 14:30:00+05:00,31.35,31.596365769411825,Вниз,0.7797281852279625,True,0.0712094475212943,0.0665069859465583,0.004702461574736,False,31.226230913035664,Зелёный,-0.24636576941182398,Ниже
2020-10-06 15:00:00+05:00,31.21,31.592521333895288,Вниз,1.2107971055950002,True,0.055791333685196,0.0643638554942859,-0.008572521809089899,Выше,31.3991441479573,Красный,-0.3825213338952871,Ниже
2020-10-06 15:30:00+05:00,31.345,31.59005843505056,Вниз,0.7757454312862548,True,0.0538450469625004,0.0622600937879288,-0.008415046825428402,False,31.3991441479573,Красный,-0.2450584350505629,Ниже
2020-10-06 16:00:00+05:00,31.37,31.58786879888091,Вниз,0.6897230081208455,True,0.053700861673068,0.0605482473649566,-0.0068473856918885995,False,31.3991441479573,Красный,-0.21786879888090738,Ниже
2020-10-06 16:30:00+05:00,31.38,31.58580045262339,Вниз,0.651560035440851,True,0.0537736411565816,0.0591933261232816,-0.005419684966699999,False,31.3991441479573,Красный,-0.20580045262338942,Ниже
2020-10-06 17:00:00+05:00,31.445,31.5843994530948,Вниз,0.44135540174451815,True,0.0584030422772094,0.0590352693540672,-0.0006322270768578039,False,31.226605274525213,Зелёный,-0.13939945309479995,Ниже
2020-10-06 17:30:00+05:00,31.425,31.5828133888849,Вниз,0.4996812251705237,True,0.0597690626164215,0.0591820280065381,0.0005870346098834009,Выше,31.226605274525213,Зелёный,-0.15781338888490026,Ниже
2020-10-06 18:00:00+05:00,31.44,31.58139236013978,Вниз,0.44770781011617583,True,0.061354758749804,0.0596165741551913,0.0017381845946126961,False,31.255075272365424,Зелёный,-0.14139236013977907,Ниже
2020-10-06 18:30:00+05:00,31.42,31.57978646600904,Вниз,0.5059770311652502,True,0.0603024721449045,0.0597537537531339,0.0005487183917705987,False,31.264067745128884,Зелёный,-0.159786466009038,Ниже
2020-10-06 19:00:00+05:00,31.485,31.57884331709353,Вниз,0.2971714832972767,True,0.0639760085981073,0.0605982047221286,0.003377803875978698,False,31.275910970615996,Зелёный,-0.09384331709352978,Ниже
2020-10-06 19:30:00+05:00,31.345,31.57651651791847,Вниз,0.7331920789523915,True,0.0549569729577612,0.0594699583692551,-0.004512985411493899,Выше,31.275910970615996,Зелёный,-0.23151651791847172,Ниже
2020-10-06 20:00:00+05:00,31.22,31.57296908987948,Вниз,1.1179470922569072,True,0.0372929766816163,0.0550345620317274,-0.017741585350111104,False,31.412587113801045,Красный,-0.3529690898794797,Ниже
2020-10-06 20:30:00+05:00,31.31,31.570352482019985,Вниз,0.824673979070276,True,0.0302081593520817,0.0500692814957983,-0.0198611221437166,False,31.412587113801045,Красный,-0.26035248201998584,Ниже
2020-10-06 21:00:00+05:00,31.35,31.56815992000984,Вниз,0.6910758199484278,True,0.0275040072066943,0.0455562266379775,-0.0180522194312832,False,31.412587113801045,Красный,-0.21815992000983897,Ниже
2020-10-06 21:30:00+05:00,31.275,31.56524290588039,Вниз,0.919501575659727,True,0.0190890275234814,0.0402627868150782,-0.021173759291596803,False,31.412587113801045,Красный,-0.29024290588039037,Ниже
2020-10-06 22:00:00+05:00,31.295,31.562553921742275,Вниз,0.8476941454283429,True,0.013873997543488,0.0349850289607602,-0.021111031417272202,False,31.412587113801045,Красный,-0.2675539217422731,Ниже
2020-10-06 22:30:00+05:00,31.3,31.55994144490902,Вниз,0.8236436222886249,True,0.0100289000088089,0.0299938031703699,-0.019964903161561,False,31.412587113801045,Красный,-0.2599414449090176,Ниже
2020-10-06 23:00:00+05:00,31.3,31.557354962870125,Вниз,0.815514998557148,True,0.0069020697464985,0.0253754564855957,-0.0184733867390972,False,31.412587113801045,Красный,-0.2573549628701244,Ниже
2020-10-06 23:30:00+05:00,31.19,31.55369968960774,Вниз,1.1526372285514384,True,-0.0044013108834803,0.0194201030117804,-0.0238214138952607,False,31.38994389176099,Красный,-0.36369968960773846,Ниже
2020-10-07 00:00:00+05:00,31.3,31.551175314586768,Вниз,0.7960886150274207,True,-0.0044321497145638,0.0146496524665116,-0.0190818021810754,False,31.378449502584893,Красный,-0.25117531458676723,Ниже
2020-10-07 00:30:00+05:00,31.2,31.54768103284959,Вниз,1.1020811085529876,True,-0.0123830103404571,0.0092431199051178,-0.0216261302455749,False,31.378449502584893,Красный,-0.3476810328495894,Ниже
2020-10-07 01:00:00+05:00,31.2,31.54422152008492,Вниз,1.0912347919752854,True,-0.0184712001716782,0.0037002558897586,-0.0221714560614368,False,31.37774409709376,Красный,-0.3442215200849219,Ниже
2020-10-07 01:30:00+05:00,31.215,31.540945684064173,Вниз,1.033404918574952,True,-0.021834070265406,-0.0014066093412743,-0.0204274609241317,False,31.330219687384385,Красный,-0.32594568406417324,Ниже
2020-10-07 12:00:00+05:00,31.085,31.53640891108841,Вниз,1.4313897069291628,True,-0.0345903466036219,-0.0080433567937438,-0.026546989809878102,False,31.291697718645946,Красный,-0.45140891108841075,Ниже
2020-10-07 12:30:00+05:00,31.02,31.531270513963157,Вниз,1.621471338228345,True,-0.0493755734030401,-0.016309800115603,-0.0330657732874371,False,31.291697718645946,Красный,-0.5112705139631579,Ниже
2020-10-07 13:00:00+05:00,31.02,31.526183245167505,Вниз,1.6055963426689028,True,-0.0603967559563933,-0.0251271912837611,-0.0352695646726322,False,31.25267515210322,Красный,-0.5061832451675059,Ниже
2020-10-07 13:30:00+05:00,31.01,31.52104709347429,Вниз,1.6212884424771847,True,-0.0691410242707739,-0.0339299578811637,-0.0352110663896102,False,31.231157636892892,Красный,-0.5110470934742892,Ниже
2020-10-07 14:00:00+05:00,31.03,31.516161052743207,Вниз,1.542577003365358,True,-0.0736085732433409,-0.0418656809535991,-0.0317428922897418,False,31.178791873203604,Красный,-0.4861610527432063,Ниже
2020-10-07 14:30:00+05:00,31.03,31.51132362933283,Вниз,1.5274624290449652,True,-0.0762699455353157,-0.0487465338699424,-0.027523411665373303,False,31.178791873203604,Красный,-0.48132362933282735,Ниже
2020-10-07 15:00:00+05:00,31.0,31.506235832026032,Вниз,1.6067797966250366,True,-0.0798790555015607,-0.0549730381962661,-0.024906017305294598,False,31.178791873203604,Красный,-0.5062358320260323,Ниже
2020-10-07 15:30:00+05:00,31.0,31.50119865956806,Вниз,1.591046312187961,True,-0.0817964031332181,-0.0603377111836565,-0.021458691949561605,False,31.15562427556543,Красный,-0.5011986595680611,Ниже
2020-10-07 16:00:00+05:00,30.99,31.496112105741517,Вниз,1.6069034299927385,True,-0.0831641666265845,-0.0649030022722421,-0.0182611643543424,False,31.15562427556543,Красный,-0.5061121057415185,Ниже
2020-10-07 16:30:00+05:00,31.01,31.491275169365977,Вниз,1.5282809818833554,True,-0.0816925948151023,-0.0682609207808142,-0.013431674034288105,False,31.151955663208,Красный,-0.4812751693659756,Ниже
2020-10-07 17:00:00+05:00,31.01,31.4864863617106,Вниз,1.5133043307430896,True,-0.0796086841956729,-0.0705304734637859,-0.009078210731886999,False,31.151955663208,Красный,-0.47648636171059877,Ниже
2020-10-07 17:30:00+05:00,31.01,31.48174520388263,Вниз,1.498472212475851,True,-0.0770687692181084,-0.0718381326146504,-0.005230636603458003,False,31.151955663208,Красный,-0.4717452038826302,Ниже
2020-10-07 18:00:00+05:00,31.015,31.47710097299823,Вниз,1.468054422783819,True,-0.0738016703699564,-0.0722308401657116,-0.001570830204244797,False,31.151955663208,Красный,-0.46210097299822905,Ниже
2020-10-07 18:30:00+05:00,31.035,31.47270195834153,Вниз,1.3907352438976803,True,-0.0688054912681863,-0.0715457703862065,0.002740279118020203,Ниже,31.144773610630768,Красный,-0.43770195834153114,Ниже
2020-10-07 19:00:00+05:00,30.99,31.467898953780924,Вниз,1.518687200829166,True,-0.0676967413591853,-0.0707759645808023,0.0030792232216170085,False,31.13129624956769,Красный,-0.47789895378092595,Ниже
2020-10-07 19:30:00+05:00,31.0,31.46324324279803,Вниз,1.472331505125639,True,-0.0652588690218252,-0.0696725454690069,0.0044136764471817,False,31.115416624610923,Красный,-0.4632432427980291,Ниже
2020-10-07 20:00:00+05:00,31.0,31.45863385729755,Вниз,1.4578950229625391,True,-0.0626051642672358,-0.0682590692286527,0.005653904961416906,False,31.107874962149832,Красный,-0.45863385729754924,Ниже
2020-10-07 20:30:00+05:00,31.0,31.454070336329416,Вниз,1.443598019188521,True,-0.0598126016900835,-0.0665697757209388,0.006757174030855309,False,31.09933746593485,Красный,-0.4540703363294156,Ниже
2020-10-07 21:00:00+05:00,30.78,31.447363168803754,Вниз,2.1221593849426053,True,-0.0744929289964133,-0.0681544063760337,-0.006338522620379594,Ниже,31.02665371934136,Красный,-0.6673631688037531,Ниже
2020-10-07 21:30:00+05:00,30.92,31.44211577408929,Вниз,1.6605618331815737,True,-0.0739775964985689,-0.0693190444005408,-0.004658552098028096,False,31.02665371934136,Красный,-0.5221157740892899,Ниже
2020-10-07 22:00:00+05:00,30.94,31.437119597232684,Вниз,1.5813140758495012,True,-0.0711353548378781,-0.0696823064880082,-0.0014530483498698954,False,31.02665371934136,Красный,-0.4971195972326825,Ниже
2020-10-07 22:30:00+05:00,30.9,31.43177512362838,Вниз,1.6918392980886008,True,-0.0712887512024309,-0.0700035954308928,-0.0012851557715381073,False,31.02665371934136,Красный,-0.5317751236283819,Ниже
2020-10-07 23:00:00+05:00,30.96,31.427080843791284,Вниз,1.4862368099439927,True,-0.0658102013318995,-0.0691649166110941,0.0033547152791945922,Ниже,31.02665371934136,Красный,-0.46708084379128323,Ниже
2020-10-07 23:30:00+05:00,30.925,31.422085014499828,Вниз,1.5819606314171886,True,-0.0635599391674475,-0.0680439211223648,0.00448398195491731,False,31.02665371934136,Красный,-0.49708501449982734,Ниже
2020-10-08 00:00:00+05:00,30.87,31.416591631270972,Вниз,1.7398183663148004,True,-0.0654600478515021,-0.0675271464681923,0.0020670986166902022,False,31.02665371934136,Красный,-0.5465916312709709,Ниже
2020-10-08 00:30:00+05:00,30.91,31.41155091852201,Вниз,1.5967085478299892,True,-0.0630118703492534,-0.0666240912444045,0.0036122208951511053,False,31.02665371934136,Красный,-0.5015509185220104,Ниже
2020-10-08 01:00:00+05:00,30.955,31.40700812331284,Вниз,1.4391951042841387,True,-0.0567859549802634,-0.0646564639915763,0.007870509011312907,False,31.02665371934136,Красный,-0.4520081233128401,Ниже
2020-10-08 01:30:00+05:00,30.95,31.40246077880226,Вниз,1.4408449770525265,True,-0.0516598280674607,-0.0620571368067532,0.010397308739292496,False,31.02665371934136,Красный,-0.4524607788022621,Ниже
2020-10-08 12:00:00+05:00,31.095,31.3994014675704,Вниз,0.9694499045938479,True,-0.035487964211935,-0.0567433022877895,0.021255338075854502,False,30.88892219302069,Зелёный,-0.30440146757040054,Ниже
2020-10-08 12:30:00+05:00,31.075,31.396173592271197,Вниз,1.0229704945645373,True,-0.024008720858319,-0.0501963860018954,0.026187665143576403,False,30.88892219302069,Зелёный,-0.32117359227119735,Ниже
2020-10-08 13:00:00+05:00,31.175,31.39397286000979,Вниз,0.6974996792735343,True,-0.0067642000444259,-0.0415099488104015,0.0347457487659756,False,30.92197697634676,Зелёный,-0.21897286000978866,Ниже
2020-10-08 13:30:00+05:00,31.15,31.39154526936293,Вниз,0.7694596340839277,True,0.0048292473173923,-0.0322421095848427,0.037071356902235,False,30.92197697634676,Зелёный,-0.24154526936293053,Ниже
2020-10-08 14:00:00+05:00,31.09,31.388544818921503,Вниз,0.9511266630670158,True,0.0090710736285934,-0.0239794729421555,0.0330505465707489,False,30.923026350840875,Зелёный,-0.29854481892150275,Ниже
2020-10-08 14:30:00+05:00,31.145,31.38612148738995,Вниз,0.7682423821841959,True,0.016678532150145,-0.0158478719236954,0.0325264040738404,False,30.937473715756784,Зелёный,-0.24112148738995032,Ниже
2020-10-08 15:00:00+05:00,31.175,31.38402077607264,Вниз,0.6660101889557649,True,0.024841885326289,-0.0077099204736985,0.0325518057999875,False,30.961726344181105,Зелёный,-0.20902077607263791,Ниже
2020-10-08 15:30:00+05:00,31.125,31.38144345491769,Вниз,0.817181833226042,True,0.0269659724548816,-0.0007747418879824,0.027740714342863997,False,30.976553709763,Зелёный,-0.25644345491769016,Ниже
2020-10-08 16:00:00+05:00,31.18,31.379439042430946,Вниз,0.6355723636782239,True,0.0327103031401847,0.0059222671176509,0.026788036022533802,False,30.984898338786696,Зелёный,-0.1994390424309458,Ниже
2020-10-08 16:30:00+05:00,31.195,31.3776038280784,Вниз,0.5819559360839247,True,0.0380346613336257,0.0123447459608459,0.0256899153727798,False,30.98765850490803,Зелёный,-0.18260382807839903,Ниже
2020-10-08 17:00:00+05:00,31.225,31.37608538202787,Вниз,0.4815303763624072,True,0.0441658859998987,0.0187089739686564,0.025456912031242302,False,31.040142654417224,Зелёный,-0.15108538202786903,Ниже
2020-10-08 17:30:00+05:00,31.29,31.37522881106242,Вниз,0.27164363190993257,True,0.0536514222939885,0.0256974636337229,0.027953958660265597,False,31.0951283889755,Зелёный,-0.08522881106242153,Ниже
2020-10-08 18:00:00+05:00,31.29,31.374380763191155,Вниз,0.26894797965272543,True,0.0604716980538135,0.032652310517741,0.0278193875360725,False,31.0951283889755,Зелёный,-0.08438076319115595,Ниже
2020-10-08 18:30:00+05:00,31.165,31.37229737251264,Вниз,0.6607656750514825,True,0.055154572816594,0.0371527629775116,0.0180018098390824,False,31.0951283889755,Зелёный,-0.2072973725126417,Ниже
2020-10-08 19:00:00+05:00,31.16,31.370184960845847,Вниз,0.6700150512602523,True,0.0499613314163056,0.0397144766652704,0.010246854751035199,False,31.0951283889755,Зелёный,-0.21018496084584726,Ниже
2020-10-08 19:30:00+05:00,31.235,31.368839836857333,Вниз,0.4266649246622006,True,0.0513060986221631,0.042032801056649,0.0092732975655141,False,31.15027023600683,Зелёный,-0.1338398368573337,Ниже
2020-10-08 20:00:00+05:00,31.2,31.36715983848065,Вниз,0.5329135291222047,True,0.0489829834857573,0.0434228375424706,0.005560145943286701,False,31.15027023600683,Зелёный,-0.16715983848065008,Ниже
2020-10-08 20:30:00+05:00,31.24,31.365894566455964,Вниз,0.40137406631023514,True,0.049795551587028,0.0446973803513821,0.005098171235645904,False,31.15027023600683,Зелёный,-0.12589456645596542,Ниже
2020-10-08 21:00:00+05:00,31.44,31.366631933953915,Вверх,0.23390482663414816,True,0.0658191242978603,0.0489217291406777,0.016897395157182596,False,31.15027023600683,Зелёный,0.07336806604608626,Выше
2020-10-08 21:30:00+05:00,31.38,31.366764949536464,Вверх,0.04219450263624029,True,0.072836805204659,0.053704744353474,0.019132060851185004,False,31.16908505184408,Зелёный,0.013235050463535458,Выше
2020-10-08 22:00:00+05:00,31.44,31.36749365650625,Вверх,0.2311512175239106,True,0.0822912639754633,0.0594220482778719,0.0228692156975914,False,31.16908505184408,Зелёный,0.07250634349374963,Выше
2020-10-08 22:30:00+05:00,31.49,31.36871262509823,Вверх,0.38665078912013234,True,0.0927494152748025,0.066087521677258,0.026661893597544506,False,31.234633891993703,Зелёный,0.12128737490176889,Выше
2020-10-08 23:00:00+05:00,31.68,31.371810011913173,Вверх,0.9823787278126273,True,0.1150428453210139,0.0758785864060092,0.039164258915004704,False,31.36517050279433,Зелёный,0.30818998808682707,Выше
2020-10-08 23:30:00+05:00,31.66,31.37467757398369,Вверх,0.9094035320155902,True,0.1296027367210825,0.0866234164690239,0.0429793202520586,False,31.4174034525149,Зелёный,0.28532242601631097,Выше
2020-10-09 00:00:00+05:00,31.62,31.377118593148037,Вверх,0.7740717368005976,True,0.1363422215875651,0.0965671774927321,0.039775044094833,False,31.43066310726341,Зелёный,0.24288140685196424,Выше
2020-10-09 00:30:00+05:00,31.655,31.37988358227094,Вверх,0.8767286118438575,True,0.142860710054606,0.1058258840051069,0.03703482604949909,False,31.44959679653707,Зелёный,0.2751164177290626,Выше
2020-10-09 01:00:00+05:00,31.69,31.382969317770733,Вверх,0.9783353484509528,True,0.1491317684255975,0.114487060889205,0.0346447075363925,False,31.492387116883364,Зелёный,0.3070306822292679,Выше
2020-10-09 01:30:00+05:00,31.66,31.38572584197202,Вверх,0.8738818385432797,True,0.1499523210703834,0.1215801129254407,0.028372208144942693,False,31.50489840519503,Зелёный,0.2742741580279784,Выше
2020-10-09 12:00:00+05:00,31.5,31.38686289827081,Вверх,0.36046005010403087,True,0.1361228130733316,0.1244886529550189,0.011634160118312697,False,32.09859143532447,Красный,0.11313710172919045,Выше
2020-10-09 12:30:00+05:00,31.215,31.38515281968105,Вниз,0.5421443083570086,True,0.1010014285961737,0.1197912080832499,-0.018789779487076205,Выше,31.61998229179203,Красный,-0.17015281968105,Ниже
2020-10-09 13:00:00+05:00,31.265,31.383957269236465,Вниз,0.37903846291898263,True,0.0763222649334878,0.1110974194532975,-0.0347751545198097,False,31.510234062612824,Красный,-0.11895726923646421,Ниже
2020-10-09 13:30:00+05:00,31.455,31.384664162079886,Вверх,0.22410893918404381,True,0.0712736636030832,0.1031326682832546,-0.0318590046801714,False,31.510234062612824,Красный,0.070335837920112,Выше
2020-10-09 14:00:00+05:00,31.54,31.386209792307948,Вверх,0.4899929259051263,True,0.0732865980182566,0.097163454230255,-0.023876856211998407,False,31.21008540928361,Зелёный,0.15379020769205098,Выше
2020-10-09 14:30:00+05:00,31.4,31.386347008304885,Вверх,0.04349977935151682,True,0.0628604173119882,0.0903028468466017,-0.027442429534613497,False,31.21008540928361,Зелёный,0.013652991695114025,Выше
2020-10-09 15:00:00+05:00,31.34,31.385885844043145,Вниз,0.1461989770534189,True,0.0491890743961143,0.0820800923565042,-0.032891017960389894,False,31.21008540928361,Зелёный,-0.045885844043144886,Ниже
2020-10-09 15:30:00+05:00,31.45,31.38652379584371,Вверх,0.20224031361094427,True,0.0466922778164864,0.0750025294485006,-0.0283102516320142,False,31.21008540928361,Зелёный,0.06347620415628796,Выше
2020-10-09 16:00:00+05:00,31.655,31.389195200860197,Вверх,0.8468034858457285,True,0.0605572687832562,0.0721134773154518,-0.011556208532195598,False,31.25824753703097,Зелёный,0.26580479913980426,Выше
2020-10-09 16:30:00+05:00,31.85,31.393780323239696,Вверх,1.4532167584245417,True,0.0862855976742196,0.0749479013872053,0.011337696287014296,Выше,31.43342278332788,Зелёный,0.4562196767603055,Выше
2020-10-09 17:00:00+05:00,31.78,31.39762330509801,Вверх,1.2178523552128433,True,0.0998757630711359,0.0799334737239915,0.0199422893471444,False,31.52883050499509,Зелёный,0.38237669490199266,Выше
2020-10-09 17:30:00+05:00,31.73,31.400930535893057,Вверх,1.0479608676908425,True,0.1053965392303055,0.0850260868252543,0.020370452405051198,False,31.52883050499509,Зелёный,0.3290694641069436,Выше
2020-10-09 18:00:00+05:00,31.62,31.40311033155581,Вверх,0.6906630144411149,True,0.0997459047199065,0.0879700504041847,0.011775854315721812,False,31.52883050499509,Зелёный,0.21688966844419255,Выше
2020-10-09 18:30:00+05:00,31.725,31.40631321382889,Вверх,1.0147220528603311,True,0.1025581323289088,0.0908876667891295,0.011670465539779296,False,31.52883050499509,Зелёный,0.31868678617111,Выше
2020-10-09 19:00:00+05:00,31.83,31.41052900274602,Вверх,1.3354470955178948,True,0.111968759289482,0.0951038852892,0.016864874000282,False,31.52883050499509,Зелёный,0.41947099725397763,Выше
2020-10-09 19:30:00+05:00,31.91,31.415498863415216,Вверх,1.5740674331950626,True,0.1244475267453211,0.1009726135804243,0.023474913164896805,False,31.60596349989455,Зелёный,0.494501136584784,Выше
2020-10-09 20:00:00+05:00,31.95,31.42081728268472,Вверх,1.6841787167862752,True,0.1359970166124853,0.1079774941868365,0.028019522425648813,False,31.67086714990509,Зелёный,0.5291827173152797,Выше
2020-10-09 20:30:00+05:00,31.9,31.425585269921683,Вверх,1.5096448514910912,True,0.1395073346951605,0.1142834622885013,0.0252238724066592,False,31.67086714990509,Зелёный,0.47441473007831547,Выше
2020-10-09 21:00:00+05:00,32.15,31.432793376688632,Вверх,2.281714560702279,True,0.1606107766722431,0.1235489251652496,0.03706185150699351,False,31.756102391423124,Зелёный,0.7172066233113661,Выше
2020-10-09 21:30:00+05:00,31.925,31.43769095503004,Вверх,1.5500789980632856,True,0.1573657722192791,0.1303122945760556,0.027053477643223522,False,31.756102391423124,Зелёный,0.48730904496996175,Выше
2020-10-09 22:00:00+05:00,31.67,31.44000248781581,Вверх,0.7315441920633556,True,0.132688167337676,0.1307874691283796,0.001900698209296392,False,32.05990706294727,Красный,0.22999751218419107,Выше
2020-10-09 22:30:00+05:00,31.975,31.445325846146,Вверх,1.684428892375169,True,0.1361722299821437,0.1318644212991325,0.0043078086830111995,False,32.05990706294727,Красный,0.5296741538539997,Выше
2020-10-09 23:00:00+05:00,31.935,31.45019822578634,Вверх,1.541490361151885,True,0.1341592052166191,0.1323233780826298,0.0018358271339892762,False,32.05990706294727,Красный,0.48480177421365767,Выше
2020-10-09 23:30:00+05:00,31.94,31.455071875281007,Вверх,1.5416532082384953,True,0.1314520296286261,0.1321491083918291,-0.0006970787632030184,Выше,32.05990706294727,Красный,0.48492812471899427,Выше
2020-10-10 00:00:00+05:00,31.945,31.45994678199463,Вверх,1.5418119470023326,True,0.1282318546849978,0.1313656576504628,-0.0031338029654650046,False,32.05990706294727,Красный,0.48505321800536905,Выше
2020-10-10 00:30:00+05:00,31.98,31.465121440880257,Вверх,1.6363469630560554,True,0.1270396167128069,0.1305004494629316,-0.0034608327501247094,False,32.05990706294727,Красный,0.5148785591197438,Выше
2020-10-10 01:00:00+05:00,32.0,31.470443615597866,Вверх,1.682710262589586,True,0.1262532238090976,0.1296510043321649,-0.003397780523067301,False,32.05990706294727,Красный,0.5295563844021345,Выше
2020-10-10 01:30:00+05:00,32.0,31.47571283335311,Вверх,1.665687984328446,True,0.1241983208354291,0.1285604676328177,-0.004362146797388597,False,32.05990706294727,Красный,0.5242871666468893,Выше
2020-10-12 12:00:00+05:00,32.28,31.483715690732684,Вверх,2.529194193878793,True,0.1435091709747453,0.1315502083012033,0.011958962673542017,Выше,31.94226002285379,Зелёный,0.7962843092673175,Выше
2020-10-12 12:30:00+05:00,32.29,31.49173842017813,Вверх,2.5348285609739087,True,0.1578010430670922,0.136800375254381,0.021000667812711205,False,32.010784020568416,Зелёный,0.7982615798218688,Выше
2020-10-12 13:00:00+05:00,32.34,31.500178833907704,Вверх,2.666083803906192,True,0.1711886802554865,0.1436780362546021,0.027510644000884404,False,32.05345561851158,Зелёный,0.8398211660922996,Выше
2020-10-12 13:30:00+05:00,32.615,31.51127158182902,Вверх,3.502646395290014,True,0.2016640235768179,0.1552752337190453,0.04638878985777259,False,32.23511005666042,Зелёный,1.1037284181709808,Выше
2020-10-12 14:00:00+05:00,32.74,31.52349773524366,Вверх,3.859033267733735,True,0.233214061522851,0.1708629992798065,0.062351062243044514,False,32.423349050994375,Зелёный,1.2165022647563433,Выше
2020-10-12 14:30:00+05:00,32.77,31.535900742853176,Вверх,3.9133153900051667,True,0.2576682045116527,0.1882240403261757,0.06944416418547697,False,32.47876414589494,Зелёный,1.234099257146827,Выше
2020-10-12 15:00:00+05:00,32.77,31.54818033745165,Вверх,3.872868892846726,True,0.2738910435540234,0.2053574409717453,0.06853360258227809,False,32.52788773130544,Зелёный,1.2218196625483522,Выше
2020-10-12 15:30:00+05:00,32.955,31.56217854304915,Вверх,4.412944610433381,True,0.2982378143871784,0.2239335156548319,0.07430429873234648,False,32.6078489581749,Зелёный,1.3928214569508484,Выше
2020-10-12 16:00:00+05:00,32.875,31.575241443118312,Вверх,4.116385172297597,True,0.3075324318275392,0.2406532988893734,0.0668791329381658,False,32.67581406235741,Зелёный,1.299758556881688,Выше
2020-10-12 16:30:00+05:00,32.95,31.588920632739026,Вверх,4.308723881658505,True,0.3172928023938937,0.2559811995902774,0.061311602803616305,False,32.678232656121665,Зелёный,1.3610793672609773,Выше
2020-10-12 17:00:00+05:00,32.895,31.60191644733864,Вверх,4.091788404086684,True,0.3169364795909644,0.2681722555904148,0.04876422400054958,False,32.678232656121665,Зелёный,1.2930835526613649,Выше
2020-10-12 17:30:00+05:00,32.935,31.61518096030045,Вверх,4.174636992768964,True,0.316236380761417,0.2777850806246153,0.0384513001368017,False,32.70056845145855,Зелёный,1.3198190396995528,Выше
2020-10-12 18:00:00+05:00,32.99,31.628860751740245,Вверх,4.303472258907923,True,0.3164715012709038,0.285522364753873,0.030949136517030795,False,32.70056845145855,Зелёный,1.3611392482597573,Выше
2020-10-12 18:30:00+05:00,32.99,31.642404425852284,Вверх,4.258827982890939,True,0.3130491996612932,0.2910277317353571,0.022021467925936067,False,32.78648544568143,Зелёный,1.347595574147718,Выше
2020-10-12 19:00:00+05:00,32.865,31.654569555943308,Вверх,3.823872701593662,True,0.2968288870080471,0.2921879627898951,0.004640924218151987,False,32.78648544568143,Зелёный,1.2104304440566942,Выше
2020-10-12 19:30:00+05:00,32.89,31.66686239618268,Вверх,3.862515927579758,True,0.2827323014591201,0.2902968305237401,-0.007564529064620018,Выше,32.78648544568143,Зелёный,1.223137603817321,Выше
2020-10-12 20:00:00+05:00,32.82,31.67833640219081,Вверх,3.603925355531728,True,0.2628819019383499,0.284813844806662,-0.02193194286831207,False,32.78648544568143,Зелёный,1.1416635978091918,Выше
2020-10-12 20:30:00+05:00,32.805,31.689546985253592,Вверх,3.519939919827418,True,0.243137208274625,0.2764785175002546,-0.033341309225629584,False,32.78648544568143,Зелёный,1.1154530147464072,Выше
2020-10-12 21:00:00+05:00,32.54,31.698009204305794,Вверх,2.6562892018462487,True,0.2037573234010565,0.2619342786804151,-0.058176955279358566,False,32.779815059179576,Красный,0.8419907956942048,Выше
2020-10-12 21:30:00+05:00,32.43,31.70529269481021,Вверх,2.2857612833469116,True,0.1618071876921263,0.2419088604827573,-0.08010167279063102,False,32.779815059179576,Красный,0.7247073051897885,Выше
2020-10-12 22:00:00+05:00,32.43,31.712503712772303,Вверх,2.2625028087540207,True,0.127096315695752,0.2189463515253563,-0.0918500358296043,False,32.71800019793546,Красный,0.7174962872276964,Выше
2020-10-12 22:30:00+05:00,32.325,31.71859820319248,Вверх,1.9118177698864598,True,0.0900767286251422,0.1931724269453135,-0.1030956983201713,False,32.672200178141914,Красный,0.6064017968075213,Выше
2020-10-12 23:00:00+05:00,32.42,31.725577325548777,Вверх,2.188841726426213,True,0.0676246107934659,0.168062863714944,-0.1004382529214781,False,32.65598016032772,Красный,0.694422674451225,Выше
2020-10-12 23:30:00+05:00,32.42,31.73248700390153,Вверх,2.1665903337924406,True,0.0492632693493533,0.1443029448418258,-0.0950396754924725,False,32.65598016032772,Красный,0.6875129960984729,Выше
2020-10-13 00:00:00+05:00,32.41,31.73922842674828,Вверх,2.1133833634292847,True,0.0335184773991272,0.1221460513532861,-0.0886275739541589,False,32.65344392986545,Красный,0.6707715732517165,Выше
2020-10-13 00:30:00+05:00,32.405,31.74585301951696,Вверх,2.0763246779911846,True,0.0204019768409864,0.1017972364508262,-0.08139525960983979,False,32.62934953687891,Красный,0.6591469804830403,Выше
2020-10-13 01:00:00+05:00,32.4,31.752361944695892,Вверх,2.039653164801153,True,0.0094941547302909,0.0833366201067191,-0.0738424653764282,False,32.61791458319102,Красный,0.6476380553041068,Выше
2020-10-13 01:30:00+05:00,32.42,31.75900510942529,Вверх,2.0812833660792047,True,0.0024353863560406,0.0671563733565834,-0.0647209870005428,False,32.59337312487192,Красный,0.6609948905747132,Выше
2020-10-13 12:00:00+05:00,32.86,31.76996028246584,Вверх,3.4310389683923055,True,0.0319769736826955,0.0601204934218059,-0.028143519739110397,False,32.560464187615274,Зелёный,1.090039717534161,Выше
2020-10-13 12:30:00+05:00,33.115,31.783343762242296,Вверх,4.189792766045199,True,0.0750995623439507,0.0631163072062348,0.011983255137715892,Выше,32.723917768853745,Зелёный,1.3316562377577057,Выше
2020-10-13 13:00:00+05:00,33.345,31.798882630279685,Вверх,4.862175151550961,True,0.1263768091600994,0.0757684075970078,0.05060840156309161,False,32.892025991968374,Зелёный,1.5461173697203137,Выше
2020-10-13 13:30:00+05:00,33.36,31.814416136446056,Вверх,4.858124244446998,True,0.1663076799230651,0.0938762620622192,0.0724314178608459,False,32.97932339277153,Зелёный,1.5455838635539436,Выше
2020-10-13 14:00:00+05:00,33.2,31.82820304056102,Вверх,4.310004424977432,True,0.1829337731997711,0.1116877642897296,0.07124600891004151,False,32.97932339277153,Зелёный,1.3717969594389814,Выше
2020-10-13 14:30:00+05:00,33.16,31.841454751600217,Вверх,4.140970501146826,True,0.1906843161008993,0.1274870746519636,0.06319724144893571,False,32.97932339277153,Зелёный,1.3185452483997793,Выше
2020-10-13 15:00:00+05:00,33.25,31.855470127206186,Вверх,4.377677890877571,True,0.2017631253128797,0.1423422847841468,0.05942084052873292,False,32.97932339277153,Зелёный,1.3945298727938145,Выше
2020-10-13 15:30:00+05:00,33.19,31.86874903141309,Вверх,4.145914128240646,True,0.2033574843785359,0.1545453247030246,0.04881215967551131,False,32.97932339277153,Зелёный,1.3212509685869094,Выше
2020-10-13 16:00:00+05:00,33.22,31.88219431468261,Вверх,4.19609036979394,True,0.2046823242803555,0.1645727246184908,0.0401095996618647,False,32.97932339277153,Зелёный,1.337805685317388,Выше
2020-10-13 16:30:00+05:00,33.21,31.895406311551447,Вверх,4.121576867865301,True,0.2025900213626386,0.1721761839673204,0.030413837395318194,False,32.97932339277153,Зелёный,1.3145936884485536,Выше
2020-10-13 17:00:00+05:00,33.34,31.90978037810317,Вверх,4.48207290977867,True,0.2090124048731212,0.1795434281484805,0.02946897672464069,False,33.03982045811011,Зелёный,1.430219621896832,Выше
2020-10-13 17:30:00+05:00,33.35,31.92411092160464,Вверх,4.4664958153318235,True,0.212459999875648,0.1861267424939141,0.02633325738173392,False,33.09658841229909,Зелёный,1.425889078395361,Выше
2020-10-13 18:00:00+05:00,33.345,31.938249121389664,Вверх,4.404596110649682,True,0.2123410500927249,0.1913696040136762,0.02097144607904869,False,33.09658841229909,Зелёный,1.4067508786103353,Выше
2020-10-13 18:30:00+05:00,32.91,31.94791828436091,Вверх,3.0114065870452773,True,0.1751271600908026,0.1881211152291015,-0.012993955138298902,Выше,33.42153838603773,Красный,0.9620817156390871,Выше
2020-10-13 19:00:00+05:00,33.06,31.958983774068763,Вверх,3.445091476358501,True,0.1559410393190248,0.1816851000470862,-0.025744060728061402,False,33.21213454743396,Красный,1.1010162259312395,Выше
2020-10-13 19:30:00+05:00,33.225,31.97158095044619,Вверх,3.920416233080649,True,0.1522944656167055,0.17580697316101,-0.02351250754430448,False,32.82532890730944,Зелёный,1.2534190495538127,Выше
2020-10-13 20:00:00+05:00,33.1,31.98280900069051,Вверх,3.493098430739378,True,0.1377304039910569,0.1681916593270194,-0.0304612553359625,False,32.86679601657849,Зелёный,1.1171909993094928,Выше
2020-10-13 20:30:00+05:00,33.0,31.992930304166222,Вверх,3.1477882340231704,True,0.1167730291676392,0.1579079332951434,-0.041134904127504215,False,32.86679601657849,Зелёный,1.0070696958337777,Выше
2020-10-13 21:00:00+05:00,32.93,32.00225438074169,Вверх,2.899000827318618,True,0.0934386411530781,0.1450140748667303,-0.0515754337136522,False,32.86679601657849,Зелёный,0.9277456192583102,Выше
2020-10-13 21:30:00+05:00,32.93,32.011485680435804,Вверх,2.8693273681001203,True,0.0740918854020336,0.130829636973791,-0.056737751571757394,False,32.86679601657849,Зелёный,0.9185143195641956,Выше
2020-10-13 22:00:00+05:00,32.94,32.020724628889184,Вверх,2.8708762270840094,True,0.0588875396096,0.1164412175009528,-0.05755367789135281,False,32.86679601657849,Зелёный,0.9192753711108139,Выше
2020-10-13 22:30:00+05:00,32.935,32.02982189626342,Вверх,2.8260478833389295,True,0.0459053594062979,0.1023340458820218,-0.0564286864757239,False,32.86679601657849,Зелёный,0.9051781037365814,Выше
2020-10-13 23:00:00+05:00,32.755,32.03703759878817,Вверх,2.2410386696895874,True,0.0208520232423907,0.0860376413540956,-0.0651856181117049,False,33.08497830315351,Красный,0.7179624012118353,Выше
2020-10-13 23:30:00+05:00,32.72,32.043833244571374,Вверх,2.1101306771504182,True,-0.001806311623838,0.0684688507585089,-0.0702751623823469,False,32.98373047283816,Красный,0.6761667554286248,Выше
2020-10-14 00:00:00+05:00,32.735,32.05071052571992,Вверх,2.1350212305931633,True,-0.0183414023409795,0.0511068001386112,-0.0694482024795907,False,32.932857425554346,Красный,0.684289474280078,Выше
2020-10-14 00:30:00+05:00,32.765,32.05781788367296,Вверх,2.2059583683866633,True,-0.0286940642721802,0.0351466272564529,-0.0638406915286331,False,32.932857425554346,Красный,0.70718211632704,Выше
2020-10-14 01:00:00+05:00,32.94,32.06659581517871,Вверх,2.723719692153491,True,-0.0225180123462251,0.0236136993359173,-0.046131711682142404,False,32.625610485300975,Зелёный,0.8734041848212897,Выше
2020-10-14 01:30:00+05:00,32.81,32.073992871744096,Вверх,2.294716255624971,True,-0.0277929800698117,0.0133323634547714,-0.0411253435245831,False,32.625610485300975,Зелёный,0.7360071282559062,Выше
2020-10-14 12:00:00+05:00,32.77,32.08091831580634,Вверх,2.1479487507505284,True,-0.0347999436131303,0.0037059020411911,-0.038505845654321406,False,32.625610485300975,Зелёный,0.6890816841936598,Выше
2020-10-14 12:30:00+05:00,32.42,32.08429226291275,Вверх,1.0463305044609315,True,-0.0678133772312534,-0.0105979538132977,-0.0572154234179557,False,32.87993995621558,Красный,0.33570773708725454,Выше
2020-10-14 13:00:00+05:00,32.6,32.089423683182275,Вверх,1.5911046638251527,True,-0.0785468266217321,-0.0241877283749846,-0.05435909824674749,False,32.800445960594026,Красный,0.5105763168177262,Выше
2020-10-14 13:30:00+05:00,32.985,32.09833489031479,Вверх,2.762339893066383,True,-0.0553488530487769,-0.0304199533097431,-0.024928899739033804,False,32.43234863546538,Зелёный,0.886665109685211,Выше
2020-10-14 14:00:00+05:00,33.175,32.1090479759833,Вверх,3.3197870731452355,True,-0.0213863512118663,-0.0286132328901677,0.007226881678301399,Ниже,32.68811377191884,Зелёный,1.0659520240166955,Выше
2020-10-14 14:30:00+05:00,33.32,32.12109724985412,Вверх,3.7324464379912445,True,0.0170331171926818,-0.0194839628735978,0.0365170800662796,False,32.92480239472695,Зелёный,1.1989027501458835,Выше
2020-10-14 15:00:00+05:00,33.265,32.132479366770994,Вверх,3.5245354717326127,True,0.0425522663165551,-0.0070767170355672,0.0496289833521223,False,32.951072155254266,Зелёный,1.1325206332290065,Выше
2020-10-14 15:30:00+05:00,33.185,32.14295220889267,Вверх,3.2419168728970575,True,0.0556792091763895,0.0054744682068241,0.0502047409695654,False,32.951072155254266,Зелёный,1.0420477911073291,Выше
2020-10-14 16:00:00+05:00,33.285,32.154315868505684,Вверх,3.5164303794184857,True,0.0733065380930497,0.0190408821840692,0.0542656559089805,False,32.951072155254266,Зелёный,1.1306841314943128,Выше
2020-10-14 16:30:00+05:00,33.2,32.16472068573449,Вверх,3.218679634686451,True,0.0795010945024827,0.0311329246477519,0.0483681698547308,False,32.951072155254266,Зелёный,1.035279314265516,Выше
2020-10-14 17:00:00+05:00,33.24,32.17541998239385,Вверх,3.3086748150876804,True,0.0866392672505895,0.0422341931683194,0.044405074082270096,False,32.951072155254266,Зелёный,1.0645800176061542,Выше
2020-10-14 17:30:00+05:00,33.215,32.185764062171025,Вверх,3.197798678449499,True,0.08925020866576,0.0516373962678076,0.0376128123979524,False,32.951072155254266,Зелёный,1.0292359378289788,Выше
2020-10-14 18:00:00+05:00,33.22,32.19605496702505,Вверх,3.1803431632343364,True,0.0906775820404277,0.0594454334223316,0.031232148618096096,False,32.951072155254266,Зелёный,1.0239450329749502,Выше
2020-10-14 18:30:00+05:00,33.165,32.20569621113425,Вверх,2.978677382338634,True,0.0863750673676975,0.0648313602114048,0.021543707156292696,False,32.951072155254266,Зелёный,0.9593037888657463,Выше
2020-10-14 19:00:00+05:00,33.17,32.21529127371004,Вверх,2.9635266003913965,True,0.0824186804603712,0.0683488242611981,0.0140698561991731,False,32.951072155254266,Зелёный,0.9547087262899652,Выше
2020-10-14 19:30:00+05:00,33.245,32.22553713168308,Вверх,3.163524828619884,True,0.0843626088895561,0.0715515811868697,0.012811027702686398,False,32.951072155254266,Зелёный,1.0194628683169142,Выше
2020-10-14 20:00:00+05:00,33.345,32.23667606569618,Вверх,3.438083790168468,True,0.0929014404635424,0.0758215530422042,0.017079887421338202,False,33.07781735364635,Зелёный,1.1083239343038187,Выше
2020-10-14 20:30:00+05:00,33.36,32.24785341827632,Вверх,3.4487460833389125,True,0.099729283543283,0.08060309914242,0.019126184400863,False,33.07781735364635,Зелёный,1.1121465817236782,Выше
2020-10-14 21:00:00+05:00,33.325,32.25857129471139,Вверх,3.305877050616467,True,0.1011501944058324,0.0847125181951024,0.01643767621073,False,33.07781735364635,Зелёный,1.0664287052886152,Выше
2020-10-14 21:30:00+05:00,33.35,32.26943128182869,Вверх,3.3485830869904283,True,0.1031050368832637,0.0883910219327347,0.014714014950529,False,33.07781735364635,Зелёный,1.080568718171314,Выше
2020-10-14 22:00:00+05:00,33.25,32.27918818449706,Вверх,3.00754718474983,True,0.095484414472331,0.089809700440654,0.005674714031676992,False,33.07781735364635,Зелёный,0.970811815502941,Выше
2020-10-14 22:30:00+05:00,33.205,32.28840024236276,Вверх,2.838789629579252,True,0.0848359562931335,0.0888149516111499,-0.003978995318016404,Выше,33.07781735364635,Зелёный,0.9165997576372362,Выше
2020-10-14 23:00:00+05:00,33.2,32.29747088671736,Вверх,2.7944265866768325,True,0.0751274952548186,0.0860774603398836,-0.010949965085065003,False,33.07781735364635,Зелёный,0.9025291132826396,Выше
2020-10-14 23:30:00+05:00,33.215,32.3066005296356,Вверх,2.8118076661489186,True,0.0678615785409775,0.0824342839801024,-0.014572705439124894,False,33.07781735364635,Зелёный,0.9083994703644009,Выше
2020-10-15 00:00:00+05:00,33.25,32.315987589042216,Вверх,2.890248699298583,True,0.0641875802205476,0.0787849432281914,-0.014597363007643804,False,33.07781735364635,Зелёный,0.9340124109577843,Выше
2020-10-15 00:30:00+05:00,33.25,32.32528124487264,Вверх,2.860667315227257,True,0.0605776091122862,0.0751434764050104,-0.014565867292724202,False,33.07781735364635,Зелёный,0.9247187551273583,Выше
2020-10-15 01:00:00+05:00,33.23,32.334283421540576,Вверх,2.7701760598248146,True,0.0554634994506884,0.071207481014146,-0.015743981563457604,False,33.07781735364635,Зелёный,0.895716578459421,Выше
2020-10-15 01:30:00+05:00,33.27,32.34359403426157,Вверх,2.8642641407046177,True,0.0540155388958751,0.0677690925904918,-0.0137535536946167,False,33.07781735364635,Зелёный,0.9264059657384323,Выше
2020-10-15 12:00:00+05:00,32.9,32.349130412030114,Вверх,1.702888395927408,True,0.0227498656532603,0.0587652472030455,-0.036015381549785196,False,33.37568107232686,Красный,0.5508695879698848,Выше
2020-10-15 12:30:00+05:00,32.83,32.35391518404972,Вверх,1.4714905854268507,True,-0.007589335498686,0.0454943306626992,-0.0530836661613852,False,33.248862965094176,Красный,0.47608481595027996,Выше
2020-10-15 13:00:00+05:00,32.72,32.3575578190343,Вверх,1.1201159957519866,True,-0.0400478055123301,0.0283859034276933,-0.0684337089400234,False,33.092976668584754,Красный,0.3624421809657008,Выше
2020-10-15 13:30:00+05:00,32.69,32.36086570143197,Вверх,1.0170750733453482,True,-0.0674150078818556,0.0092257211657835,-0.0766407290476391,False,32.993929001726286,Красный,0.3291342985680288,Выше
2020-10-15 14:00:00+05:00,32.82,32.365434201915235,Вверх,1.4044792207912538,True,-0.0777179156314105,-0.0081630061936552,-0.0695549094377553,False,32.993929001726286,Красный,0.45456579808476505,Выше
2020-10-15 14:30:00+05:00,32.77,32.36945973224444,Вверх,1.2374017702759903,True,-0.0888929240889595,-0.0243089897727161,-0.0645839343162434,False,32.993929001726286,Красный,0.4005402677555665,Выше
2020-10-15 15:00:00+05:00,32.755,32.37329595381414,Вверх,1.1790706968188336,True,-0.0978318290162292,-0.0390135576214187,-0.058818271394810495,False,32.993929001726286,Красный,0.3817040461858596,Выше
2020-10-15 15:30:00+05:00,32.915,32.378686043825944,Вверх,1.6563796179008974,True,-0.0909568191556431,-0.0494022099282636,-0.0415546092273795,False,32.993929001726286,Красный,0.5363139561740553,Выше
2020-10-15 16:00:00+05:00,32.83,32.38317672995703,Вверх,1.3798006099556694,True,-0.0913144972517017,-0.0577846673929512,-0.0335298298587505,False,32.993929001726286,Красный,0.4468232700429695,Выше
2020-10-15 16:30:00+05:00,32.705,32.386378951549496,Вверх,0.9838118948931104,True,-0.1005256182984553,-0.066332857574052,-0.034192760724403304,False,32.98521486260641,Красный,0.31862104845050254,Выше
2020-10-15 17:00:00+05:00,32.69,32.3894000565092,Вверх,0.9280812332625599,True,-0.1077932986821039,-0.0746249457956624,-0.0331683528864415,False,32.98521486260641,Красный,0.3005999434907949,Выше
2020-10-15 17:30:00+05:00,32.735,32.39283886191707,Вверх,1.056286358665507,True,-0.1086691930147978,-0.0814337952394895,-0.027235397775308298,False,32.98521486260641,Красный,0.34216113808292903,Выше
2020-10-15 18:00:00+05:00,32.65,32.39539767921143,Вверх,0.7859212697733076,True,-0.114897666431986,-0.0881265694779888,-0.026771096953997195,False,32.98521486260641,Красный,0.25460232078857103,Выше
2020-10-15 18:30:00+05:00,32.45,32.39594098588594,Вверх,0.16686971413366836,True,-0.134422565360758,-0.0973857686545426,-0.0370367967062154,False,32.75570122135608,Красный,0.05405901411405978,Выше
2020-10-15 19:00:00+05:00,32.405,32.39603112532986,Вверх,0.027685103262929656,True,-0.1517777133492686,-0.1082641575934878,-0.043513555755780794,False,32.75570122135608,Красный,0.008968874670138405,Выше
2020-10-15 19:30:00+05:00,32.38,32.395871611644985,Вниз,0.04899269831430378,True,-0.1656396929602195,-0.1197392646668342,-0.045900428293385295,False,32.72684298929841,Красный,-0.01587161164498241,Ниже
2020-10-15 20:00:00+05:00,32.495,32.39685796376792,Вверх,0.30293689697265247,True,-0.165438797294037,-0.1288791711922747,-0.03655962610176228,False,32.72684298929841,Красный,0.09814203623207618,Выше
2020-10-15 20:30:00+05:00,32.52,32.39808325766078,Вверх,0.37630850371493935,True,-0.1614017559909655,-0.1353836881520129,-0.026018067838952608,False,32.72684298929841,Красный,0.12191674233922356,Выше
2020-10-15 21:00:00+05:00,32.57,32.39979387201242,Вверх,0.5253308976592315,True,-0.1524108916539077,-0.1387891288523919,-0.013621762801515808,False,32.72684298929841,Красный,0.1702061279875835,Выше
2020-10-15 21:30:00+05:00,32.53,32.401089455375484,Вверх,0.39785867324634205,True,-0.1468207741060254,-0.1403954579031186,-0.006425316202906789,False,32.72684298929841,Красный,0.12891054462451734,Выше
2020-10-15 22:00:00+05:00,32.53,32.4023721473618,Вверх,0.393884287415019,True,-0.1407678811655941,-0.1404699425556137,-0.0002979386099803971,False,32.72684298929841,Красный,0.12762785263819865,Выше
2020-10-15 22:30:00+05:00,32.305,32.401403270273626,Вниз,0.29752807145260424,True,-0.1523701116975573,-0.1428499763840024,-0.00952013531355489,False,32.72684298929841,Красный,-0.09640327027362616,Ниже
2020-10-15 23:00:00+05:00,32.33,32.4006927899724,Вниз,0.21818295809490693,True,-0.1577294648300338,-0.1458258740732087,-0.011903590756825094,False,32.643145391318164,Красный,-0.07069278997240502,Ниже
2020-10-15 23:30:00+05:00,32.335,32.400039130370686,Вниз,0.20073781426306975,True,-0.1597320410468796,-0.1486071074679429,-0.011124933578936708,False,32.59533085218635,Красный,-0.06503913037068543,Ниже
2020-10-16 00:00:00+05:00,32.365,32.39969048230729,Вниз,0.10707041268259675,True,-0.1570875404640972,-0.1503031940671738,-0.0067843463969234075,False,32.59533085218635,Красный,-0.03469048230729044,Ниже
2020-10-16 00:30:00+05:00,32.38,32.3994945571102,Вниз,0.06016932478942481,True,-0.1520288857002256,-0.1506483323937841,-0.0013805533064414899,False,32.59533085218635,Красный,-0.01949455711019965,Ниже
2020-10-16 01:00:00+05:00,32.405,32.39954933763647,Вверх,0.016823265986596322,True,-0.1443387272874972,-0.1493864113725267,0.005047684085029508,Ниже,32.59533085218635,Красный,0.005450662363529091,Выше
2020-10-16 01:30:00+05:00,32.46,32.40015083676447,Вверх,0.1847187796657492,True,-0.1322813242315135,-0.1459653939443241,0.013684069712810581,False,32.59533085218635,Красный,0.059849163235533354,Выше
2020-10-16 12:00:00+05:00,32.56,32.40174137570213,Вверх,0.4884262930897574,True,-0.113349953469914,-0.1394423058494421,0.02609235237952809,False,32.59533085218635,Красный,0.15825862429787207,Выше
2020-10-16 12:30:00+05:00,32.455,32.40227131226231,Вверх,0.1627314555499579,True,-0.1056020139447824,-0.1326742474685102,0.0270722335237278,False,32.59533085218635,Красный,0.052728687737690905,Выше
2020-10-16 13:00:00+05:00,32.35,32.40175119970249,Вниз,0.15971729238807947,True,-0.1067043175767281,-0.1274802614901538,0.020775943913425687,False,32.59533085218635,Красный,-0.05175119970248687,Ниже
2020-10-16 13:30:00+05:00,32.24,32.40014173502883,Вниз,0.4942624521166701,True,-0.1151268709342048,-0.125009583378964,0.009882712444759204,False,32.53601963141758,Красный,-0.1601417350288301,Ниже
2020-10-16 14:00:00+05:00,32.01,32.39625972771511,Вниз,1.1922972928404674,True,-0.1387613287392497,-0.1277599324510211,-0.011001396288228604,Ниже,32.40041766827582,Красный,-0.38625972771511385,Ниже
2020-10-16 14:30:00+05:00,31.735,32.38968002893188,Вниз,2.021261180558404,True,-0.1776343503387636,-0.1377348160285696,-0.039899534310193996,False,32.10387590144824,Красный,-0.6546800289318782,Ниже
2020-10-16 15:00:00+05:00,31.9,32.384807590833056,Вниз,1.4970216805311152,True,-0.1929037051493338,-0.1487685938527225,-0.044135111296611296,False,32.10387590144824,Красный,-0.48480759083305713,Ниже
2020-10-16 15:30:00+05:00,31.915,32.380132888436705,Вниз,1.4364761566584245,True,-0.2014719608539223,-0.1593092672529625,-0.04216269360095981,False,32.10387590144824,Красный,-0.4651328884367061,Ниже
2020-10-16 16:00:00+05:00,32.04,32.3767484815866,Вниз,1.040093577581208,True,-0.1959174949717166,-0.1666309127967133,-0.029286582175003295,False,32.10387590144824,Красный,-0.33674848158660353,Ниже
2020-10-16 16:30:00+05:00,32.2,32.374989790227524,Вниз,0.5405091750186186,True,-0.1765694946939646,-0.1686186291761636,-0.007950865517800998,False,31.81832427105981,Зелёный,-0.17498979022752081,Ниже
2020-10-16 17:00:00+05:00,32.3,32.37424362316058,Вниз,0.22932929036053104,True,-0.151421409066728,-0.1651791851542765,0.013757776087548496,Ниже,31.967991843953826,Зелёный,-0.07424362316058364,Ниже
2020-10-16 17:30:00+05:00,32.365,32.37415164681072,Вниз,0.028268375679963542,True,-0.124807707688511,-0.1571048896611234,0.0322971819726124,False,32.07944265955845,Зелёный,-0.009151646810721559,Ниже
2020-10-16 18:00:00+05:00,32.375,32.374160088135994,Вверх,0.0025943896666943025,True,-0.1017364862931629,-0.1460312089875313,0.044294722694368405,False,32.1122483936026,Зелёный,0.0008399118640056713,Выше
2020-10-16 18:30:00+05:00,32.4,32.37441720168688,Вверх,0.07902164895738706,True,-0.080507050883213,-0.1329263773666676,0.0524193264834546,False,32.1122483936026,Зелёный,0.02558279831311694,Выше
2020-10-16 19:00:00+05:00,32.48,32.37546777679447,Вверх,0.32287478879439985,True,-0.0565750766915655,-0.1176561172316472,0.061081040540081705,False,32.156296198818104,Зелёный,0.10453222320552413,Выше
2020-10-16 19:30:00+05:00,32.655,32.378249191950744,Вверх,0.8547429677515053,True,-0.0232201102828213,-0.098768915841882,0.0755488055590607,False,32.3196665789363,Зелёный,0.27675080804925756,Выше
2020-10-16 20:00:00+05:00,32.52,32.379659647752234,Вверх,0.43342133232555813,True,-0.0075919159707495,-0.0805335158676555,0.072941599896906,False,32.3196665789363,Зелёный,0.14034035224776886,Выше
2020-10-16 20:30:00+05:00,32.525,32.38110582041141,Вверх,0.4443769783114747,True,0.0051377737719917,-0.0633992579397261,0.06853703171171781,False,32.3196665789363,Зелёный,0.1438941795885853,Выше
2020-10-16 21:00:00+05:00,32.465,32.38194058836752,Вверх,0.2564991786264978,True,0.0102663025018117,-0.0486661458514185,0.0589324483532302,False,32.3196665789363,Зелёный,0.0830594116324832,Выше
2020-10-16 21:30:00+05:00,32.465,32.38276705017481,Вверх,0.25394046684699983,True,0.0141673856661768,-0.0360994395478994,0.0502668252140762,False,32.3196665789363,Зелёный,0.08223294982519036,Выше
2020-10-16 22:00:00+05:00,32.375,32.38268976609347,Вниз,0.02374653294403642,True,0.0098828509867985,-0.0269029814409598,0.0367858324277583,False,32.3196665789363,Зелёный,-0.007689766093470496,Ниже
2020-10-16 22:30:00+05:00,32.425,32.38311076344578,Вверх,0.12935519647946842,True,0.0104020007281704,-0.0194419850071338,0.0298439857353042,False,32.3196665789363,Зелёный,0.04188923655421917,Выше
2020-10-16 23:00:00+05:00,32.375,32.383030059331894,Вниз,0.02479712157009774,True,0.0067015966710926,-0.0142132686714885,0.0209148653425811,False,32.3196665789363,Зелёный,-0.008030059331893824,Ниже
2020-10-16 23:30:00+05:00,32.375,32.382950158244014,Вниз,0.02455044461719779,True,0.0037260482312575,-0.0106254052909393,0.0143514535221968,False,32.3196665789363,Зелёный,-0.00795015824401446,Ниже
2020-10-17 00:00:00+05:00,32.39,32.38302030592318,Вверх,0.02155356112827399,True,0.0025488971945648,-0.0079905447938384,0.0105394419884032,False,32.3196665789363,Зелёный,0.006979694076818532,Выше
2020-10-17 00:30:00+05:00,32.35,32.38269174566525,Вниз,0.10095437995707322,True,-0.0015933025885388,-0.0067110963527785,0.0051177937642397,False,32.3196665789363,Зелёный,-0.032691745665246685,Ниже
2020-10-17 01:00:00+05:00,32.375,32.38261521088251,Вниз,0.023516355405271725,True,-0.0028261565201646,-0.0059341083862557,0.0031079518660910997,False,32.3196665789363,Зелёный,-0.007615210882512713,Ниже
2020-10-17 01:30:00+05:00,32.375,32.3825394376399,Вниз,0.02328241629850521,True,-0.0037598608082376,-0.0054992588706521,0.0017393980624144999,False,32.3196665789363,Зелёный,-0.007539437639898949,Ниже
2020-10-19 12:00:00+05:00,32.27,32.3814196422405,Вниз,0.3440851064329355,True,-0.0128246164663252,-0.0069643303897867,-0.0058602860765385,Ниже,32.710974377579795,Красный,-0.11141964224049872,Ниже
2020-10-19 12:30:00+05:00,32.32,32.38080850152169,Вниз,0.18779179500361726,True,-0.0157918795435634,-0.0087298402205421,-0.0070620393230213015,False,32.526376939821816,Красный,-0.06080850152169148,Ниже
2020-10-19 13:00:00+05:00,32.2,32.37900941195431,Вниз,0.5528563572677243,True,-0.0275093434411815,-0.0124857408646699,-0.0150236025765116,False,32.44898924583963,Красный,-0.1790094119543042,Ниже
2020-10-19 13:30:00+05:00,32.265,32.37787498994481,Вниз,0.34861765937344835,True,-0.0311910106721811,-0.0162267948261722,-0.014964215846008901,False,32.44898924583963,Красный,-0.11287498994480671,Ниже
2020-10-19 14:00:00+05:00,32.22,32.376304094522474,Вниз,0.4827731234119451,True,-0.0373097982671524,-0.0204433955143682,-0.016866402752784202,False,32.44898924583963,Красный,-0.15630409452247562,Ниже
2020-10-19 14:30:00+05:00,32.225,32.37479858114414,Вниз,0.46270119880030963,True,-0.0412796768869512,-0.0246106517888848,-0.016669025098066403,False,32.38389066021709,Красный,-0.14979858114413958,Ниже
2020-10-19 15:00:00+05:00,32.225,32.37330804799843,Вниз,0.45811829850238683,True,-0.0439195569806756,-0.028472432827243,-0.015447124153432603,False,32.38389066021709,Красный,-0.14830804799842667,Ниже
2020-10-19 15:30:00+05:00,32.22,32.37178259478452,Вниз,0.4688731438872787,True,-0.0458861917323858,-0.0319551846082715,-0.013931007124114297,False,32.38389066021709,Красный,-0.15178259478452105,Ниже
2020-10-19 16:00:00+05:00,32.29,32.370968837622485,Вниз,0.2501279403425862,True,-0.0413200372873419,-0.0338281551440856,-0.007491882143256294,False,32.38389066021709,Красный,-0.08096883762248552,Ниже
2020-10-19 16:30:00+05:00,32.255,32.36981491884018,Вниз,0.354697483220236,True,-0.04006370503226,-0.0350752651217205,-0.004988439910539495,False,32.38389066021709,Красный,-0.11481491884017458,Ниже
2020-10-19 17:00:00+05:00,32.375,32.36986651168754,Вверх,0.015858849188043835,True,-0.0290501831226421,-0.0338702487219048,0.004820065599262697,Ниже,32.38389066021709,Красный,0.005133488312459633,Выше
2020-10-19 17:30:00+05:00,32.655,32.372703660824975,Вверх,0.8720196562285908,True,0.0022458831384284,-0.0266470223498382,0.0288929054882666,False,32.29532306114357,Зелёный,0.2822963391750264,Выше
2020-10-19 18:00:00+05:00,32.86,32.377552380617765,Вверх,1.4900682229180593,True,0.0430932754154724,-0.012698962796776,0.0557922382122484,False,32.55704075502921,Зелёный,0.4824476193822349,Выше
2020-10-19 18:30:00+05:00,33.23,32.38603444648226,Вверх,2.6059552147774743,True,0.1041207961406129,0.0106649889907017,0.0934558071499112,False,33.00408667952629,Зелёный,0.8439655535177337,Выше
2020-10-19 19:00:00+05:00,33.33,32.39542713855707,Вверх,2.884891307176503,True,0.1587250269521547,0.0402769965829923,0.1184480303691624,False,33.00408667952629,Зелёный,0.9345728614429305,Выше
2020-10-19 19:30:00+05:00,33.755,32.408955226730626,Вверх,4.153311218620125,True,0.2336004211554723,0.0789416814974883,0.154658739657984,False,33.1556102104163,Зелёный,1.3460447732693765,Выше
2020-10-19 20:00:00+05:00,33.8,32.4227964682557,Вверх,4.247639567711821,True,0.2931911098201212,0.1217915671620149,0.1713995426581063,False,33.529799189374664,Зелёный,1.3772035317442999,Выше
2020-10-19 20:30:00+05:00,33.8,32.4364999859845,Вверх,4.203597843801444,True,0.3365377620808019,0.1647408061457723,0.17179695593502958,False,33.529799189374664,Зелёный,1.3635000140155,Выше
2020-10-19 21:00:00+05:00,33.62,32.44827610552694,Вверх,3.6110512948744082,True,0.3523046518909538,0.2022535752948086,0.15005107659614517,False,33.529799189374664,Зелёный,1.171723894473054,Выше
2020-10-19 21:30:00+05:00,33.515,32.458890273631155,Вверх,3.253684021436815,True,0.3522666920340498,0.2322561986426569,0.12001049339139291,False,33.95357389094587,Красный,1.0561097263688453,Выше
2020-10-19 22:00:00+05:00,33.45,32.46875206195324,Вверх,3.022130127374332,True,0.3430373309833854,0.2544124251108026,0.08862490587258282,False,33.92046650185128,Красный,0.9812479380467636,Выше
2020-10-19 22:30:00+05:00,33.375,32.47776945437162,Вверх,2.7625990352844623,True,0.3259141867871804,0.2687127774460782,0.05720140934110224,False,33.78591985166615,Красный,0.897230545628382,Выше
2020-10-19 23:00:00+05:00,33.41,32.487045380198765,Вверх,2.8409927988212282,True,0.3115765189777661,0.2772855257524158,0.03429099322535034,False,33.74307786649953,Красный,0.9229546198012315,Выше
2020-10-19 23:30:00+05:00,33.325,32.495383237112215,Вверх,2.553029631422541,True,0.2900119471159428,0.2798308100251212,0.01018113709082158,False,33.70152007984959,Красный,0.8296167628877882,Выше
2020-10-20 00:00:00+05:00,33.25,32.50289186161856,Вверх,2.29858974260587,True,0.2638287418439589,0.2766303963888887,-0.01280165454492982,Выше,33.580118071864625,Красный,0.7471081383814422,Выше
2020-10-20 00:30:00+05:00,33.345,32.51127104707509,Вверх,2.564430506939269,True,0.2478865868092867,0.2708816344729683,-0.0229950476636816,False,33.580118071864625,Красный,0.8337289529249077,Выше
2020-10-20 01:00:00+05:00,33.275,32.518870340139024,Вверх,2.325202726761577,True,0.2269873304509602,0.2621027736685667,-0.03511544321760651,False,33.580118071864625,Красный,0.7561296598609744,Выше
2020-10-20 01:30:00+05:00,33.3,32.5266427745655,Вверх,2.3776115807415223,True,0.2100208209912892,0.2516863831331112,-0.041665562141822016,False,33.56426857438931,Красный,0.7733572254344949,Выше
2020-10-20 12:00:00+05:00,33.08,32.53214881660963,Вверх,1.684030115805507,True,0.1767847144802559,0.2367060494025402,-0.0599213349222843,False,33.56426857438931,Красный,0.547851183390371,Выше
2020-10-20 12:30:00+05:00,32.945,32.536256788583664,Вверх,1.2562699331773048,True,0.1379611585017528,0.2169570712223827,-0.07899591272062989,False,33.29640754525534,Красный,0.4087432114163363,Выше
2020-10-20 13:00:00+05:00,33.33,32.54415473098582,Вверх,2.4147048080064764,True,0.1366838863419346,0.2009024342462931,-0.06421854790435849,False,32.73498320927019,Зелёный,0.7858452690141817,Выше
2020-10-20 13:30:00+05:00,33.3,32.55167557943372,Вверх,2.298881416227531,True,0.1317323610162333,0.1870684196002812,-0.05533605858404789,False,32.81348488834317,Зелёный,0.7483244205662771,Выше
2020-10-20 14:00:00+05:00,33.71,32.563201195558754,Вверх,3.5217631017114392,True,0.159058290051469,0.1814663936905187,-0.022408103639049715,False,33.008136399508864,Зелёный,1.1467988044412465,Выше
2020-10-20 14:30:00+05:00,33.41,32.57162705430942,Вверх,2.5739363412601093,True,0.1547232396938724,0.1761177628911895,-0.021394523197317106,False,33.008136399508864,Зелёный,0.8383729456905797,Выше
2020-10-20 15:00:00+05:00,33.64,32.582257630883454,Вверх,3.2463753159755067,True,0.1679111832633495,0.1744764469656215,-0.006565263702272006,False,33.01681548360217,Зелёный,1.0577423691165464,Выше
2020-10-20 15:30:00+05:00,33.63,32.5926829280886,Вверх,3.1826685584617396,True,0.1755323791281711,0.1746876333981314,0.0008447457300397032,Выше,33.17663393524196,Зелёный,1.0373170719114029,Выше
2020-10-20 16:00:00+05:00,33.75,32.60419852084394,Вверх,3.514275863654644,True,0.1890756821091272,0.1775652431403306,0.01151043896879661,False,33.17663393524196,Зелёный,1.145801479156063,Выше
2020-10-20 16:30:00+05:00,33.855,32.616644306706185,Вверх,3.7966986476263545,True,0.2059078917710195,0.1832337728664684,0.02267411890455112,False,33.35949848754599,Зелёный,1.238355693293812,Выше
2020-10-20 17:00:00+05:00,33.89,32.629314512609604,Вверх,3.8636591243840104,True,0.2195410145343785,0.1904952212000504,0.02904579333432808,False,33.44404863879139,Зелёный,1.260685487390397,Выше
2020-10-20 17:30:00+05:00,33.865,32.64160989059359,Вверх,3.74794660406427,True,0.2257260421747915,0.1975413853949987,0.028184656779792816,False,33.46814377491225,Зелёный,1.2233901094064095,Выше
2020-10-20 18:00:00+05:00,33.885,32.65398193148321,Вверх,3.7698865366551453,True,0.2295949265976204,0.203952093635523,0.025642832962097406,False,33.498329397421024,Зелёный,1.2310180685167893,Выше
2020-10-20 18:30:00+05:00,33.92,32.66657912619482,Вверх,3.8370129573809106,True,0.2328016602440286,0.2097220069572241,0.023079653286804502,False,33.553246457678924,Зелёный,1.253420873805183,Выше
2020-10-20 19:00:00+05:00,33.785,32.677707692103326,Вверх,3.3885250407703835,True,0.2218918172576636,0.2121559690173121,0.009735848240351508,False,33.553246457678924,Зелёный,1.107292307896671,Выше
2020-10-20 19:30:00+05:00,33.93,32.6901683120824,Вверх,3.792674531624711,True,0.222382489365124,0.2142012730868745,0.008181216278249498,False,33.553246457678924,Зелёный,1.2398316879176008,Выше
2020-10-20 20:00:00+05:00,33.75,32.700713901016904,Вверх,3.2087559377425885,True,0.2058736713368958,0.2125357527368787,-0.006662081399982894,Выше,33.553246457678924,Зелёный,1.0492860989830959,Выше
2020-10-20 20:30:00+05:00,33.79,32.71155256866847,Вверх,3.29683963812979,True,0.1937841566841598,0.208785433526335,-0.015001276842175199,False,33.553246457678924,Зелёный,1.0784474313315258,Выше
2020-10-20 21:00:00+05:00,33.755,32.72193513017426,Вверх,3.1571020042549724,True,0.1793119254698041,0.2028907319150288,-0.023578806445224698,False,33.553246457678924,Зелёный,1.0330648698257434,Выше
2020-10-20 21:30:00+05:00,33.405,32.72873179554566,Вверх,2.0662829488137313,True,0.1380096141141678,0.1899145083548566,-0.05190489424068881,False,33.93785093428466,Красный,0.6762682044543382,Выше
2020-10-20 22:00:00+05:00,33.385,32.73526182743078,Вверх,1.9848265640715346,True,0.1024820526348051,0.1724280172108463,-0.0699459645760412,False,33.81931584085619,Красный,0.6497381725692151,Выше
2020-10-20 22:30:00+05:00,33.405,32.74192588884939,Вверх,2.025153051172323,True,0.0750746235255022,0.1529573384737775,-0.07788271494827528,False,33.750884256770576,Красный,0.663074111150614,Выше
2020-10-20 23:00:00+05:00,33.4,32.74847388995537,Вверх,1.9894854100192576,True,0.0523471548669363,0.1328353017524092,-0.0804881468854729,False,33.750884256770576,Красный,0.6515261100446281,Выше
2020-10-20 23:30:00+05:00,33.43,32.75525524428417,Вверх,2.059958778167579,True,0.0363373471729886,0.1135357108365251,-0.0771983636635365,False,33.750884256770576,Красный,0.6747447557158281,Выше
2020-10-21 00:00:00+05:00,33.43,32.761969122450495,Вверх,2.039043731018382,True,0.0233799497241946,0.095504558614059,-0.0721246088898644,False,33.73775212318575,Красный,0.668030877549505,Выше
2020-10-21 00:30:00+05:00,33.405,32.768367439640045,Вверх,1.942826604140855,True,0.0109674024383963,0.0785971273789265,-0.06762972494053021,False,33.68047691086717,Красный,0.6366325603599563,Выше
2020-10-21 01:00:00+05:00,33.555,32.77619462929537,Вверх,2.376131151016949,True,0.0130832995513614,0.0654943618134135,-0.052411062262052104,False,33.68047691086717,Красный,0.7788053707046316,Выше
2020-10-21 01:30:00+05:00,33.335,32.78175488174019,Вверх,1.6876616894233851,True,-0.0029579012809435,0.0518039091945421,-0.0547618104754856,False,33.68047691086717,Красный,0.5532451182598095,Выше
2020-10-21 12:00:00+05:00,32.99,32.78382697246915,Вверх,0.6288863948189751,True,-0.0430134529155878,0.0328404367725161,-0.0758538896881039,False,33.65765016802217,Красный,0.20617302753085198,Выше
2020-10-21 12:30:00+05:00,32.865,32.78463466428538,Вверх,0.245131100399823,True,-0.083877335787001,0.0094968822606126,-0.0933742180476136,False,33.34213515121995,Красный,0.08036533571462456,Выше
2020-10-21 13:00:00+05:00,32.89,32.78568307558602,Вверх,0.3181782858495908,True,-0.1129430293667468,-0.0149911000648592,-0.0979519293018876,False,33.34213515121995,Красный,0.104316924413979,Выше
2020-10-21 13:30:00+05:00,32.81,32.78592503503293,Вверх,0.07343079367547335,True,-0.1408099627484063,-0.0401548726015686,-0.10065509014683768,False,33.31707947248817,Красный,0.0240749649670704,Выше
2020-10-21 14:00:00+05:00,32.9,32.78706010931121,Вверх,0.34446482945481255,True,-0.1538588710930355,-0.062895672299862,-0.09096319879317351,False,33.219371525239346,Красный,0.11293989068878574,Выше
2020-10-21 14:30:00+05:00,32.935,32.78853214802454,Вверх,0.446704510327676,True,-0.1595369745414672,-0.082223932748183,-0.0773130417932842,False,33.219371525239346,Красный,0.14646785197546563,Выше
2020-10-21 15:00:00+05:00,32.95,32.79013879331782,Вверх,0.48752830138906755,True,-0.1609709647128454,-0.0979733391411155,-0.06299762557172989,False,33.219371525239346,Красный,0.15986120668218007,Выше
2020-10-21 15:30:00+05:00,32.985,32.792077710797244,Вверх,0.5883198097546378,True,-0.1574680115455464,-0.1098722736220017,-0.0475957379235447,False,33.219371525239346,Красный,0.19292228920275534,Выше
2020-10-21 16:00:00+05:00,32.75,32.79165902710772,Вниз,0.12704153538947716,True,-0.1716754640606694,-0.1222329117097352,-0.04944255235093421,False,33.207786407709534,Красный,-0.04165902710771974,Ниже
2020-10-21 16:30:00+05:00,32.8,32.791742021862866,Вверх,0.025183102903240266,True,-0.1768616395176963,-0.1331586572713274,-0.0437029822463689,False,33.08175776693858,Красный,0.008257978137130806,Выше
2020-10-21 17:00:00+05:00,32.835,32.792172449506026,Вверх,0.13060296800988538,True,-0.1761173423456554,-0.141750394286193,-0.034366948059462415,False,33.08175776693858,Красный,0.0428275504939748,Выше
2020-10-21 17:30:00+05:00,32.96,32.793842375381594,Вверх,0.5066732428498277,True,-0.1635556583237303,-0.1461114470937005,-0.017444211230029816,False,33.08175776693858,Красный,0.16615762461840689,Выше
2020-10-21 18:00:00+05:00,32.665,32.79256036169621,Вниз,0.3889917721862613,True,-0.175382764479508,-0.151965710570862,-0.023417053908646013,False,33.08175776693858,Красный,-0.12756036169621154,Ниже
2020-10-21 18:30:00+05:00,32.58,32.790445333221626,Вниз,0.6417885792127851,True,-0.1894309785391001,-0.1594587641645097,-0.02997221437459041,False,32.9437787708884,Красный,-0.21044533322162806,Ниже
2020-10-21 19:00:00+05:00,32.725,32.789794135876136,Вниз,0.1976045827175276,True,-0.186711704898741,-0.1649093523113559,-0.02180235258738511,False,32.9437787708884,Красный,-0.06479413587613436,Ниже
2020-10-21 19:30:00+05:00,32.675,32.78865190566841,Вниз,0.3466196353402513,True,-0.1864420551246866,-0.169215892874022,-0.01722616225066459,False,32.9437787708884,Красный,-0.11365190566841221,Ниже
2020-10-21 20:00:00+05:00,32.64,32.78717278222892,Вниз,0.44887304924531535,True,-0.1868981180638229,-0.1727523379119822,-0.014145780151840703,False,32.878807223977645,Красный,-0.14717278222892105,Ниже
2020-10-21 20:30:00+05:00,32.74,32.78670340131122,Вниз,0.14244616404268312,True,-0.177148331271816,-0.173631536583949,-0.003516794687867003,False,32.878807223977645,Красный,-0.04670340131121975,Ниже
2020-10-21 21:00:00+05:00,32.76,32.78643769582554,Вниз,0.08063607297266297,True,-0.1658953834288326,-0.1720843059529258,0.006188922524093199,Ниже,32.878807223977645,Красный,-0.026437695825542562,Ниже
2020-10-21 21:30:00+05:00,32.615,32.784731848105885,Вниз,0.5177161396111558,True,-0.1667553771879895,-0.1710185201999385,0.004263143011948994,False,32.878807223977645,Красный,-0.16973184810588293,Ниже
2020-10-21 22:00:00+05:00,32.66,32.78349073518941,Вниз,0.3766857415731516,True,-0.1619390717036992,-0.1692026305006906,0.007263558796991393,False,32.878807223977645,Красный,-0.12349073518941367,Ниже
2020-10-21 22:30:00+05:00,32.74,32.78305799155569,Вниз,0.13134220598571292,True,-0.1499383871025799,-0.1653497818210685,0.015411394718488597,False,32.878807223977645,Красный,-0.043057991555684794,Ниже
2020-10-21 23:00:00+05:00,32.72,32.78243054885364,Вниз,0.19043904862577024,True,-0.1404228833597898,-0.1603644021288127,0.019941518769022892,False,32.878807223977645,Красный,-0.062430548853640744,Ниже
2020-10-21 23:30:00+05:00,32.82,32.78280437423818,Вверх,0.11346078064952723,True,-0.1233902478535071,-0.1529695712737516,0.029579323420244497,False,32.878807223977645,Красный,0.03719562576181801,Выше
2020-10-22 00:00:00+05:00,32.79,32.78287597250447,Вверх,0.02173094118253593,True,-0.1110325961280338,-0.1445821762446081,0.03354958011657429,False,32.878807223977645,Красный,0.007124027495528651,Выше
2020-10-22 00:30:00+05:00,32.73,32.782349843424825,Вниз,0.15968911220477386,True,-0.1048716713160189,-0.1366400752588902,0.03176840394287128,False,32.878807223977645,Красный,-0.05234984342482818,Ниже
2020-10-22 01:00:00+05:00,32.74,32.78192845194796,Вниз,0.12790111481519292,True,-0.0980518963628327,-0.1289224394796787,0.03087054311684602,False,32.878807223977645,Красный,-0.041928451947960355,Ниже
2020-10-22 01:30:00+05:00,32.68,32.78091423849575,Вниз,0.3078444907349169,True,-0.0963776920962331,-0.1224134900029896,0.02603579790675649,False,32.878807223977645,Красный,-0.1009142384957471,Ниже
2020-10-22 12:00:00+05:00,32.42,32.77732305204306,Вниз,1.090153248560622,True,-0.1147084130600433,-0.1208724746144004,0.0061640615543571,False,32.70626566057989,Красный,-0.35732305204305703,Ниже
2020-10-22 12:30:00+05:00,32.435,32.773916852520244,Вниз,1.0341054261086289,True,-0.126566289449812,-0.1220112375814827,-0.004555051868329288,Ниже,32.70626566057989,Красный,-0.3389168525202422,Ниже
2020-10-22 13:00:00+05:00,32.59,32.772086834087204,Вниз,0.5556156219438769,True,-0.1220496252030542,-0.122018915105797,-3.071009725719165e-05,False,32.70626566057989,Красный,-0.18208683408720105,Ниже
2020-10-22 13:30:00+05:00,32.5,32.769379502404746,Вниз,0.8220463936003974,True,-0.12429953640342,-0.1224750393653216,-0.0018244970380983938,False,32.70626566057989,Красный,-0.26937950240474606,Ниже
2020-10-22 14:00:00+05:00,32.52,32.76689811432112,Вниз,0.753498587079288,True,-0.1230503268150684,-0.122590096855271,-0.0004602299597974008,False,32.70626566057989,Красный,-0.24689811432111952,Ниже
2020-10-22 14:30:00+05:00,32.595,32.76518768532289,Вниз,0.5194161771859135,True,-0.1146864124445272,-0.1210093599731222,0.00632294752859501,Ниже,32.70626566057989,Красный,-0.17018768532289386,Ниже
2020-10-22 15:00:00+05:00,32.885,32.76637984765799,Вверх,0.3620178759250069,True,-0.0836926172830629,-0.1135460114351104,0.02985339415204749,False,32.47682006107576,Зелёный,0.11862015234201095,Выше
2020-10-22 15:30:00+05:00,32.77,32.76641586907433,Вверх,0.010938428359070763,True,-0.0676297564895094,-0.1043627604459902,0.0367330039564808,False,32.570388054968184,Зелёный,0.0035841309256738896,Выше
2020-10-22 16:00:00+05:00,32.97,32.76844158181986,Вверх,0.6150991882750001,True,-0.0383197686143432,-0.0911541620796608,0.052834393465317604,False,32.570388054968184,Зелёный,0.20155841818014153,Выше
2020-10-22 16:30:00+05:00,32.9,32.769750620806725,Вверх,0.39746832589739983,True,-0.0205034559644019,-0.077024020856609,0.05652056489220711,False,32.61271432452423,Зелёный,0.13024937919327328,Выше
2020-10-22 17:00:00+05:00,32.895,32.770996883286266,Вверх,0.37839287329394916,True,-0.0067100092333731,-0.0629612185319619,0.0562512092985888,False,32.61271432452423,Зелёный,0.12400311671373743,Выше
2020-10-22 17:30:00+05:00,32.925,32.7725292526068,Вверх,0.46523948828596307,True,0.0065664519859041,-0.0490556844283887,0.055622136414292804,False,32.631298602864625,Зелёный,0.15247074739319544,Выше
2020-10-22 18:00:00+05:00,32.86,32.77339960830226,Вверх,0.2642398796974311,True,0.0117082212946186,-0.0369029032837872,0.0486111245784058,False,32.631298602864625,Зелёный,0.08660039169773626,Выше
2020-10-22 18:30:00+05:00,32.895,32.77460956244851,Вверх,0.367328365337507,True,0.0183952688009298,-0.0258432688668438,0.0442385376677736,False,32.631298602864625,Зелёный,0.12039043755149237,Выше
2020-10-22 19:00:00+05:00,32.91,32.77595673098136,Вверх,0.4089682876958686,True,0.0246213570887761,-0.0157503436757198,0.0403717007644959,False,32.65084418148832,Зелёный,0.13404326901863328,Выше
2020-10-22 19:30:00+05:00,32.91,32.7772904948522,Вверх,0.4048824754707425,True,0.0292187612221184,-0.0067565226961521,0.0359752839182705,False,32.658009763339486,Зелёный,0.132709505147794,Выше
2020-10-22 20:00:00+05:00,32.905,32.77856123619696,Вверх,0.38573616118153303,True,0.0320888782927184,0.0010125575016219,0.0310763207910965,False,32.71820878700554,Зелёный,0.1264387638030442,Выше
2020-10-22 20:30:00+05:00,32.93,32.78006808956813,Вверх,0.4573874283061093,True,0.0359661622848648,0.0080032784582705,0.0279628838265943,False,32.71820878700554,Зелёный,0.14993191043186727,Выше
2020-10-22 21:00:00+05:00,32.865,32.78091318320427,Вверх,0.2565115142637804,True,0.0334088644179217,0.0130843956502007,0.020324468767721003,False,32.71820878700554,Зелёный,0.08408681679573249,Выше
2020-10-22 21:30:00+05:00,32.9,32.78209812665497,Вверх,0.35965322564012725,True,0.0338165784604171,0.017230832212244,0.0165857462481731,False,32.71820878700554,Зелёный,0.11790187334502633,Выше
2020-10-22 22:00:00+05:00,32.895,32.783221528379805,Вверх,0.3409624387384677,True,0.0333517780269332,0.0204550213751818,0.012896756651751398,False,32.71820878700554,Зелёный,0.11177847162019816,Выше
2020-10-22 22:30:00+05:00,32.925,32.784632259440706,Вверх,0.4281510295692613,True,0.0350007032938322,0.0233641577589119,0.011636545534920304,False,32.71820878700554,Зелёный,0.14036774055929158,Выше
2020-10-22 23:00:00+05:00,32.99,32.78667571954578,Вверх,0.6201430184427441,True,0.0410789130807955,0.0269071088232886,0.014171804257506897,False,32.74920242097502,Зелёный,0.20332428045422546,Выше
2020-10-22 23:30:00+05:00,32.905,32.7878530755702,Вверх,0.35728757280874984,True,0.0385922807135301,0.0292441432013369,0.009348137512193204,False,32.74920242097502,Зелёный,0.11714692442980379,Выше
2020-10-23 00:00:00+05:00,32.91,32.789068467853085,Вверх,0.3688166141879729,True,0.0366031267994273,0.030715939920955,0.005887186878472301,False,32.74920242097502,Зелёный,0.12093153214691199,Выше
2020-10-23 00:30:00+05:00,32.91,32.79027176668042,Вверх,0.365133397403672,True,0.0346275432279838,0.0314982605823608,0.0031292826456230036,False,32.74920242097502,Зелёный,0.11972823331957727,Выше
2020-10-23 01:00:00+05:00,32.915,32.79151284362887,Вверх,0.3765826754013857,True,0.0330839658631418,0.031815401638517,0.0012685642246247977,False,32.7529274584017,Зелёный,0.12348715637112662,Выше
2020-10-23 01:30:00+05:00,32.98,32.79338833772212,Вверх,0.5690527015874642,True,0.0366827703110459,0.0327888753730228,0.0038938949380230986,False,32.77713471256153,Зелёный,0.18661166227787618,Выше
2020-10-23 12:00:00+05:00,32.735,32.79280735923732,Вниз,0.17628060508530793,True,0.0195401496327818,0.0301391302249746,-0.010598980592192803,Выше,32.96182875869462,Красный,-0.05780735923732294,Ниже
2020-10-23 12:30:00+05:00,32.62,32.79108788302601,Вниз,0.5217511649394634,True,-0.0032871474756248,0.0234538746848547,-0.0267410221604795,False,32.862395882825155,Красный,-0.1710878830260114,Ниже
2020-10-23 13:00:00+05:00,32.79,32.79107705831928,Вниз,0.0032846079357708416,True,-0.007573068030922,0.0172484861416993,-0.0248215541726213,False,32.862395882825155,Красный,-0.001077058319282287,Ниже
2020-10-23 13:30:00+05:00,32.775,32.79091708758973,Вниз,0.04854114798685707,True,-0.012041261422901,0.0113905366287792,-0.0234317980516802,False,32.862395882825155,Красный,-0.015917087589734535,Ниже
2020-10-23 14:00:00+05:00,32.92,32.792201494678395,Вверх,0.38972224948772216,True,-0.0038378088220483,0.0083448675386137,-0.012182676360662,False,32.64341340142046,Зелёный,0.12779850532160708,Выше
2020-10-23 14:30:00+05:00,33.1,32.79526416637314,Вверх,0.9292068271836867,True,0.0169921077036576,0.0100743155716225,0.006917792132035101,Выше,32.74582206127842,Зелёный,0.3047358336268644,Выше
2020-10-23 15:00:00+05:00,33.195,32.7992416373545,Вверх,1.206608271682658,True,0.0406965481986816,0.0161987620970343,0.0244977861016473,False,32.92323985515058,Зелёный,0.3957583626455019,Выше
2020-10-23 15:30:00+05:00,33.2,32.803229282753954,Вверх,1.209547736370725,True,0.059203485359184,0.0247997067494643,0.0344037786097197,False,32.94641586963552,Зелёный,0.3967707172460493,Выше
2020-10-23 16:00:00+05:00,33.08,32.80598322023899,Вверх,0.835264646456188,True,0.0634558892842562,0.0325309432564226,0.030924946027833605,False,32.94641586963552,Зелёный,0.2740167797610056,Выше
2020-10-23 16:30:00+05:00,33.185,32.809754531480394,Вверх,1.1437009324759408,True,0.0744404691197502,0.0409128484290882,0.03352762069066201,False,32.94641586963552,Зелёный,0.3752454685196085,Выше
2020-10-23 17:00:00+05:00,33.155,32.81318980977412,Вверх,1.0416853472869703,True,0.0798051345849444,0.0486913056602594,0.031113828924685,False,32.94641586963552,Зелёный,0.34181019022587833,Выше
2020-10-23 17:30:00+05:00,33.215,32.817187921119654,Вверх,1.2122064810566404,True,0.0878850846265066,0.0565300614535089,0.0313550231729977,False,32.97177745206786,Зелёный,0.3978120788803494,Выше
2020-10-23 18:00:00+05:00,32.945,32.81845968309857,Вверх,0.38557664839645533,True,0.0716755288513582,0.0595591549330787,0.012116373918279494,False,33.31265029313892,Красный,0.12654031690143341,Выше
2020-10-23 18:30:00+05:00,32.83,32.81857451212247,Вверх,0.03481408942155899,True,0.0489851301232349,0.0574443499711099,-0.008459219847874996,Выше,33.154385263825034,Красный,0.011425487877531282,Выше
2020-10-23 19:00:00+05:00,32.95,32.81988222841976,Вверх,0.39646020261331794,True,0.0402221666738711,0.0539999133116622,-0.013777746637791098,False,33.13319673744253,Красный,0.1301177715802453,Выше
2020-10-23 19:30:00+05:00,32.9,32.82067942017677,Вверх,0.24167866486780312,True,0.0289096207614107,0.0489818548016119,-0.0200722340402012,False,33.13319673744253,Красный,0.07932057982322505,Выше
2020-10-23 20:00:00+05:00,32.9,32.8214686796775,Вверх,0.23926814820179754,True,0.0197170606218861,0.0431288959656667,-0.0234118353437806,False,33.13319673744253,Красный,0.07853132032249732,Выше
2020-10-23 20:30:00+05:00,32.84,32.82165307092449,Вверх,0.05589885748858151,True,0.0075038917305718,0.0360038951186478,-0.028500003388076,False,33.10984292159561,Красный,0.01834692907551272,Выше
2020-10-23 21:00:00+05:00,32.8,32.82143761748246,Вниз,0.06531590033412606,True,-0.0053412279618356,0.0277348705025511,-0.0330760984643867,False,33.09485862943604,Красный,-0.0214376174824622,Ниже
2020-10-23 21:30:00+05:00,32.81,32.82132381034334,Вниз,0.03450138211599507,True,-0.0145464786842453,0.0192786006651918,-0.0338250793494371,False,33.04812276649244,Красный,-0.011323810343334628,Ниже
2020-10-23 22:00:00+05:00,32.835,32.82145989183246,Вверх,0.041253826649280526,True,-0.0195984958749164,0.0115031813571701,-0.0311016772320865,False,33.03531048984319,Красный,0.0135401081675397,Выше
2020-10-23 22:30:00+05:00,32.855,32.82179362425204,Вверх,0.10117172793208538,True,-0.0217378427237378,0.0048549765409885,-0.0265928192647263,False,33.03531048984319,Красный,0.033206375747958816,Выше
2020-10-23 23:00:00+05:00,32.88,32.82237279216993,Вверх,0.1755729489606575,True,-0.0211719424745382,-0.0003504072621167,-0.0208215352124215,False,33.03531048984319,Красный,0.057627207830073246,Выше
2020-10-23 23:30:00+05:00,32.875,32.82289644597919,Вверх,0.15874148738385654,True,-0.0208861580345711,-0.0044575574166076,-0.0164286006179635,False,33.03128384709569,Красный,0.05210355402081035,Выше
2020-10-24 00:00:00+05:00,32.875,32.82341488930278,Вверх,0.1571594877351702,True,-0.0204242339515801,-0.0076508927236021,-0.012773341227977998,False,33.03128384709569,Красный,0.05158511069721783,Выше
2020-10-24 00:30:00+05:00,32.845,32.82362966652365,Вверх,0.06510655187577649,True,-0.0222227352090413,-0.01056526122069,-0.011657473988351298,False,33.010014916147504,Красный,0.02137033347634798,Выше
2020-10-24 01:00:00+05:00,32.83,32.8236930529264,Вверх,0.01921461751249988,True,-0.0245751480437022,-0.0133672385852924,-0.0112079094584098,False,32.972013424532754,Красный,0.0063069470735968025,Выше
2020-10-24 01:30:00+05:00,32.835,32.82380555986246,Вверх,0.03410463822401098,True,-0.0257392874663793,-0.0158416483615098,-0.009897639104869498,False,32.948312082079475,Красный,0.011194440137543893,Выше
2020-10-26 12:00:00+05:00,32.63,32.82187714633149,Вниз,0.5846013787573134,True,-0.0427113136526173,-0.0212155814197313,-0.021495732232886002,False,32.82923087387153,Красный,-0.19187714633148545,Ниже
2020-10-26 12:30:00+05:00,32.735,32.82101269711426,Вниз,0.2620659450944545,True,-0.0471456781728605,-0.0264016007703571,-0.020744077402503402,False,32.82923087387153,Красный,-0.0860126971142634,Ниже
2020-10-26 13:00:00+05:00,32.47,32.817520033461385,Вниз,1.0589466635719205,True,-0.0712222238434492,-0.0353657253849755,-0.035856498458473704,False,32.77425200783595,Красный,-0.34752003346138594,Ниже
2020-10-26 13:30:00+05:00,32.53,32.81465913760605,Вниз,0.8674755279716604,True,-0.084487640265209,-0.0451901083610222,-0.0392975319041868,False,32.739826807052346,Красный,-0.2846591376060488,Ниже
2020-10-26 14:00:00+05:00,32.51,32.811627703401015,Вниз,0.9192707723236564,True,-0.0955133922735385,-0.0552547651435255,-0.040258627130013,False,32.73884412634711,Красный,-0.3016277034010173,Ниже
2020-10-26 14:30:00+05:00,32.53,32.80882543769554,Вниз,0.8498488866205578,True,-0.101467888664402,-0.0644973898477008,-0.0369704988167012,False,32.73884412634711,Красный,-0.2788254376955379,Ниже
2020-10-26 15:00:00+05:00,32.6,32.80674757264384,Вниз,0.6301983218118207,True,-0.0993927175898505,-0.0714764553961307,-0.027916262193719787,False,32.73884412634711,Красный,-0.2067475726438417,Ниже
2020-10-26 15:30:00+05:00,32.63,32.804988890328985,Вниз,0.5334215808272081,True,-0.0942410283708667,-0.076029369991078,-0.018211658379788706,False,32.73884412634711,Красный,-0.1749888903289829,Ниже
2020-10-26 16:00:00+05:00,32.56,32.8025511899277,Вниз,0.7394278223157622,True,-0.0947148783745674,-0.0797664716677759,-0.014948406706791498,False,32.73884412634711,Красный,-0.24255118992769553,Ниже
2020-10-26 16:30:00+05:00,32.55,32.800038242764245,Вниз,0.762310826937547,True,-0.094804477341853,-0.0827740728025913,-0.0120304045392617,False,32.73884412634711,Красный,-0.2500382427642478,Ниже
2020-10-26 17:00:00+05:00,32.575,32.79779905626908,Вниз,0.679310998542411,True,-0.0917999810644687,-0.0845792544549668,-0.00722072660950189,False,32.73884412634711,Красный,-0.22279905626907492,Ниже
2020-10-26 17:30:00+05:00,32.41,32.79394035919177,Вниз,1.1707661689521909,True,-0.1015622705216188,-0.0879758576682972,-0.0135864128533216,False,32.70944661646504,Красный,-0.3839403591917758,Ниже
2020-10-26 18:00:00+05:00,32.54,32.791413589448574,Вниз,0.7667055546805494,True,-0.0976830127399424,-0.0899172886826262,-0.007765724057316195,False,32.66075195481852,Красный,-0.2514135894485747,Ниже
2020-10-26 18:30:00+05:00,32.805,32.791548777613265,Вверх,0.04102039363239168,True,-0.0723909103441542,-0.0864120130149318,0.014021102670777608,Ниже,32.49582324066333,Зелёный,0.013451222386734685,Выше
2020-10-26 19:00:00+05:00,32.96,32.79322490917931,Вверх,0.5085656908784528,True,-0.0393855205999429,-0.077006714531934,0.0376211939319911,False,32.62924091659699,Зелёный,0.16677509082069264,Выше
2020-10-26 19:30:00+05:00,32.83,32.79359083048101,Вверх,0.11102526011011961,True,-0.0234481295399504,-0.0662949975335373,0.042846867993586904,False,32.63531682493729,Зелёный,0.03640916951898987,Выше
2020-10-26 20:00:00+05:00,32.815,32.793803857043386,Вверх,0.06463459697756041,True,-0.0118909356377869,-0.0554141851543872,0.043523249516600304,False,32.63531682493729,Зелёный,0.021196142956611652,Выше
2020-10-26 20:30:00+05:00,32.75,32.79336799776932,Вниз,0.1322462449488966,True,-0.007885830037658,-0.0459085141310414,0.0380226840933834,False,32.63531682493729,Зелёный,-0.0433679977693231,Ниже
2020-10-26 21:00:00+05:00,32.575,32.79119518187112,Вниз,0.6593086365776623,True,-0.0186181737408333,-0.0404504460529998,0.0218322723121665,False,32.991989034620715,Красный,-0.21619518187111453,Ниже
2020-10-26 21:30:00+05:00,32.45,32.78780020493708,Вниз,1.0302618743120502,True,-0.0367860421835928,-0.0397175652791184,0.0029315230955255997,False,32.774790131158646,Красный,-0.33780020493707497,Ниже
2020-10-26 22:00:00+05:00,32.44,32.78433950638049,Вниз,1.050317046385752,True,-0.0513986337876488,-0.0420537789808245,-0.009344854806824301,Ниже,32.75481111804278,Красный,-0.3443395063804928,Ниже
2020-10-26 22:30:00+05:00,32.39,32.7804157301976,Вниз,1.1910029860846103,True,-0.0662501100154671,-0.046893045187753,-0.0193570648277141,False,32.6443300062385,Красный,-0.3904157301976028,Ниже
2020-10-26 23:00:00+05:00,32.395,32.77658074780758,Вниз,1.164187169929552,True,-0.0767320345812478,-0.052860843066452,-0.023871191514795803,False,32.62114700561465,Красный,-0.38158074780757545,Ниже
2020-10-26 23:30:00+05:00,32.4,32.772833675690094,Вниз,1.1376302683483017,True,-0.0836710691033673,-0.059022888273835,-0.024648180829532303,False,32.60603230505319,Красный,-0.37283367569009584,Ниже
2020-10-27 00:00:00+05:00,32.4,32.76912388787229,Вниз,1.1264380736431665,True,-0.0881541181551384,-0.0648491342500957,-0.02330498390504271,False,32.586179074547864,Красный,-0.36912388787229133,Ниже
2020-10-27 00:30:00+05:00,32.385,32.76530175963476,Вниз,1.1606844411952726,True,-0.0918584543848126,-0.0702509982770391,-0.02160745610777351,False,32.56531116709308,Красный,-0.38030175963476154,Ниже
2020-10-27 01:00:00+05:00,32.365,32.76131865754884,Вниз,1.2097152183998547,True,-0.0953093337170685,-0.075262665365045,-0.020046668352023497,False,32.550030050383775,Красный,-0.3963186575488393,Ниже
2020-10-27 01:30:00+05:00,32.515,32.75886772563294,Вниз,0.7444327065129863,True,-0.0849610558865876,-0.0772023434693535,-0.007758712417234109,False,32.550030050383775,Красный,-0.24386772563293846,Ниже
2020-10-27 12:00:00+05:00,32.35,32.75479939005451,Вниз,1.2358475630823669,True,-0.0890476068070214,-0.0795713961368871,-0.009476210670134294,False,32.550030050383775,Красный,-0.4047993900545066,Ниже
2020-10-27 12:30:00+05:00,32.255,32.74982626179526,Вниз,1.510927898791655,True,-0.0988128805275039,-0.0834196930150104,-0.015393187512493495,False,32.511186906729776,Красный,-0.4948262617952608,Ниже
2020-10-27 13:00:00+05:00,31.96,32.741967294016206,Вниз,2.3882721737343937,True,-0.1288704268267224,-0.0925098397773528,-0.03636058704936959,False,32.3200682160568,Красный,-0.781967294016205,Ниже
2020-10-27 13:30:00+05:00,31.95,32.734087022433954,Вниз,2.395322716337221,True,-0.1517488984078525,-0.1043576515034528,-0.04739124690439969,False,32.285561394451115,Красный,-0.7840870224339547,Ниже
2020-10-27 14:00:00+05:00,31.695,32.72374784808138,Вниз,3.143734797301638,True,-0.1882861750208988,-0.121143356206942,-0.06714281881395681,False,32.097005255006,Красный,-1.0287478480813803,Ниже
2020-10-27 14:30:00+05:00,31.6,32.71256627745371,Вниз,3.4010363724368413,True,-0.2223448826234744,-0.1413836614902485,-0.0809612211332259,False,31.9510547295054,Красный,-1.112566277453709,Ниже
2020-10-27 15:00:00+05:00,31.64,32.70189397618552,Вниз,3.2471941134627205,True,-0.2433043272394712,-0.161767794640093,-0.08153653259937821,False,31.91869925655486,Красный,-1.061893976185516,Ниже
2020-10-27 15:30:00+05:00,32.23,32.69719851373591,Вниз,1.4288640463789222,True,-0.20988731857976,-0.1713916994280264,-0.03849561915173361,False,31.598920669100625,Зелёный,-0.4671985137359158,Ниже
2020-10-27 16:00:00+05:00,32.105,32.69130599121118,Вниз,1.7934615134947738,True,-0.1912855332357708,-0.1753704661895753,-0.015915067046195497,False,31.803778602190555,Зелёный,-0.5863059912111837,Ниже
2020-10-27 16:30:00+05:00,31.955,32.68397956343793,Вниз,2.2303880163155156,True,-0.1864974047385104,-0.1775958538993623,-0.008901550839148092,False,31.803778602190555,Зелёный,-0.7289795634379317,Ниже
2020-10-27 17:00:00+05:00,31.88,32.67597976678681,Вниз,2.4359782704844157,True,-0.1866036014459169,-0.1793974034086732,-0.007206198037243705,False,31.803778602190555,Зелёный,-0.7959797667868109,Ниже
2020-10-27 17:30:00+05:00,31.86,32.66786056512724,Вниз,2.4729521650696316,True,-0.1861557088212748,-0.1807490644911936,-0.005406644330081201,False,31.803778602190555,Зелёный,-0.8078605651272426,Ниже
2020-10-27 18:00:00+05:00,31.9,32.66022016149414,Вниз,2.3276639218446737,True,-0.1804924800262313,-0.1806977475982011,0.00020526757196978607,Ниже,31.803778602190555,Зелёный,-0.7602201614941393,Ниже
2020-10-27 18:30:00+05:00,31.885,32.65250652804644,Вниз,2.350528671932724,True,-0.1751951642463396,-0.1795972309278288,0.004402066681489208,False,31.803778602190555,Зелёный,-0.7675065280464359,Ниже
2020-10-27 19:00:00+05:00,31.83,32.64432238348876,Вниз,2.4945299030028045,True,-0.1734357839145559,-0.1783649415251743,0.004929157610618379,False,31.803778602190555,Зелёный,-0.814322383488765,Ниже
2020-10-27 19:30:00+05:00,31.865,32.63656793191176,Вниз,2.3641209257096305,True,-0.1672888530686975,-0.1761497238338789,0.008860870765181383,False,31.803778602190555,Зелёный,-0.7715679319117648,Ниже
2020-10-27 20:00:00+05:00,31.73,32.62754735547483,Вниз,2.750888216316464,True,-0.1713356867014965,-0.1751869164074024,0.003851229705905901,False,32.08995955280733,Красный,-0.8975473554748312,Ниже
2020-10-27 20:30:00+05:00,31.77,32.61901454596762,Вниз,2.60282095515537,True,-0.1693628562234685,-0.1740221043706157,0.004659248147147188,False,32.0274635975266,Красный,-0.8490145459676235,Ниже
2020-10-27 21:00:00+05:00,31.635,32.60922335645551,Вниз,2.987569945491033,True,-0.1766563610486855,-0.1745489557062297,-0.0021074053424558203,Ниже,32.00396723777394,Красный,-0.9742233564555072,Ниже
2020-10-27 21:30:00+05:00,31.635,32.599529591714656,Вниз,2.9587224226689304,True,-0.1803574675522128,-0.1757106580754263,-0.004646809476786501,False,31.887320513996546,Красный,-0.9645295917146548,Ниже
2020-10-27 22:00:00+05:00,31.735,32.590927307219985,Вниз,2.626274788537143,True,-0.1732246311369998,-0.175213452687741,0.0019888215507412044,Ниже,31.887320513996546,Красный,-0.8559273072199858,Ниже
2020-10-27 22:30:00+05:00,31.775,32.58280862754615,Вниз,2.4792479886562453,True,-0.1624712734768039,-0.1726650168455536,0.010193743368749703,False,31.887320513996546,Красный,-0.8078086275461516,Ниже
2020-10-27 23:00:00+05:00,31.725,32.57427321831683,Вниз,2.6071900748940635,True,-0.1561833576635223,-0.1693686850091473,0.013185327345625025,False,31.887320513996546,Красный,-0.8492732183168314,Ниже
2020-10-27 23:30:00+05:00,31.695,32.5655242310699,Вниз,2.6731466838766766,True,-0.1518702229646464,-0.1658689926002472,0.013998769635600816,False,31.887320513996546,Красный,-0.8705242310699006,Ниже
2020-10-28 00:00:00+05:00,31.7,32.556912049666224,Вниз,2.632043384086881,True,-0.1463614111867244,-0.1619674763175426,0.015606065130818192,False,31.886679940309826,Красный,-0.8569120496662244,Ниже
2020-10-28 00:30:00+05:00,31.755,32.54893282529144,Вниз,2.439197713648327,True,-0.1359899898657133,-0.1567719790271768,0.020781989161463482,False,31.886679940309826,Красный,-0.7939328252914386,Ниже
2020-10-28 01:00:00+05:00,31.665,32.540137473796,Вниз,2.6894092703226433,True,-0.1334939761257096,-0.1521163784468834,0.018622402321173792,False,31.886679940309826,Красный,-0.875137473796002,Ниже
2020-10-28 01:30:00+05:00,31.68,32.531578891967186,Вниз,2.6176992355494346,True,-0.1288205297353855,-0.1474572087045838,0.018636678969198295,False,31.85089217648586,Красный,-0.8515788919671863,Ниже
2020-10-28 12:00:00+05:00,31.245,32.518777111947614,Вниз,3.9170510857851997,True,-0.1583918121391434,-0.1496441293914957,-0.0087476827476477,Ниже,31.678302958837275,Красный,-1.273777111947613,Ниже
2020-10-28 12:30:00+05:00,31.265,32.50630171779888,Вниз,3.8186494685711962,True,-0.1781597192971986,-0.1553472473726363,-0.02281247192456229,False,31.53997266295354,Красный,-1.2413017177988763,Ниже
2020-10-28 13:00:00+05:00,31.145,32.49275642707451,Вниз,4.147867325751091,True,-0.2011897352267588,-0.1645157449434608,-0.036673990283297986,False,31.49347539665819,Красный,-1.3477564270745113,Ниже
2020-10-28 13:30:00+05:00,30.64,32.47432103974044,Вниз,5.648527762892065,False,-0.2572253347701299,-0.1830576629087946,-0.07416767186133527,False,31.17162785699237,Красный,-1.8343210397404377,Ниже
2020-10-28 14:00:00+05:00,30.815,32.457810382628594,Вниз,5.061371556683392,False,-0.2842364132184087,-0.2032934129707174,-0.0809430002476913,False,31.07571507129313,Красный,-1.6428103826285927,Ниже
2020-10-28 14:30:00+05:00,30.83,32.44161326439349,Вниз,4.967734653819844,True,-0.3009631964674213,-0.2228273696700582,-0.07813582679736311,False,31.07571507129313,Красный,-1.6116132643934904,Ниже
2020-10-28 15:00:00+05:00,30.92,32.42647283390201,Вниз,4.645811592332626,True,-0.3034589588822598,-0.2389536875124985,-0.06450527136976131,False,31.07571507129313,Красный,-1.5064728339020093,Ниже
2020-10-28 15:30:00+05:00,31.135,32.413622357942785,Вниз,3.944706777363511,True,-0.2848051093909554,-0.2481239718881899,-0.03668113750276547,False,30.706361213027304,Зелёный,-1.2786223579427833,Ниже
2020-10-28 16:00:00+05:00,30.9,32.39856143895828,Вниз,4.625394994100908,True,-0.2856910665200907,-0.2556373908145701,-0.03005367570552059,False,30.706361213027304,Зелёный,-1.4985614389582835,Ниже
2020-10-28 16:30:00+05:00,30.91,32.38374988235174,Вниз,4.55089323412447,True,-0.282331733028446,-0.2609762592573453,-0.021355473771100697,False,30.706361213027304,Зелёный,-1.4737498823517363,Ниже
2020-10-28 17:00:00+05:00,30.885,32.36883694819898,Вниз,4.584152808992237,True,-0.278476622936374,-0.264476331993151,-0.01400029094322297,False,30.706361213027304,Зелёный,-1.4838369481989808,Ниже
2020-10-28 17:30:00+05:00,30.695,32.35218185418706,Вниз,5.122318679018504,False,-0.2874394099247936,-0.2690689475794796,-0.01837046234531403,False,31.096430658132785,Красный,-1.6571818541870584,Ниже
2020-10-28 18:00:00+05:00,30.65,32.33524472130958,Вниз,5.211788980829855,False,-0.2947756172812497,-0.2742102815198336,-0.02056533576141606,False,30.998787592319506,Красный,-1.68524472130958,Ниже
2020-10-28 18:30:00+05:00,30.605,32.31802835592342,Вниз,5.3005348502624345,False,-0.300753835383535,-0.2795189922925739,-0.02123484309096113,False,30.99090883308756,Красный,-1.7130283559234165,Ниже
2020-10-28 19:00:00+05:00,30.59,32.30083404392418,Вниз,5.296563059634038,False,-0.3032068115561692,-0.284256556145293,-0.018950255410876193,False,30.898567949778805,Красный,-1.7108340439241836,Ниже
2020-10-28 19:30:00+05:00,29.99,32.2778406703528,Вниз,7.087960727354929,False,-0.3495365585682712,-0.2973125566298886,-0.052224001938382614,False,30.62696115480092,Красный,-2.2878406703528036,Ниже
2020-10-28 20:00:00+05:00,30.085,32.25602136020004,Вниз,6.730592517770371,False,-0.374273123223702,-0.3127046699486513,-0.06156845327505067,False,30.62551503932083,Красный,-2.1710213602000366,Ниже
2020-10-28 20:30:00+05:00,30.05,32.23407089890451,Вниз,6.775659536626316,False,-0.3921804246121567,-0.3285998208813524,-0.06358060373080426,False,30.473463535388746,Красный,-2.184070898904512,Ниже
2020-10-28 21:00:00+05:00,30.605,32.217861238218894,Вниз,5.006108960161559,False,-0.3574675647357352,-0.334373369652229,-0.023094195083506186,False,29.81438281815013,Зелёный,-1.612861238218894,Ниже
2020-10-28 21:30:00+05:00,30.385,32.19962381296299,Вниз,5.635543519090597,False,-0.3437470327558003,-0.3362481022729433,-0.007498930482857047,False,29.987944536335117,Зелёный,-1.8146238129629886,Ниже
2020-10-28 22:00:00+05:00,30.385,32.18156785462505,Вниз,5.582598904878562,False,-0.3290799831104856,-0.3348144784404518,0.005734495329966227,Ниже,29.987944536335117,Зелёный,-1.7965678546250494,Ниже
2020-10-28 22:30:00+05:00,30.485,32.16468658243973,Вниз,5.222145032051242,False,-0.305861297683407,-0.3290238422890429,0.023162544605635937,False,30.02163507443144,Зелёный,-1.6796865824397287,Ниже
2020-10-28 23:00:00+05:00,30.37,32.14682900450501,Вниз,5.527229464081838,False,-0.2933582102669412,-0.3218907158846226,0.028532505617681392,False,30.0262215669883,Зелёный,-1.7768290045050072,Ниже
2020-10-28 23:30:00+05:00,30.425,32.12969637759451,Вниз,5.3056722278374036,False,-0.2758317661626819,-0.3126789259402344,0.036847159777552485,False,30.0262215669883,Зелёный,-1.7046963775945123,Ниже
2020-10-29 00:00:00+05:00,30.455,32.11303273204631,Вниз,5.163114757429063,False,-0.2565636772928137,-0.3014558762107503,0.04489219891793661,False,30.10296446926052,Зелёный,-1.6580327320463084,Ниже
2020-10-29 00:30:00+05:00,30.4,32.0959876302349,Вниз,5.284111053922694,False,-0.2429312580666511,-0.2897509525819305,0.0468196945152794,False,30.115168022334476,Зелёный,-1.695987630234903,Ниже
2020-10-29 01:00:00+05:00,30.42,32.07931113640172,Вниз,5.172527331856668,False,-0.227886698751945,-0.2773781018159334,0.049491403063988415,False,30.115168022334476,Зелёный,-1.659311136401719,Ниже
2020-10-29 01:30:00+05:00,30.305,32.06165629922359,Вниз,5.478994231705155,False,-0.2226764406136183,-0.2664377695754704,0.043761328961852086,False,30.115168022334476,Зелёный,-1.756656299223593,Ниже
2020-10-29 12:00:00+05:00,30.95,32.0505950425149,Вниз,3.433930137817935,True,-0.1646037148287327,-0.2460709586261228,0.0814672437973901,False,30.546477488281827,Зелёный,-1.1005950425149003,Ниже
2020-10-29 12:30:00+05:00,30.8,32.03815131074858,Вниз,3.8646153416885496,True,-0.1291951266516449,-0.2226957922312272,0.09350066557958231,False,30.546477488281827,Зелёный,-1.2381513107485809,Ниже
2020-10-29 13:00:00+05:00,30.85,32.02632890964661,Вниз,3.6730057727355887,True,-0.0959924421635918,-0.1973551222177001,0.1013626800541083,False,30.546477488281827,Зелёный,-1.1763289096466067,Ниже
2020-10-29 13:30:00+05:00,30.745,32.01357936825709,Вниз,3.9626289633671616,True,-0.0772610803320574,-0.1733363138405716,0.0960752335085142,False,30.546477488281827,Зелёный,-1.2685793682570896,Ниже
2020-10-29 14:00:00+05:00,30.83,32.001802459120206,Вниз,3.661676434060531,True,-0.0549244170129696,-0.1496539344750512,0.09472951746208161,False,30.546477488281827,Зелёный,-1.171802459120208,Ниже
2020-10-29 14:30:00+05:00,30.795,31.989794474452346,Вниз,3.734923884573655,True,-0.0395902857286394,-0.1276412047257689,0.0880509189971295,False,30.546477488281827,Зелёный,-1.194794474452344,Ниже
2020-10-29 15:00:00+05:00,30.7,31.976960698587146,Вниз,3.993377327581876,True,-0.0347035414377323,-0.1090536720681616,0.0743501306304293,False,30.546477488281827,Зелёный,-1.2769606985871462,Ниже
2020-10-29 15:30:00+05:00,30.89,31.966145169247973,Вниз,3.366515304082533,True,-0.015322718515371,-0.0903074813576035,0.0749847628422325,False,30.546477488281827,Зелёный,-1.0761451692479724,Ниже
2020-10-29 16:00:00+05:00,30.905,31.955586510847496,Вниз,3.287645840863749,True,0.0012328859795296,-0.0719994078901768,0.0732322938697064,False,30.572750935883487,Зелёный,-1.050586510847495,Ниже
2020-10-29 16:30:00+05:00,30.83,31.94438664506792,Вниз,3.4885210270267537,True,0.0082068452165096,-0.0559581572688395,0.06416500248534909,False,30.572750935883487,Зелёный,-1.1143866450679205,Ниже
2020-10-29 17:00:00+05:00,30.72,31.932203693375705,Вниз,3.7961792584555507,True,0.0048023193170898,-0.0438060619516537,0.0486083812687435,False,30.572750935883487,Зелёный,-1.2122036933757059,Ниже
2020-10-29 17:30:00+05:00,30.87,31.921634502396845,Вниз,3.294425610686952,True,0.014046040400828,-0.0322356414811573,0.046281681881985295,False,30.572750935883487,Зелёный,-1.051634502396844,Ниже
2020-10-29 18:00:00+05:00,30.77,31.91017545262175,Вниз,3.5730779804536414,True,0.0131509952054535,-0.0231583141438351,0.036309309349288596,False,30.572750935883487,Зелёный,-1.140175452621751,Ниже
2020-10-29 18:30:00+05:00,30.795,31.89907917946133,Вниз,3.461163167908015,True,0.0142941820728346,-0.0156678149005012,0.0299619969733358,False,30.572750935883487,Зелёный,-1.1040791794613298,Ниже
2020-10-29 19:00:00+05:00,30.785,31.887993814491573,Вниз,3.458962708373063,True,0.0142292238398944,-0.009688407152422,0.023917630992316398,False,30.572750935883487,Зелёный,-1.1029938144915725,Ниже
2020-10-29 19:30:00+05:00,30.625,31.875426711859816,Вниз,3.9228548159155245,True,0.0012526414768778,-0.007500197426562,0.008752838903439801,False,30.572750935883487,Зелёный,-1.2504267118598165,Ниже
2020-10-29 20:00:00+05:00,30.78,31.864526943582607,Вниз,3.4035557643859065,True,0.0034362006913042,-0.0053129178029888,0.008749118494292999,False,30.572750935883487,Зелёный,-1.0845269435826062,Ниже
2020-10-29 20:30:00+05:00,30.63,31.852243093397707,Вниз,3.8372276948088877,True,-0.0068580044904571,-0.0056219351404824,-0.0012360693499747005,Ниже,30.572750935883487,Зелёный,-1.222243093397708,Ниже
2020-10-29 21:00:00+05:00,30.8,31.841773012866387,Вниз,3.271717980168486,True,-0.0012838575019173,-0.0047543196127694,0.0034704621108521,Ниже,30.572750935883487,Зелёный,-1.0417730128663862,Ниже
2020-10-29 21:30:00+05:00,30.7,31.830412087365232,Вниз,3.551358632312332,True,-0.0048792254453431,-0.0047793007792842,-9.992466605890024e-05,Ниже,30.572750935883487,Зелёный,-1.130412087365233,Ниже
2020-10-29 22:00:00+05:00,30.785,31.820009977043192,Вниз,3.252701610684309,True,-0.0008598786723013,-0.0039954163578876,0.0031355376855862994,Ниже,30.572750935883487,Зелёный,-1.0350099770431918,Ниже
2020-10-29 22:30:00+05:00,30.8,31.80986062403779,Вниз,3.1746779276192925,True,0.003495562573498,-0.0024972205716104,0.005992783145108401,False,30.572750935883487,Зелёный,-1.0098606240377883,Ниже
2020-10-29 23:00:00+05:00,30.785,31.79966300588816,Вниз,3.190797983300265,True,0.0056715286484312,-0.0008634707276021,0.0065349993760333,False,30.572750935883487,Зелёный,-1.0146630058881598,Ниже
2020-10-29 23:30:00+05:00,30.845,31.790163871501218,Вниз,2.9731330587714444,True,0.0120980373550203,0.0017288308889223,0.010369206466098001,False,30.572750935883487,Зелёный,-0.9451638715012187,Ниже
2020-10-30 00:00:00+05:00,30.94,31.78170452949623,Вниз,2.6483932877642036,True,0.0245735295057087,0.0062977706122796,0.0182757588934291,False,30.60270017986438,Зелёный,-0.84170452949623,Ниже
2020-10-30 00:30:00+05:00,30.89,31.772831847610696,Вниз,2.7785746383732692,True,0.0300791312818198,0.0110540427461876,0.0190250885356322,False,30.694680161877947,Зелёный,-0.8828318476106958,Ниже
2020-10-30 01:00:00+05:00,30.93,31.764445461067307,Вниз,2.626979470143943,True,0.0372407380148835,0.0162913817999268,0.0209493562149567,False,30.694680161877947,Зелёный,-0.8344454610673075,Ниже
2020-10-30 01:30:00+05:00,30.815,31.754998242549227,Вниз,2.960158383160298,True,0.0332534984124137,0.0196838051224242,0.013569693289989498,False,30.694680161877947,Зелёный,-0.9399982425492261,Ниже
2020-10-30 12:00:00+05:00,30.055,31.738082837150728,Вниз,5.303038768241573,False,-0.0308761451326873,0.0095718150714019,-0.040447960204089195,Ниже,30.56621816199098,Красный,-1.683082837150728,Ниже
2020-10-30 12:30:00+05:00,30.345,31.724221316383066,Вниз,4.347534026535136,True,-0.0576343998175019,-0.0038694279063788,-0.0537649719111231,False,30.56621816199098,Красный,-1.3792213163830667,Ниже
2020-10-30 13:00:00+05:00,30.47,31.7117415022897,Вниз,3.915715263382947,True,-0.067970532122505,-0.016689648749604,-0.05128088337290101,False,30.56621816199098,Красный,-1.2417415022897025,Ниже
2020-10-30 13:30:00+05:00,30.39,31.6985898455505,Вниз,4.128227318396581,True,-0.0816758149013807,-0.0296868819799594,-0.0519889329214213,False,30.56621816199098,Красный,-1.3085898455505003,Ниже
2020-10-30 14:00:00+05:00,30.4,31.68566855355497,Вниз,4.057571174115955,True,-0.0906850727491956,-0.0418865201338066,-0.048798552615389,False,30.56621816199098,Красный,-1.2856685535549701,Ниже
2020-10-30 14:30:00+05:00,30.375,31.672627075410148,Вниз,4.096998560683315,True,-0.098704461971856,-0.0532501085014165,-0.0454543534704395,False,30.56621816199098,Красный,-1.2976270754101478,Ниже
2020-10-30 15:00:00+05:00,30.28,31.658770089585172,Вниз,4.355096820513399,True,-0.1114409696309586,-0.0648882807273249,-0.046552688903633704,False,30.56621816199098,Красный,-1.3787700895851707,Ниже
2020-10-30 15:30:00+05:00,30.41,31.64634451655448,Вниз,3.9067530087329225,True,-0.1097793620176474,-0.0738664969853894,-0.035912865032258004,False,30.56621816199098,Красный,-1.2363445165544782,Ниже
2020-10-30 16:00:00+05:00,30.35,31.633445566141003,Вниз,4.057242400159984,True,-0.1120128106167079,-0.0814957597116531,-0.0305170509050548,False,30.56621816199098,Красный,-1.2834455661410011,Ниже
2020-10-30 16:30:00+05:00,30.315,31.62032670478637,Вниз,4.128125294128538,True,-0.1152781870334429,-0.0882522451760111,-0.027025941857431804,False,30.56621816199098,Красный,-1.305326704786367,Ниже
2020-10-30 17:00:00+05:00,30.29,31.607089623146702,Вниз,4.167070232819424,True,-0.1185171208410444,-0.0943052203090178,-0.024211900532026598,False,30.56621816199098,Красный,-1.3170896231467033,Ниже
2020-10-30 17:30:00+05:00,30.395,31.59502902988157,Вниз,3.7981577062221423,True,-0.1113280562077854,-0.0977097874887713,-0.013618268719014101,False,30.56621816199098,Красный,-1.20002902988157,Ниже
2020-10-30 18:00:00+05:00,30.405,31.58318794500713,Вниз,3.7304275523376464,True,-0.1036291815668271,-0.0988936663043824,-0.0047355152624447006,False,30.56621816199098,Красный,-1.178187945007128,Ниже
2020-10-30 18:30:00+05:00,30.485,31.572260701773228,Вниз,3.4437214111568624,True,-0.0900345740097563,-0.0971218478454572,0.007087273835700902,Ниже,30.56621816199098,Красный,-1.0872607017732285,Ниже
2020-10-30 19:00:00+05:00,30.435,31.560944674889917,Вниз,3.567525264177936,True,-0.0823460971600944,-0.0941666977083846,0.011820600548290192,False,30.56621816199098,Красный,-1.1259446748899187,Ниже
2020-10-30 19:30:00+05:00,30.535,31.550736270164645,Вниз,3.2193742214667633,True,-0.0674067366977055,-0.0888147055062488,0.0214079688085433,False,30.56621816199098,Красный,-1.0157362701646448,Ниже
2020-10-30 20:00:00+05:00,30.585,31.541126954043605,Вниз,3.031365859047176,True,-0.0509453376266293,-0.0812408319303249,0.030295494303695603,False,30.326570423555765,Зелёный,-0.9561269540436044,Ниже
2020-10-30 20:30:00+05:00,30.63,31.532061014202377,Вниз,2.860774035024478,True,-0.0338779128544004,-0.07176824811514,0.0378903352607396,False,30.326570423555765,Зелёный,-0.9020610142023777,Ниже
2020-10-30 21:00:00+05:00,30.495,31.52174199913569,Вниз,3.2572501835838903,True,-0.0308891565473317,-0.0635924298015783,0.0327032732542466,False,30.326570423555765,Зелёный,-1.0267419991356874,Ниже
2020-10-30 21:30:00+05:00,30.48,31.51137640710449,Вниз,3.273028742952519,True,-0.0293921063745905,-0.0567523651161808,0.0273602587415903,False,30.326570423555765,Зелёный,-1.0313764071044886,Ниже
2020-10-30 22:00:00+05:00,30.17,31.49802937817808,Вниз,4.216230044848908,True,-0.0526135957677418,-0.055924611246493,0.003311015478751199,False,30.61465064510506,Красный,-1.3280293781780799,Ниже
2020-10-30 22:30:00+05:00,30.265,31.48576042914148,Вниз,3.877182613673227,True,-0.0626291376482157,-0.0572655165268375,-0.005363621121378205,Ниже,30.49693558059456,Красный,-1.2207604291414782,Ниже
2020-10-30 23:00:00+05:00,30.05,31.47147425571719,Вниз,4.5167069205820916,True,-0.0869133469545886,-0.0631950826123877,-0.02371826434220091,False,30.476742022535102,Красный,-1.4214742557171895,Ниже
2020-10-30 23:30:00+05:00,30.365,31.46046456163045,Вниз,3.482035554447889,True,-0.0798207662464243,-0.0665202193391951,-0.013300546907229205,False,30.476742022535102,Красный,-1.0954645616304504,Ниже
2020-10-31 00:00:00+05:00,30.33,31.44921615803214,Вниз,3.558804621419137,True,-0.0761462854494681,-0.0684454325612497,-0.007700852888218396,False,30.476742022535102,Красный,-1.1192161580321418,Ниже
2020-10-31 00:30:00+05:00,30.295,31.437731420141272,Вниз,3.634904201163684,True,-0.0751916775834864,-0.069794681565697,-0.005396996017789396,False,30.476742022535102,Красный,-1.1427314201412706,Ниже
2020-10-31 01:00:00+05:00,30.38,31.4272067293936,Вниз,3.332166101844989,True,-0.0668062534425182,-0.0691969959410612,0.002390742498543,Ниже,30.476742022535102,Красный,-1.0472067293936007,Ниже
2020-10-31 01:30:00+05:00,30.405,31.417035518155853,Вниз,3.2212953942487603,True,-0.0574808498740395,-0.0668537667276569,0.009372916853617401,False,30.476742022535102,Красный,-1.0120355181558516,Ниже
2020-11-02 12:00:00+05:00,30.085,31.403781433398084,Вниз,4.199435141895212,True,-0.0750466351138499,-0.0684923404048955,-0.006554294708954397,Ниже,30.428442079698076,Красный,-1.3187814333980832,Ниже
2020-11-02 12:30:00+05:00,30.855,31.398320921622982,Вниз,1.730413938309723,True,-0.0265292687334834,-0.0600997260706131,0.0335704573371297,Ниже,30.05365212827173,Зелёный,-0.543320921622982,Ниже
2020-11-02 13:00:00+05:00,31.4,31.398337628870514,Вверх,0.005294455869394656,True,0.0552610242281552,-0.0370275760108594,0.09228860023901461,False,30.83403691544456,Зелёный,0.001662371129484086,Выше
2020-11-02 13:30:00+05:00,31.1,31.395369095249915,Вниз,0.9408046592916238,True,0.0947803588935052,-0.0106659890299865,0.1054463479234917,False,30.83403691544456,Зелёный,-0.2953690952499137,Ниже
2020-11-02 14:00:00+05:00,31.195,31.39337537290912,Вниз,0.6319020193040693,True,0.1322410301111602,0.0179154147982428,0.1143256153129174,False,30.83403691544456,Зелёный,-0.1983753729091191,Ниже
2020-11-02 14:30:00+05:00,31.02,31.38966019506923,Вниз,1.1776495596702794,True,0.1461234245966594,0.0435570167579261,0.10256640783873329,False,30.83403691544456,Зелёный,-0.36966019506922976,Ниже
2020-11-02 15:00:00+05:00,31.11,31.38687750656108,Вниз,0.8821441588230737,True,0.1625142074602621,0.0673484548983933,0.0951657525618688,False,30.83403691544456,Зелёный,-0.2768775065610818,Ниже
2020-11-02 15:30:00+05:00,31.215,31.385167282615203,Вниз,0.5421901405937768,True,0.1818800435219465,0.090254772623104,0.09162527089884251,False,30.83403691544456,Зелёный,-0.17016728261520342,Ниже
2020-11-02 16:00:00+05:00,30.77,31.379046215126493,Вниз,1.9409328471969256,True,0.159481424555782,0.1041001030096396,0.05538132154614239,False,31.54126016511923,Красный,-0.6090462151264937,Ниже
2020-11-02 16:30:00+05:00,30.925,31.374528342339165,Вниз,1.432781195733663,True,0.152479869245468,0.1137760562568053,0.0387038129886627,False,31.37988414860731,Красный,-0.44952834233916406,Ниже
2020-11-02 17:00:00+05:00,30.89,31.36970716480345,Вниз,1.5292051095130328,True,0.1424646350935638,0.119513772024157,0.0229508630694068,False,31.37988414860731,Красный,-0.4797071648034503,Ниже
2020-11-02 17:30:00+05:00,30.82,31.364237441770584,Вниз,1.7352165592451914,True,0.127410367480607,0.121093091115447,0.006317276365159996,False,31.32388116037192,Красный,-0.5442374417705835,Ниже
2020-11-02 18:00:00+05:00,30.87,31.35931965628033,Вниз,1.5603643881423737,True,0.1181523473567196,0.1205049423637015,-0.0023525950069819,Выше,31.260743044334728,Красный,-0.4893196562803297,Ниже
2020-11-02 18:30:00+05:00,30.875,31.354500555222817,Вниз,1.5292878111016344,True,0.109951307688636,0.1183942154286884,-0.008442907740052408,False,31.260743044334728,Красный,-0.47950055522281687,Ниже
2020-11-02 19:00:00+05:00,30.67,31.34768960442458,Вниз,2.1618486496973803,True,0.0859197090006702,0.1118993141430848,-0.025979605142414597,False,31.170301865911128,Красный,-0.6776896044245788,Ниже
2020-11-02 19:30:00+05:00,30.795,31.34219020537558,Вниз,1.745858224297702,True,0.0760839013790359,0.104736231590275,-0.0286523302112391,False,31.12227167932001,Красный,-0.5471902053755784,Ниже
2020-11-02 20:00:00+05:00,30.74,31.336198263033538,Вниз,1.9025864529867302,True,0.0631232669019254,0.0964136386526051,-0.0332903717506797,False,31.11829451138801,Красный,-0.5961982630335392,Ниже
2020-11-02 20:30:00+05:00,30.72,31.330066937033205,Вниз,1.9472251312431335,True,0.0506541285862169,0.0872617366393275,-0.0366076080531106,False,31.09271506024921,Красный,-0.6100669370332064,Ниже
2020-11-02 21:00:00+05:00,30.92,31.325986669003026,Вниз,1.2960060070661612,True,0.0562620216028406,0.0810617936320301,-0.024799772029189503,False,31.09271506024921,Красный,-0.40598666900302405,Ниже
2020-11-02 21:30:00+05:00,31.145,31.32418580662489,Вниз,0.5720365973151428,True,0.0779632252870605,0.0804420799630362,-0.0024788546759757085,False,30.66507580119813,Зелёный,-0.17918580662488992,Ниже
2020-11-02 22:00:00+05:00,31.1,31.32195510208136,Вниз,0.7086246735173012,True,0.0904873794523375,0.0824511398608965,0.008036239591440994,Выше,30.775568221078323,Зелёный,-0.2219551020813597,Ниже
2020-11-02 22:30:00+05:00,31.35,31.322234155791996,Вверх,0.08864579732691565,True,0.1192115756849325,0.0898032270257037,0.029408348659228797,False,30.85401139897049,Зелёный,0.02776584420800532,Выше
2020-11-02 23:00:00+05:00,31.165,31.32066963682889,Вниз,0.49701886528582756,True,0.1255999166001054,0.096962564940584,0.028637351659521387,False,30.92186025907344,Зелёный,-0.15566963682888968,Ниже
2020-11-02 23:30:00+05:00,31.105,31.31852367029328,Вниз,0.6817807650870066,True,0.1243873641364921,0.1024475247797656,0.021939839356726498,False,30.92186025907344,Зелёный,-0.2135236702932808,Ниже
2020-11-03 00:00:00+05:00,31.26,31.317941345215736,Вниз,0.18501007003318262,True,0.1343845111905075,0.108834922061914,0.02554958912859351,False,30.92186025907344,Зелёный,-0.057941345215734685,Ниже
2020-11-03 00:30:00+05:00,31.245,31.317215560686225,Вниз,0.23059381044360666,True,0.1394890051936208,0.1149657386882554,0.024523266505365418,False,30.95626112886454,Зелёный,-0.07221556068622448,Ниже
2020-11-03 01:00:00+05:00,31.185,31.31589998296796,Вниз,0.4179984705505968,True,0.1371123095528297,0.1193950528611702,0.01771725669165948,False,30.95626112886454,Зелёный,-0.13089998296796068,Ниже
2020-11-03 01:30:00+05:00,31.185,31.31459749557524,Вниз,0.41385649486170817,True,0.1336876926313799,0.1222535808152122,0.011434111816167686,False,30.95626112886454,Зелёный,-0.12959749557523992,Ниже
2020-11-03 12:00:00+05:00,31.01,31.31156667472375,Вниз,0.9631158921447,True,0.1155209677768951,0.1209070582075488,-0.005386090430653689,Выше,30.95626112886454,Зелёный,-0.3015666747237482,Ниже
2020-11-03 12:30:00+05:00,30.865,31.30712322522401,Вниз,1.4122128757834755,True,0.0884043489561214,0.1144065163572633,-0.026002167401141904,False,31.242087823351977,Красный,-0.4421232252240124,Ниже
2020-11-03 13:00:00+05:00,31.27,31.3067538398984,Вниз,0.1173990765262878,True,0.0984593701198335,0.1112170871097773,-0.01275771698994381,False,30.82037095898322,Зелёный,-0.036753839898398866,Ниже
2020-11-03 13:30:00+05:00,31.465,31.308328428556127,Вверх,0.5004149991635253,True,0.1207707471555643,0.1131278191189347,0.007642928036629595,Выше,31.005583863084897,Зелёный,0.1566715714438729,Выше
2020-11-03 14:00:00+05:00,31.6,31.311230633247117,Вверх,0.9222549255098941,True,0.1476440967173964,0.1200310746386271,0.027613022078769298,False,31.09827547677641,Зелёный,0.28876936675288434,Выше
2020-11-03 14:30:00+05:00,31.615,31.314253214010822,Вверх,0.9604150031418093,True,0.1682127427078121,0.1296674082524641,0.038545334455348024,False,31.203947929098767,Зелёный,0.30074678598917615,Выше
2020-11-03 15:00:00+05:00,31.375,31.31485765964256,Вверх,0.192056885619985,True,0.1632655252620338,0.136387031654378,0.026878493607655818,False,31.203947929098767,Зелёный,0.060142340357440816,Выше
2020-11-03 15:30:00+05:00,31.38,31.31550584213368,Вверх,0.20594959631642482,True,0.1579277848100773,0.1406951822855179,0.01723260252455941,False,31.203947929098767,Зелёный,0.06449415786632073,Выше
2020-11-03 16:00:00+05:00,31.455,31.316893843704488,Вверх,0.4409957034205463,True,0.1579289535749559,0.1441419365434055,0.013787017031550386,False,31.203947929098767,Зелёный,0.13810615629551037,Выше
2020-11-03 16:30:00+05:00,31.41,31.317820273120365,Вверх,0.2943363429374806,True,0.1525403655294859,0.1458216223406216,0.006718743188864312,False,31.203947929098767,Зелёный,0.09217972687963538,Выше
2020-11-03 17:00:00+05:00,31.43,31.318936489308225,Вверх,0.35462095186306875,True,0.148175627140251,0.1462924233005474,0.0018832038397036122,False,31.203947929098767,Зелёный,0.11106351069177478,Выше
2020-11-03 17:30:00+05:00,31.355,31.319295330210632,Вверх,0.1140021491956339,True,0.1370844431926698,0.1444508272789719,-0.007366384086302108,Выше,31.203947929098767,Зелёный,0.03570466978936793,Выше
2020-11-03 18:00:00+05:00,31.315,31.31925259060655,Вниз,0.013578199525180476,True,0.123641670091942,0.1402889958415659,-0.016647325749623895,False,31.203947929098767,Зелёный,-0.0042525906065478125,Ниже
2020-11-03 18:30:00+05:00,31.355,31.319608286222408,Вверх,0.1130017765680717,True,0.1148914442142583,0.1352094855161044,-0.0203180413018461,False,31.203947929098767,Зелёный,0.035391713777592315,Выше
2020-11-03 19:00:00+05:00,31.375,31.32015944755353,Вверх,0.17509665791549772,True,0.1083219915270206,0.1298319867182877,-0.02150999519126709,False,31.203947929098767,Зелёный,0.054840552446471236,Выше
2020-11-03 19:30:00+05:00,31.325,31.32020761225449,Вверх,0.015301264298246237,True,0.0979519417973939,0.1234559777341089,-0.02550403593671499,False,31.203947929098767,Зелёный,0.004792387745510496,Выше
2020-11-03 20:00:00+05:00,31.3,31.32000654148579,Вниз,0.06387783303712902,True,0.0867166955215061,0.1161081212915884,-0.029391425770082302,False,31.203947929098767,Зелёный,-0.020006541485788176,Ниже
2020-11-03 20:30:00+05:00,31.445,31.32125025749091,Вверх,0.3950983485389263,True,0.088492879259526,0.1105850728851759,-0.022092193625649903,False,31.203947929098767,Зелёный,0.12374974250909077,Выше
2020-11-03 21:00:00+05:00,31.695,31.324969160401448,Вверх,1.18126481690624,True,0.1088190302877798,0.1102318643656967,-0.0014128340779168969,False,31.338181392161367,Зелёный,0.3700308395985523,Выше
2020-11-03 21:30:00+05:00,31.7,31.32870081054671,Вверх,1.1851726367417457,True,0.123902834879285,0.1129660584684143,0.010936776410870694,Выше,31.46661325294523,Зелёный,0.3712991894532891,Выше
2020-11-03 22:00:00+05:00,31.72,31.33259433481988,Вверх,1.2364302203651065,True,0.1359040739765689,0.1175536615700452,0.0183504124065237,False,31.46661325294523,Зелёный,0.3874056651801183,Выше
2020-11-03 22:30:00+05:00,31.695,31.33620036133908,Вверх,1.1450004612032887,True,0.1417636878108901,0.1223956668182142,0.0193680209926759,False,31.478481734885637,Зелёный,0.35879963866091913,Выше
2020-11-03 23:00:00+05:00,31.68,31.339621253266056,Вверх,1.0860971930171965,True,0.1435424315521842,0.1266250197650082,0.016917411787176012,False,31.478481734885637,Зелёный,0.3403787467339434,Выше
2020-11-03 23:30:00+05:00,31.625,31.3424608427858,Вверх,0.9014581166150898,True,0.1389127586252598,0.1290825675370585,0.009830191088201323,False,31.478481734885637,Зелёный,0.28253915721419887,Выше
2020-11-04 00:00:00+05:00,31.65,31.345520933902364,Вверх,0.9713638728151406,True,0.1356967726155566,0.1304054085527582,0.005291364062798398,False,31.478481734885637,Зелёный,0.30447906609763464,Выше
2020-11-04 00:30:00+05:00,31.69,31.348948586301347,Вверх,1.0879197838478212,True,0.1348216066807097,0.1312886481783485,0.003532958502361183,False,31.478754866258463,Зелёный,0.3410514136986542,Выше
2020-11-04 01:00:00+05:00,31.7,31.352441635193877,Вверх,1.1085527846608914,True,0.1333972275957933,0.1317103640618374,0.001686863533955918,False,31.504379379632617,Зелёный,0.34755836480612246,Выше
2020-11-04 01:30:00+05:00,31.695,31.355850176137217,Вверх,1.081615781290111,True,0.1303622043515311,0.1314407321197762,-0.0010785277682451022,Выше,31.52694144166936,Зелёный,0.33914982386278325,Выше
2020-11-05 12:00:00+05:00,31.38,31.356090472892078,Вверх,0.07625162049009816,True,0.1013705228427603,0.125426690264373,-0.024056167421612706,False,31.883002702497578,Красный,0.02390952710792149,Выше
2020-11-05 12:30:00+05:00,31.37,31.356228876146883,Вверх,0.0439183037842732,True,0.0767033020271448,0.1156820126169274,-0.0389787105897826,False,31.635452432247824,Красный,0.013771123853118183,Выше
2020-11-05 13:00:00+05:00,31.79,31.360545006732487,Вверх,1.369411766202778,True,0.0900072936727163,0.1105470688280852,-0.020539775155368895,False,31.312342810976965,Зелёный,0.42945499326751246,Выше
2020-11-05 13:30:00+05:00,31.625,31.363176399700325,Вверх,0.8348121279647436,True,0.0862425316437764,0.1056861613912234,-0.019443629747446997,False,31.407858529879263,Зелёный,0.26182360029967455,Выше
2020-11-05 14:00:00+05:00,31.695,31.366478127066493,Вверх,1.0473661454839005,True,0.0878941564741602,0.1021277604078108,-0.014233603933650599,False,31.407858529879263,Зелёный,0.3285218729335071,Выше
2020-11-05 14:30:00+05:00,31.835,31.371140036249912,Вверх,1.4786200412675166,True,0.0993546128914246,0.1015731309045336,-0.0022185180131090027,False,31.503290409202204,Зелёный,0.46385996375008887,Выше
2020-11-05 15:00:00+05:00,31.895,31.37635257320265,Вверх,1.6529882674772973,True,0.111987681447502,0.1036560410131273,0.008331640434374704,Выше,31.597211368281982,Зелёный,0.5186474267973509,Выше
2020-11-05 15:30:00+05:00,31.885,31.381413741628496,Вверх,1.6047277618454832,True,0.1198114510404657,0.1068871230185949,0.012924328021870796,False,31.597211368281982,Зелёный,0.5035862583715058,Выше
2020-11-05 16:00:00+05:00,31.795,31.385529027781445,Вверх,1.3046489414153468,True,0.117396325211132,0.1089889634571024,0.00840736175402959,False,31.597211368281982,Зелёный,0.409470972218557,Выше
2020-11-05 16:30:00+05:00,31.71,31.388757594669197,Вверх,1.0234314128615287,True,0.1073856559692174,0.1086683019595254,-0.0012826459903080012,Выше,31.597211368281982,Зелёный,0.3212424053308034,Выше
2020-11-05 17:00:00+05:00,31.53,31.390162991737164,Вверх,0.4454803509610537,True,0.0839597965236258,0.1037266008723455,-0.019766804348719705,False,31.893808871270192,Красный,0.13983700826283751,Выше
2020-11-05 17:30:00+05:00,31.545,31.391703658486048,Вверх,0.48833393428302785,True,0.0658459773394852,0.0961504761657734,-0.03030449882628819,False,31.769177984143173,Красный,0.1532963415139541,Выше
2020-11-05 18:00:00+05:00,31.53,31.393079741486183,Вверх,0.43614790151626054,True,0.0497072759577292,0.0868618361241646,-0.037154560166435396,False,31.769177984143173,Красный,0.13692025851381828,Выше
2020-11-05 18:30:00+05:00,31.515,31.39429287838682,Вверх,0.38448746745393136,True,0.0352999483685181,0.0765494585730353,-0.0412495102045172,False,31.769177984143173,Красный,0.12070712161317942,Выше
2020-11-05 19:00:00+05:00,31.55,31.395842202979992,Вверх,0.4910134151629052,True,0.0264019002758999,0.0665199469136082,-0.0401180466377083,False,31.769177984143173,Красный,0.15415779702000876,Выше
2020-11-05 19:30:00+05:00,31.56,31.39747561389561,Вверх,0.5176352013231867,True,0.0199273395164354,0.0572014254341737,-0.0372740859177383,False,31.769177984143173,Красный,0.16252438610438702,Выше
2020-11-05 20:00:00+05:00,31.67,31.40018729932949,Вверх,0.8592709912793147,True,0.0234025145394589,0.0504416432552307,-0.0270391287157718,False,31.769177984143173,Красный,0.26981270067051,Выше
2020-11-05 20:30:00+05:00,31.615,31.40232473913716,Вверх,0.6772596061901677,True,0.0214710703034874,0.0446475286648821,-0.0231764583613947,False,31.769177984143173,Красный,0.21267526086283794,Выше
2020-11-05 21:00:00+05:00,31.45,31.40279911984226,Вверх,0.15030787535087706,True,0.0065507527932133,0.0370281734905483,-0.030477420697335,False,31.769177984143173,Красный,0.04720088015773882,Выше
2020-11-05 21:30:00+05:00,31.53,31.40406480024184,Вверх,0.40101560278652376,True,0.0011681592704277,0.0298561706465242,-0.0286880113760965,False,31.747329138752537,Красный,0.12593519975816037,Выше
2020-11-05 22:00:00+05:00,31.5,31.405019379343912,Вверх,0.302437707516779,True,-0.0054554471564891,0.0227938470859215,-0.0282492942424106,False,31.74709622487728,Красный,0.09498062065608792,Выше
2020-11-05 22:30:00+05:00,31.495,31.40591470890268,Вверх,0.2836576865314682,True,-0.0109815724521524,0.0160387631783067,-0.0270203356304591,False,31.74038660238956,Красный,0.08908529109731944,Выше
2020-11-05 23:00:00+05:00,31.535,31.40719913965987,Вверх,0.40691581497551654,True,-0.0119951284820629,0.0104319848462328,-0.0224271133282957,False,31.7253479421506,Красный,0.12780086034013038,Выше
2020-11-05 23:30:00+05:00,31.5,31.408122531305047,Вверх,0.29252773260603954,True,-0.0154445512578362,0.0052566776254189,-0.0207012288832551,False,31.70806314793554,Красный,0.09187746869495328,Выше
2020-11-06 00:00:00+05:00,31.485,31.408887481242317,Вверх,0.24232796785030172,True,-0.0191676653840637,0.0003718090235224,-0.0195394744075861,False,31.676256833141988,Красный,0.07611251875768232,Выше
2020-11-06 00:30:00+05:00,31.545,31.41024183466279,Вверх,0.42902619485246324,True,-0.0170798754216043,-0.0031185278655029,-0.013961347556101402,False,31.676256833141988,Красный,0.1347581653372103,Выше
2020-11-06 01:00:00+05:00,31.54,31.41153296068605,Вверх,0.4089804832980815,True,-0.0156483604889459,-0.0056244943901915,-0.010023866098754402,False,31.676256833141988,Красный,0.12846703931394998,Выше
2020-11-06 01:30:00+05:00,31.53,31.41271173719664,Вверх,0.37337834372470174,True,-0.0151461951087839,-0.0075288345339099,-0.007617360574874,False,31.676256833141988,Красный,0.1172882628033598,Выше
2020-11-06 12:00:00+05:00,30.97,31.408306645284235,Вниз,1.3955118632606853,True,-0.0592525191544268,-0.0178735714580133,-0.0413789476964135,False,31.428456108224456,Красный,-0.4383066452842357,Ниже
2020-11-06 12:30:00+05:00,31.135,31.40558717617693,Вниз,0.8615892919276005,True,-0.0799711203964008,-0.0302930812456908,-0.04967803915070999,False,31.33286049740201,Красный,-0.27058717617692807,Ниже
2020-11-06 13:00:00+05:00,31.21,31.403641035120444,Вниз,0.6166196935695558,True,-0.0893093849546851,-0.0420963419874897,-0.047213042967195404,False,31.33286049740201,Красный,-0.19364103512044295,Ниже
2020-11-06 13:30:00+05:00,31.155,31.40116699496999,Вниз,0.7839421860003547,True,-0.0999953827145425,-0.0536761501329002,-0.046319232581642306,False,31.33286049740201,Красный,-0.24616699496998962,Ниже
2020-11-06 14:00:00+05:00,31.1,31.39817030845288,Вниз,0.9496423056620151,True,-0.1116155190481684,-0.0652640239159539,-0.046351495132214496,False,31.33286049740201,Красный,-0.2981703084528782,Ниже
2020-11-06 14:30:00+05:00,30.97,31.39390990737375,Вниз,1.3502934442523329,True,-0.1298180131095776,-0.0781748217546786,-0.051643191354899004,False,31.297298772345464,Красный,-0.42390990737375134,Ниже
2020-11-06 15:00:00+05:00,31.015,31.390139659539187,Вниз,1.1950875772073382,True,-0.1390100752590015,-0.0903418724555432,-0.048668202803458294,False,31.21556889511092,Красный,-0.3751396595391867,Ниже
2020-11-06 15:30:00+05:00,31.015,31.386406926608448,Вниз,1.183336874070729,True,-0.1446276729514721,-0.101199032554729,-0.043428640396743115,False,31.21556889511092,Красный,-0.3714069266084472,Ниже
2020-11-06 16:00:00+05:00,31.05,31.38305959400538,Вниз,1.0612719037407035,True,-0.1445887233036771,-0.1098769707045186,-0.03471175259915851,False,31.21556889511092,Красный,-0.33305959400538043,Ниже
2020-11-06 16:30:00+05:00,31.055,31.379795319438163,Вниз,1.03504601012158,True,-0.1425116120604883,-0.1164038989757126,-0.02610771308477569,False,31.21556889511092,Красный,-0.324795319438163,Ниже
2020-11-06 17:00:00+05:00,31.08,31.376812281433804,Вниз,0.9459605990932167,True,-0.137265879752455,-0.1205762951310611,-0.016689584621393888,False,31.21556889511092,Красный,-0.2968122814338052,Ниже
2020-11-06 17:30:00+05:00,31.085,31.37390867664342,Вниз,0.9208564977385182,True,-0.1311928315937152,-0.1226996024235919,-0.008493229170123295,False,31.21556889511092,Красный,-0.2889086766434197,Ниже
2020-11-06 18:00:00+05:00,31.115,31.371332470905674,Вниз,0.8170914357667245,True,-0.1225465080323786,-0.1226689835453492,0.00012247551297060733,Ниже,31.21556889511092,Красный,-0.2563324709056758,Ниже
2020-11-06 18:30:00+05:00,31.175,31.36937891398124,Вниз,0.6196454016965105,True,-0.1095894567175754,-0.1200530781797945,0.010463621462219103,False,31.21556889511092,Красный,-0.19437891398123952,Ниже
2020-11-06 19:00:00+05:00,31.35,31.3691860889665,Вниз,0.06116221476733742,True,-0.0842289241294196,-0.1128882473697195,0.028659323240299905,False,31.11402481425882,Зелёный,-0.019186088966499426,Ниже
2020-11-06 19:30:00+05:00,31.35,31.368995182608625,Вниз,0.06055400403502508,True,-0.063399687211298,-0.1029905353380352,0.0395908481267372,False,31.13962233283294,Зелёный,-0.01899518260862365,Ниже
2020-11-06 20:00:00+05:00,31.35,31.368806175816506,Вниз,0.059951837857962764,True,-0.0463579809397138,-0.091664024458371,0.045306043518657205,False,31.203160099549645,Зелёный,-0.018806175816504123,Ниже
2020-11-06 20:30:00+05:00,31.4,31.369116562126788,Вверх,0.09845172978348274,True,-0.028489316699126,-0.079029082906522,0.050539766207395996,False,31.203160099549645,Зелёный,0.030883437873210795,Выше
2020-11-06 21:00:00+05:00,31.36,31.369025850065825,Вниз,0.02877312833674172,True,-0.0173558695966811,-0.0666944402445538,0.0493385706478727,False,31.20448468063521,Зелёный,-0.009025850065825125,Ниже
2020-11-06 21:30:00+05:00,31.345,31.36878678688109,Вниз,0.0758294767429051,True,-0.0096318769141774,-0.0552819275784785,0.045650050664301105,False,31.20448468063521,Зелёный,-0.023786786881089483,Ниже
2020-11-06 22:00:00+05:00,31.345,31.36855010243452,Вниз,0.07507552104772604,True,-0.0034705507166101,-0.0449196522061048,0.0414491014894947,False,31.20448468063521,Зелёный,-0.023550102434519715,Ниже
2020-11-06 22:30:00+05:00,31.365,31.368514778032186,Вниз,0.011204795818540274,True,0.0029916911842349,-0.0353373835280369,0.0383290747122718,False,31.20448468063521,Зелёный,-0.003514778032187138,Ниже
2020-11-06 23:00:00+05:00,31.37,31.368529556360222,Вверх,0.004687639684023401,True,0.0084194682725424,-0.026586013167921,0.0350054814404634,False,31.216719148964764,Зелёный,0.0014704436397785514,Выше
2020-11-06 23:30:00+05:00,31.38,31.368643690127787,Вверх,0.03620274432135072,True,0.0133737726206746,-0.0185940560102019,0.0319678286308765,False,31.237047234068285,Зелёный,0.011356309872212478,Выше
2020-11-07 00:00:00+05:00,31.37,31.368657185748408,Вверх,0.004280751463609076,True,0.0163052216384933,-0.0116142004804628,0.0279194221189561,False,31.237047234068285,Зелёный,0.0013428142515934383,Выше
2020-11-07 00:30:00+05:00,31.41,31.36906855703449,Вверх,0.130483450253205,True,0.0216070096537208,-0.0049699584536261,0.0265769681073469,False,31.26723325959531,Зелёный,0.04093144296551188,Выше
2020-11-07 01:00:00+05:00,31.425,31.369625088805293,Вверх,0.17652398152016507,True,0.0267111796411114,0.0013662691653214,0.025344910475790003,False,31.282259933635785,Зелёный,0.05537491119470772,Выше
2020-11-07 01:30:00+05:00,31.425,31.370176082946536,Вверх,0.1747644543291818,True,0.0304057723133794,0.007174169794933,0.0232316025184464,False,31.282259933635785,Зелёный,0.05482391705346501,Выше
2020-11-09 12:00:00+05:00,31.59,31.372363385603784,Вверх,0.6937208131921799,True,0.0461162848365184,0.0149625928032501,0.031153692033268295,False,31.359855546244983,Зелёный,0.2176366143962163,Выше
2020-11-09 12:30:00+05:00,31.645,31.37507618773708,Вверх,0.8603128503905272,True,0.0622870136243136,0.0244274769674628,0.0378595366568508,False,31.46911999162048,Зелёный,0.2699238122629204,Выше
2020-11-09 13:00:00+05:00,31.67,31.37801075303323,Вверх,0.9305537220473599,True,0.0762408665079235,0.0347901548755549,0.041450711632368596,False,31.527957992458436,Зелёный,0.29198924696677153,Выше
2020-11-09 13:30:00+05:00,31.73,31.381513133600063,Вверх,1.1104845866301276,True,0.0910908553311706,0.0460502949666781,0.045040560364492506,False,31.527957992458436,Зелёный,0.34848686639993787,Выше
2020-11-09 14:00:00+05:00,31.69,31.38458265465877,Вверх,0.9731445171723292,True,0.0984965063427658,0.0565395372418956,0.0419569691008702,False,31.544595973891337,Зелёный,0.30541734534122966,Выше
2020-11-09 14:30:00+05:00,31.8,31.388716160582565,Вверх,1.3102920084827159,True,0.1119511160374031,0.0676218530009971,0.044329263036406,False,31.5893863765022,Зелёный,0.41128383941743607,Выше
2020-11-09 15:00:00+05:00,31.815,31.392957790825527,Вверх,1.3443849795440896,True,0.1224132619116922,0.0785801347831361,0.04383312712855611,False,31.65819773885198,Зелёный,0.42204220917447444,Выше
2020-11-09 15:30:00+05:00,31.9,31.39800298693672,Вверх,1.598818285583755,True,0.1359957037002459,0.0900632485665581,0.04593245513368781,False,31.662877964966786,Зелёный,0.5019970130632778,Выше
2020-11-09 16:00:00+05:00,31.99,31.40389350447964,Вверх,1.8663497742302315,True,0.1522668965123585,0.1025039781557182,0.049762918356640304,False,31.763090168470104,Зелёный,0.5861064955203581,Выше
2020-11-09 16:30:00+05:00,32.115,31.410969191002227,Вверх,2.2413533460770982,True,0.1732512567325344,0.1166534338710814,0.056597822861452984,False,31.87053115162309,Зелёный,0.7040308089977749,Выше
2020-11-09 17:00:00+05:00,32.27,31.41951676124101,Вверх,2.7068628878727576,True,0.2000822938653463,0.1333392058699344,0.0667430879954119,False,31.972228036460784,Зелёный,0.8504832387589936,Выше
2020-11-09 17:30:00+05:00,32.075,31.4260389825222,Вверх,2.0650423613320346,True,0.2032680660478583,0.1473249779055192,0.05594308814233909,False,31.972228036460784,Зелёный,0.6489610174778022,Выше
2020-11-09 18:00:00+05:00,32.25,31.43423759961153,Вверх,2.595139766960818,True,0.2174077101675173,0.1613415243579188,0.05606618580959852,False,31.972228036460784,Зелёный,0.8157624003884685,Выше
2020-11-09 18:30:00+05:00,32.215,31.4420063797149,Вверх,2.4584742174208287,True,0.223216175387563,0.1737164545638477,0.04949972082371529,False,31.972228036460784,Зелёный,0.7729936202851029,Выше
2020-11-09 19:00:00+05:00,32.165,31.4492003460859,Вверх,2.2760504115748916,True,0.2212345891595362,0.1832200814829854,0.03801450767655079,False,31.972228036460784,Зелёный,0.7157996539141003,Выше
2020-11-09 19:30:00+05:00,32.16,31.45627297945818,Вверх,2.2371595675093783,True,0.2167620120388882,0.1899284675941659,0.0268335444447223,False,31.972228036460784,Зелёный,0.703727020541816,Выше
2020-11-09 20:00:00+05:00,32.48,31.46645931797104,Вверх,3.2210191549899165,True,0.2363146993427882,0.1992057139438904,0.037108985398897815,False,31.950030717424752,Зелёный,1.0135406820289568,Выше
2020-11-09 20:30:00+05:00,32.485,31.47659405112556,Вверх,3.2036692001572544,True,0.249339571739366,0.2092324855029856,0.0401070862363804,False,32.147777645682275,Зелёный,1.0084059488744401,Выше
2020-11-09 21:00:00+05:00,32.175,31.48354336404968,Вверх,2.196247823680085,True,0.2319734225145886,0.2137806729053062,0.01819274960928241,False,32.147777645682275,Зелёный,0.6914566359503169,Выше
2020-11-09 21:30:00+05:00,32.2,31.490672285800432,Вверх,2.252501019228529,True,0.2177181953725053,0.214568177398746,0.0031500179737593004,False,32.147777645682275,Зелёный,0.7093277141995706,Выше
2020-11-09 22:00:00+05:00,32.245,31.49817803420043,Вверх,2.371000522597455,True,0.207658194672895,0.2131861808535758,-0.005527986180680788,Выше,32.147777645682275,Зелёный,0.7468219657995689,Выше
2020-11-09 22:30:00+05:00,32.265,31.50580810351187,Вверх,2.4096886961090336,True,0.1990053941854697,0.2103500235199546,-0.011344629334484907,False,32.147777645682275,Зелёный,0.7591918964881295,Выше
2020-11-09 23:00:00+05:00,32.415,31.514854789049068,Вверх,2.8562568889377156,True,0.2019240787701406,0.2086648345699918,-0.0067407557998512,False,32.147777645682275,Зелёный,0.9001452109509316,Выше
2020-11-09 23:30:00+05:00,32.47,31.52435872149634,Вверх,2.9997161460379793,True,0.2062971327464993,0.2081912942052934,-0.0018941614587940914,False,32.182668562299035,Зелёный,0.9456412785036576,Выше
2020-11-10 00:00:00+05:00,32.335,31.532424803869517,Вверх,2.5452378024286766,True,0.1966031193918382,0.2058736592426023,-0.00927053985076412,False,32.182668562299035,Зелёный,0.8025751961304834,Выше
2020-11-10 00:30:00+05:00,32.44,31.541455402835982,Вверх,2.848773417992705,True,0.1951436716707562,0.2037276617282331,-0.008583990057476898,False,32.182668562299035,Зелёный,0.8985445971640154,Выше
2020-11-10 01:00:00+05:00,32.355,31.549550373952048,Вверх,2.552967051831409,True,0.1849957434371916,0.1999812780700248,-0.014985534632833197,False,32.182668562299035,Зелёный,0.8054496260479489,Выше
2020-11-10 01:30:00+05:00,32.37,31.557714051823176,Вверх,2.573969543050263,True,0.1761334550099036,0.1952117134580006,-0.01907825844809699,False,32.182668562299035,Зелёный,0.8122859481768216,Выше
2020-11-10 12:00:00+05:00,32.105,31.56315968314832,Вверх,1.7166859157670662,True,0.1460432466408292,0.1853780200945663,-0.03933477345373709,False,32.416517990648046,Красный,0.5418403168516761,Выше
2020-11-10 12:30:00+05:00,32.12,31.568700382818488,Вверх,1.7463487900869015,True,0.1220005677574747,0.172702529627148,-0.050701961869673295,False,32.416517990648046,Красный,0.5512996171815097,Выше
2020-11-10 13:00:00+05:00,32.25,31.57547948348696,Вверх,2.1362162271068463,True,0.1121437615923639,0.1605907760201912,-0.0484470144278273,False,32.416517990648046,Красный,0.6745205165130415,Выше
2020-11-10 13:30:00+05:00,32.575,31.58542496126321,Вверх,3.133011634164872,True,0.1290691270004131,0.1542864462162356,-0.025217319215822515,False,32.11303338481758,Зелёный,0.9895750387367919,Выше
2020-11-10 14:00:00+05:00,32.5,31.594525210404875,Вверх,2.865923078650758,True,0.1348759616990236,0.1504043493127932,-0.015528387613769595,False,32.13798004633582,Зелёный,0.9054747895951252,Выше
2020-11-10 14:30:00+05:00,32.345,31.601992621246616,Вверх,2.3511409158859338,True,0.1255237557027939,0.1454282305907933,-0.0199044748879994,False,32.13798004633582,Зелёный,0.7430073787533829,Выше
2020-11-10 15:00:00+05:00,32.31,31.60903747078645,Вверх,2.217601626944167,True,0.1139740358401866,0.139137391640672,-0.025163355800485385,False,32.13798004633582,Зелёный,0.7009625292135517,Выше
2020-11-10 15:30:00+05:00,32.32,31.61611172480848,Вверх,2.226359399657594,True,0.1044239814083383,0.1321947095942053,-0.027770728185866983,False,32.13798004633582,Зелёный,0.7038882751915203,Выше
2020-11-10 16:00:00+05:00,32.275,31.622667827049188,Вверх,2.0628625532752265,True,0.0921619845582242,0.1241881645870091,-0.03202618002878489,False,32.13798004633582,Зелёный,0.6523321729508105,Выше
2020-11-10 16:30:00+05:00,32.28,31.62920844568552,Вверх,2.057565099778062,True,0.0819035883416603,0.1157312493379393,-0.033827660996279,False,32.13798004633582,Зелёный,0.6507915543144804,Выше
2020-11-10 17:00:00+05:00,32.385,31.636728759658794,Вверх,2.365197887637969,True,0.0813090774786289,0.1088468149660772,-0.02753773748744831,False,32.13798004633582,Зелёный,0.7482712403412037,Выше
2020-11-10 17:30:00+05:00,32.56,31.645915538169653,Вверх,2.8884753254423243,True,0.0938768074010028,0.1058528134530624,-0.011976006052059604,False,32.18874117067428,Зелёный,0.914084461830349,Выше
2020-11-10 18:00:00+05:00,32.77,31.657100458187863,Вверх,3.515481600350729,True,0.1194056350336225,0.1085633777691744,0.01084225726444811,Выше,32.36936705360685,Зелёный,1.1128995418121406,Выше
2020-11-10 18:30:00+05:00,32.51,31.66558702079297,Вверх,2.666658220018315,True,0.1173053645459774,0.110311775124535,0.006993589421442403,False,32.36936705360685,Зелёный,0.8444129792070285,Выше
2020-11-10 19:00:00+05:00,32.68,31.67568068227761,Вверх,3.17063215719403,True,0.1278842937702222,0.1138262788536725,0.014058014916549705,False,32.36936705360685,Зелёный,1.0043193177223912,Выше
2020-11-10 19:30:00+05:00,32.49,31.683783362055944,Вверх,2.544571867353352,True,0.1195585626066559,0.1149727356042692,0.004585827002386703,False,32.36936705360685,Зелёный,0.8062166379440576,Выше
2020-11-10 20:00:00+05:00,32.26,31.68951686094096,Вверх,1.8002266855705538,True,0.0933254847707374,0.1106432854375628,-0.017317800666825395,Выше,32.74666427612855,Красный,0.5704831390590392,Выше
2020-11-10 20:30:00+05:00,32.1,31.69360127028484,Вверх,1.2822737506204138,True,0.058945432508743,0.1003037148517989,-0.0413582823430559,False,32.49949784851569,Красный,0.40639872971516056,Выше
2020-11-10 21:00:00+05:00,32.235,31.698988322321807,Вверх,1.6909425380643586,True,0.0421069820754596,0.088664368296531,-0.0465573862210714,False,32.49629806366412,Красный,0.5360116776781929,Выше
2020-11-10 21:30:00+05:00,32.31,31.70506804050766,Вверх,1.9079976700237915,True,0.0344175182650445,0.0778149982902337,-0.04339748002518919,False,32.49629806366412,Красный,0.6049319594923439,Выше
2020-11-10 22:00:00+05:00,32.375,31.71173403015435,Вверх,2.091547466987953,True,0.0331859723364829,0.0688891930994835,-0.03570322076300061,False,32.49629806366412,Красный,0.66326596984565,Выше
2020-11-10 22:30:00+05:00,32.395,31.718532696520978,Вверх,2.132719410293602,True,0.0334383398017266,0.0617990224399322,-0.028360682638205598,False,32.49629806366412,Красный,0.6764673034790256,Выше
2020-11-10 23:00:00+05:00,32.435,31.72566172441629,Вверх,2.2358502140801666,True,0.0364458830887173,0.0567283945696892,-0.020282511480971897,False,32.49629806366412,Красный,0.7093382755837112,Выше
2020-11-10 23:30:00+05:00,32.47,31.73306807541713,Вверх,2.3222838801198464,True,0.0411789055148403,0.0536184967587194,-0.012439591243879104,False,32.49629806366412,Красный,0.7369319245828692,Выше
2020-11-11 00:00:00+05:00,32.405,31.73975396521397,Вверх,2.095939481809229,True,0.0392326535066516,0.0507413281083059,-0.0115086746016543,False,32.49629806366412,Красный,0.6652460347860298,Выше
2020-11-11 00:30:00+05:00,32.41,31.746423079987963,Вверх,2.090241531589534,True,0.0376595768220937,0.0481249778510634,-0.0104654010289697,False,32.49629806366412,Красный,0.6635769200120336,Выше
2020-11-11 01:00:00+05:00,32.4,31.75292633292341,Вверх,2.0378394743594512,True,0.0352002195698375,0.0455400261948182,-0.0103398066249807,False,32.49629806366412,Красный,0.6470736670765902,Выше
2020-11-11 01:30:00+05:00,32.395,31.759315125630643,Вверх,2.0015698444842887,True,0.0324733702175592,0.0429266949993664,-0.010453324781807195,False,32.49629806366412,Красный,0.6356848743693604,Выше
2020-11-11 12:00:00+05:00,32.455,31.76623736318656,Вверх,2.168222282477928,True,0.0347532076741217,0.0412919975343175,-0.0065387898601958,False,32.49629806366412,Красный,0.6887626368134399,Выше
2020-11-11 12:30:00+05:00,32.535,31.773886742657343,Вверх,2.395404954726038,True,0.0425251235426671,0.0415386227359874,0.0009865008066796965,Выше,32.28759055864813,Зелёный,0.7611132573426538,Выше
2020-11-11 13:00:00+05:00,32.39,31.78001722282991,Вверх,1.9193909584539088,True,0.0365626630574169,0.0405434308002733,-0.0039807677428563976,Выше,32.28759055864813,Зелёный,0.6099827771700923,Выше
2020-11-11 13:30:00+05:00,32.44,31.78658421563757,Вверх,2.055633848323266,True,0.0354631551210289,0.0395273756644244,-0.0040642205433955025,False,32.28759055864813,Зелёный,0.6534157843624264,Выше
2020-11-11 14:00:00+05:00,32.51,31.79378238264616,Вверх,2.2526971114477,True,0.0397816243432771,0.039578225400195,0.00020339894308210593,Выше,32.28759055864813,Зелёный,0.7162176173538377,Выше
2020-11-11 14:30:00+05:00,32.445,31.80026215993326,Вверх,2.0274607700532616,True,0.0375265033710405,0.0391678809943641,-0.0016413776233236005,Выше,32.29966691552904,Зелёный,0.644737840066739,Выше
2020-11-11 15:00:00+05:00,32.43,31.80652820809313,Вверх,1.9602007104573822,True,0.0341354370438367,0.0381613922042586,-0.004025955160421896,False,32.29966691552904,Зелёный,0.6234717919068693,Выше
2020-11-11 15:30:00+05:00,32.405,31.812483151296185,Вверх,1.86252939101258,True,0.0290953088724492,0.0363481755378967,-0.007252866665447503,False,32.29966691552904,Зелёный,0.5925168487038164,Выше
2020-11-11 16:00:00+05:00,32.505,31.81937386620866,Вверх,2.154744265786633,True,0.0327921280102785,0.0356369660323731,-0.0028448380220946062,False,32.29966691552904,Зелёный,0.6856261337913416,Выше
2020-11-11 16:30:00+05:00,32.4,31.82515124067425,Вверх,1.80627188533534,True,0.0269387284400863,0.0338973185139157,-0.006958590073829398,False,32.29966691552904,Зелёный,0.5748487593257501,Выше
2020-11-11 17:00:00+05:00,32.43,31.83116963628943,Вверх,1.8812703728859101,True,0.0244388999626963,0.0320056348036718,-0.0075667348409755,False,32.29966691552904,Зелёный,0.5988303637105687,Выше
2020-11-11 17:30:00+05:00,32.26,31.83543660508257,Вверх,1.3336188857219742,True,0.0086405853440822,0.0273326249117539,-0.018692039567671702,False,32.578654442244336,Красный,0.42456339491742767,Выше
2020-11-11 18:00:00+05:00,32.28,31.83986012144991,Вверх,1.3823549377139936,True,-0.0022400381929372,0.0214180922908157,-0.023658130483752902,False,32.4442889980199,Красный,0.4401398785500916,Выше
2020-11-11 18:30:00+05:00,32.38,31.84523464760464,Вверх,1.6792633444627028,True,-0.0027620077653338,0.0165820722795858,-0.0193440800449196,False,32.4442889980199,Красный,0.534765352395361,Выше
2020-11-11 19:00:00+05:00,32.41,31.850854203349865,Вверх,1.7555127190005608,True,-0.0007463200198785,0.0131163938196929,-0.0138627138395714,False,32.4442889980199,Красный,0.5591457966501316,Выше
2020-11-11 19:30:00+05:00,32.38,31.85611933565484,Вверх,1.644521289066156,True,-0.0015517348059788,0.0101827680945585,-0.0117345029005373,False,32.4442889980199,Красный,0.5238806643451639,Выше
2020-11-11 20:00:00+05:00,32.305,31.86058580992693,Вверх,1.394871370929409,True,-0.008147980181917,0.0065166184392634,-0.0146645986211804,False,32.4442889980199,Красный,0.4444141900730685,Выше
2020-11-11 20:30:00+05:00,32.3,31.864958090425176,Вверх,1.3652674776482532,True,-0.0136219846196752,0.0024888978274757,-0.0161108824471509,False,32.4442889980199,Красный,0.4350419095748208,Выше
2020-11-11 21:00:00+05:00,32.315,31.86943611937617,Вверх,1.3980915098555182,True,-0.0165589170467583,-0.001320665147371,-0.015238251899387302,False,32.4442889980199,Красный,0.44556388062382624,Выше
2020-11-11 21:30:00+05:00,32.285,31.87357108336248,Вверх,1.2908152511730158,True,-0.0210643892668755,-0.0052694099712719,-0.0157949792956036,False,32.4442889980199,Красный,0.41142891663751513,Выше
2020-11-11 22:00:00+05:00,32.31,31.87791365964743,Вверх,1.3554410899215406,True,-0.0223599656300166,-0.0086875211030209,-0.013672444526995701,False,32.4442889980199,Красный,0.43208634035257276,Выше
2020-11-11 22:30:00+05:00,32.34,31.88251153368079,Вверх,1.434919786152731,True,-0.0207270415198905,-0.0110954251863948,-0.0096316163334957,False,32.4442889980199,Красный,0.45748846631921225,Выше
2020-11-11 23:00:00+05:00,32.35,31.887163160211333,Вверх,1.4514832738905856,True,-0.0184137586242627,-0.0125590918739684,-0.005854666750294299,False,32.4442889980199,Красный,0.4628368397886682,Выше
2020-11-11 23:30:00+05:00,32.35,31.89176850190077,Вверх,1.4368331379049109,True,-0.016391514092092,-0.0133255763175931,-0.0030659377744989003,False,32.4442889980199,Красный,0.4582314980992308,Выше
2020-11-12 00:00:00+05:00,32.35,31.8963280192948,Вверх,1.4223329419949722,True,-0.0146203365914701,-0.0135845283723685,-0.0010358082191015989,False,32.4442889980199,Красный,0.4536719807052023,Выше
2020-11-12 00:30:00+05:00,32.3,31.900344655918733,Вверх,1.2528245333772992,True,-0.0170546523776948,-0.0142785531734338,-0.0027760992042609994,False,32.4442889980199,Красный,0.399655344081264,Выше
2020-11-12 01:00:00+05:00,32.32,31.90452033098422,Вверх,1.3022595691942938,True,-0.0171720832372415,-0.0148572591861953,-0.0023148240510461986,False,32.4442889980199,Красный,0.41547966901578093,Выше
2020-11-12 01:30:00+05:00,32.315,31.9086047058003,Вверх,1.273622892466443,True,-0.017467254614516,-0.0153792582718594,-0.0020879963426565992,False,32.42135462435083,Красный,0.40639529419969733,Выше
2020-11-12 12:00:00+05:00,32.26,31.912101176389356,Вверх,1.090178367408912,True,-0.02188692159541,-0.0166807909365696,-0.005206130658840399,False,32.34571916191575,Красный,0.3478988236106417,Выше
2020-11-12 12:30:00+05:00,32.19,31.914866338813344,Вверх,0.8620862085580778,True,-0.0306842456220834,-0.0194814818736723,-0.011202763748411101,False,32.34571916191575,Красный,0.27513366118665417,Выше
2020-11-12 13:00:00+05:00,32.35,31.91919602698436,Вверх,1.3496705012602523,True,-0.0244635251800602,-0.0204778905349499,-0.0039856346451103,False,32.08814247884824,Зелёный,0.4308039730156423,Выше
2020-11-12 13:30:00+05:00,32.425,31.924228902337745,Вверх,1.568623941377583,True,-0.0133280487633129,-0.0190479221806225,0.005719873417309602,Ниже,32.19582823096342,Зелёный,0.5007710976622519,Выше
2020-11-12 14:00:00+05:00,32.535,31.9303062266926,Вверх,1.8937925900688466,True,0.0043231427171974,-0.0143737092010585,0.0186968519182559,False,32.28224540786707,Зелёный,0.604693773307396,Выше
2020-11-12 14:30:00+05:00,32.51,31.93607432393944,Вверх,1.7971077792436758,True,0.0161088552136874,-0.0082771963181093,0.0243860515317967,False,32.35502086708037,Зелёный,0.5739256760605578,Выше
2020-11-12 15:00:00+05:00,32.5,31.94168552469626,Вверх,1.7479180141325614,True,0.0243613780503935,-0.0017494814444087,0.026110859494802203,False,32.35502086708037,Зелёный,0.5583144753037388,Выше
2020-11-12 15:30:00+05:00,32.52,31.947439897584857,Вверх,1.7921940044354852,True,0.0321448488990867,0.0050293846242903,0.0271154642747964,False,32.35502086708037,Зелёный,0.5725601024151459,Выше
2020-11-12 16:00:00+05:00,32.51,31.953037510544213,Вверх,1.7430658643078678,True,0.0370789659583294,0.0114393008910981,0.025639665067231303,False,32.35502086708037,Зелёный,0.5569624894557847,Выше
2020-11-12 16:30:00+05:00,32.5,31.958479923374615,Вверх,1.6944487908178465,True,0.0397244540707504,0.0170963315270286,0.022628122543721797,False,32.35502086708037,Зелёный,0.5415200766253854,Выше
2020-11-12 17:00:00+05:00,32.365,31.96252489926144,Вверх,1.2592093459671054,True,0.030575198841781,0.0197921049899791,0.0107830938518019,False,32.35502086708037,Зелёный,0.4024751007385632,Выше
2020-11-12 17:30:00+05:00,32.35,31.96638037290063,Вверх,1.2000721464998365,True,0.0218619624220295,0.0202060764763891,0.0016558859456403986,False,32.52407471287795,Красный,0.38361962709937103,Выше
2020-11-12 18:00:00+05:00,32.365,31.97034673734938,Вверх,1.2344353531504468,True,0.0159827947151356,0.0193614201241384,-0.0033786254090028,Выше,32.52407471287795,Красный,0.3946532626506212,Выше
2020-11-12 18:30:00+05:00,32.46,31.975218909117054,Вверх,1.5161150022485765,True,0.0187728166574174,0.0192436994307942,-0.00047088277337679896,False,32.52407471287795,Красный,0.4847810908829473,Выше
2020-11-12 19:00:00+05:00,32.47,31.98014210405121,Вверх,1.5317564704840168,True,0.0215425168497276,0.0197034629145809,0.0018390539351466999,Выше,32.52407471287795,Красный,0.4898578959487878,Выше
2020-11-12 19:30:00+05:00,32.445,31.9847675557522,Вверх,1.4389113300435152,True,0.0214727091160611,0.0200573121548769,0.001415396961184201,False,32.52407471287795,Красный,0.46023244424780074,Выше
2020-11-12 20:00:00+05:00,32.455,31.989446485545717,Вверх,1.4553346981625328,True,0.0219710340071728,0.0204400565253361,0.0015309774818367018,False,32.52407471287795,Красный,0.4655535144542817,Выше
2020-11-12 20:30:00+05:00,32.505,31.99457637126168,Вверх,1.5953442321455402,True,0.026099681326329,0.0215719814855347,0.004527699840794302,False,32.52407471287795,Красный,0.510423628738323,Выше
2020-11-12 21:00:00+05:00,32.51,31.99970496458246,Вверх,1.5946866884627129,True,0.0294358046524436,0.0231447461189165,0.0062910585335271,False,32.52407471287795,Красный,0.5102950354175384,Выше
2020-11-12 21:30:00+05:00,32.445,32.004135760954775,Вверх,1.37752271249606,True,0.0265289405386823,0.0238215850028696,0.0027073555358127013,False,32.52407471287795,Красный,0.44086423904522576,Выше
2020-11-12 22:00:00+05:00,32.485,32.00892047975125,Вверх,1.4873338841586972,True,0.0271400419818803,0.0244852763986718,0.0026547655832084988,False,32.52407471287795,Красный,0.4760795202487529,Выше
2020-11-12 22:30:00+05:00,32.475,32.013558086917904,Вверх,1.4413952733066009,True,0.0265118161384307,0.0248905843466236,0.0016212317918070998,False,32.52407471287795,Красный,0.4614419130820977,Выше
2020-11-12 23:00:00+05:00,32.48,32.018199299983394,Вверх,1.4423069070497123,True,0.0261163478435548,0.0251357370460098,0.000980610797545002,False,32.52407471287795,Красный,0.4618007000166031,Выше
2020-11-12 23:30:00+05:00,32.49,32.02289383431192,Вверх,1.458663192979718,True,0.0263066066114561,0.0253699109590991,0.0009366956523569996,False,32.52407471287795,Красный,0.4671061656880795,Выше
2020-11-13 00:00:00+05:00,32.48,32.02744215436852,Вверх,1.413031497957904,True,0.0253581585622484,0.0253675604797289,-9.401917480500455e-06,Выше,32.52407471287795,Красный,0.4525578456314747,Выше
2020-11-13 00:30:00+05:00,32.4,32.03114919760864,Вверх,1.1515378362350308,True,0.0179443242380799,0.0238829132313991,-0.005938588993319199,False,32.52407471287795,Красный,0.36885080239135704,Выше
2020-11-13 01:00:00+05:00,32.38,32.03462034987124,Вверх,1.0781449767677702,True,0.0103358292634467,0.0211734964378086,-0.010837667174361899,False,32.52041079212147,Красный,0.3453796501287627,Выше
2020-11-13 01:30:00+05:00,32.3,32.03726094340486,Вверх,0.8201046183669591,True,-0.0021247959077115,0.0165138379687046,-0.018638633876416098,False,32.47461971290932,Красный,0.2627390565951373,Выше
2020-11-13 12:00:00+05:00,32.38,32.040671282276456,Вверх,1.0590562062014248,True,-0.0054814133961471,0.0121147876957342,-0.0175962010918813,False,32.47461971290932,Красный,0.33932871772354645,Выше
2020-11-13 12:30:00+05:00,32.69,32.04713226454236,Вверх,2.0060070590744177,True,0.0166805690661533,0.0130279439698181,0.0036526250963352016,Выше,32.34220803254345,Зелёный,0.6428677354576351,Выше
2020-11-13 13:00:00+05:00,32.89,32.05551900817876,Вверх,2.603236564687426,True,0.0498082696384258,0.0203840091035396,0.029424260534886202,False,32.4887372292891,Зелёный,0.8344809918212377,Выше
2020-11-13 13:30:00+05:00,32.885,32.063772550385934,Вверх,2.561231521723039,True,0.0747965447917593,0.0312665162411835,0.043530028550575806,False,32.63486350636019,Зелёный,0.8212274496140637,Выше
2020-11-13 14:00:00+05:00,32.63,32.0694066543622,Вверх,1.7480627305636522,True,0.0731799906265138,0.0396492111182496,0.0335307795082642,False,33.042622844275826,Красный,0.5605933456378054,Выше
2020-11-13 14:30:00+05:00,32.645,32.07513395133372,Вверх,1.7766599183371108,True,0.072276080774813,0.0461745850495623,0.026101495725250695,False,32.93661055984824,Красный,0.5698660486662845,Выше
2020-11-13 15:00:00+05:00,32.67,32.08105301649458,Вверх,1.8358093894318674,True,0.0727385322496942,0.0514873744895887,0.021251157760105506,False,32.90644950386342,Красный,0.5889469835054228,Выше
2020-11-13 15:30:00+05:00,32.71,32.087311195434935,Вверх,1.940607615179845,True,0.075462805829737,0.0562824607576184,0.019180345072118597,False,32.90644950386342,Красный,0.6226888045650654,Выше
2020-11-13 16:00:00+05:00,32.64,32.09281058652514,Вверх,1.70502178984788,True,0.0711531876280062,0.0592566061316959,0.011896581496310295,False,32.90644950386342,Красный,0.5471894134748609,Выше
2020-11-13 16:30:00+05:00,32.66,32.09845426228111,Вверх,1.7494479115113024,True,0.0685612851892898,0.0611175419432147,0.007443743246075107,False,32.90644950386342,Красный,0.5615457377188875,Выше
2020-11-13 17:00:00+05:00,32.69,32.10434028952209,Вверх,1.82423842133597,True,0.0681424296012522,0.0625225194748222,0.005619910126430011,False,32.90644950386342,Красный,0.5856597104779055,Выше
2020-11-13 17:30:00+05:00,32.68,32.110068246840285,Вверх,1.7749316157738073,True,0.066239993689237,0.0632660143177052,0.002973979371531793,False,32.90644950386342,Красный,0.5699317531597146,Выше
2020-11-13 18:00:00+05:00,32.735,32.11628647323989,Вверх,1.9264790382152015,True,0.068382073887065,0.0642892262315772,0.0040928476554878,False,32.90644950386342,Красный,0.6187135267601107,Выше
2020-11-13 18:30:00+05:00,32.63,32.12139805062059,Вверх,1.583374262159753,True,0.0609049905789547,0.0636123791010527,-0.002707388522098002,Выше,32.90644950386342,Красный,0.5086019493794112,Выше
2020-11-13 19:00:00+05:00,32.7,32.12715528394775,Вверх,1.7830545872776744,True,0.0599368484933577,0.0628772729795137,-0.0029404244861560014,False,32.90644950386342,Красный,0.5728447160522521,Выше
2020-11-13 19:30:00+05:00,32.925,32.13509403734131,Вверх,2.4580788895181303,True,0.0764440095545779,0.0655906202945265,0.010853389260051402,Выше,32.560087956954426,Зелёный,0.7899059626586862,Выше
2020-11-13 20:00:00+05:00,32.84,32.14210802701951,Вверх,2.1712700747375573,True,0.0817251869153068,0.0688175336186826,0.012907653296624189,False,32.624329161258984,Зелёный,0.6978919729804929,Выше
2020-11-13 20:30:00+05:00,32.995,32.15059451431285,Вверх,2.62640706476278,True,0.0972961926889226,0.0745132654327306,0.022782927256192007,False,32.667646245133085,Зелёный,0.8444054856871475,Выше
2020-11-13 21:00:00+05:00,32.985,32.15889705645899,Вверх,2.5688161571296484,True,0.1075891893185243,0.0811284502098894,0.026460739108634904,False,32.69363162061978,Зелёный,0.8261029435410094,Выше
2020-11-13 21:30:00+05:00,33.125,32.16851002107134,Вверх,2.9733735827432755,True,0.1255955064577421,0.0900218614594599,0.035573644998282195,False,32.7802684585578,Зелёный,0.9564899789286585,Выше
2020-11-13 22:00:00+05:00,33.06,32.17738056812536,Вверх,2.742980989412668,True,0.1330865468778412,0.0986347985431362,0.03445174833470499,False,32.83349161270202,Зелёный,0.8826194318746445,Выше
2020-11-13 22:30:00+05:00,33.045,32.18601359729824,Вверх,2.6688188647688413,True,0.1362423586385688,0.1061563105622227,0.030086048076346086,False,32.83349161270202,Зелёный,0.8589864027017597,Выше
2020-11-13 23:00:00+05:00,33.075,32.19485923314602,Вверх,2.7337928719621183,True,0.1395554036518049,0.1128361291801391,0.026719274471665805,False,32.83772820628864,Зелёный,0.8801407668539838,Выше
2020-11-13 23:30:00+05:00,33.095,32.20381585769183,Вверх,2.7673246743376585,True,0.142156160814288,0.1187001355069689,0.023456025307319106,False,32.87620538565977,Зелёный,0.8911841423081697,Выше
2020-11-14 00:00:00+05:00,33.08,32.21253410786405,Вверх,2.6929452033522936,True,0.1413771966445622,0.1232355477344876,0.018141648910074595,False,32.90733484709379,Зелёный,0.8674658921359466,Выше
2020-11-14 00:30:00+05:00,33.06,32.220966604303214,Вверх,2.6039982164431166,True,0.1375603193418513,0.1261005020559603,0.011459817285891016,False,32.90733484709379,Зелёный,0.8390333956967879,Выше
2020-11-14 01:00:00+05:00,33.055,32.2292654440614,Вверх,2.562064460860225,True,0.132603389040959,0.1274010794529601,0.005202309587998916,False,32.90874122614598,Зелёный,0.8257345559386025,Выше
2020-11-14 01:30:00+05:00,33.025,32.23718320083691,Вверх,2.443814008981518,True,0.1248154420640048,0.126883951975169,-0.002068509911164196,Выше,32.90874122614598,Зелёный,0.7878167991630889,Выше
2020-11-16 12:00:00+05:00,33.41,32.24885301973406,Вверх,3.600583808532349,True,0.1480036267166653,0.1311078869234683,0.016895739793197,Выше,33.09693039317823,Зелёный,1.16114698026594,Выше
2020-11-16 12:30:00+05:00,33.63,32.26259577575661,Вверх,4.238357737076184,True,0.182034214387933,0.1412931524163612,0.04074106197157179,False,33.32298735386041,Зелёный,1.3674042242433941,Выше
2020-11-16 13:00:00+05:00,33.675,32.276649549132166,Вверх,4.332390351542633,True,0.210211635333934,0.1550768489998758,0.05513478633405819,False,33.45343861847437,Зелёный,1.3983504508678308,Выше
2020-11-16 13:30:00+05:00,33.36,32.287429155608464,Вверх,3.3219456377970094,True,0.2047641829658815,0.165014315793077,0.039749867172804515,False,33.79215524337307,Красный,1.0725708443915352,Выше
2020-11-16 14:00:00+05:00,33.3,32.297504487393454,Вверх,3.1039410893118484,True,0.1933764162049769,0.170686735875457,0.0226896803295199,False,33.58618971903576,Красный,1.0024955126065436,Выше
2020-11-16 14:30:00+05:00,33.455,32.3090218556781,Вверх,3.546929242986362,True,0.1946153292418202,0.1754724545487296,0.019142874693090617,False,33.58618971903576,Красный,1.1459781443219015,Выше
2020-11-16 15:00:00+05:00,33.39,32.31977785711413,Вверх,3.3113536473466008,True,0.1881829639089502,0.1780145564207738,0.010168407488176406,False,33.58618971903576,Красный,1.0702221428858678,Выше
2020-11-16 15:30:00+05:00,33.235,32.32888454510305,Вверх,2.8028045744442496,True,0.1686341538742652,0.1761384759114721,-0.007504322037206912,Выше,33.58618971903576,Красный,0.9061154548969483,Выше
2020-11-16 16:00:00+05:00,33.33,32.33884589291297,Вверх,3.064902533532397,True,0.1589747254553586,0.1727057258202494,-0.013731000364890805,False,33.57106432465935,Красный,0.9911541070870271,Выше
2020-11-16 16:30:00+05:00,33.425,32.349653396466074,Вверх,3.324136399097851,True,0.157173467002309,0.1695992740566613,-0.012425807054352311,False,33.57106432465935,Красный,1.075346603533923,Выше
2020-11-16 17:00:00+05:00,33.42,32.360303611426616,Вверх,3.27467999465617,True,0.1535722136045905,0.1663938619662472,-0.012821648361656696,False,33.57106432465935,Красный,1.0596963885733857,Выше
2020-11-16 17:30:00+05:00,33.445,32.37109661031789,Вверх,3.317476088653156,True,0.1509949100752763,0.163314071588053,-0.012319161512776705,False,33.57106432465935,Красный,1.0739033896821084,Выше
2020-11-16 18:00:00+05:00,33.43,32.38163296245403,Вверх,3.2375360401420665,True,0.1460583342608501,0.1598629241226124,-0.013804589861762306,False,33.57106432465935,Красный,1.0483670375459724,Выше
2020-11-16 18:30:00+05:00,33.55,32.39325850511618,Вверх,3.570932805976041,True,0.1500988137878849,0.1579101020556669,-0.007811288267782018,False,33.57106432465935,Красный,1.1567414948838177,Выше
2020-11-16 19:00:00+05:00,33.58,32.405066878199605,Вверх,3.625769779203342,True,0.1539470662516535,0.1571174948948643,-0.003170428643210793,False,33.313596219238704,Зелёный,1.174933121800393,Выше
2020-11-16 19:30:00+05:00,33.5,32.415961735132946,Вверх,3.3441496313594046,True,0.1488259299625696,0.1554591819084053,-0.006633251945835694,False,33.313596219238704,Зелёный,1.0840382648670541,Выше
2020-11-16 20:00:00+05:00,33.55,32.42724569796745,Вверх,3.4623794832594172,True,0.1471062256909192,0.1537885906649081,-0.0066823649739889135,False,33.313596219238704,Зелёный,1.122754302032547,Выше
2020-11-16 20:30:00+05:00,33.58,32.43871589002748,Вверх,3.5182777081610004,True,0.1464756172081038,0.1523259959735473,-0.0058503787654435035,False,33.313596219238704,Зелёный,1.141284109972517,Выше
2020-11-16 21:00:00+05:00,33.5,32.44927593092273,Вверх,3.2380508930739356,True,0.1379305465482616,0.1494469060884901,-0.011516359540228505,False,33.31687247944251,Зелёный,1.050724069077269,Выше
2020-11-16 21:30:00+05:00,33.57,32.460427414197135,Вверх,3.4182315951809517,True,0.135247878121909,0.1466071004951739,-0.011359222373264893,False,33.33168523149826,Зелёный,1.1095725858028658,Выше
2020-11-16 22:00:00+05:00,33.53,32.47106992748871,Вверх,3.2611493088339527,True,0.1284139028235174,0.1429684609608426,-0.014554558137325202,False,33.36101670834844,Зелёный,1.0589300725112878,Выше
2020-11-16 22:30:00+05:00,33.53,32.48160654512564,Вверх,3.2276527129834496,True,0.1215962423723766,0.1386940172431494,-0.017097774870772797,False,33.36101670834844,Зелёный,1.0483934548743576,Выше
2020-11-16 23:00:00+05:00,33.5,32.49173981333335,Вверх,3.103127725567024,True,0.1124758959519951,0.1334503929849186,-0.020974497032923492,False,33.36101670834844,Зелёный,1.0082601866666465,Выше
2020-11-16 23:30:00+05:00,33.58,32.50256827290218,Вверх,3.3149125879879664,True,0.1104303151844305,0.128846377424821,-0.018416062240390496,False,33.36101670834844,Зелёный,1.0774317270978173,Выше
2020-11-17 00:00:00+05:00,33.58,32.51328898660465,Вверх,3.2808462220934627,True,0.107569187059596,0.124590939351776,-0.01702175229217999,False,33.39943881234741,Зелёный,1.0667110133953486,Выше
2020-11-17 00:30:00+05:00,33.69,32.52499755390212,Вверх,3.581867897659876,True,0.1128766315537035,0.1222480777921615,-0.009371446238457995,False,33.46349493111266,Зелёный,1.1650024460978798,Выше
2020-11-17 01:00:00+05:00,33.76,32.53728613545533,Вверх,3.7578852134576004,True,0.1213325879914961,0.1220649798320284,-0.0007323918405322954,False,33.52764543800139,Зелёный,1.2227138645446658,Выше
2020-11-17 01:30:00+05:00,33.775,32.54960169629657,Вверх,3.7647105950388706,True,0.1277714987277534,0.1232062836111734,0.004565215116579993,Выше,33.56063089420126,Зелёный,1.2253983037034288,Выше
2020-11-17 12:00:00+05:00,33.18,32.55587431623392,Вверх,1.917090838057642,True,0.0838957564415991,0.1153441781772586,-0.031448421735659496,Выше,33.66968219521886,Красный,0.6241256837660814,Выше
2020-11-17 12:30:00+05:00,33.345,32.563726313087315,Вверх,2.3992146334883393,True,0.0617264910442827,0.1046206407506634,-0.042894149706380696,False,33.57721397569698,Красный,0.7812736869126837,Выше
2020-11-17 13:00:00+05:00,33.53,32.57334097663869,Вверх,2.9369385966499983,True,0.0584118074305024,0.0953788740866312,-0.036967066656128804,False,33.57721397569698,Красный,0.9566590233613113,Выше
2020-11-17 13:30:00+05:00,33.385,32.58141718582637,Вверх,2.4663838579839505,True,0.0435822198991218,0.0850195432491293,-0.0414373233500075,False,33.57721397569698,Красный,0.8035828141736303,Выше
2020-11-17 14:00:00+05:00,33.39,32.5894627859674,Вверх,2.4564296112831374,True,0.0318657941135782,0.0743887934220191,-0.0425229993084409,False,33.57721397569698,Красный,0.8005372140326017,Выше
2020-11-17 14:30:00+05:00,33.45,32.59802534531101,Вверх,2.6135774963790723,True,0.0271094400751792,0.0649329227526511,-0.0378234826774719,False,33.57721397569698,Красный,0.8519746546889948,Выше
2020-11-17 15:00:00+05:00,33.38,32.60580618764622,Вверх,2.374404754473171,True,0.0174899667963757,0.055444331561396,-0.0379543647650203,False,33.57721397569698,Красный,0.7741938123537793,Выше
2020-11-17 15:30:00+05:00,33.28,32.61251458378905,Вверх,2.0467155775309127,True,0.0017768185945001,0.0447108289680169,-0.042934010373516796,False,33.57721397569698,Красный,0.6674854162109511,Выше
2020-11-17 16:00:00+05:00,33.3,32.61935523469662,Вверх,2.0866285075413984,True,-0.0089588595533385,0.0339768912637458,-0.0429357508170843,False,33.57721397569698,Красный,0.6806447653033771,Выше
2020-11-17 16:30:00+05:00,33.27,32.62582931196332,Вверх,1.9744193530751866,True,-0.0196610705289614,0.0232492989052043,-0.0429103694341657,False,33.57721397569698,Красный,0.6441706880366809,Выше
2020-11-17 17:00:00+05:00,33.3,32.63253747801344,Вверх,2.0453895822115222,True,-0.0254287734810461,0.0135136844279542,-0.0389424579090003,False,33.57153228944215,Красный,0.6674625219865575,Выше
2020-11-17 17:30:00+05:00,33.37,32.6398754135556,Вверх,2.236909844763594,True,-0.0240737968938589,0.0059961881635916,-0.030069985057450503,False,33.57153228944215,Красный,0.730124586444397,Выше
2020-11-17 18:00:00+05:00,33.315,32.64659307113216,Вверх,2.0474017837373646,True,-0.027125324674337,-0.0006281144039941,-0.026497210270342898,False,33.57153228944215,Красный,0.6684069288678387,Выше
2020-11-17 18:30:00+05:00,33.23,32.6523981152005,Вверх,1.7689416953746226,True,-0.0359876290644649,-0.0077000173360882,-0.0282876117283767,False,33.53710203900333,Красный,0.577601884799499,Выше
2020-11-17 19:00:00+05:00,33.15,32.65734937773581,Вверх,1.508544421550793,True,-0.0489026808907482,-0.0159405500470202,-0.032962130843727996,False,33.411641835103005,Красный,0.4926506222641862,Выше
2020-11-17 19:30:00+05:00,33.215,32.6628981401464,Вверх,1.6903027327357842,True,-0.0532788305450679,-0.0234082061466298,-0.0298706243984381,False,33.411641835103005,Красный,0.5521018598536003,Выше
2020-11-17 20:00:00+05:00,33.28,32.66903845715987,Вверх,1.8701546531322202,True,-0.0509150864788523,-0.0289095822130743,-0.022005504265778002,False,33.411641835103005,Красный,0.6109615428401298,Выше
2020-11-17 20:30:00+05:00,33.25,32.67481916902893,Вверх,1.7603183295234897,True,-0.0508760837320565,-0.0333028825168707,-0.017573201215185803,False,33.411641835103005,Красный,0.5751808309710711,Выше
2020-11-17 21:00:00+05:00,33.39,32.681935396202775,Вверх,2.1665320465675175,True,-0.0390976504263704,-0.0344618360987707,-0.004635814327599699,False,33.411641835103005,Красный,0.7080646037972258,Выше
2020-11-17 21:30:00+05:00,33.36,32.688682307683344,Вверх,2.0536700929020477,True,-0.0318171382874297,-0.0339328965365025,0.0021157582490727994,Ниже,33.411641835103005,Красный,0.6713176923166557,Выше
2020-11-17 22:00:00+05:00,33.525,32.69700387676112,Вверх,2.532330259860173,True,-0.0125880517023588,-0.0296639275696737,0.017075875867314898,False,33.21435815151103,Зелёный,0.8279961232388757,Выше
2020-11-17 22:30:00+05:00,33.575,32.705740156594345,Вверх,2.6578204292080265,True,0.0066095295446686,-0.0224092361468053,0.0290187656914739,False,33.35767233635992,Зелёный,0.8692598434056578,Выше
2020-11-17 23:00:00+05:00,33.555,32.7141905032949,Вверх,2.5701675137595537,True,0.0199796056835666,-0.0139314677807309,0.0339110734642975,False,33.37365510272393,Зелёный,0.8408094967050985,Выше
2020-11-17 23:30:00+05:00,33.605,32.72305427938152,Вверх,2.6951815472010523,True,0.0342156527361652,-0.0043020436773516,0.038517696413516794,False,33.382289592451535,Зелёный,0.8819457206184751,Выше
2020-11-18 00:00:00+05:00,33.695,32.73272538107922,Вверх,2.9397937621076067,True,0.0521588160652797,0.0069901282711745,0.045168687794105204,False,33.436810633206385,Зелёный,0.9622746189207803,Выше
2020-11-18 00:30:00+05:00,33.735,32.74269826285953,Вверх,3.0306046532092115,True,0.0688133307411931,0.0193547687651782,0.0494585619760149,False,33.518129569885744,Зелёный,0.9923017371404725,Выше
2020-11-18 01:00:00+05:00,33.67,32.75192514581615,Вверх,2.8031172216486575,True,0.0758923569888025,0.0306622864099031,0.045230070578899405,False,33.518129569885744,Зелёный,0.9180748541838497,Выше
2020-11-18 01:30:00+05:00,33.815,32.76250300506177,Вверх,3.2125048405966465,True,0.0921406840262335,0.0429579659331692,0.0491827180930643,False,33.54655995160745,Зелёный,1.052496994938231,Выше
2020-11-18 12:00:00+05:00,34.555,32.78033879605618,Вверх,5.413797627245184,False,0.1628521575281922,0.0669368042521738,0.09591535327601841,False,33.67890395644671,Зелёный,1.7746612039438219,Выше
2020-11-18 12:30:00+05:00,34.52,32.79764885778697,Вверх,5.251446985365559,False,0.2136049967957944,0.0962704427608979,0.1173345540348965,False,33.99051356080204,Зелёный,1.7223511422130358,Выше
2020-11-18 13:00:00+05:00,34.78,32.817373744774166,Вверх,5.9804488637314055,False,0.2716751130676087,0.1313513768222401,0.14032373624536862,False,34.18296220472183,Зелёный,1.9626262552258353,Выше
2020-11-18 13:30:00+05:00,34.61,32.83521082194059,Вверх,5.40514019442046,False,0.3005143766644096,0.165183976790674,0.1353303998737356,False,34.296915984249644,Зелёный,1.7747891780594074,Выше
2020-11-18 14:00:00+05:00,34.62,32.852969918239694,Вверх,5.378600735817383,False,0.3204822968423642,0.1962436408010121,0.12423865604135209,False,34.296915984249644,Зелёный,1.7670300817603035,Выше
2020-11-18 14:30:00+05:00,34.705,32.87139807825721,Вверх,5.578107500561793,False,0.3392550856217653,0.2248459297651627,0.1144091558566026,False,34.296915984249644,Зелёный,1.8336019217427904,Выше
2020-11-18 15:00:00+05:00,34.9,32.891583172005895,Вверх,6.10617256545885,False,0.365652511752387,0.2530072461626076,0.11264526558977939,False,34.40970675251799,Зелёный,2.008416827994104,Выше
2020-11-18 15:30:00+05:00,34.8,32.91057239417499,Вверх,5.741096153524893,False,0.3741900677037009,0.2772438104708262,0.0969462572328747,False,34.4242360772662,Зелёный,1.8894276058250057,Выше
2020-11-18 16:00:00+05:00,34.875,32.93011893751654,Вверх,5.906085751387013,False,0.3825976677487048,0.298314581926402,0.08428308582230282,False,34.49531246953957,Зелёный,1.9448810624834607,Выше
2020-11-18 16:30:00+05:00,34.94,32.95011775405866,Вверх,6.03907476384127,False,0.3900099165845461,0.3166536488580308,0.07335626772651527,False,34.53303122258562,Зелёный,1.9898822459413381,Выше
2020-11-18 17:00:00+05:00,34.815,32.96867379630684,Вверх,5.6002440835214475,False,0.3814011666230641,0.3296031524110375,0.05179801421202662,False,34.53303122258562,Зелёный,1.8463262036931596,Выше
2020-11-18 17:30:00+05:00,34.795,32.98684619634359,Вверх,5.481438852607963,False,0.3687145258655135,0.3374254271019327,0.031289098763580825,False,34.53303122258562,Зелёный,1.8081538036564098,Выше
2020-11-18 18:00:00+05:00,34.8,33.00488752772326,Вверх,5.4389292215248,False,0.3549718355185405,0.3409347087852543,0.01403712673328622,False,34.53303122258562,Зелёный,1.7951124722767346,Выше
2020-11-18 18:30:00+05:00,34.745,33.02220207968622,Вверх,5.2170897511815815,False,0.3357720429615796,0.3399021756205193,-0.004130132658939689,Выше,34.53303122258562,Зелёный,1.7227979203137807,Выше
2020-11-18 19:00:00+05:00,34.79,33.03979210874407,Вверх,5.297272711327792,False,0.3204927520071337,0.3360202908978422,-0.015527538890708514,False,34.53303122258562,Зелёный,1.7502078912559327,Выше
2020-11-18 19:30:00+05:00,34.575,33.05506780915457,Вверх,4.59818203859345,True,0.2877184613504369,0.3263599249883612,-0.03864146363792431,False,34.53303122258562,Зелёный,1.5199321908454309,Выше
2020-11-18 20:00:00+05:00,34.84,33.072828328466464,Вверх,5.343273499268577,False,0.2799013565755288,0.3170682113057947,-0.03716685473026593,False,34.53303122258562,Зелёный,1.7671716715335393,Выше
2020-11-18 20:30:00+05:00,34.9,33.09100914111854,Вверх,5.466714088914336,False,0.2753734100245282,0.3087292510495415,-0.03335584102501332,False,34.53303122258562,Зелёный,1.808990858881458,Выше
2020-11-18 21:00:00+05:00,34.84,33.10841203523676,Вверх,5.230054413121176,False,0.263901390247824,0.299763678889198,-0.03586228864137403,False,34.53303122258562,Зелёный,1.7315879647632428,Выше
2020-11-18 21:30:00+05:00,34.785,33.12509450254784,Вверх,5.011021168028623,False,0.2475184529270677,0.2893146336967719,-0.041796180769704205,False,34.53303122258562,Зелёный,1.6599054974521579,Выше
2020-11-18 22:00:00+05:00,34.735,33.14111346272149,Вверх,4.809393441386263,True,0.2278734911751669,0.277026405192451,-0.04915291401728408,False,34.53303122258562,Зелёный,1.5938865372785074,Выше
2020-11-18 22:30:00+05:00,34.755,33.157172035231724,Вверх,4.818951275671154,True,0.2114807320684093,0.2639172705676427,-0.05243653849923338,False,34.53303122258562,Зелёный,1.5978279647682783,Выше
2020-11-18 23:00:00+05:00,34.755,33.17307082095081,Вверх,4.768714924185149,True,0.1962273654512216,0.2503792895443585,-0.054151924093136905,False,34.53303122258562,Зелёный,1.5819291790491903,Выше
2020-11-18 23:30:00+05:00,34.72,33.18846315109061,Вверх,4.614666373483648,True,0.1792484900052571,0.2361531296365382,-0.05690463963128109,False,34.53303122258562,Зелёный,1.53153684890939,Выше
2020-11-19 00:00:00+05:00,34.7,33.203503318741454,Вверх,4.507044533502171,True,0.1623077928324363,0.2213840622757178,-0.05907626944328151,False,34.53303122258562,Зелёный,1.4964966812585487,Выше
2020-11-19 00:30:00+05:00,34.725,33.218642589201735,Вверх,4.534674789173752,True,0.1491798073798591,0.2069432112965461,-0.05776340391668702,False,34.53303122258562,Зелёный,1.506357410798266,Выше
2020-11-19 01:00:00+05:00,34.7,33.233382463936046,Вверх,4.413085359744799,True,0.1351999919126854,0.192594567419774,-0.0573945755070886,False,34.53303122258562,Зелёный,1.466617536063957,Выше
2020-11-19 01:30:00+05:00,34.38,33.244791593648124,Вверх,3.4146955114881097,True,0.0971793388610464,0.1735115217080285,-0.0763321828469821,False,34.75083757792506,Красный,1.1352084063518788,Выше
2020-11-19 12:00:00+05:00,35.835,33.270564811621774,Вверх,7.70781981880404,False,0.1823519971384115,0.1752796167941051,0.007072380344306406,Выше,34.73224617986744,Зелёный,2.5644351883782264,Выше
2020-11-19 12:30:00+05:00,36.37,33.30140496274992,Вверх,9.214611337517221,False,0.2896826895535724,0.1981602313459985,0.0915224582075739,False,35.64077156188069,Зелёный,3.068595037250077,Выше
2020-11-19 13:00:00+05:00,35.97,33.32795814720017,Вверх,7.9274038965443845,False,0.3385636287443319,0.2262409108256652,0.11232271791866669,False,35.64077156188069,Зелёный,2.642041852799828,Выше
2020-11-19 13:30:00+05:00,35.825,33.352804334790214,Вверх,7.412257273464254,False,0.3614354343354407,0.2532798155276203,0.10815561880782038,False,35.64077156188069,Зелёный,2.4721956652097887,Выше
2020-11-19 14:00:00+05:00,35.89,33.37805006280225,Вверх,7.525753998425329,False,0.3804212029970202,0.2787080930215003,0.10171310997551991,False,35.64077156188069,Зелёный,2.5119499371977483,Выше
2020-11-19 14:30:00+05:00,35.89,33.403044589540535,Вверх,7.445295604096532,False,0.3909608086093996,0.3011586361390802,0.08980217247031935,False,35.64077156188069,Зелёный,2.4869554104594656,Выше
2020-11-19 15:00:00+05:00,35.84,33.42729290208242,Вверх,7.217775920368587,False,0.3907743365551752,0.3190817762222993,0.07169256033287591,False,35.64077156188069,Зелёный,2.4127070979175826,Выше
2020-11-19 15:30:00+05:00,35.755,33.45045416673832,Вверх,6.889430624093664,False,0.3793943446431171,0.3311442899064629,0.048250054736654224,False,35.64077156188069,Зелёный,2.3045458332616846,Выше
2020-11-19 16:00:00+05:00,35.75,33.4733352198056,Вверх,6.801427958237452,False,0.3657559538898738,0.3380666227031451,0.027689331186728727,False,35.64077156188069,Зелёный,2.2766647801944018,Выше
2020-11-19 16:30:00+05:00,35.985,33.49832690916077,Вверх,7.423275489496772,False,0.3696488847368826,0.3443830751098926,0.025265809626990043,False,35.64077156188069,Зелёный,2.4866730908392327,Выше
2020-11-19 17:00:00+05:00,35.925,33.52247291006464,Вверх,7.166914852555611,False,0.3637000540929449,0.348246470906503,0.01545358318644191,False,35.64077156188069,Зелёный,2.4025270899353544,Выше
2020-11-19 17:30:00+05:00,36.09,33.54802044329784,Вверх,7.5771372591076345,False,0.3680569525446415,0.3522085672341307,0.015848385310510804,False,35.64077156188069,Зелёный,2.5419795567021666,Выше
2020-11-19 18:00:00+05:00,36.055,33.57296551351378,Вверх,7.3929557562829915,False,0.3644840729550083,0.3546636683783062,0.00982040457670208,False,35.69815853008021,Зелёный,2.4820344864862207,Выше
2020-11-19 18:30:00+05:00,35.99,33.597015607906684,Вверх,7.122609996139525,False,0.352345958485003,0.3542001263996456,-0.0018541679146426016,Выше,35.69815853008021,Зелёный,2.392984392093318,Выше
2020-11-19 19:00:00+05:00,35.96,33.62052789041508,Вверх,6.958463344806316,False,0.3364275387893016,0.3506456088775769,-0.014218070088275303,False,35.69815853008021,Зелёный,2.339472109584918,Выше
2020-11-19 19:30:00+05:00,35.99,33.644104727326365,Вверх,6.97267854706283,False,0.3225150727737116,0.3450195016568038,-0.022504428883092176,False,35.69815853008021,Зелёный,2.345895272673637,Выше
2020-11-19 20:00:00+05:00,35.92,33.66675045143257,Вверх,6.692803785200341,False,0.3023555615333038,0.3364867136321038,-0.03413115209880002,False,35.69815853008021,Зелёный,2.2532495485674318,Выше
2020-11-19 20:30:00+05:00,36.1,33.69096188972677,Вверх,7.150398727582208,False,0.2974743996038356,0.3286842508264502,-0.031209851222614604,False,35.69815853008021,Зелёный,2.4090381102732294,Выше
2020-11-19 21:00:00+05:00,35.96,33.713539383361336,Вверх,6.663378149335935,False,0.2790920146208719,0.3187658035853346,-0.039673788964462664,False,35.69815853008021,Зелёный,2.2464606166386645,Выше
2020-11-19 21:30:00+05:00,35.86,33.734897200442326,Вверх,6.299419817202851,False,0.2535321173878273,0.3057190663458332,-0.05218694895800585,False,35.69815853008021,Зелёный,2.1251027995576734,Выше
2020-11-19 22:00:00+05:00,35.9,33.75644051188071,Вверх,6.350075587397471,False,0.2338081851694795,0.2913368901105624,-0.05752870494108292,False,35.69815853008021,Зелёный,2.143559488119287,Выше
2020-11-19 22:30:00+05:00,35.915,33.777918715742594,Вверх,6.326858982171077,False,0.2168870623753918,0.2764469245635283,-0.059559862188136525,False,35.69815853008021,Зелёный,2.1370812842574054,Выше
2020-11-19 23:00:00+05:00,35.99,33.799929474789934,Вверх,6.4795121150875685,False,0.20714103098544,0.2625857458479106,-0.0554447148624706,False,35.69815853008021,Зелёный,2.190070525210068,Выше
2020-11-19 23:30:00+05:00,35.945,33.821273460115414,Вверх,6.27926249550906,False,0.1935549262669766,0.2487795819317239,-0.055224655664747296,False,35.69815853008021,Зелёный,2.1237265398845864,Выше
2020-11-20 00:00:00+05:00,35.945,33.84240506747745,Вверх,6.212900437573047,False,0.1807047880827994,0.235164623161939,-0.054459835079139596,False,35.713085556545366,Зелёный,2.1025949325225497,Выше
2020-11-20 00:30:00+05:00,35.955,33.86342591257718,Вверх,6.176498777242711,False,0.1693754229746034,0.2220067831244719,-0.052631360149868495,False,35.73177700089083,Зелёный,2.0915740874228206,Выше
2020-11-20 01:00:00+05:00,35.965,33.88433709752666,Вверх,6.140485783991381,False,0.1593666563174736,0.2094787577630723,-0.05011210144559869,False,35.74684930080175,Зелёный,2.0806629024733425,Выше
2020-11-20 01:30:00+05:00,35.985,33.905239215959234,Вверх,6.1340395529839515,False,0.1513043273830518,0.1978438716870682,-0.04653954430401641,False,35.75141437072157,Зелёный,2.079760784040765,Выше
2020-11-20 12:00:00+05:00,36.435,33.93041096505417,Вверх,7.3815464172401954,False,0.1791608579628345,0.1941072689422215,-0.014946410979386981,False,35.780522933649415,Зелёный,2.5045890349458304,Выше
2020-11-20 12:30:00+05:00,36.39,33.954884487789954,Вверх,7.171620663547551,False,0.195354312314933,0.1943566776167638,0.0009976346981691864,Выше,36.00872064028447,Зелёный,2.4351155122100465,Выше
2020-11-20 13:00:00+05:00,36.5,33.98020902024976,Вверх,7.41546639177124,False,0.2145901604561544,0.1984033741846419,0.016186786271512488,False,36.10109857625603,Зелёный,2.5197909797502405,Выше
2020-11-20 13:30:00+05:00,36.44,34.00468455238658,Вверх,7.161705746341057,False,0.222429184949064,0.2032085363375264,0.019220648611537605,False,36.10109857625603,Зелёный,2.4353154476134193,Выше
2020-11-20 14:00:00+05:00,36.42,34.02871754191507,Вверх,7.027248250362225,False,0.2244406236833995,0.207454953806701,0.0169856698766985,False,36.10109857625603,Зелёный,2.3912824580849303,Выше
2020-11-20 14:30:00+05:00,36.435,34.05266065095075,Вверх,6.996044665845336,False,0.2246553905130639,0.2108950411479736,0.013760349365090296,False,36.10109857625603,Зелёный,2.3823393490492535,Выше
2020-11-20 15:00:00+05:00,36.355,34.07556950019502,Вверх,6.689339410136427,False,0.2158817133509671,0.2118923755885723,0.003989337762394796,False,36.10109857625603,Зелёный,2.279430499804974,Выше
2020-11-20 15:30:00+05:00,36.265,34.09735487830253,Вверх,6.357223689151398,False,0.1993680721174016,0.2093875148943382,-0.010019442776936616,Выше,36.10109857625603,Зелёный,2.1676451216974684,Выше
2020-11-20 16:00:00+05:00,36.335,34.11962000389157,Вверх,6.4929796869242775,False,0.1897420788760939,0.2054584276906893,-0.01571634881459541,False,36.10109857625603,Зелёный,2.2153799961084317,Выше
2020-11-20 16:30:00+05:00,36.255,34.140867566041905,Вверх,6.192380524216415,False,0.1736562770046887,0.1990979975534892,-0.025441720548800506,False,36.10109857625603,Зелёный,2.1141324339580976,Выше
2020-11-20 17:00:00+05:00,36.265,34.16200321215094,Вверх,6.155952784118502,False,0.1598721726666383,0.191252832576119,-0.03138065990948069,False,36.10109857625603,Зелёный,2.102996787849058,Выше
2020-11-20 17:30:00+05:00,36.11,34.18138626476636,Вверх,5.642292329207328,False,0.1348860832545853,0.1799794827118123,-0.04509339945722701,False,36.10109857625603,Зелёный,1.9286137352336397,Выше
2020-11-20 18:00:00+05:00,36.205,34.20152172481844,Вверх,5.857862966745502,False,0.1213512715128928,0.1682538404720284,-0.04690256895913561,False,36.10109857625603,Зелёный,2.003478275181557,Выше
2020-11-20 18:30:00+05:00,36.17,34.22110857332771,Вверх,5.694997935254722,False,0.1065721310142677,0.1559174985804763,-0.049345367566208595,False,36.10109857625603,Зелёный,1.94889142667229,Выше
2020-11-20 19:00:00+05:00,36.335,34.24214231886675,Вверх,6.1119355840657486,False,0.1069409282758684,0.1461221845195547,-0.03918125624368629,False,36.10109857625603,Зелёный,2.0928576811332533,Выше
2020-11-20 19:30:00+05:00,36.265,34.26227025599245,Вверх,5.845292005007393,False,0.1004271263779656,0.1369831728912369,-0.03655604651327131,False,36.10109857625603,Зелёный,2.002729744007553,Выше
2020-11-20 20:00:00+05:00,36.225,34.28179990518655,Вверх,5.668314091406439,False,0.0909883684650481,0.1277842120059992,-0.03679584354095111,False,36.10109857625603,Зелёный,1.9432000948134487,Выше
2020-11-20 20:30:00+05:00,36.4,34.30287652304539,Вверх,6.113549910444728,False,0.09651653969037,0.1215306775428733,-0.02501413785250331,False,36.10109857625603,Зелёный,2.097123476954607,Выше
2020-11-20 21:00:00+05:00,36.385,34.32359416958226,Вверх,6.005798286254558,False,0.0985512431895188,0.1169347906722024,-0.0183835474826836,False,36.14549839086819,Зелёный,2.0614058304177405,Выше
2020-11-20 21:30:00+05:00,36.335,34.34360815794463,Вверх,5.798435134995294,False,0.0950336890285754,0.112554570343477,-0.017520881314901607,False,36.14549839086819,Зелёный,1.9913918420553713,Выше
2020-11-20 22:00:00+05:00,36.3,34.363074743437714,Вверх,5.636647101645571,False,0.0884027427312119,0.107724204821024,-0.0193214620898121,False,36.14549839086819,Зелёный,1.936925256562283,Выше
2020-11-20 22:30:00+05:00,36.285,34.382198377831365,Вверх,5.534263985270652,False,0.0810035370255164,0.1023800712619225,-0.021376534236406106,False,36.14549839086819,Зелёный,1.9028016221686315,Выше
2020-11-20 23:00:00+05:00,36.255,34.400833219842994,Вверх,5.389889158520419,False,0.0718901589139235,0.0962820887923227,-0.024391929878399193,False,36.14549839086819,Зелёный,1.8541667801570085,Выше
2020-11-20 23:30:00+05:00,36.305,34.41978015297889,Вверх,5.477140872609421,False,0.067919390776197,0.0906095491890976,-0.02269015841290059,False,36.14549839086819,Зелёный,1.8852198470211121,Выше
2020-11-21 00:00:00+05:00,36.33,34.438787315635814,Вверх,5.491519393615642,False,0.0660286819414892,0.0856933757395759,-0.019664693798086705,False,36.14549839086819,Зелёный,1.8912126843641843,Выше
2020-11-21 00:30:00+05:00,36.34,34.45770485478372,Вверх,5.462624841523552,False,0.0645926145417448,0.0814732235000097,-0.016880608958264903,False,36.14549839086819,Зелёный,1.8822951452162826,Выше
2020-11-21 01:00:00+05:00,36.17,34.474742617422685,Вверх,4.91738952597887,True,0.0491701387779386,0.0750126065555955,-0.025842467777656898,False,36.14549839086819,Зелёный,1.6952573825773172,Выше
2020-11-21 01:30:00+05:00,36.29,34.492804879935896,Вверх,5.210347857531042,False,0.0460993086065428,0.0692299469657849,-0.023130638359242096,False,36.14549839086819,Зелёный,1.797195120064103,Выше
2020-11-23 12:00:00+05:00,37.065,34.51839886123007,Вверх,7.377518143317443,False,0.1049914011092241,0.0763822377944728,0.0286091633147513,Выше,36.61368001104773,Зелёный,2.5466011387699297,Выше
2020-11-23 12:30:00+05:00,36.91,34.54219588748649,Вверх,6.854816411284616,False,0.1375707738550957,0.0886199450065974,0.0489508288484983,False,36.64931200994297,Зелёный,2.367804112513504,Выше
2020-11-23 13:00:00+05:00,36.745,34.564114336367226,Вверх,6.309681892638909,False,0.1483657721733138,0.1005691104399406,0.047796661733373186,False,36.64931200994297,Зелёный,2.180885663632772,Выше
2020-11-23 13:30:00+05:00,36.845,34.58680971610487,Вверх,6.529050532358402,False,0.1631098218850439,0.1130772527289613,0.05003256915608259,False,36.64931200994297,Зелёный,2.258190283895132,Выше
2020-11-23 14:00:00+05:00,36.9,34.60982653485009,Вверх,6.617119166557606,False,0.1771900907830073,0.1258998203397705,0.05129027044323678,False,36.64931200994297,Зелёный,2.2901734651499055,Выше
2020-11-23 14:30:00+05:00,36.565,34.629280997189895,Вверх,5.589833074984096,False,0.1594787334719214,0.1326156029662007,0.0268631305057207,False,37.00167989027642,Красный,1.935719002810103,Выше
2020-11-23 15:00:00+05:00,36.68,34.649686161396964,Вверх,5.859544669887941,False,0.1529586816359227,0.1366842187001451,0.016274462935777584,False,36.94876190124878,Красный,2.0303138386030355,Выше
2020-11-23 15:30:00+05:00,36.66,34.66968928416913,Вверх,5.740780367303958,False,0.1445118184409253,0.1382497386483011,0.00626207979262422,False,36.94876190124878,Красный,1.9903107158308657,Выше
2020-11-23 16:00:00+05:00,36.69,34.6897918783565,Вверх,5.765984784969139,False,0.1386402097446577,0.1383278328675725,0.0003123768770852131,False,36.94876190124878,Красный,2.000208121643496,Выше
2020-11-23 16:30:00+05:00,36.695,34.70974419797484,Вверх,5.719592143064507,False,0.132858861509753,0.1372340385960086,-0.004375177086255594,Выше,36.91226992601036,Красный,1.9852558020251578,Выше
2020-11-23 17:00:00+05:00,36.78,34.730343758194,Вверх,5.901629583848902,False,0.1335958808526669,0.1365064070473403,-0.002910526194673385,False,36.91226992601036,Красный,2.049656241805998,Выше
2020-11-23 17:30:00+05:00,36.86,34.75153436756521,Вверх,6.067259103248945,False,0.1390326238608992,0.1370116504100521,0.002020973450847119,Выше,36.91226992601036,Красный,2.108465632434786,Выше
2020-11-23 18:00:00+05:00,36.82,34.77211611515163,Вверх,5.889442788200115,False,0.1385168797920144,0.1373126962864445,0.0012041835055699168,False,36.91226992601036,Красный,2.0478838848483676,Выше
2020-11-23 18:30:00+05:00,36.82,34.79249306922973,Вверх,5.827426412749327,False,0.1365342668629239,0.1371570104017404,-0.0006227435388165004,Выше,36.91226992601036,Красный,2.027506930770272,Выше
2020-11-23 19:00:00+05:00,36.72,34.81167224267023,Вверх,5.481861784825864,False,0.1254477836066527,0.1348151650427229,-0.009367381436070188,False,36.91226992601036,Красный,1.9083277573297721,Выше
2020-11-23 19:30:00+05:00,36.705,34.83051132483271,Вверх,5.3817432011997255,False,0.1141356068832877,0.1306792534108358,-0.01654364652754811,False,36.91226992601036,Красный,1.8744886751672851,Выше
2020-11-23 20:00:00+05:00,36.675,34.848864445978656,Вверх,5.2401579880806315,False,0.1015789372922313,0.1248591901871149,-0.0232802528948836,False,36.91226992601036,Красный,1.8261355540213415,Выше
2020-11-23 20:30:00+05:00,36.7,34.867283705222654,Вверх,5.256263465406777,False,0.0925777980138562,0.1184029117524632,-0.025825113738607006,False,36.91226992601036,Красный,1.8327162947773488,Выше
2020-11-23 21:00:00+05:00,36.575,34.884275907160735,Вверх,4.846665292233316,True,0.0744990957528557,0.1096221485525417,-0.035123052799686,False,36.91226992601036,Красный,1.6907240928392682,Выше
2020-11-23 21:30:00+05:00,36.605,34.901397539925306,Вверх,4.881186944235865,True,0.061879040183669,0.1000735268787672,-0.038194486695098194,False,36.884959637462686,Красный,1.7036024600746913,Выше
2020-11-23 22:00:00+05:00,36.655,34.91884632062257,Вверх,4.971967468329797,True,0.0552749620005954,0.0911138139031328,-0.035838851902537404,False,36.884959637462686,Красный,1.7361536793774306,Выше
2020-11-23 22:30:00+05:00,36.56,34.93517620797956,Вверх,4.650967787731714,True,0.0418925649967576,0.0812695641218578,-0.039376999125100204,False,36.884959637462686,Красный,1.6248237920204431,Выше
2020-11-23 23:00:00+05:00,36.39,34.94965206660663,Вверх,4.121208218749563,True,0.0173691193100182,0.0684894751594899,-0.0511203558494717,False,36.7401505757103,Красный,1.4403479333933689,Выше
2020-11-23 23:30:00+05:00,36.46,34.964680404252334,Вверх,4.276657411019289,True,0.0035417003895332,0.0554999202054985,-0.0519582198159653,False,36.73413551813927,Красный,1.4953195957476666,Выше
2020-11-24 00:00:00+05:00,36.445,34.97940995246873,Вверх,4.189864979205676,True,-0.0085286899372292,0.042694198176953,-0.0512228881141822,False,36.73413551813927,Красный,1.465590047531272,Выше
2020-11-24 00:30:00+05:00,36.495,34.99449045045412,Вверх,4.287845115705643,True,-0.0138997514190251,0.0313754082577573,-0.0452751596767824,False,36.71159976969281,Красный,1.5005095495458747,Выше
2020-11-24 01:00:00+05:00,36.49,35.0093711424894,Вверх,4.229235799421788,True,-0.018348306694861,0.0214306652672336,-0.0397789719620946,False,36.71068979272353,Красный,1.4806288575106024,Выше
2020-11-24 01:30:00+05:00,36.595,35.02514854405667,Вверх,4.4820693735778985,True,-0.0132484761366669,0.0144948369864535,-0.0277433131231204,False,36.71068979272353,Красный,1.5698514559433292,Выше
2020-11-24 12:00:00+05:00,36.56,35.04042069784715,Вверх,4.336646854945466,True,-0.0118939254014804,0.0092170845088667,-0.0211110099103471,False,36.71068979272353,Красный,1.5195793021528488,Выше
2020-11-24 12:30:00+05:00,36.215,35.05210805408748,Вверх,3.3176091552556803,True,-0.0382184919149253,-0.0002700307758916,-0.037948461139033704,False,36.736315358895446,Красный,1.16289194591252,Выше
2020-11-24 13:00:00+05:00,35.975,35.061291058524425,Вверх,2.606033360124732,True,-0.0775529130646077,-0.0157266072336348,-0.0618263058309729,False,36.31568382300591,Красный,0.9137089414755764,Выше
2020-11-24 13:30:00+05:00,36.065,35.07127821217095,Вверх,2.8334347605391508,True,-0.1003071984318566,-0.0326427254732792,-0.06766447295857742,False,36.31568382300591,Красный,0.9937217878290454,Выше
2020-11-24 14:00:00+05:00,36.09,35.08141474737324,Вверх,2.87498454634668,True,-0.1149972260166549,-0.0491136255819543,-0.0658836004347006,False,36.31568382300591,Красный,1.0085852526267658,Выше
2020-11-24 14:30:00+05:00,36.07,35.091251416553604,Вверх,2.7891526917295724,True,-0.1267914387851831,-0.0646491882226001,-0.06214225056258299,False,36.31568382300591,Красный,0.9787485834463965,Выше
2020-11-24 15:00:00+05:00,36.14,35.10168672584163,Вверх,2.958015329200605,True,-0.1290029566091348,-0.077519941899907,-0.051483014709227795,False,36.31568382300591,Красный,1.0383132741583694,Выше
2020-11-24 15:30:00+05:00,36.155,35.11216745493774,Вверх,2.9700033368791927,True,-0.1280689269087034,-0.0876297389016663,-0.040439188007037094,False,36.31568382300591,Красный,1.0428325450622609,Выше
2020-11-24 16:00:00+05:00,36.16,35.122593649415975,Вверх,2.9536723880335396,True,-0.1254788019079811,-0.0951995515029293,-0.030279250405051805,False,36.31568382300591,Красный,1.0374063505840212,Выше
2020-11-24 16:30:00+05:00,36.12,35.132518090715315,Вверх,2.810734792009258,True,-0.1252104270281222,-0.1012017266079678,-0.024008700420154405,False,36.31568382300591,Красный,0.987481909284682,Выше
2020-11-24 17:00:00+05:00,36.13,35.142443283842525,Вверх,2.81015383074269,True,-0.1227755415578286,-0.10551648959794,-0.01725905195988861,False,36.31568382300591,Красный,0.9875567161574779,Выше
2020-11-24 17:30:00+05:00,36.085,35.151821957635136,Вверх,2.654707467196234,True,-0.1230584598753097,-0.1090248836534139,-0.0140335762218958,False,36.31568382300591,Красный,0.9331780423648652,Выше
2020-11-24 18:00:00+05:00,36.18,35.16205258492235,Вверх,2.8950170432147937,True,-0.1142993963362997,-0.1100797861899911,-0.004219610146308589,False,36.31568382300591,Красный,1.01794741507765,Выше
2020-11-24 18:30:00+05:00,36.28,35.173176439798745,Вверх,3.146783066623679,True,-0.0981571169671369,-0.1076952523454202,0.009538135378283297,Ниже,36.31568382300591,Красный,1.1068235602012564,Выше
2020-11-24 19:00:00+05:00,36.45,35.185881151840555,Вверх,3.5926877678699913,True,-0.0708301788064957,-0.1003222376376353,0.029492058831139603,False,36.12272890568958,Зелёный,1.2641188481594483,Выше
2020-11-24 19:30:00+05:00,36.64,35.20034999610085,Вверх,4.089874117895486,True,-0.0334563078395362,-0.0869490516780155,0.0534927438384793,False,36.27245601512062,Зелёный,1.4396500038991533,Выше
2020-11-24 20:00:00+05:00,36.705,35.21532163793069,Вверх,4.230199506298877,True,0.0013916686484165,-0.0692809076127291,0.0706725762611456,False,36.27245601512062,Зелёный,1.4896783620693057,Выше
2020-11-24 20:30:00+05:00,36.84,35.23148759178213,Вверх,4.565553481179341,True,0.0394475856273146,-0.0475352089647203,0.0869827945920349,False,36.4216643722477,Зелёный,1.6085124082178766,Выше
2020-11-24 21:00:00+05:00,37.02,35.24928373514748,Вверх,5.023410626318406,False,0.0831729042218611,-0.021393586327404,0.1045664905492651,False,36.48249793502293,Зелёный,1.770716264852524,Выше
2020-11-24 21:30:00+05:00,37.005,35.2667535487281,Вверх,4.928853031142118,True,0.1152862119045323,0.0059423733189832,0.1093438385855491,False,36.70424814152064,Зелёный,1.7382464512719054,Выше
2020-11-24 22:00:00+05:00,36.98,35.28380077709897,Вверх,4.807303027291638,True,0.1371381058222383,0.0321815198196342,0.10495658600260409,False,36.70424814152064,Зелёный,1.6961992229010292,Выше
2020-11-24 22:30:00+05:00,36.785,35.298738082799474,Вверх,4.210524222464357,True,0.1371401525575137,0.0531732463672101,0.08396690619030359,False,36.70424814152064,Зелёный,1.4862619172005225,Выше
2020-11-24 23:00:00+05:00,36.725,35.31292974366714,Вверх,3.998734363257115,True,0.1307925805973155,0.0686971132132312,0.062095467384084294,False,36.70424814152064,Зелёный,1.4120702563328607,Выше
2020-11-24 23:30:00+05:00,36.715,35.326880691491354,Вверх,3.9293571392024558,True,0.1235311771459066,0.0796639259997663,0.043867251146140304,False,36.70424814152064,Зелёный,1.3881193085086494,Выше
2020-11-25 00:00:00+05:00,36.665,35.34019531147652,Вверх,3.7487192044274185,True,0.1124456766965664,0.0862202761391263,0.02622540055744009,False,37.01059321491348,Красный,1.3248046885234785,Выше
2020-11-25 00:30:00+05:00,36.635,35.35307894021805,Вверх,3.626052095631261,True,0.1000858609405668,0.0889933930994144,0.011092467841152406,False,37.01059321491348,Красный,1.2819210597819506,Выше
2020-11-25 01:00:00+05:00,36.595,35.365436363698464,Вверх,3.4767382018326916,True,0.0860707818047785,0.0884088708404872,-0.0023380890357086875,Выше,36.90020550407991,Красный,1.2295636363015348,Выше
2020-11-25 01:30:00+05:00,36.695,35.378665852616884,Вверх,3.720700358986969,True,0.0820866510652891,0.0871444268854476,-0.005057775820158497,False,36.90020550407991,Красный,1.3163341473831167,Выше
2020-11-25 12:00:00+05:00,37.035,35.395146789406766,Вверх,4.632988868078416,True,0.1051522278241918,0.0907459870731965,0.014406240750995294,Выше,36.651058541695264,Зелёный,1.6398532105932304,Выше
2020-11-25 12:30:00+05:00,37.21,35.41320503030819,Вверх,5.073799358612226,False,0.1359853466202096,0.0997938589825991,0.036191487637610514,False,36.79220268752574,Зелёный,1.7967949696918097,Выше
2020-11-25 13:00:00+05:00,37.095,35.429939308613584,Вверх,4.6995866317547215,True,0.1494188687923596,0.1097188609445512,0.0397000078478084,False,36.872232418773166,Зелёный,1.6650606913864152,Выше
2020-11-25 13:30:00+05:00,37.095,35.446507076687084,Вверх,4.650649836234829,True,0.1582409289694908,0.1194232745495391,0.03881765441995169,False,36.872232418773166,Зелёный,1.648492923312915,Выше
2020-11-25 14:00:00+05:00,36.725,35.459228399307115,Вверх,3.5696535368423867,True,0.1338338145331192,0.1223053825462552,0.011528431986864013,False,37.27894174079373,Красный,1.2657716006928865,Выше
2020-11-25 14:30:00+05:00,36.31,35.467693788368734,Вверх,2.3748547527707977,True,0.0800808466466946,0.1138604753663431,-0.0337796287196485,Выше,36.91954756671436,Красный,0.8423062116312678,Выше
2020-11-25 15:00:00+05:00,36.385,35.4768212133601,Вверх,2.5599215363125407,True,0.043037001759643,0.0996957806450031,-0.056658778885360105,False,36.66759281004293,Красный,0.9081787866399011,Выше
2020-11-25 15:30:00+05:00,36.425,35.48625582815254,Вверх,2.64537396222771,True,0.0167144793921849,0.0830995203944394,-0.0663850410022545,False,36.66759281004293,Красный,0.9387441718474605,Выше
2020-11-25 16:00:00+05:00,36.4,35.49534780996196,Вверх,2.5486500227619686,True,-0.0060933598346508,0.0652609443486214,-0.0713543041832722,False,36.66759281004293,Красный,0.9046521900380355,Выше
2020-11-25 16:30:00+05:00,36.4,35.5043493242907,Вверх,2.5226505843793303,True,-0.0238933095441709,0.0474300935700629,-0.0713234031142338,False,36.66759281004293,Красный,0.8956506757092981,Выше
2020-11-25 17:00:00+05:00,36.59,35.51515181857636,Вверх,3.0264496317355896,True,-0.0224101555041116,0.033462043755228,-0.0558721992593396,False,36.66759281004293,Красный,1.07484818142364,Выше
2020-11-25 17:30:00+05:00,36.475,35.52470254674974,Вверх,2.6750328225822413,True,-0.0301665430168327,0.0207363264008158,-0.0509028694176485,False,36.66759281004293,Красный,0.9502974532502648,Выше
2020-11-25 18:00:00+05:00,36.815,35.537541327379095,Вверх,3.5946737588081623,True,-0.0087771994098062,0.0148336212386914,-0.0236108206484976,False,36.27062963193798,Зелёный,1.2774586726209023,Выше
2020-11-25 18:30:00+05:00,36.975,35.551844398748464,Вверх,4.003042951272695,True,0.020844391158775,0.0160357752227081,0.0048086159360669,Выше,36.489816668744176,Зелёный,1.423155601251537,Выше
2020-11-25 19:00:00+05:00,37.065,35.566900673387785,Вверх,4.212060365814037,True,0.0509941342975963,0.0230274470376858,0.0279666872599105,False,36.60258500186976,Зелёный,1.4980993266122127,Выше
2020-11-25 19:30:00+05:00,36.8,35.5791703184287,Вверх,3.431304526342344,True,0.0528949970496839,0.0290009570400854,0.0238940400095985,False,36.60258500186976,Зелёный,1.2208296815712956,Выше
2020-11-25 20:00:00+05:00,36.89,35.59221339983737,Вверх,3.6462655064002316,True,0.060960972173973,0.0353929600668629,0.0255680121071101,False,36.60258500186976,Зелёный,1.297786600162631,Выше
2020-11-25 20:30:00+05:00,36.895,35.60517645058526,Вверх,3.622573114347085,True,0.0669846168192265,0.0417112914173356,0.025273325401890902,False,36.60258500186976,Зелёный,1.2898235494147414,Выше
2020-11-25 21:00:00+05:00,36.895,35.618010515753575,Вверх,3.585235294603626,True,0.0709406390704145,0.0475571609479514,0.023383478122463094,False,36.632008019726754,Зелёный,1.2769894842464282,Выше
2020-11-25 21:30:00+05:00,36.74,35.62917459022369,Вверх,3.1177410718942413,True,0.0608669740071547,0.0502191235597921,0.010647850447362599,False,36.632008019726754,Зелёный,1.1108254097763108,Выше
2020-11-25 22:00:00+05:00,36.765,35.640476335594606,Вверх,3.1551869672468946,True,0.0542751626441173,0.0510303313766571,0.0032448312674602034,False,36.632008019726754,Зелёный,1.1245236644053946,Выше
2020-11-25 22:30:00+05:00,36.67,35.65072035215586,Вверх,2.8590716759037553,True,0.0409137701215698,0.0490070191256397,-0.008093249004069901,Выше,36.632008019726754,Зелёный,1.0192796478441437,Выше
2020-11-25 23:00:00+05:00,36.715,35.661310199398095,Вверх,2.9547142118734975,True,0.0335689324458385,0.0459194017896794,-0.012350469343840896,False,36.632008019726754,Зелёный,1.0536898006019086,Выше
2020-11-25 23:30:00+05:00,36.78,35.67244144119513,Вверх,3.1048016733888057,True,0.0326170632418154,0.0432589340801066,-0.010641870838291198,False,36.632008019726754,Зелёный,1.1075585588048682,Выше
2020-11-26 00:00:00+05:00,36.8,35.683660929342444,Вверх,3.1284320094511218,True,0.0330950339424589,0.0412261540525771,-0.008131120110118205,False,36.632008019726754,Зелёный,1.1163390706575527,Выше
2020-11-26 00:30:00+05:00,36.725,35.69402251213506,Вверх,2.8883757427856134,True,0.0271094550447585,0.0384028142510134,-0.011293359206254898,False,36.632008019726754,Зелёный,1.030977487864945,Выше
2020-11-26 01:00:00+05:00,36.695,35.70398248713869,Вверх,2.77564978421748,True,0.0197177968765345,0.0346658107761176,-0.014948013899583099,False,36.632008019726754,Зелёный,0.9910175128613119,Выше
2020-11-26 01:30:00+05:00,36.695,35.713843357913426,Вверх,2.747272625501873,True,0.013701907464096,0.0304730301137133,-0.0167711226496173,False,36.632008019726754,Зелёный,0.9811566420865745,Выше
2020-11-26 12:00:00+05:00,36.57,35.72236232947648,Вверх,2.3728488690236644,True,-0.0011390532717356,0.0241506134366235,-0.0252896667083591,False,36.77062467818824,Красный,0.8476376705235182,Выше
2020-11-26 12:30:00+05:00,36.185,35.72696568938219,Вверх,1.2820408948245405,True,-0.0434658566599637,0.010627319417306,-0.0540931760772697,False,36.68206221036941,Красный,0.45803431061781197,Выше
2020-11-26 13:00:00+05:00,36.27,35.732369015856,Вверх,1.5046049253141647,True,-0.0693519179281239,-0.0053685280517799,-0.063983389876344,False,36.44360598933247,Красный,0.5376309841440019,Выше
2020-11-26 13:30:00+05:00,36.875,35.7437384783848,Вверх,3.1649222207109236,True,-0.0405805765521378,-0.0124109377518515,-0.0281696388002863,False,36.106254609600775,Зелёный,1.131261521615201,Выше
2020-11-26 14:00:00+05:00,36.655,35.75280575720684,Вверх,2.5234222145245164,True,-0.0351263281629528,-0.0169540158340717,-0.018172312328881102,False,36.35362914864069,Зелёный,0.9021942427931577,Выше
2020-11-26 14:30:00+05:00,36.6,35.76123555066748,Вверх,2.3454571309320076,True,-0.0348402209843854,-0.0205312568641345,-0.014308964120250896,False,36.35362914864069,Зелёный,0.8387644493325226,Выше
2020-11-26 15:00:00+05:00,36.62,35.76978047056134,Вверх,2.376921295724459,True,-0.0326235817876749,-0.0229497218488426,-0.009673859938832303,False,36.35362914864069,Зелёный,0.850219529438661,Выше
2020-11-26 15:30:00+05:00,36.6,35.77804136140153,Вверх,2.2973829961671095,True,-0.0321105615419625,-0.0247818897874665,-0.007328671754495999,False,36.35362914864069,Зелёный,0.8219586385984741,Выше
2020-11-26 16:00:00+05:00,36.87,35.78890662148709,Вверх,3.020749948990729,True,-0.0098042287392843,-0.0217863575778301,0.011982128838545799,Ниже,36.35362914864069,Зелёный,1.0810933785129109,Выше
2020-11-26 16:30:00+05:00,36.815,35.7991165058504,Вверх,2.8377334227887423,True,0.0033965075447355,-0.016749784553317,0.0201462920980525,False,36.43157422598084,Зелёный,1.0158834941495982,Выше
2020-11-26 17:00:00+05:00,36.87,35.809772063006115,Вверх,2.9607223836232373,True,0.018087722496098,-0.009782283143434,0.027870005639532,False,36.43157422598084,Зелёный,1.0602279369938827,Выше
2020-11-26 17:30:00+05:00,36.935,35.82096836088665,Вверх,3.1099986686283283,True,0.0345769909338216,-0.0009104283279828,0.0354874192618044,False,36.460800123044486,Зелёный,1.1140316391133496,Выше
2020-11-26 18:00:00+05:00,36.98,35.83250101401216,Вверх,3.2023971353244716,True,0.0506916372490309,0.0094099847874198,0.0412816524616111,False,36.50772011074004,Зелёный,1.1474989859878377,Выше
2020-11-26 18:30:00+05:00,36.9,35.84312289446975,Вверх,2.9486189265425686,True,0.0563576235387301,0.0187995125376819,0.037558111001048194,False,36.51669809966604,Зелёный,1.0568771055302477,Выше
2020-11-26 19:00:00+05:00,36.74,35.852047044773535,Вверх,2.4767147999040455,True,0.0473910017025858,0.0245178103706627,0.022873191331923098,False,36.51669809966604,Зелёный,0.8879529552264671,Выше
2020-11-26 19:30:00+05:00,36.61,35.85958886522355,Вверх,2.0926373071281756,True,0.0294554318685413,0.0255053346702384,0.003950097198302898,False,36.51669809966604,Зелёный,0.7504111347764493,Выше
2020-11-26 20:00:00+05:00,36.68,35.86775216009696,Вверх,2.264562987603852,True,0.0206517183875263,0.024534611413696,-0.0038828930261697,Выше,36.51669809966604,Зелёный,0.8122478399030371,Выше
2020-11-26 20:30:00+05:00,36.605,35.87508795949898,Вверх,2.0345930338207143,True,0.0075359688694973,0.0211348829048562,-0.0135989140353589,False,36.51669809966604,Зелёный,0.72991204050102,Выше
2020-11-26 21:00:00+05:00,36.645,35.88274877582237,Вверх,2.1242832563909744,True,0.0003650999437496,0.0169809263126349,-0.0166158263688853,False,36.51669809966604,Зелёный,0.762251224177632,Выше
2020-11-26 21:30:00+05:00,36.645,35.89033336511767,Вверх,2.1027016584242846,True,-0.0052572628891738,0.0125332884722732,-0.017790551361447,False,36.51669809966604,Зелёный,0.7546666348823337,Выше
2020-11-26 22:00:00+05:00,36.61,35.8974942271563,Вверх,1.9848342849086413,True,-0.0123943589789092,0.0075477589820367,-0.0199421179609459,False,36.51669809966604,Зелёный,0.7125057728436985,Выше
2020-11-26 22:30:00+05:00,36.595,35.904434583104994,Вверх,1.9233429656066885,True,-0.0190414358699655,0.0022299200116362,-0.0212713558816017,False,36.51669809966604,Зелёный,0.6905654168950051,Выше
2020-11-26 23:00:00+05:00,36.61,35.911455134516885,Вверх,1.9451867457514878,True,-0.0228356820282584,-0.0027832003963426,-0.020052481631915798,False,36.51669809966604,Зелёный,0.6985448654831146,Выше
2020-11-26 23:30:00+05:00,36.57,35.918007819745576,Вверх,1.81522367144204,True,-0.028739029508074,-0.0079743662186889,-0.0207646632893851,False,36.51669809966604,Зелёный,0.6519921802544246,Выше
2020-11-27 00:00:00+05:00,36.57,35.92449530412622,Вверх,1.7968372009380493,True,-0.0330366489921729,-0.0129868227733857,-0.020049826218787203,False,36.51669809966604,Зелёный,0.6455046958737825,Выше
2020-11-27 00:30:00+05:00,36.55,35.93071923144835,Вверх,1.7235412532728311,True,-0.0376226853516001,-0.0179139952890286,-0.019708690062571498,False,36.51669809966604,Зелёный,0.619280768551647,Выше
2020-11-27 01:00:00+05:00,36.5,35.936383716707574,Вверх,1.568372287360647,True,-0.0447755892189434,-0.0232863140750116,-0.021489275143931803,False,36.7429824645932,Красный,0.5636162832924256,Выше
2020-11-27 01:30:00+05:00,36.505,35.942041590173176,Вверх,1.5662950264370732,True,-0.049470592656668,-0.0285231697913429,-0.0209474228653251,False,36.69318421813387,Красный,0.5629584098268268,Выше
2020-11-27 12:00:00+05:00,36.415,35.9467476440023,Вверх,1.302627877868184,True,-0.059764733895264,-0.0347714826121271,-0.024993251283136904,False,36.69318421813387,Красный,0.46825235599769854,Выше
2020-11-27 12:30:00+05:00,36.395,35.95120786645004,Вверх,1.2344289938700859,True,-0.0687443062742758,-0.0415660473445568,-0.027178258929719,False,36.55630421668844,Красный,0.4437921335499624,Выше
2020-11-27 13:00:00+05:00,36.31,35.95477793743064,Вверх,0.9879690070330196,True,-0.0817767996621157,-0.0496081978080686,-0.03216860185404711,False,36.55630421668844,Красный,0.35522206256936073,Выше
2020-11-27 13:30:00+05:00,36.515,35.96035228631193,Вверх,1.5423867632664785,True,-0.0747022369356429,-0.0546270056335835,-0.020075231302059404,False,36.55630421668844,Красный,0.5546477136880696,Выше
2020-11-27 14:00:00+05:00,36.615,35.966866193910825,Вверх,1.802030242487198,True,-0.0603309728401413,-0.055767799074895,-0.004563173765246301,False,36.26334922603413,Зелёный,0.6481338060891773,Выше
2020-11-27 14:30:00+05:00,36.5,35.972171007901764,Вверх,1.4673259280967261,True,-0.0575576921631437,-0.0561257776925448,-0.0014319144705988995,False,36.280014303430725,Зелёный,0.527828992098236,Выше
2020-11-27 15:00:00+05:00,36.48,35.97722403269876,Вверх,1.3974840494760792,True,-0.056324407391564,-0.0561655036323486,-0.00015890375921540079,False,36.280014303430725,Зелёный,0.5027759673012397,Выше
2020-11-27 15:30:00+05:00,36.515,35.982575037348525,Вверх,1.4796744315792827,True,-0.0519242622583675,-0.0553172553575524,0.0033929930991849003,Ниже,36.280014303430725,Зелёный,0.5324249626514757,Выше
2020-11-27 16:00:00+05:00,36.56,35.98832055936496,Вверх,1.5885138060055453,True,-0.0442953820285509,-0.0531128806917521,0.008817498663201202,False,36.306947927200994,Зелёный,0.5716794406350445,Выше
2020-11-27 16:30:00+05:00,36.585,35.994257668227,Вверх,1.6412127101442162,True,-0.0358192464407736,-0.0496541538415564,0.013834907400782803,False,36.342753134480894,Зелёный,0.5907423317730007,Выше
2020-11-27 17:00:00+05:00,36.49,35.99919042774713,Вверх,1.363390583013138,True,-0.0363485505080092,-0.046993033174847,0.010644482666837804,False,36.342753134480894,Зелёный,0.49080957225287136,Выше
2020-11-27 17:30:00+05:00,36.55,36.00467112000836,Вверх,1.514605919254151,True,-0.0315626941446396,-0.0439069653688055,0.012344271224165898,False,36.342753134480894,Зелёный,0.5453288799916365,Выше
2020-11-27 18:00:00+05:00,36.55,36.01009727801823,Вверх,1.4993092571047926,True,-0.0274534027585886,-0.0406162528467621,0.013162850088173503,False,36.342753134480894,Зелёный,0.5399027219817683,Выше
2020-11-27 18:30:00+05:00,36.555,36.01551919564989,Вверх,1.4979120567982087,True,-0.0235221527808064,-0.037197432833571,0.0136752800527646,False,36.342753134480894,Зелёный,0.5394808043501129,Выше
2020-11-27 19:00:00+05:00,36.535,36.020688158877256,Вверх,1.4278234742608298,True,-0.0217694964987131,-0.0341118455665994,0.0123423490678863,False,36.342753134480894,Зелёный,0.5143118411227405,Выше
2020-11-27 19:30:00+05:00,36.585,36.02630320207251,Вверх,1.55080246450418,True,-0.016159643326155,-0.0305214051185105,0.014361761792355501,False,36.39448699854167,Зелёный,0.5586967979274888,Выше
2020-11-27 20:00:00+05:00,36.56,36.03161361797229,Вверх,1.4664521762193767,True,-0.0135746057313923,-0.0271320452410869,0.013557439509694602,False,36.39448699854167,Зелёный,0.5283863820277119,Выше
2020-11-27 20:30:00+05:00,36.56,36.03687119391287,Вверх,1.4516487940148728,True,-0.011394595014913,-0.0239845551958521,0.0125899601809391,False,36.39448699854167,Зелёный,0.5231288060871293,Выше
2020-11-27 21:00:00+05:00,36.525,36.04172819695851,Вверх,1.3408674534154883,True,-0.0123487792682155,-0.0216574000103248,0.0093086207421093,False,36.39448699854167,Зелёный,0.48327180304148953,Выше
2020-11-27 21:30:00+05:00,36.61,36.04738264275991,Вверх,1.560771728743216,True,-0.0061750059137608,-0.018560921191012,0.012385915277251199,False,36.39448699854167,Зелёный,0.5626173572400859,Выше
2020-11-27 22:00:00+05:00,36.575,36.05263256671255,Вверх,1.448902330005582,True,-0.0040596563521404,-0.0156606682232377,0.011601011871097298,False,36.39448699854167,Зелёный,0.5223674332874495,Выше
2020-11-27 22:30:00+05:00,36.59,36.05797950634726,Вверх,1.4754584170726857,True,-0.0011594861103816,-0.0127604318006665,0.0116009456902849,False,36.39448699854167,Зелёный,0.5320204936527446,Выше
2020-11-27 23:00:00+05:00,36.565,36.06302448638361,Вверх,1.3919395856715193,True,-0.000868361435387,-0.0103820177276106,0.0095136562922236,False,36.39916941999278,Зелёный,0.5019755136163866,Выше
2020-11-27 23:30:00+05:00,36.585,36.06821827258875,Вверх,1.4327897305756156,True,0.0009650651496997,-0.0081126011521485,0.009077666301848199,False,36.39916941999278,Зелёный,0.5167817274112494,Выше
2020-11-28 00:00:00+05:00,36.565,36.07316137435405,Вверх,1.363447524162981,True,0.0007950709910176,-0.0063310667235153,0.0071261377145329,False,36.39916941999278,Зелёный,0.49183862564594705,Выше
2020-11-28 00:30:00+05:00,36.565,36.07805529102714,Вверх,1.3496977734660858,True,0.000652824046277,-0.0049342885695568,0.005587112615833801,False,36.41152200717474,Зелёный,0.4869447089728567,Выше
2020-11-28 01:00:00+05:00,36.595,36.08319901947464,Вверх,1.4183913689280465,True,0.0029270998126946,-0.0033620108931065,0.0062891107058011,False,36.44611980645726,Зелёный,0.5118009805253578,Выше
2020-11-28 01:30:00+05:00,36.64,36.088739327738566,Вверх,1.5275143508205742,True,0.0082653261275424,-0.0010365434889767,0.0093018696165191,False,36.46900782581154,Зелёный,0.551260672261435,Выше
2020-11-30 12:00:00+05:00,37.29,36.10069217024864,Вверх,3.294418356697025,True,0.0642053572730532,0.0120118366634292,0.052193520609624,False,36.70935704323038,Зелёный,1.1893078297513568,Выше
2020-11-30 12:30:00+05:00,37.5,36.11461563124119,Вверх,3.8360767366450124,True,0.1240534687714074,0.0344201630850249,0.0896333056863825,False,37.14567133890735,Зелёный,1.3853843687588068,Выше
2020-11-30 13:00:00+05:00,37.55,36.128898062771135,Вверх,3.933421757729251,True,0.173517904061903,0.0622397112804005,0.11127819278150251,False,37.1738542050166,Зелёный,1.4211019372288618,Выше
2020-11-30 13:30:00+05:00,37.5,36.142540868116704,Вверх,3.755848646160857,True,0.2063060752546022,0.0910529840752408,0.1152530911793614,False,37.1738542050166,Зелёный,1.3574591318832958,Выше
2020-11-30 14:00:00+05:00,37.22,36.1532618545036,Вверх,2.9506000033673816,True,0.2073075646476923,0.1143039001897311,0.09300366445796118,False,37.1738542050166,Зелёный,1.0667381454964016,Выше
2020-11-30 14:30:00+05:00,37.11,36.16278163704585,Вверх,2.6193183158891666,True,0.1969547991904505,0.130834079989875,0.0661207192005755,False,37.42156278454289,Красный,0.9472183629541462,Выше
2020-11-30 15:00:00+05:00,37.14,36.1725052028464,Вверх,2.674669038619605,True,0.1889923214197892,0.1424657282758579,0.04652659314393129,False,37.42156278454289,Красный,0.9674947971535985,Выше
2020-11-30 15:30:00+05:00,37.0,36.18073898192255,Вверх,2.2643567852132205,True,0.1694320630932608,0.1478589952393385,0.021573067853922323,False,37.42156278454289,Красный,0.819261018077448,Выше
2020-11-30 16:00:00+05:00,37.15,36.19038337016213,Вверх,2.6515790673525785,True,0.1641420366198431,0.1511156035154394,0.013026433104403712,False,37.42156278454289,Красный,0.9596166298378677,Выше
2020-11-30 16:30:00+05:00,37.1,36.19943428190181,Вверх,2.4877894805898597,True,0.1541382604754915,0.1517201349074498,0.002418125568041718,False,37.42156278454289,Красный,0.9005657180981927,Выше
2020-11-30 17:00:00+05:00,37.41,36.21147971193264,Вверх,3.309779930568296,True,0.1692733274794804,0.1552307734218559,0.014042554057624501,False,37.42156278454289,Красный,1.1985202880673569,Выше
2020-11-30 17:30:00+05:00,37.44,36.223703794400976,Вверх,3.357735621134972,True,0.1815954075825558,0.1605037002539959,0.02109170732855989,False,37.097638599719744,Зелёный,1.216296205599022,Выше
2020-11-30 18:00:00+05:00,37.47,36.236104751670624,Вверх,3.405154215071883,True,0.1915731580042532,0.1667175918040473,0.024855566200205903,False,37.10362473974776,Зелёный,1.2338952483293752,Выше
2020-11-30 18:30:00+05:00,37.455,36.24823306259928,Вверх,3.3291745153941044,True,0.1960107327448526,0.1725762199922084,0.023434512752644188,False,37.21601226577299,Зелёный,1.2067669374007153,Выше
2020-11-30 19:00:00+05:00,37.455,36.2602406938172,Вверх,3.2949569096117894,True,0.1972537245473802,0.1775117209032428,0.01974200364413739,False,37.21601226577299,Зелёный,1.194759306182796,Выше
2020-11-30 19:30:00+05:00,37.455,36.272128846117525,Вверх,3.261102095498001,True,0.195979672830866,0.1812053112887674,0.014774361542098602,False,37.24136993527612,Зелёный,1.1828711538824734,Выше
2020-11-30 20:00:00+05:00,37.36,36.28295343471337,Вверх,2.9684644256555344,True,0.1851697500007674,0.1819981990311674,0.0031715509696000066,False,37.24136993527612,Зелёный,1.0770465652866292,Выше
2020-11-30 20:30:00+05:00,37.65,36.29655588809931,Вверх,3.728849966022381,True,0.1977241437948365,0.1851433879839013,0.012580755810935207,False,37.24136993527612,Зелёный,1.3534441119006857,Выше
2020-11-30 21:00:00+05:00,37.4,36.30753543150131,Вверх,3.00891965129322,True,0.1853639207697384,0.1851874945410687,0.0001764262286697016,False,37.24136993527612,Зелёный,1.0924645684986913,Выше
2020-11-30 21:30:00+05:00,37.03,36.31472413367543,Вверх,1.9696579924209774,True,0.1440519064820407,0.1769603769292631,-0.03290847044722242,Выше,37.60320243546533,Красный,0.7152758663245677,Выше
2020-11-30 22:00:00+05:00,37.045,36.321990560206025,Вверх,1.99055566240386,True,0.1112399077497201,0.1638162830933545,-0.05257637534363439,False,37.432382191918805,Красный,0.7230094397939766,Выше
2020-11-30 22:30:00+05:00,37.095,36.32968219642288,Вверх,2.1065909672407606,True,0.088253414067708,0.1487037092882252,-0.06045029522051722,False,37.40264397272692,Красный,0.7653178035771191,Выше
2020-11-30 23:00:00+05:00,37.185,36.3381928213341,Вверх,2.3303502813952433,True,0.0764178031878657,0.1342465280681533,-0.05782872488028759,False,37.40264397272692,Красный,0.8468071786659053,Выше
2020-11-30 23:30:00+05:00,37.335,36.348111300723815,Вверх,2.7151031070396594,True,0.0782398424906958,0.1230451909526618,-0.044805348461966,False,37.40264397272692,Красный,0.9868886992761858,Выше
2020-12-01 00:00:00+05:00,37.44,36.35897586489572,Вверх,2.9731974275656063,True,0.0871518124004211,0.1158665152422137,-0.028714702841792603,False,37.10377254388207,Зелёный,1.081024135104279,Выше
2020-12-01 00:30:00+05:00,37.42,36.36953331897636,Вверх,2.888314985541885,True,0.0915455003650222,0.1110023122667754,-0.019456811901753204,False,37.10377254388207,Зелёный,1.050466681023643,Выше
2020-12-01 01:00:00+05:00,37.495,36.38073199241938,Вверх,3.062797108680493,True,0.0999275009029219,0.1087873499940047,-0.008859849091082797,False,37.14440576054448,Зелёный,1.1142680075806197,Выше
2020-12-01 01:30:00+05:00,37.585,36.39271475866396,Вверх,3.2761646094351664,True,0.1125353075818651,0.1095369415115768,0.0029983660702883053,Выше,37.21996518449003,Зелёный,1.1922852413360374,Выше
2020-12-01 12:00:00+05:00,37.61,36.40482704962253,Вверх,3.310475692508372,True,0.1231250671442154,0.1122545666381045,0.010870500506110894,False,37.34246866604103,Зелёный,1.2051729503774666,Выше
2020-12-01 12:30:00+05:00,37.55,36.41622180534769,Вверх,3.113387766343772,True,0.1252324278595153,0.1148501388823867,0.010382288977128604,False,37.34246866604103,Зелёный,1.133778194652308,Выше
2020-12-01 13:00:00+05:00,37.525,36.42725442419995,Вверх,3.013528175954911,True,0.1234620417776497,0.1165725194614393,0.0068895223162104,False,37.34246866604103,Зелёный,1.0977455758000474,Выше
2020-12-01 13:30:00+05:00,37.71,36.4400180617701,Вверх,3.4851298264373414,True,0.1354258470778688,0.1203431849847252,0.015082662093143615,False,37.34246866604103,Зелёный,1.269981938229904,Выше
2020-12-01 14:00:00+05:00,37.86,36.45414723528483,Вверх,3.8564960953315417,True,0.1552216962780122,0.1273188872433826,0.027902809034629578,False,37.44707069178952,Зелёный,1.4058527647151706,Выше
2020-12-01 14:30:00+05:00,37.85,36.468036317520806,Вверх,3.7895204185020543,True,0.168164635722249,0.1354880369391559,0.03267659878309309,False,37.52161362261057,Зелёный,1.3819636824791957,Выше
2020-12-01 15:00:00+05:00,37.9,36.48228471237135,Вверх,3.886037562630748,True,0.1803773132273036,0.1444658921967855,0.035911421030518115,False,37.53845226034952,Зелёный,1.4177152876286456,Выше
2020-12-01 15:30:00+05:00,38.135,36.498729640606456,Вверх,4.483088522547148,True,0.2066365071332327,0.1569000151840749,0.0497364919491578,False,37.75685703431456,Зелёный,1.6362703593935422,Выше
2020-12-01 16:00:00+05:00,38.345,36.517100489953656,Вверх,5.005598707239154,False,0.2416072544141414,0.1738414630300882,0.0677657913840532,False,37.8581713308831,Зелёный,1.8278995100463433,Выше
2020-12-01 16:30:00+05:00,38.43,36.536134315924265,Вверх,5.183541498122569,False,0.2730332557947506,0.1936798215830207,0.07935343421172988,False,38.0826041977948,Зелёный,1.8938656840757346,Выше
2020-12-01 17:00:00+05:00,38.41,36.55477974561656,Вверх,5.07517831400942,False,0.2929478351579533,0.2135334242980072,0.0794144108599461,False,38.08759377801532,Зелёный,1.8552202543834397,Выше
2020-12-01 17:30:00+05:00,38.385,36.572990892426354,Вверх,4.954500748662808,True,0.3032176869649348,0.2314702768313927,0.07174741013354208,False,38.10058440021378,Зелёный,1.812009107573644,Выше
2020-12-01 18:00:00+05:00,38.365,36.59082182882012,Вверх,4.848697248397092,True,0.3062129533440298,0.2464188121339202,0.05979414121010962,False,38.10058440021378,Зелёный,1.7741781711798836,Выше
2020-12-01 18:30:00+05:00,38.58,36.6106146464438,Вверх,5.379274214800697,False,0.3222210628621837,0.2615792622795729,0.060641800582610816,False,38.24187336417316,Зелёный,1.9693853535561985,Выше
2020-12-01 19:00:00+05:00,38.55,36.629912013145855,Вверх,5.241858037128385,False,0.3286978317113167,0.2750029761659217,0.05369485554539505,False,38.24187336417316,Зелёный,1.920087986854142,Выше
2020-12-01 19:30:00+05:00,38.555,36.64906711749266,Вверх,5.200494944106317,False,0.3304252394226168,0.2860874288172607,0.04433781060535613,False,38.24491742498026,Зелёный,1.9059328825073365,Выше
2020-12-01 20:00:00+05:00,38.62,36.668678389955424,Вверх,5.321494244469674,False,0.3331982769238095,0.2955095984385705,0.03768867848523899,False,38.36267568248224,Зелёный,1.9513216100445732,Выше
2020-12-01 20:30:00+05:00,38.59,36.68779601791607,Вверх,5.184841251175221,False,0.3291805908985452,0.3022437969305654,0.026936793967979766,False,38.36267568248224,Зелёный,1.9022039820839325,Выше
2020-12-01 21:00:00+05:00,38.445,36.70528063465323,Вверх,4.7396977635537105,True,0.310714533859965,0.3039379443164454,0.006776589543519618,False,38.36267568248224,Зелёный,1.7397193653467724,Выше
2020-12-01 21:30:00+05:00,38.48,36.72293953381091,Вверх,4.784640032891044,True,0.2954979417771994,0.3022499438085962,-0.006752002031396809,Выше,38.36267568248224,Зелёный,1.7570604661890883,Выше
2020-12-01 22:00:00+05:00,38.505,36.74067147874812,Вверх,4.802112890812087,True,0.2822029144556381,0.2982405379380046,-0.01603762348236648,False,38.36267568248224,Зелёный,1.7643285212518833,Выше
2020-12-01 22:30:00+05:00,38.5,36.75817723517849,Вверх,4.738599397019444,True,0.2681717344805534,0.2922267772465144,-0.024055042765960988,False,38.36267568248224,Зелёный,1.7418227648215066,Выше
2020-12-01 23:00:00+05:00,38.505,36.7755585562215,Вверх,4.702692526435951,True,0.2545214170131231,0.2846857051998361,-0.030164288186713017,False,38.36267568248224,Зелёный,1.729441443778505,Выше
2020-12-01 23:30:00+05:00,38.675,36.794458471084965,Вверх,5.1109368286881045,False,0.2544874484330819,0.2786460538464853,-0.024158605413403367,False,38.36267568248224,Зелёный,1.8805415289150318,Выше
2020-12-02 00:00:00+05:00,38.68,36.81322007833786,Вверх,5.070949831852986,False,0.2519595534095913,0.2733087537591065,-0.021349200349515207,False,38.36267568248224,Зелёный,1.8667799216621432,Выше
2020-12-02 00:30:00+05:00,38.7,36.83199400790664,Вверх,5.07169389659535,False,0.2487031165289721,0.2683876263130796,-0.019684509784107518,False,38.36267568248224,Зелёный,1.8680059920933658,Выше
2020-12-02 01:00:00+05:00,38.7,36.85058113220608,Вверх,5.01869661473967,False,0.2433175535424041,0.2633736117589446,-0.020056058216540468,False,38.43733112258237,Зелёный,1.849418867793922,Выше
2020-12-02 01:30:00+05:00,38.71,36.86908281248263,Вверх,4.993119023004546,True,0.2371229665467424,0.2581234827165041,-0.0210005161697617,False,38.43733112258237,Зелёный,1.8409171875173698,Выше
2020-12-02 12:00:00+05:00,38.8,36.88829591882609,Вверх,5.182413645186204,False,0.2367468887974695,0.2538481639326972,-0.017101275135227717,False,38.556888209291714,Зелёный,1.9117040811739088,Выше
2020-12-02 12:30:00+05:00,38.6,36.90532780023081,Вверх,4.591944580312318,True,0.2177998547910888,0.2466385021043756,-0.028838647313286808,False,38.556888209291714,Зелёный,1.6946721997691938,Выше
2020-12-02 13:00:00+05:00,38.57,36.92189170271608,Вверх,4.463769924233539,True,0.1980801004579859,0.2369268217750977,-0.03884672131711178,False,38.556888209291714,Зелёный,1.648108297283919,Выше
2020-12-02 13:30:00+05:00,38.735,36.93993258129601,Вверх,4.859422563247699,True,0.1935352205621612,0.2282485015325104,-0.0347132809703492,False,38.556888209291714,Зелёный,1.7950674187039866,Выше
2020-12-02 14:00:00+05:00,39.3,36.963415839193566,Вверх,6.321342624208643,False,0.2328401127171488,0.2291668237694381,0.0036732889477107122,Выше,38.66917360411629,Зелёный,2.3365841608064315,Выше
2020-12-02 14:30:00+05:00,39.33,36.98696394029612,Вверх,6.334761791981563,False,0.2633742577078948,0.2360083105571295,0.02736594715076529,False,38.893756243704665,Зелёный,2.343036059703877,Выше
2020-12-02 15:00:00+05:00,39.52,37.012168279198654,Вверх,6.775695230508245,False,0.2994522999917208,0.2486971084440477,0.050755191547673106,False,39.1191306193342,Зелёный,2.5078317208013488,Выше
2020-12-02 15:30:00+05:00,39.575,37.03766909234096,Вверх,6.85067654050545,False,0.3286934750005059,0.2646963817553394,0.0639970932451665,False,39.1191306193342,Зелёный,2.5373309076590402,Выше
2020-12-02 16:00:00+05:00,39.525,37.0624186536112,Вверх,6.644416192597435,False,0.3438688289247622,0.280530871189224,0.06333795773553824,False,39.1996208016607,Зелёный,2.462581346388795,Выше
2020-12-02 16:30:00+05:00,39.05,37.08219558243098,Вверх,5.3066016902767705,False,0.3139478802452018,0.2872142730004196,0.026733607244782243,False,39.61134127850536,Красный,1.9678044175690204,Выше
2020-12-02 17:00:00+05:00,39.46,37.10585532787943,Вверх,6.344402120146751,False,0.3196343406216684,0.2936982865246693,0.025936054096999117,False,39.61134127850536,Красный,2.3541446721205688,Выше
2020-12-02 17:30:00+05:00,39.545,37.13012542411944,Вверх,6.5038147549910414,False,0.3272276148126636,0.3004041521822682,0.026823462630395423,False,39.61134127850536,Красный,2.4148745758805603,Выше
2020-12-02 18:00:00+05:00,39.715,37.15584556915308,Вверх,6.887622638230425,False,0.3430089251923576,0.3089251067842861,0.03408381840807151,False,39.209587207969584,Зелёный,2.559154430846924,Выше
2020-12-02 18:30:00+05:00,39.655,37.18071277742021,Вверх,6.654760056354865,False,0.3466779412996175,0.3164756736873524,0.030202267612265077,False,39.21837848717262,Зелёный,2.4742872225797896,Выше
2020-12-02 19:00:00+05:00,39.67,37.20548180451056,Вверх,6.624072787012415,False,0.3467983619956243,0.3225402113490068,0.024258150646617516,False,39.26954063845536,Зелёный,2.4645181954894397,Выше
2020-12-02 19:30:00+05:00,39.69,37.23020337859504,Вверх,6.606992168136204,False,0.3445360322048003,0.3269393755201656,0.01759665668463467,False,39.28133657460983,Зелёный,2.459796621404955,Выше
2020-12-02 20:00:00+05:00,39.62,37.25398244945479,Вверх,6.351045968723904,False,0.3332531694660616,0.3282021343093448,0.005051035156716788,False,39.28133657460983,Зелёный,2.366017550545209,Выше
2020-12-02 20:30:00+05:00,39.68,37.278121927569664,Вверх,6.443130576956416,False,0.3254018876113136,0.3276420849697387,-0.0022401973584250667,Выше,39.29748262543395,Зелёный,2.4018780724303355,Выше
2020-12-02 21:00:00+05:00,39.53,37.30052867455902,Вверх,5.977050204550058,False,0.3035765028235673,0.3228289685405044,-0.019252465716937117,False,39.29748262543395,Зелёный,2.229471325440983,Выше
2020-12-02 21:30:00+05:00,39.565,37.32306072754848,Вверх,6.006847318383839,False,0.2858093038836102,0.3154250356091256,-0.029615731725515404,False,39.29748262543395,Зелёный,2.2419392724515177,Выше
2020-12-02 22:00:00+05:00,39.65,37.34621435214999,Вверх,6.168726035058969,False,0.2754126744704308,0.3074225633813866,-0.03200988891095585,False,39.33909483394135,Зелёный,2.303785647850006,Выше
2020-12-02 22:30:00+05:00,39.605,37.36868983123308,Вверх,5.984448956778229,False,0.2605388175288183,0.298045814210873,-0.037506996682054705,False,39.34818535054722,Зелёный,2.23631016876692,Выше
2020-12-02 23:00:00+05:00,39.65,37.3913894349024,Вверх,6.0404563703892045,False,0.2495061510642671,0.2883378815815518,-0.038831730517284724,False,39.34818535054722,Зелёный,2.258610565097598,Выше
2020-12-02 23:30:00+05:00,39.595,37.41331590818695,Вверх,5.8313037453481655,False,0.2336314847337632,0.2773966022119941,-0.04376511747823089,False,39.35623013394325,Зелёный,2.1816840918130467,Выше
2020-12-03 00:00:00+05:00,39.635,37.43542221755823,Вверх,5.875659074068383,False,0.2217224842214378,0.2662617786138829,-0.044539294392445083,False,39.366107120548925,Зелёный,2.1995777824417715,Выше
2020-12-03 00:30:00+05:00,39.595,37.45691055370192,Вверх,5.708130795338036,False,0.2066744355668106,0.2543443100044684,-0.0476698744376578,False,39.39924640849403,Зелёный,2.138089446298082,Выше
2020-12-03 01:00:00+05:00,39.685,37.4790805979437,Вверх,5.885735100389125,False,0.1997088768138439,0.2434172233663435,-0.04370834655249961,False,39.42907176764462,Зелёный,2.2059194020563027,Выше
2020-12-03 01:30:00+05:00,39.615,37.5003335273174,Вверх,5.639060439668238,False,0.1863915999924188,0.2320120986915586,-0.04562049869913978,False,39.44866459088016,Зелёный,2.1146664726826003,Выше
2020-12-03 12:00:00+05:00,39.14,37.51664861659783,Вверх,4.327015986934352,True,0.1359419774116119,0.2127980744355693,-0.0768560970239574,False,39.38895186820785,Красный,1.6233513834021736,Выше
2020-12-03 12:30:00+05:00,39.06,37.53200534678093,Вверх,4.071177756426833,True,0.0884849571285144,0.1879354509741583,-0.09945049384564392,False,39.37330668138707,Красный,1.527994653219075,Выше
2020-12-03 13:00:00+05:00,38.685,37.543477930395056,Вверх,3.0405336227008797,True,0.0203806254864531,0.1544244858766173,-0.1340438603901642,False,39.21872601324836,Красный,1.141522069604946,Выше
2020-12-03 13:30:00+05:00,38.945,37.55742342362496,Вверх,3.6945467763430337,True,-0.0124689862044746,0.1210457914603989,-0.1335147776648735,False,39.16885341192353,Красный,1.3875765763750394,Выше
2020-12-03 14:00:00+05:00,38.935,37.57113065324064,Вверх,3.630099289124607,True,-0.0388614855497309,0.0890643360583729,-0.12792582160810378,False,39.16885341192353,Красный,1.3638693467593654,Выше
2020-12-03 14:30:00+05:00,38.96,37.584950248730784,Вверх,3.6585115642547663,True,-0.0571022017256481,0.0598310285015687,-0.1169332302272168,False,39.16885341192353,Красный,1.3750497512692164,Выше
2020-12-03 15:00:00+05:00,39.045,37.599478106952375,Вверх,3.8445264823512018,True,-0.0639619970005043,0.0350724234011541,-0.0990344204016584,False,39.16885341192353,Красный,1.4455218930476263,Выше
2020-12-03 15:30:00+05:00,39.04,37.61381165812698,Вверх,3.791661304724151,True,-0.0690064292300931,0.0142566528749046,-0.08326308210499771,False,39.16885341192353,Красный,1.4261883418730221,Выше
2020-12-03 16:00:00+05:00,39.17,37.62929611924014,Вверх,4.094426523094304,True,-0.0618018512990872,-0.0009550479598937,-0.0608468033391935,False,38.751235498793285,Зелёный,1.5407038807598639,Выше
2020-12-03 16:30:00+05:00,39.04,37.64333297377506,Вверх,3.7102639853860815,True,-0.0658233147286537,-0.0139287013136457,-0.051894613415008,False,38.75361194891394,Зелёный,1.3966670262249394,Выше
2020-12-03 17:00:00+05:00,38.98,37.65663314319024,Вверх,3.51429946426071,True,-0.073010235481405,-0.0257450081471975,-0.0472652273342075,False,38.75361194891394,Зелёный,1.3233668568097556,Выше
2020-12-03 17:30:00+05:00,39.015,37.670149231317694,Вверх,3.57007019118534,True,-0.0750169655813408,-0.0355993996340262,-0.039417565947314596,False,38.75361194891394,Зелёный,1.3448507686823064,Выше
2020-12-03 18:00:00+05:00,39.09,37.68427709966279,Вверх,3.7302636763325063,True,-0.069751389841052,-0.0424297976754314,-0.027321592165620606,False,38.75361194891394,Зелёный,1.40572290033721,Выше
2020-12-03 18:30:00+05:00,39.22,37.69955792454177,Вверх,4.033050144782853,True,-0.0544606807585879,-0.0448359742920627,-0.009624706466525197,False,38.85889429968245,Зелёный,1.5204420754582273,Выше
2020-12-03 19:00:00+05:00,39.635,37.71881605464584,Вверх,5.08018051939395,False,-0.0087547328363442,-0.037619726000919,0.0288649931645748,Ниже,39.0970048697142,Зелёный,1.916183945354156,Выше
2020-12-03 19:30:00+05:00,39.54,37.73693728793295,Вверх,4.777978399014398,True,0.0195761919783663,-0.0261805424050619,0.0457567343834282,False,39.24230438274277,Зелёный,1.803062712067046,Выше
2020-12-03 20:00:00+05:00,39.525,37.75472895670973,Вверх,4.688872340522157,True,0.040353113790708,-0.0128738111659079,0.0532269249566159,False,39.24632394446851,Зелёный,1.770271043290272,Выше
2020-12-03 20:30:00+05:00,39.5,37.77209483773751,Вверх,4.5745547597645135,True,0.0541771623469315,0.0005363835366599,0.0536407788102716,False,39.24632394446851,Зелёный,1.7279051622624877,Выше
2020-12-03 21:00:00+05:00,39.415,37.788442152784896,Вверх,4.304379208432732,True,0.0576099392801836,0.0119510946853647,0.0456588445948189,False,39.24632394446851,Зелёный,1.6265578472151034,Выше
2020-12-03 21:30:00+05:00,39.36,37.80407954429948,Вверх,4.115747491953246,True,0.0552554489654397,0.0206119655413797,0.03464348342406,False,39.24632394446851,Зелёный,1.555920455700516,Выше
2020-12-03 22:00:00+05:00,39.44,37.82035735977909,Вверх,4.282462550032262,True,0.0591628374770749,0.0283221399285187,0.030840697548556204,False,39.24632394446851,Зелёный,1.6196426402209099,Выше
2020-12-03 22:30:00+05:00,39.42,37.83627420197035,Вверх,4.185734011693944,True,0.0599545197870128,0.0346486159002175,0.0253059038867953,False,39.24632394446851,Зелёный,1.5837257980296542,Выше
2020-12-03 23:00:00+05:00,39.425,37.85208241886617,Вверх,4.155432094139842,True,0.060290401713182,0.0397769730628104,0.020513428650371597,False,39.24632394446851,Зелёный,1.5729175811338294,Выше
2020-12-03 23:30:00+05:00,39.39,37.867385081365015,Вверх,4.020913816370919,True,0.0570744641714284,0.043236471284534,0.013837992886894399,False,39.24632394446851,Зелёный,1.5226149186349858,Выше
2020-12-04 00:00:00+05:00,39.365,37.88228672234646,Вверх,3.9140015187597013,True,0.0519101317478742,0.0449712033772021,0.006938928370672101,False,39.24632394446851,Зелёный,1.482713277653545,Выше
2020-12-04 00:30:00+05:00,39.255,37.89594556093008,Вверх,3.586279268015095,True,0.0384975051283049,0.0436764637274226,-0.005178958599117697,Выше,39.24632394446851,Зелёный,1.3590544390699222,Выше
2020-12-04 01:00:00+05:00,39.255,37.90946849067208,Вверх,3.549328341701752,True,0.0275503189719046,0.040451234776319,-0.012900915804414399,False,39.24632394446851,Зелёный,1.3455315093279197,Выше
2020-12-04 01:30:00+05:00,39.205,37.92235935146142,Вверх,3.3822807190110984,True,0.0146708959835919,0.0352951670177736,-0.0206242710341817,False,39.40435908289955,Красный,1.2826406485385817,Выше
2020-12-04 12:00:00+05:00,39.0,37.93308214398419,Вверх,2.8126316020566646,True,-0.0119402860839841,0.0258480763974221,-0.0377883624814062,False,39.3114231746096,Красный,1.066917856015813,Выше
2020-12-04 12:30:00+05:00,38.97,37.94339973459131,Вверх,2.7056095990069733,True,-0.035046593560466,0.0136691424058444,-0.0487157359663104,False,39.3114231746096,Красный,1.026600265408689,Выше
2020-12-04 13:00:00+05:00,38.95,37.9534156576302,Вверх,2.625809364194724,True,-0.0543458761296804,6.613869873949192e-05,-0.05441201482841989,False,39.26667777143377,Красный,0.9965843423698004,Выше
2020-12-04 13:30:00+05:00,38.685,37.96069510382294,Вверх,1.9080390761973074,True,-0.0899866715770087,-0.0179444233564101,-0.0720422482205986,False,38.9980099942904,Красный,0.7243048961770597,Выше
2020-12-04 14:00:00+05:00,38.765,37.96869813761575,Вверх,2.097258798545288,True,-0.1105031161972576,-0.0364561619245796,-0.07404695427267799,False,38.9980099942904,Красный,0.7963018623842473,Выше
2020-12-04 14:30:00+05:00,39.055,37.97950711137082,Вверх,2.831771580066615,True,-0.1021840558148667,-0.049601740702637,-0.052582315112229695,False,38.54083690462478,Зелёный,1.075492888629178,Выше
2020-12-04 15:00:00+05:00,39.06,37.99025828439201,Вверх,2.8158316471554077,True,-0.0941029224005731,-0.0585019770422243,-0.0356009453583488,False,38.7140032141623,Зелёный,1.0697417156079894,Выше
2020-12-04 15:30:00+05:00,39.175,38.002046759174185,Вверх,3.0865528066396744,True,-0.0775253629175694,-0.0623066542172933,-0.015218708700276098,False,38.84885289274607,Зелёный,1.1729532408258123,Выше
2020-12-04 16:00:00+05:00,39.115,38.01312092077444,Вверх,2.8986809094734887,True,-0.0684400913805447,-0.0635333416499436,-0.004906749730601095,False,38.84885289274607,Зелёный,1.1018790792255615,Выше
2020-12-04 16:30:00+05:00,39.29,38.02582618524435,Вверх,3.324513735999258,True,-0.0465819431235559,-0.060143061944666,0.0135611188211101,Ниже,38.86247084312431,Зелёный,1.264173814755651,Выше
2020-12-04 17:00:00+05:00,39.405,38.03954930777923,Вверх,3.58955538924203,True,-0.0197519757641089,-0.0520648447085546,0.032312868944445704,False,38.98647375881188,Зелёный,1.3654506922207688,Выше
2020-12-04 17:30:00+05:00,39.295,38.052041354468,Вверх,3.266470342427643,True,-0.0072811811005664,-0.0431081119869569,0.0358269308863905,False,38.988826382930704,Зелёный,1.2429586455319992,Выше
2020-12-04 18:00:00+05:00,39.28,38.06425984845339,Вверх,3.19391512244526,True,0.0013757797452385,-0.0342113336405178,0.035587113385756305,False,38.988826382930704,Зелёный,1.215740151546612,Выше
2020-12-04 18:30:00+05:00,39.27,38.07625726289665,Вверх,3.135136756906508,True,0.0073448997270517,-0.0259000869670039,0.0332449866940556,False,39.00907437017387,Зелёный,1.1937427371033564,Выше
2020-12-04 19:00:00+05:00,39.285,38.0882845538131,Вверх,3.1419515481095472,True,0.0131344393170564,-0.0180931817101918,0.0312276210272482,False,39.00907437017387,Зелёный,1.1967154461869,Выше
2020-12-04 19:30:00+05:00,39.33,38.10063993138709,Вверх,3.226612652246204,True,0.0211104667529014,-0.0102524520175732,0.0313629187704746,False,39.00907437017387,Зелёный,1.2293600686129054,Выше
2020-12-04 20:00:00+05:00,39.375,38.11332013107479,Вверх,3.3103383924207788,True,0.0307086595672743,-0.0020602297006037,0.032768889267878,False,39.01502021585675,Зелёный,1.2616798689252064,Выше
2020-12-04 20:30:00+05:00,39.4,38.12612291584021,Вверх,3.3412185313774176,True,0.039872956962391,0.0063264076319952,0.0335465493303958,False,39.15526819427107,Зелёный,1.2738770841597855,Выше
2020-12-04 21:00:00+05:00,39.545,38.1402410957821,Вверх,3.68314112302046,True,0.0581655209390419,0.0166942302934045,0.0414712906456374,False,39.23624137484397,Зелёный,1.4047589042178998,Выше
2020-12-04 21:30:00+05:00,39.595,38.1547163087594,Вверх,3.7748510029150637,True,0.0758230508815671,0.028519994411037,0.0473030564705301,False,39.23624137484397,Зелёный,1.4402836912406016,Выше
2020-12-04 22:00:00+05:00,39.86,38.171684305687165,Вверх,4.422953099979645,True,0.1099328187751993,0.0448025592838695,0.06513025949132979,False,39.35313051362361,Зелёный,1.6883156943128341,Выше
2020-12-04 22:30:00+05:00,39.72,38.18709043199874,Вверх,4.014208861319171,True,0.1242361090761932,0.0606892692423342,0.063546839833859,False,39.44606746226125,Зелёный,1.5329095680012585,Выше
2020-12-04 23:00:00+05:00,39.7,38.20214425854602,Вверх,3.9208682405802495,True,0.1324311529407751,0.0750376459820224,0.0573935069587527,False,39.44606746226125,Зелёный,1.4978557414539821,Выше
2020-12-04 23:30:00+05:00,39.59,38.21595376841124,Вверх,3.5954780558807644,True,0.1285676556501727,0.0857436479156525,0.04282400773452019,False,39.44606746226125,Зелёный,1.374046231588764,Выше
2020-12-05 00:00:00+05:00,39.63,38.23002388016834,Вверх,3.6619807620834237,True,0.1272664238053948,0.0940482030936009,0.033218220711793894,False,39.44606746226125,Зелёный,1.3999761198316634,Выше
2020-12-05 00:30:00+05:00,39.62,38.24385448832587,Вверх,3.5983441786554224,True,0.1239988897525918,0.1000383404253991,0.0239605493271927,False,39.44606746226125,Зелёный,1.3761455116741246,Выше
2020-12-05 01:00:00+05:00,39.74,38.25874150834253,Вверх,3.871686399654505,True,0.1295984127624692,0.1059503548928132,0.023648057869656,False,39.44606746226125,Зелёный,1.4812584916574707,Выше
2020-12-05 01:30:00+05:00,39.79,38.27397791124459,Вверх,3.96097341193796,True,0.1364972024395854,0.1120597244021676,0.024437478037417804,False,39.49158698071159,Зелёный,1.5160220887554061,Выше
2020-12-07 12:00:00+05:00,39.415,38.28533136486405,Вверх,2.9506565435468346,True,0.1104321834978421,0.1117342162213025,-0.0013020327234603973,Выше,39.71257171735957,Красный,1.1296686351359497,Выше
2020-12-07 12:30:00+05:00,39.5,38.29741761994004,Вверх,3.140113497975953,True,0.0955330127201534,0.1084939755210727,-0.01296096280091931,False,39.71257171735957,Красный,1.2025823800599582,Выше
2020-12-07 13:00:00+05:00,39.54,38.309781623721726,Вверх,3.2112382899006455,True,0.0859620611111822,0.1039875926390946,-0.018025531527912406,False,39.71257171735957,Красный,1.2302183762782732,Выше
2020-12-07 13:30:00+05:00,39.515,38.32177384637126,Вверх,3.1137028218273124,True,0.0754895256783854,0.0982879792469527,-0.0227984535685673,False,39.71257171735957,Красный,1.1932261536287427,Выше
2020-12-07 14:00:00+05:00,39.6,38.33449251456657,Вверх,3.301224047644707,True,0.0732048950609183,0.0932713624097459,-0.020066467348827596,False,39.71257171735957,Красный,1.2655074854334316,Выше
2020-12-07 14:30:00+05:00,39.99,38.350965225864414,Вверх,4.273777112212552,True,0.1016918095906973,0.0949554518459361,0.006736357744761209,Выше,39.46478120161634,Зелёный,1.6390347741355882,Выше
2020-12-07 15:00:00+05:00,39.885,38.36622925346776,Вверх,3.958613541347604,True,0.1144756678736769,0.0988594950514843,0.015616172822192603,False,39.59230308145471,Зелёный,1.5187707465322404,Выше
2020-12-07 15:30:00+05:00,40.075,38.38323194746311,Вверх,4.407570615347072,True,0.1383436403988156,0.1067563241209506,0.03158731627786501,False,39.59230308145471,Зелёный,1.6917680525368937,Выше
2020-12-07 16:00:00+05:00,40.18,38.40111023654308,Вверх,4.6323914920670655,True,0.1638431215464493,0.1181736836060503,0.045669437940399016,False,39.76104049597832,Зелёный,1.7788897634569167,Выше
2020-12-07 16:30:00+05:00,39.975,38.416770831204346,Вверх,4.05611699026502,True,0.1656009130832387,0.127659129501488,0.03794178358175071,False,39.76104049597832,Зелёный,1.5582291687956555,Выше
2020-12-07 17:00:00+05:00,40.15,38.4340168925854,Вверх,4.464750879957189,True,0.1790510242521392,0.1379375084516182,0.041113515800521,False,39.76104049597832,Зелёный,1.7159831074146012,Выше
2020-12-07 17:30:00+05:00,40.2,38.45158886380345,Вверх,4.547045227154254,True,0.1915369971137863,0.1486574061840519,0.042879590929734396,False,39.807168521568194,Зелёный,1.7484111361965518,Выше
2020-12-07 18:00:00+05:00,40.15,38.46848847709894,Вверх,4.371140092759556,True,0.1951480926935502,0.1579555434859516,0.037192549207598624,False,39.807168521568194,Зелёный,1.6815115229010615,Выше
2020-12-07 18:30:00+05:00,40.18,38.48551844250094,Вверх,4.402906927265875,True,0.1981465511370288,0.165993745016167,0.0321528061208618,False,39.84180650247024,Зелёный,1.69448155749906,Выше
2020-12-07 19:00:00+05:00,40.17,38.50227945302332,Вверх,4.331485228066743,True,0.1974399695626942,0.1722829899254724,0.0251569796372218,False,39.919625852223206,Зелёный,1.6677205469766818,Выше
2020-12-07 19:30:00+05:00,40.09,38.518077667421096,Вверх,4.08099891731734,True,0.1882545854852253,0.175477309037423,0.0127772764478023,False,39.919625852223206,Зелёный,1.5719223325789073,Выше
2020-12-07 20:00:00+05:00,39.995,38.53277341202387,Вверх,3.7947608191624447,True,0.1713343605187205,0.1746487193336825,-0.003314358814962004,Выше,39.919625852223206,Зелёный,1.4622265879761258,Выше
2020-12-07 20:30:00+05:00,40.13,38.548666213894286,Вверх,4.102175098176933,True,0.1668944764507287,0.1730978707570918,-0.0062033943063631025,False,39.919625852223206,Зелёный,1.5813337861057164,Выше
2020-12-07 21:00:00+05:00,40.185,38.56494814211424,Вверх,4.200840234286769,True,0.165901467833919,0.1716585901724572,-0.005757122338538201,False,39.919625852223206,Зелёный,1.6200518578857626,Выше
2020-12-07 21:30:00+05:00,40.09,38.58012278746634,Вверх,3.913614326349904,True,0.1556545070334607,0.1684577735446579,-0.012803266511197203,False,39.919625852223206,Зелёный,1.5098772125336666,Выше
2020-12-07 22:00:00+05:00,40.175,38.59599221246668,Вверх,4.091118525573977,True,0.152633047636705,0.1652928283630673,-0.012659780726362313,False,39.919625852223206,Зелёный,1.579007787533314,Выше
2020-12-07 22:30:00+05:00,40.235,38.61230074766601,Вверх,4.202544839113412,True,0.153312724204639,0.1628968075313817,-0.009584083326742682,False,39.94638594302822,Зелёный,1.6226992523339874,Выше
2020-12-07 23:00:00+05:00,40.23,38.628397257639485,Вверх,4.146179640015392,True,0.1516992203851686,0.1606572901021391,-0.008958069716970524,False,39.9584973487254,Зелёный,1.6016027423605124,Выше
2020-12-07 23:30:00+05:00,40.205,38.64408484711571,Вверх,4.039208481866259,True,0.1467120111774846,0.1578682343172082,-0.011156223139723587,False,39.97064761385286,Зелёный,1.5609151528842915,Выше
2020-12-08 00:00:00+05:00,40.175,38.659317833711576,Вверх,3.9206128075201594,True,0.1387395593916665,0.1540424993320999,-0.015302939940433413,False,39.979582852467566,Зелёный,1.5156821662884212,Выше
2020-12-08 00:30:00+05:00,40.175,38.67439924830151,Вверх,3.880088070829925,True,0.1309122588826454,0.149416451242209,-0.018504192359563604,False,39.979582852467566,Зелёный,1.5006007516984852,Выше
2020-12-08 01:00:00+05:00,40.11,38.68868383289553,Вверх,3.6737258192690962,True,0.1181026957045503,0.1431537001346772,-0.025051004430126908,False,39.979582852467566,Зелёный,1.4213161671044716,Выше
2020-12-08 01:30:00+05:00,40.11,38.70282628231946,Вверх,3.6358422700602087,True,0.1067208134914565,0.1358671228060331,-0.02914630931457661,False,39.979582852467566,Зелёный,1.4071737176805428,Выше
2020-12-08 12:00:00+05:00,39.72,38.71294741383867,Вверх,2.6013327670352973,True,0.0654760816892761,0.1217889145826817,-0.05631283289340561,False,40.17021344049603,Красный,1.007052586161329,Выше
2020-12-08 12:30:00+05:00,39.9,38.72475888235769,Вверх,3.034857160021536,True,0.0467746413121901,0.1067860599285834,-0.060011418616393294,False,40.145442096446416,Красный,1.175241117642308,Выше
2020-12-08 13:00:00+05:00,40.015,38.73759710243374,Вверх,3.297579078507188,True,0.0407632604889798,0.0935815000406627,-0.0528182395516829,False,40.145442096446416,Красный,1.2774028975662617,Выше
2020-12-08 13:30:00+05:00,40.18,38.751949370071216,Вверх,3.6851065640369858,True,0.048751343770057,0.0846154687865415,-0.0358641250164845,False,39.7414169018784,Зелёный,1.4280506299287836,Выше
2020-12-08 14:00:00+05:00,39.975,38.76411902808046,Вверх,3.1237159576421423,True,0.038100966354726,0.0753125683001784,-0.03721160194545241,False,39.7414169018784,Зелёный,1.2108809719195435,Выше
2020-12-08 14:30:00+05:00,39.97,38.77611784372145,Вверх,3.0789109964288466,True,0.0289235941192984,0.0660347734640024,-0.037111179344703996,False,39.7414169018784,Зелёный,1.1938821562785478,Выше
2020-12-08 15:00:00+05:00,39.945,38.787748511943136,Вверх,2.983549013422461,True,0.0194094296143987,0.0567097046940817,-0.037300275079683004,False,39.7414169018784,Зелёный,1.1572514880568647,Выше
2020-12-08 15:30:00+05:00,39.755,38.79737290485912,Вверх,2.4682781937045775,True,-0.0034225731129566,0.044683249132674,-0.0481058222456306,False,39.7414169018784,Зелёный,0.9576270951408858,Выше
2020-12-08 16:00:00+05:00,39.845,38.80779705505954,Вверх,2.6726663805958966,True,-0.0140924034764111,0.032928118610857,-0.047020522087268105,False,39.7414169018784,Зелёный,1.0372029449404607,Выше
2020-12-08 16:30:00+05:00,39.72,38.816873701277856,Вверх,2.32663327209788,True,-0.0322628699608742,0.0198899208965107,-0.052152790857384904,False,40.07013406524885,Красный,0.9031262987221425,Выше
2020-12-08 17:00:00+05:00,39.67,38.82536252017061,Вверх,2.1754786691060186,True,-0.0501199263807734,0.0058879514410539,-0.0560078778218273,False,40.05137065872396,Красный,0.8446374798293945,Выше
2020-12-08 17:30:00+05:00,39.725,38.83431413688533,Вверх,2.2935537369737764,True,-0.0591518660102607,-0.007120012049209,-0.0520318539610517,False,40.004733592851565,Красный,0.890685863114669,Выше
2020-12-08 18:00:00+05:00,39.965,38.84556474248846,Вверх,2.881758226279886,True,-0.0464087775033235,-0.0149777651400319,-0.0314310123632916,False,40.004733592851565,Красный,1.1194352575115403,Выше
2020-12-08 18:30:00+05:00,39.79,38.85496210823485,Вверх,2.406482572703315,True,-0.0498561152542578,-0.0219534351628771,-0.0279026800913807,False,40.004733592851565,Красный,0.9350378917651483,Выше
2020-12-08 19:00:00+05:00,39.64,38.86277343054097,Вверх,1.999925637958291,True,-0.063954672007803,-0.0303536825318622,-0.0336009894759408,False,39.9824307891888,Красный,0.7772265694590317,Выше
2020-12-08 19:30:00+05:00,39.79,38.87199956556047,Вверх,2.361598180436415,True,-0.0623059096693126,-0.0367441279593523,-0.025561781709960298,False,39.9824307891888,Красный,0.9180004344395272,Выше
2020-12-08 20:00:00+05:00,39.85,38.881730913166834,Вверх,2.490293163634016,True,-0.0555177806614466,-0.0404988584997712,-0.0150189221616754,False,39.9824307891888,Красный,0.9682690868331676,Выше
2020-12-08 20:30:00+05:00,39.82,38.89106692398109,Вверх,2.388551277944259,True,-0.0519599271007322,-0.0427910722199634,-0.009168854880768802,False,39.9824307891888,Красный,0.9289330760189074,Выше
2020-12-08 21:00:00+05:00,39.845,38.90055879538427,Вверх,2.4278345449572063,True,-0.0465859970790774,-0.0435500571917862,-0.0030359398872912002,False,39.9824307891888,Красный,0.9444412046157282,Выше
2020-12-08 21:30:00+05:00,39.885,38.91035423025607,Вверх,2.5048493878425315,True,-0.0386538753005325,-0.0425708208135354,0.003916945513002902,Ниже,39.9824307891888,Красный,0.9746457697439297,Выше
2020-12-08 22:00:00+05:00,39.835,38.91955468567641,Вверх,2.352147453168325,True,-0.0359873539606425,-0.0412541274429569,0.005266773482314399,False,39.9824307891888,Красный,0.9154453143235912,Выше
2020-12-08 22:30:00+05:00,39.83,38.92861384303287,Вверх,2.315484852868581,True,-0.0338869471677298,-0.0397806913879115,0.005893744220181699,False,39.9824307891888,Красный,0.9013861569671278,Выше
2020-12-08 23:00:00+05:00,39.835,38.93763261076389,Вверх,2.304627500615026,True,-0.0314562928750774,-0.0381158116853447,0.006659518810267294,False,39.9824307891888,Красный,0.8973673892361091,Выше
2020-12-08 23:30:00+05:00,39.825,38.94646213702495,Вверх,2.2557578141092764,True,-0.029991178624428,-0.0364908850731613,0.006499706448733298,False,39.9824307891888,Красный,0.8785378629750511,Выше
2020-12-09 00:00:00+05:00,39.825,38.955203807303306,Вверх,2.2328113003829997,True,-0.0285015172756359,-0.0348930115136562,0.006391494238020302,False,39.9824307891888,Красный,0.8697961926966968,Выше
2020-12-09 00:30:00+05:00,39.775,38.96336098335004,Вверх,2.0830826606482638,True,-0.0309982040562033,-0.0341140500221657,0.0031158459659623994,False,39.96505016942588,Красный,0.8116390166499556,Выше
2020-12-09 01:00:00+05:00,39.75,38.971188237247055,Вверх,1.9984296039723732,True,-0.0345953437953241,-0.0342103087767974,-0.00038503501852669986,Ниже,39.95179515248329,Красный,0.7788117627529445,Выше
2020-12-09 01:30:00+05:00,39.755,38.9789873592645,Вверх,1.9908486425855274,True,-0.0366205063396947,-0.0346923482893768,-0.0019281580503179019,False,39.92311563723496,Красный,0.7760126407355017,Выше
2020-12-09 12:00:00+05:00,39.545,38.984619325838985,Вверх,1.437440415865744,True,-0.0545419811953848,-0.0386622748705784,-0.015879706324806404,False,40.024304073511466,Красный,0.5603806741610171,Выше
2020-12-09 12:30:00+05:00,39.615,38.990891770358,Вверх,1.600651334977852,True,-0.0623774161256704,-0.0434053031215968,-0.0189721130040736,False,39.85362366616032,Красный,0.6241082296420046,Выше
2020-12-09 13:00:00+05:00,39.605,38.99700230000619,Вверх,1.5590882994452966,True,-0.0686031566992539,-0.0484448738371283,-0.020158282862125607,False,39.85362366616032,Красный,0.6079976999938097,Выше
2020-12-09 13:30:00+05:00,39.585,39.002853023389214,Вверх,1.4925753668883788,True,-0.0742945129127434,-0.0536148016522513,-0.020679711260492104,False,39.82596016958986,Красный,0.5821469766107867,Выше
2020-12-09 14:00:00+05:00,39.7,39.00978980922614,Вверх,1.7693255824993463,True,-0.0687331023915476,-0.0566384618001106,-0.012094640591437007,False,39.82596016958986,Красный,0.6902101907738611,Выше
2020-12-09 14:30:00+05:00,39.795,39.017602845950265,Вверх,1.99242674420329,True,-0.0560142411297377,-0.056513617666036,0.0004993765362983002,Ниже,39.82596016958986,Красный,0.7773971540497371,Выше
2020-12-09 15:00:00+05:00,39.78,39.025188887284095,Вверх,1.9341638932127054,True,-0.0466075636040486,-0.0545324068536385,0.007924843249589898,False,39.82596016958986,Красный,0.7548111127159061,Выше
2020-12-09 15:30:00+05:00,39.76,39.032500440644455,Вверх,1.8638302725745939,True,-0.0403019608291685,-0.0516863176487445,0.011384356819575996,False,39.82596016958986,Красный,0.7274995593555431,Выше
2020-12-09 16:00:00+05:00,39.74,39.03954023725496,Вверх,1.7942315879954973,True,-0.0364978337453933,-0.0486486208680743,0.012150787122681,False,39.82596016958986,Красный,0.7004597627450408,Выше
2020-12-09 16:30:00+05:00,39.72,39.04631098116288,Вверх,1.725358944055238,True,-0.0346969041641429,-0.045858277527288,0.0111613733631451,False,39.82596016958986,Красный,0.6736890188371163,Выше
2020-12-09 17:00:00+05:00,39.695,39.05276559826573,Вверх,1.6445298864129396,True,-0.034884815128521,-0.0436635850475346,0.0087787699190136,False,39.82596016958986,Красный,0.6422344017342709,Выше
2020-12-09 17:30:00+05:00,39.74,39.05960375151682,Вверх,1.741943550711935,True,-0.031044747478063,-0.0411398175336403,0.0100950700555773,False,39.82596016958986,Красный,0.6803962484831843,Выше
2020-12-09 18:00:00+05:00,39.89,39.067866400755456,Вверх,2.1043729156108895,True,-0.0157165492051731,-0.0360551638679469,0.020338614662773803,False,39.59718808011048,Зелёный,0.8221335992445447,Выше
2020-12-09 18:30:00+05:00,39.965,39.0767931032355,Вверх,2.2729779652541624,True,0.002454734902713,-0.0283531841138149,0.0308079190165279,False,39.73046927209942,Зелёный,0.8882068967645012,Выше
2020-12-09 19:00:00+05:00,39.96,39.08558123156152,Вверх,2.237190137350164,True,0.0162646613701156,-0.0194296150170288,0.0356942763871444,False,39.76467234488948,Зелёный,0.8744187684384812,Выше
2020-12-09 19:30:00+05:00,39.825,39.0929386322425,Вверх,1.872617903310353,True,0.0161298212933402,-0.0123177277549549,0.0284475490482951,False,39.76467234488948,Зелёный,0.7320613677575025,Выше
2020-12-09 20:00:00+05:00,39.71,39.09907854634954,Вверх,1.5624957834396347,True,0.006666572557485,-0.0085208676924669,0.0151874402499519,False,39.98904040063952,Красный,0.6109214536504624,Выше
2020-12-09 20:30:00+05:00,39.85,39.10655040160975,Вверх,1.9010871343938498,True,0.0103444651711939,-0.0047478011197348,0.0150922662909287,False,39.95463636057557,Красный,0.7434495983902494,Выше
2020-12-09 21:00:00+05:00,39.62,39.11165935283751,Вверх,1.2997163903903872,True,-0.0052394590222988,-0.0048461327002476,-0.0003933263220512002,Ниже,39.938922724518015,Красный,0.5083406471624841,Выше
2020-12-09 21:30:00+05:00,39.715,39.11766274236152,Вверх,1.5270269636831197,True,-0.0098110297263431,-0.0058391121054667,-0.003971917620876399,False,39.938922724518015,Красный,0.5973372576384861,Выше
2020-12-09 22:00:00+05:00,39.665,39.12310888422858,Вверх,1.385092164773923,True,-0.0172695420474511,-0.0081251980938636,-0.009144343953587502,False,39.93190240685959,Красный,0.5418911157714206,Выше
2020-12-09 22:30:00+05:00,39.51,39.12695854707208,Вверх,0.9789706819841305,True,-0.0352809742984874,-0.0135563533347883,-0.0217246209636991,False,39.83171216617362,Красный,0.3830414529279196,Выше
2020-12-09 23:00:00+05:00,39.5,39.13067040232509,Вверх,0.9438366219582266,True,-0.0497881537054354,-0.0208027134089177,-0.0289854402965177,False,39.730790949556265,Красный,0.3693295976749127,Выше
2020-12-09 23:30:00+05:00,38.985,39.12922094558554,Вниз,0.3685760720513612,True,-0.1016694121729315,-0.0369760531617205,-0.06469335901121101,False,39.50321185460064,Красный,-0.14422094558553766,Ниже
2020-12-10 00:00:00+05:00,38.79,39.12584561279365,Вниз,0.8583727905009945,True,-0.1567140515742693,-0.0609236528442303,-0.095790398730039,False,39.16589066914057,Красный,-0.3358456127936478,Ниже
2020-12-10 00:30:00+05:00,38.835,39.122951626596695,Вниз,0.7360171322067068,True,-0.1944645348479809,-0.0876318292449804,-0.1068327056030005,False,38.87630160222651,Красный,-0.28795162659669415,Ниже
2020-12-10 01:00:00+05:00,38.74,39.11914116265046,Вниз,0.9691960288035305,True,-0.229403351830534,-0.1159861337620911,-0.1134172180684429,False,38.87630160222651,Красный,-0.3791411626504555,Ниже
2020-12-10 01:30:00+05:00,38.82,39.11616463366886,Вниз,0.7571412904166427,True,-0.2477810192461547,-0.1423451108589039,-0.10543590838725081,False,38.87630160222651,Красный,-0.2961646336688588,Ниже
2020-12-10 12:00:00+05:00,39.02,39.115207771642304,Вниз,0.24340346649347,True,-0.2434013453495964,-0.1625563577570424,-0.08084498759255399,False,38.65209863197687,Зелёный,-0.09520777164230054,Ниже
2020-12-10 12:30:00+05:00,39.195,39.11600172416328,Вверх,0.2019589742167269,True,-0.2232360584466022,-0.1746922978949543,-0.048543760551647885,False,38.69838876877918,Зелёный,0.07899827583671737,Выше
2020-12-10 13:00:00+05:00,39.22,39.11703653287807,Вверх,0.26321898652877235,True,-0.2028987418309071,-0.1803335866821449,-0.0225651551487622,False,38.78879989190126,Зелёный,0.10296346712193127,Выше
2020-12-10 13:30:00+05:00,39.27,39.11855855742655,Вверх,0.38713451660324355,True,-0.1806641063988863,-0.1803996906254932,-0.0002644157733931174,False,38.81191990271113,Зелёный,0.15144144257345005,Выше
2020-12-10 14:00:00+05:00,39.7,39.12434404441733,Вверх,1.4713497942077731,True,-0.126882963466123,-0.1696963451936192,0.042813381727496214,Ниже,39.06522791244002,Зелёный,0.5756559555826755,Выше
2020-12-10 14:30:00+05:00,39.765,39.13071873054254,Вверх,1.620929259759258,True,-0.0781155954878514,-0.1513801952524656,0.0732645997646142,False,39.32045512119602,Зелёный,0.6342812694574604,Выше
2020-12-10 15:00:00+05:00,39.665,39.13603496207944,Вверх,1.3516061053019126,True,-0.0469945454138382,-0.1305030652847401,0.0835085198709019,False,39.36390960907642,Зелёный,0.5289650379205568,Выше
2020-12-10 15:30:00+05:00,39.735,39.14199481320303,Вверх,1.5150101307482293,True,-0.0164923603653832,-0.1077009243008688,0.0912085639354856,False,39.36390960907642,Зелёный,0.5930051867969723,Выше
2020-12-10 16:00:00+05:00,39.705,39.1475968548627,Вверх,1.4238502230515915,True,0.0052001476966907,-0.0851207099013569,0.09032085759804759,False,39.383141783351896,Зелёный,0.5574031451373003,Выше
2020-12-10 16:30:00+05:00,39.565,39.15175011998844,Вверх,1.055508064761008,True,0.0109683503356805,-0.0659028978539494,0.0768712481896299,False,39.383141783351896,Зелёный,0.4132498800115556,Выше
2020-12-10 17:00:00+05:00,39.21,39.15232972078458,Вверх,0.1472971841693679,True,-0.0129564863470079,-0.0553136155525611,0.0423571292055532,False,39.79740515548496,Красный,0.05767027921542223,Выше
2020-12-10 17:30:00+05:00,39.455,39.15534136535389,Вверх,0.7653071693336234,True,-0.012009204701286,-0.0466527333823061,0.034643528681020094,False,39.73391463993647,Красный,0.2996586346461072,Выше
2020-12-10 18:00:00+05:00,39.6,39.15976582938023,Вверх,1.124200212375841,True,0.0004367761288648,-0.0372348314800719,0.0376716076089367,False,39.73391463993647,Красный,0.44023417061977455,Выше
2020-12-10 18:30:00+05:00,39.64,39.16454427883913,Вверх,1.213995285572011,True,0.0133738063960251,-0.0271131039048525,0.0404869103008776,False,39.73391463993647,Красный,0.47545572116086987,Выше
2020-12-10 19:00:00+05:00,39.61,39.16897667407456,Вверх,1.125950595021162,True,0.0209640858771749,-0.017497665948447,0.0384617518256219,False,39.73391463993647,Красный,0.4410233259254426,Выше
2020-12-10 19:30:00+05:00,39.83,39.17555402060119,Вверх,1.6705468391197624,True,0.0442218366287647,-0.0051537654330046,0.0493756020617693,False,39.271369604737686,Зелёный,0.6544459793988082,Выше
2020-12-10 20:00:00+05:00,39.945,39.183210199500685,Вверх,1.9441740393925728,True,0.0711135577403681,0.0100996992016698,0.06101385853869829,False,39.46498264426391,Зелёный,0.7617898004993151,Выше
2020-12-10 20:30:00+05:00,40.0,39.1913374611972,Вверх,2.0633706099044087,True,0.0957596234803404,0.0272316840574039,0.0685279394229365,False,39.499484379837526,Зелёный,0.8086625388027997,Выше
2020-12-10 21:00:00+05:00,39.925,39.19863758596141,Вверх,1.8530297448366657,True,0.1079950354021832,0.0433843543263598,0.0646106810758234,False,39.499484379837526,Зелёный,0.72636241403859,Выше
2020-12-10 21:30:00+05:00,39.98,39.20641233634986,Вверх,1.973115155280137,True,0.1207379360771199,0.0588550706765118,0.0618828654006081,False,39.58408234766839,Зелёный,0.7735876636501402,Выше
2020-12-10 22:00:00+05:00,39.935,39.21366196484389,Вверх,1.8395069448061616,True,0.1257560156819579,0.072235259677601,0.053520756004356906,False,39.60017411290156,Зелёный,0.7213380351561156,Выше
2020-12-10 22:30:00+05:00,39.945,39.220938960218575,Вверх,1.8461083772518383,True,0.1290521633417967,0.0835986404104402,0.0454535229313565,False,39.60017411290156,Зелёный,0.7240610397814251,Выше
2020-12-10 23:00:00+05:00,39.755,39.22625300041541,Вверх,1.3479416440285326,True,0.1150072401312201,0.0898803603545962,0.025126879776623895,False,39.60017411290156,Зелёный,0.528746999584591,Выше
2020-12-10 23:30:00+05:00,39.94,39.23335496061028,Вверх,1.801133347120534,True,0.1174505938536327,0.0953944070544035,0.022056186799229202,False,39.60017411290156,Зелёный,0.7066450393897199,Выше
2020-12-11 00:00:00+05:00,39.67,39.23769968737038,Вверх,1.1017473401193494,True,0.0964879724811211,0.095613120139747,0.000874852341374105,False,39.60017411290156,Зелёный,0.43230031262962143,Выше
2020-12-11 00:30:00+05:00,39.625,39.241553421824406,Вверх,0.977144238031968,True,0.0753749446538734,0.0915654850425723,-0.016190540388698896,Выше,39.60017411290156,Зелёный,0.3834465781755938,Выше
2020-12-11 01:00:00+05:00,39.64,39.24551806439332,Вверх,1.0051642966196004,True,0.0591710061037034,0.0850865892547985,-0.025915583151095108,False,39.60017411290156,Зелёный,0.3944819356066773,Выше
2020-12-11 01:30:00+05:00,39.85,39.251532810021246,Вверх,1.5246976286897056,True,0.0625534359449844,0.0805799585928357,-0.018026522647851304,False,39.60017411290156,Зелёный,0.5984671899787557,Выше
2020-12-11 12:00:00+05:00,39.655,39.25554740892651,Вверх,1.0175697893405438,True,0.0489350725904813,0.0742509813923648,-0.025315908801883502,False,39.60017411290156,Зелёный,0.39945259107349074,Выше
2020-12-11 12:30:00+05:00,39.765,39.2606165889372,Вверх,1.284705781225373,True,0.0464826788216825,0.0686973208782283,-0.022214642056545802,False,39.60017411290156,Зелёный,0.504383411062804,Выше
2020-12-11 13:00:00+05:00,39.545,39.26344627461941,Вверх,0.7170886717669287,True,0.0264817130048555,0.0602541993035538,-0.03377248629869831,False,40.13601926490634,Красный,0.28155372538059,Выше
2020-12-11 13:30:00+05:00,39.495,39.26575029178738,Вверх,0.583841405064324,True,0.0065210507494484,0.0495075695927327,-0.0429865188432843,False,39.9546673384157,Красный,0.22924970821262036,Выше
2020-12-11 14:00:00+05:00,39.6,39.26907615953079,Вверх,0.8427084944011197,True,-0.0008158903423804,0.0394428776057101,-0.0402587679480905,False,39.9546673384157,Красный,0.330923840469211,Выше
2020-12-11 14:30:00+05:00,39.58,39.272169929087696,Вверх,0.7838376933796634,True,-0.0081503497124302,0.029924232142082,-0.0380745818545122,False,39.9546673384157,Красный,0.30783007091230274,Выше
2020-12-11 15:00:00+05:00,39.725,39.27667570093757,Вверх,1.1414517421894055,True,-0.0022368879685785,0.0234920081199499,-0.025728896088528398,False,39.9546673384157,Красный,0.44832429906243476,Выше
2020-12-11 15:30:00+05:00,39.725,39.28113663923669,Вверх,1.1299656749747617,True,0.0024216577050211,0.0192779380369641,-0.016856280331943,False,39.9546673384157,Красный,0.44386336076330934,Выше
2020-12-11 16:00:00+05:00,39.71,39.28540393635871,Вверх,1.080798518271883,True,0.004847336991105,0.0163918178277923,-0.011544480836687299,False,39.9546673384157,Красный,0.4245960636412889,Выше
2020-12-11 16:30:00+05:00,39.73,39.289827777787984,Вверх,1.1203210782737476,True,0.008287999258087,0.0147710541138512,-0.006483054855764199,False,39.9546673384157,Красный,0.4401722222120128,Выше
2020-12-11 17:00:00+05:00,39.605,39.29296381980004,Вверх,0.7941273700578322,True,0.0009177147178718,0.0120003862346554,-0.011082671516783599,False,39.9546673384157,Красный,0.3120361801999536,Выше
2020-12-11 17:30:00+05:00,39.69,39.29691442855825,Вверх,1.0002962755673193,True,0.0019134437565355,0.0099829977390314,-0.0080695539824959,False,39.9546673384157,Красный,0.3930855714417447,Выше
2020-12-11 18:00:00+05:00,39.67,39.300626722801454,Вверх,0.9398661242830637,True,0.0010763261229413,0.0082016634158134,-0.0071253372928721005,False,39.9546673384157,Красный,0.36937327719854807,Выше
2020-12-11 18:30:00+05:00,39.695,39.30455083501239,Вверх,0.9933942932628472,True,0.0024025008986328,0.0070418309123773,-0.004639330013744501,False,39.9546673384157,Красный,0.39044916498760784,Выше
2020-12-11 19:00:00+05:00,39.705,39.30853540381823,Вверх,1.0085967134335274,True,0.0042118685901471,0.0064758384479312,-0.0022639698577841,False,39.9546673384157,Красный,0.3964645961817652,Выше
2020-12-11 19:30:00+05:00,39.695,39.31238082268571,Вверх,0.9732790772455436,True,0.0047837450596759,0.0061374197702802,-0.0013536747106042994,False,39.9546673384157,Красный,0.3826191773142895,Выше
2020-12-11 20:00:00+05:00,39.73,39.31653623738536,Вверх,1.051628149840639,True,0.0079693036034953,0.0065037965369232,0.001465507066572099,Выше,39.9546673384157,Красный,0.41346376261464,Выше
2020-12-11 20:30:00+05:00,39.665,39.32000353850592,Вверх,0.8774069950330069,True,0.005189108119552,0.006240858853449,-0.0010517507338970002,Выше,39.9546673384157,Красный,0.3449964614940768,Выше
2020-12-11 21:00:00+05:00,39.59,39.32269007046108,Вверх,0.6797854598959043,True,-0.0030311488336138,0.0043864573160364,-0.0074176061496502,False,39.919936500312936,Красный,0.26730992953892496,Выше
2020-12-11 21:30:00+05:00,39.64,39.32584738319281,Вверх,0.7988451303949661,True,-0.0054483740951098,0.0024194910338071,-0.0078678651289169,False,39.919936500312936,Красный,0.314152616807192,Выше
2020-12-11 22:00:00+05:00,39.58,39.32837626495208,Вверх,0.6398019927208611,True,-0.0120664466037538,-0.000477696493705,-0.0115887501100488,False,39.89287356525348,Красный,0.25162373504792157,Выше
2020-12-11 22:30:00+05:00,39.595,39.33102923744012,Вверх,0.6711514233871076,True,-0.0159174555879673,-0.0035656483125575,-0.0123518072754098,False,39.87258620872813,Красный,0.26397076255987884,Выше
2020-12-11 23:00:00+05:00,39.59,39.33360606094818,Вверх,0.6518444778608359,True,-0.0191520927626314,-0.0066829372025722,-0.012469155560059201,False,39.86082758785532,Красный,0.2563939390518257,Выше
2020-12-11 23:30:00+05:00,39.65,39.33675425934671,Вверх,0.7963182182954429,True,-0.0166817704036077,-0.0086827038427793,-0.007999066560828402,False,39.86082758785532,Красный,0.3132457406532865,Выше
2020-12-12 00:00:00+05:00,39.675,39.340119888606935,Вверх,0.851243240593287,True,-0.0125619250180051,-0.0094585480778245,-0.0031033769401806015,False,39.86082758785532,Красный,0.33488011139306195,Выше
2020-12-12 00:30:00+05:00,39.73,39.3439992927004,Вверх,0.9810916893016768,True,-0.0048035056985966,-0.0085275396019789,0.0037240339033822994,Ниже,39.86082758785532,Красный,0.3860007072995941,Выше
2020-12-12 01:00:00+05:00,39.72,39.34774059327055,Вверх,0.9460756859648345,True,0.000532047964171,-0.0067156220887489,0.0072476700529199,False,39.86082758785532,Красный,0.372259406729448,Выше
2020-12-12 01:30:00+05:00,39.72,39.35144466696936,Вверх,0.9365738314049706,True,0.0047062618257172,-0.0044312453058557,0.0091375071315729,False,39.86082758785532,Красный,0.3685553330306419,Выше
2020-12-14 12:00:00+05:00,39.87,39.35660442152688,Вверх,1.3044712215881706,True,0.0198888366537062,0.0004327710860566,0.0194560655676496,False,39.634589153382585,Зелёный,0.5133955784731157,Выше
2020-12-14 12:30:00+05:00,39.875,39.361762586486805,Вверх,1.3038984531891713,True,0.0319562233519477,0.0067374615392348,0.0252187618127129,False,39.68613023804432,Зелёный,0.5132374135131954,Выше
2020-12-14 13:00:00+05:00,39.84,39.36652116771579,Вверх,1.2027449168470383,True,0.0382545323223411,0.0130408756958561,0.025213656626484997,False,39.68613023804432,Зелёный,0.47347883228421495,Выше
2020-12-14 13:30:00+05:00,39.93,39.37212792226588,Вверх,1.416921327786877,True,0.0499326429706883,0.0204192291508225,0.0295134138198658,False,39.68613023804432,Зелёный,0.5578720777341175,Выше
2020-12-14 14:00:00+05:00,39.9,39.3773803807508,Вверх,1.327207686737524,True,0.0561199644989329,0.0275593762204446,0.028560588278488303,False,39.68613023804432,Зелёный,0.5226196192491983,Выше
2020-12-14 14:30:00+05:00,39.91,39.382680078454776,Вверх,1.338964033160617,True,0.0611257581236373,0.0342726526010831,0.026853105522554196,False,39.68613023804432,Зелёный,0.5273199215452209,Выше
2020-12-14 15:00:00+05:00,39.975,39.388573809017416,Вверх,1.4888231135912116,True,0.0695362715546821,0.0413253763918029,0.028210895162879203,False,39.71740886926279,Зелёный,0.5864261909825856,Выше
2020-12-14 15:30:00+05:00,39.945,39.394110388032175,Вверх,1.3984060219701884,True,0.0729401066182688,0.0476483224370961,0.0252917841811727,False,39.71740886926279,Зелёный,0.5508896119678255,Выше
2020-12-14 16:00:00+05:00,39.955,39.39969137919604,Вверх,1.4094237831953471,True,0.0755734234730027,0.0532333426442774,0.022340080828725295,False,39.74120118410286,Зелёный,0.5553086208039559,Выше
2020-12-14 16:30:00+05:00,39.94,39.405067584378166,Вверх,1.3575218833881697,True,0.0755787466671975,0.0577024234488615,0.017876323218335995,False,39.77308106569257,Зелёный,0.5349324156218316,Выше
2020-12-14 17:00:00+05:00,40.05,39.41148482234456,Вверх,1.6201246426864522,True,0.0834965497775499,0.0628612487145992,0.02063530106295071,False,39.80302295912332,Зелёный,0.6385151776554352,Выше
2020-12-14 17:30:00+05:00,40.05,39.41783820719685,Вверх,1.6037454653911654,True,0.0887484291400468,0.0680386847996887,0.02070974434035809,False,39.85997066321098,Зелёный,0.6321617928031458,Выше
2020-12-14 18:00:00+05:00,40.075,39.42437713050833,Вверх,1.6503060209115876,True,0.0938460733227373,0.0732001625042984,0.020645910818438903,False,39.89297359688989,Зелёный,0.65062286949167,Выше
2020-12-14 18:30:00+05:00,40.06,39.43070173617492,Вверх,1.595960092304793,True,0.0955739019750225,0.0776749103984432,0.0178989915765793,False,39.89297359688989,Зелёный,0.6292982638250848,Выше
2020-12-14 19:00:00+05:00,40.265,39.43900321143686,Вверх,2.0943652762593366,True,0.1121917289592815,0.0845782741106109,0.0276134548486706,False,39.98048361348081,Зелёный,0.8259967885631383,Выше
2020-12-14 19:30:00+05:00,39.99,39.44448576654694,Вверх,1.3829923824630397,True,0.101995533816364,0.0880617260517615,0.013933807764602499,False,39.98048361348081,Зелёный,0.545514233453062,Выше
2020-12-14 20:00:00+05:00,39.895,39.44896849523802,Вверх,1.1306544170244262,True,0.085266371994237,0.0875026552402566,-0.002236283246019599,Выше,40.15633327308055,Красный,0.44603150476198294,Выше
2020-12-14 20:30:00+05:00,39.9,39.4534563709073,Вверх,1.1318238506017935,True,0.0715866426806712,0.0843194527283396,-0.012732810047668394,False,40.15044994577249,Красный,0.4465436290927016,Выше
2020-12-14 21:00:00+05:00,40.09,39.45979013836096,Вверх,1.5970937996104158,True,0.0752097989998858,0.0824975219826488,-0.007287722982763006,False,40.07865495119524,Красный,0.6302098616390452,Выше
2020-12-14 21:30:00+05:00,39.975,39.46491660464592,Вверх,1.2924983485053951,True,0.0680175733354531,0.0796015322532097,-0.011583958917756612,False,40.07865495119524,Красный,0.51008339535408,Выше
2020-12-14 22:00:00+05:00,39.975,39.46999206131611,Вверх,1.2794731194760962,True,0.0616075096572217,0.0760027277340121,-0.014395218076790395,False,40.07865495119524,Красный,0.5050079386838888,Выше
2020-12-14 22:30:00+05:00,39.72,39.47247970249705,Вверх,0.6270705548992747,True,0.035541419770773,0.0679104661413643,-0.0323690463705913,False,40.07865495119524,Красный,0.2475202975029518,Выше
2020-12-14 23:00:00+05:00,39.865,39.47638537709907,Вверх,0.9844230143886813,True,0.0262811907170501,0.0595846110565014,-0.0333034203394513,False,40.07865495119524,Красный,0.3886146229009313,Выше
2020-12-14 23:30:00+05:00,39.85,39.480102935535896,Вверх,0.9369202128679409,True,0.0175299435585287,0.0511736775569069,-0.0336437339983782,False,40.07865495119524,Красный,0.3698970644641051,Выше
2020-12-15 00:00:00+05:00,39.895,39.484231264535545,Вверх,1.040336160307641,True,0.0140635254877921,0.0437516471430839,-0.029688121655291798,False,40.07865495119524,Красный,0.41076873546445825,Выше
2020-12-15 00:30:00+05:00,39.9,39.48836826687848,Вверх,1.0424126171523274,True,0.0115862631761061,0.0373185703496884,-0.025732307173582297,False,40.07865495119524,Красный,0.41163173312151713,Выше
2020-12-15 01:00:00+05:00,39.99,39.493359627407045,Вверх,1.2575288030150396,True,0.0166928381378781,0.0331934239073263,-0.016500585769448198,False,40.07865495119524,Красный,0.4966403725929567,Выше
2020-12-15 01:30:00+05:00,39.8,39.496410775393045,Вверх,0.7686501599686969,True,0.0053467890265821,0.0276240969311775,-0.0222773079045954,False,40.07865495119524,Красный,0.30358922460695226,Выше
2020-12-15 12:00:00+05:00,40.25,39.50390917563789,Вверх,1.8886506169425596,True,0.0322939381385083,0.0285580651726436,0.003735872965864702,Выше,39.63759439840135,Зелёный,0.7460908243621134,Выше
2020-12-15 12:30:00+05:00,40.295,39.51178072612906,Вверх,1.9822424084090942,True,0.0566280984041185,0.0341720718189386,0.022456026585179895,False,39.96208495856121,Зелёный,0.7832192738709409,Выше
2020-12-15 13:00:00+05:00,40.245,39.519076440296935,Вверх,1.836894039767717,True,0.0710593852400833,0.0415495345031676,0.029509850736915706,False,39.96208495856121,Зелёный,0.7259235597030624,Выше
2020-12-15 13:30:00+05:00,40.2,39.525851799099954,Вверх,1.7055880397633842,True,0.0779664118467238,0.0488329099718788,0.029133501874845,False,39.96208495856121,Зелёный,0.6741482009000492,Выше
2020-12-15 14:00:00+05:00,40.26,39.53315675632284,Вверх,1.838566163985651,True,0.0872757185972616,0.0565214716969554,0.030754246900306204,False,39.96208495856121,Зелёный,0.726843243677159,Выше
2020-12-15 14:30:00+05:00,40.45,39.54227957466789,Вверх,2.2955692870919657,True,0.1087314350702257,0.0669634643716095,0.04176797069861621,False,40.01550719131202,Зелёный,0.9077204253321156,Выше
2020-12-15 15:00:00+05:00,40.385,39.55066485253189,Вверх,2.1095350750208666,True,0.1191171794855705,0.0773942073944017,0.041722972091168806,False,40.09070647218081,Зелёный,0.83433514746811,Выше
2020-12-15 15:30:00+05:00,40.325,39.55836967986989,Вверх,1.9379724855552574,True,0.1211103732071521,0.0861374405569517,0.03497293265020039,False,40.09070647218081,Зелёный,0.7666303201301119,Выше
2020-12-15 16:00:00+05:00,40.265,39.56540082733387,Вверх,1.7682094912148925,True,0.1165054922402077,0.0922110508936029,0.0242944413466048,False,40.09070647218081,Зелёный,0.699599172666133,Выше
2020-12-15 16:30:00+05:00,40.205,39.57176499820616,Вверх,1.600219251839135,True,0.1067836568132278,0.0951255720775279,0.011658084735699889,False,40.09070647218081,Зелёный,0.6332350017938353,Выше
2020-12-15 17:00:00+05:00,40.045,39.576473804194165,Вверх,1.1838502796481671,True,0.0851863936517745,0.0931377363923773,-0.007951342740602801,Выше,40.45126348360217,Красный,0.4685261958058362,Выше
2020-12-15 17:30:00+05:00,40.0,39.58068799519721,Вверх,1.059385336742178,True,0.0637049322728415,0.0872511755684701,-0.0235462432956286,False,40.27113713524195,Красный,0.41931200480279074,Выше
2020-12-15 18:00:00+05:00,39.965,39.584511995245,Вверх,0.9612042326066991,True,0.0433567225625921,0.0784722849672945,-0.0351155624047024,False,40.18327342171775,Красный,0.38048800475500144,Выше
2020-12-15 18:30:00+05:00,40.085,39.589491975391816,Вверх,1.2516150116707347,True,0.0364929488857512,0.0700764177509859,-0.0335834688652347,False,40.18327342171775,Красный,0.4955080246081849,Выше
2020-12-15 19:00:00+05:00,40.035,39.59392489105956,Вверх,1.1139969329992714,True,0.0267108703767107,0.0614033082761308,-0.0346924378994201,False,40.18327342171775,Красный,0.44107510894043855,Выше
2020-12-15 19:30:00+05:00,39.835,39.59632364836245,Вверх,0.6027740195204251,True,0.0027880354151932,0.0496802537039433,-0.0468922182887501,False,40.18327342171775,Красный,0.23867635163755097,Выше
2020-12-15 20:00:00+05:00,39.915,39.59949455733397,Вверх,0.7967410851904352,True,-0.0096049325508431,0.037823216452986,-0.047428149003829106,False,40.18327342171775,Красный,0.31550544266603,Выше
2020-12-15 20:30:00+05:00,40.065,39.60412645228588,Вверх,1.163700828673408,True,-0.0072392529510025,0.0288107225721883,-0.0360499755231908,False,40.18327342171775,Красный,0.46087354771411526,Выше
2020-12-15 21:00:00+05:00,40.0,39.60806549256164,Вверх,0.9895320626349753,True,-0.0104884868491197,0.0209508806879267,-0.0314393675370464,False,40.18327342171775,Красный,0.3919345074383571,Выше
2020-12-15 21:30:00+05:00,39.99,39.61186583591924,Вверх,0.9545982147043376,True,-0.013712376805202,0.0140182291893009,-0.027730605994502902,False,40.18327342171775,Красный,0.3781341640807625,Выше
2020-12-15 22:00:00+05:00,40.04,39.61612587735288,Вверх,1.06995349307852,True,-0.0120933461234429,0.0087959141267521,-0.020889260250195,False,40.18327342171775,Красный,0.42387412264712054,Выше
2020-12-15 22:30:00+05:00,40.045,39.62039328155833,Вверх,1.0716872884735098,True,-0.0102881984824847,0.0049790916049047,-0.0152672900873894,False,40.18327342171775,Красный,0.4246067184416731,Выше
2020-12-15 23:00:00+05:00,40.065,39.62481722900551,Вверх,1.1108764702951723,True,-0.0071612229976025,0.0025510286844033,-0.0097122516820058,False,40.18327342171775,Красный,0.44018277099448966,Выше
2020-12-15 23:30:00+05:00,40.195,39.63049068941341,Вверх,1.4244317967463005,True,0.0057406663195891,0.0031889562114404,0.0025517101081487,Выше,39.89357976003947,Зелёный,0.5645093105865868,Выше
2020-12-16 00:00:00+05:00,40.14,39.635560433797366,Вверх,1.2726944205701136,True,0.0113960990744246,0.0048303847840373,0.0065657142903872995,False,39.960221784035525,Зелёный,0.5044395662026346,Выше
2020-12-16 00:30:00+05:00,40.3,39.64217177276456,Вверх,1.6594152081430193,True,0.0284606563715286,0.0095564391015355,0.018904217269993098,False,39.97894960563197,Зелёный,0.6578282272354343,Выше
2020-12-16 01:00:00+05:00,40.395,39.64966260089625,Вверх,1.879807671016363,True,0.04908433338354,0.0174620179579364,0.0316223154256036,False,40.08705464506877,Зелёный,0.7453373991037537,Выше
2020-12-16 01:30:00+05:00,40.355,39.6566808834744,Вверх,1.7609116571745094,True,0.061492236075189,0.0262680615813869,0.0352241744938021,False,40.1433491805619,Зелёный,0.698319116525596,Выше
2020-12-16 12:00:00+05:00,40.12,39.66129102393735,Вверх,1.1565659216332476,True,0.0517663223883033,0.0313677137427702,0.020398608645533105,False,40.481485737494296,Красный,0.4587089760626455,Выше
2020-12-16 12:30:00+05:00,40.0,39.664661262505135,Вверх,0.845434517329056,True,0.0339837253699357,0.0318909160682033,0.002092809301732397,False,40.27933716374486,Красный,0.3353387374948653,Выше
2020-12-16 13:00:00+05:00,40.09,39.668893488748864,Вверх,1.0615534596914733,True,0.0268436994966236,0.0308814727538874,-0.004037773257263802,Выше,40.27933716374486,Красный,0.4211065112511392,Выше
2020-12-16 13:30:00+05:00,39.96,39.67179007095037,Вверх,0.7264858191026523,True,0.0105733806557566,0.0268198543342612,-0.016246473678504597,False,40.27933716374486,Красный,0.2882099290496285,Выше
2020-12-16 14:00:00+05:00,39.945,39.67450857770709,Вверх,0.681776364698065,True,-0.0034910957085259,0.0207576643257038,-0.0242487600342297,False,40.24076429237001,Красный,0.27049142229291334,Выше
2020-12-16 14:30:00+05:00,39.915,39.67690152718264,Вверх,0.6000934136810925,True,-0.0168636501738888,0.0132334014257853,-0.0300970515996741,False,40.20268786313301,Красный,0.23809847281735586,Выше
2020-12-16 15:00:00+05:00,39.93,39.679419919947,Вверх,0.6315114499116724,True,-0.0259519632145739,0.0053963284977134,-0.0313482917122873,False,40.1354190768197,Красный,0.25058008005299826,Выше
2020-12-16 15:30:00+05:00,39.865,39.681266487907735,Вверх,0.4630233063459741,True,-0.0379618727112429,-0.0032753117440778,-0.034686560967165096,False,40.1354190768197,Красный,0.1837335120922674,Выше
2020-12-16 16:00:00+05:00,39.65,39.68095537857533,Вниз,0.07801066854363485,True,-0.0640897291805799,-0.0154381952313782,-0.0486515339492017,False,39.95898945222397,Красный,-0.03095537857532804,Ниже
2020-12-16 16:30:00+05:00,39.65,39.68064736485816,Вниз,0.07723504250412852,True,-0.083829904714328,-0.0291165371279682,-0.05471336758635979,False,39.92934050700157,Красный,-0.030647364858161552,Ниже
2020-12-16 17:00:00+05:00,39.645,39.68029266471032,Вниз,0.08894255142857459,True,-0.0987393880559892,-0.0430411073135724,-0.0556982807424168,False,39.899156456301405,Красный,-0.03529266471031889,Ниже
2020-12-16 17:30:00+05:00,39.825,39.681732538693296,Вверх,0.3610413460828799,True,-0.0949363976478281,-0.0534201653804235,-0.041516232267404606,False,39.899156456301405,Красный,0.14326746130670642,Выше
2020-12-16 18:00:00+05:00,39.68,39.68171529950232,Вниз,0.004322644546426455,True,-0.1024419020557019,-0.0632245127154792,-0.0392173893402227,False,39.899156456301405,Красный,-0.0017152995023224094,Ниже
2020-12-16 18:30:00+05:00,39.69,39.68179773433314,Вверх,0.02067009595123054,True,-0.1063571331210653,-0.0718510367965964,-0.03450609632446891,False,39.899156456301405,Красный,0.008202265666859887,Выше
2020-12-16 19:00:00+05:00,39.69,39.68187934891689,Вверх,0.020464381265078713,True,-0.1082125747463962,-0.0791233443865564,-0.029089230359839804,False,39.88426030097936,Красный,0.008120651083110886,Выше
2020-12-16 19:30:00+05:00,39.585,39.68091537529583,Вниз,0.24171663982213873,True,-0.1168091449685562,-0.0866605045029563,-0.030148640465599896,False,39.87133427088142,Красный,-0.0959153752958315,Ниже
2020-12-16 20:00:00+05:00,39.71,39.681204774546615,Вверх,0.07256640925342296,True,-0.1122416812398441,-0.0917767398503339,-0.020464941389510202,False,39.87133427088142,Красный,0.02879522545338631,Выше
2020-12-16 20:30:00+05:00,39.985,39.684227612610826,Вверх,0.7579141777061933,True,-0.0854467546006532,-0.0905107428003977,0.005063988199744504,Ниже,39.53176924058606,Зелёный,0.30077238738917345,Выше
2020-12-16 21:00:00+05:00,39.875,39.686125845321165,Вверх,0.4759198602931981,True,-0.0722547550445824,-0.0868595452492347,0.014604790204652301,False,39.68884231652744,Зелёный,0.18887415467883528,Выше
2020-12-16 21:30:00+05:00,39.83,39.687557428949816,Вверх,0.358909895891649,True,-0.0646854704346182,-0.0824247302863114,0.01773925985169321,False,39.68884231652744,Зелёный,0.1424425710501822,Выше
2020-12-16 22:00:00+05:00,39.83,39.68897476796525,Вверх,0.35532596359374186,True,-0.0580179628862467,-0.0775433768062985,0.019525413920051797,False,39.68884231652744,Зелёный,0.1410252320347496,Выше
2020-12-16 22:30:00+05:00,39.825,39.69032825286112,Вверх,0.3393062064916872,True,-0.0525318192185935,-0.0725410652887575,0.020009246070164008,False,39.68884231652744,Зелёный,0.13467174713888141,Выше
2020-12-16 23:00:00+05:00,39.75,39.69092200158887,Вверх,0.14884511478156523,True,-0.0536178112827556,-0.0687564144875571,0.015138603204801496,False,39.68884231652744,Зелёный,0.05907799841112649,Выше
2020-12-16 23:30:00+05:00,39.77,39.6917088473442,Вверх,0.19724812795768434,True,-0.0522621889822261,-0.0654575693864909,0.013195380404264802,False,39.68884231652744,Зелёный,0.078291152655801,Выше
2020-12-17 00:00:00+05:00,39.81,39.69288587373879,Вверх,0.29505067138163854,True,-0.0474136280461152,-0.0618487811184158,0.014435153072300602,False,39.68884231652744,Зелёный,0.11711412626121387,Выше
2020-12-17 00:30:00+05:00,39.835,39.69429994464687,Вверх,0.35445909248767005,True,-0.0410802697281269,-0.057695078840358,0.0166148091122311,False,39.68884231652744,Зелёный,0.14070005535312902,Выше
2020-12-17 01:00:00+05:00,39.84,39.69574969644143,Вверх,0.3633897952845644,True,-0.0352512252370686,-0.0532063081197001,0.0179550828826315,False,39.70087816035051,Зелёный,0.1442503035585716,Выше
2020-12-17 01:30:00+05:00,39.845,39.69723477408878,Вверх,0.37223052626242714,True,-0.0298837262741358,-0.0485417917505873,0.0186580654764515,False,39.70087816035051,Зелёный,0.14776522591122188,Выше
2020-12-17 12:00:00+05:00,39.875,39.6990035823068,Вверх,0.443327040509494,True,-0.0229447031405101,-0.0434223740285718,0.020477670888061697,False,39.74111130988391,Зелёный,0.17599641769319874,Выше
2020-12-17 12:30:00+05:00,39.93,39.701302054124646,Вверх,0.5760464620620513,True,-0.0128592040684054,-0.0373097400365385,0.024450535968133104,False,39.74111130988391,Зелёный,0.22869794587535353,Выше
2020-12-17 13:00:00+05:00,39.87,39.70298064065077,Вверх,0.4206720922565176,True,-0.0095972409313631,-0.0317672402155035,0.0221699992841404,False,39.74111130988391,Зелёный,0.16701935934922574,Выше
2020-12-17 13:30:00+05:00,39.715,39.70310023626619,Вверх,0.029971875402681394,True,-0.019296873904544,-0.0292731669533116,0.009976293048767598,False,40.02783485509463,Красный,0.011899763733815405,Выше
2020-12-17 14:00:00+05:00,39.045,39.69655197520882,Вниз,1.6413314073618372,True,-0.0801236874999986,-0.039443271062649,-0.0406804164373496,Ниже,39.70005136958517,Красный,-0.6515519752088181,Ниже
2020-12-17 14:30:00+05:00,39.245,39.69205892072913,Вниз,1.126318293596148,True,-0.110912516527776,-0.0537371201556744,-0.0571753963721016,False,39.64529623262665,Красный,-0.447058920729134,Ниже
2020-12-17 15:00:00+05:00,39.5,39.69014788669203,Вниз,0.4790808218575254,True,-0.1134289778284269,-0.0656754916902249,-0.047753486138202,False,39.64529623262665,Красный,-0.19014788669203142,Ниже
2020-12-17 15:30:00+05:00,39.63,39.689549400257285,Вниз,0.15003798520548595,True,-0.103737556023205,-0.0732879045568209,-0.030449651466384106,False,39.64529623262665,Красный,-0.05954940025728206,Ниже
2020-12-17 16:00:00+05:00,39.67,39.68935487886169,Вниз,0.04876591952871257,True,-0.0917714841698398,-0.0769846204794247,-0.014786863690415097,False,39.31150404641517,Зелёный,-0.01935487886169085,Ниже
2020-12-17 16:30:00+05:00,39.87,39.69115234275362,Вверх,0.45059829883984553,True,-0.0653961118155592,-0.0746669187466516,0.009270806931092404,Ниже,39.37910364177366,Зелёный,0.1788476572463793,Выше
2020-12-17 17:00:00+05:00,40.0,39.694225453771,Вверх,0.7703250100826793,True,-0.0336160210899478,-0.0664567392153108,0.032840718125362996,False,39.53269327759629,Зелёный,0.3057745462290029,Выше
2020-12-17 17:30:00+05:00,40.01,39.69736748905686,Вверх,0.7875396549388841,True,-0.0075362802526157,-0.0546726474227718,0.0471363671701561,False,39.58642394983666,Зелёный,0.31263251094313915,Выше
2020-12-17 18:00:00+05:00,38.91,39.68953298667819,Вниз,1.9640769946571102,True,-0.0747668390808868,-0.0586914857543948,-0.016075353326492,Ниже,39.98121844514701,Красный,-0.7795329866781913,Ниже
2020-12-17 18:30:00+05:00,37.35,39.66625405148736,Вниз,5.839356669477348,False,-0.2510327545266193,-0.0971597395088397,-0.15387301501777956,False,38.67209660063231,Красный,-2.3162540514873555,Ниже
2020-12-17 19:00:00+05:00,37.9,39.64867938430838,Вниз,4.410435382623237,True,-0.3423974147245445,-0.1462072745519807,-0.19619014017256378,False,38.67209660063231,Красный,-1.7486793843083817,Ниже
2020-12-17 19:30:00+05:00,37.815,39.630433818295366,Вниз,4.580908265145647,True,-0.4168580753955737,-0.2003374347206993,-0.2165206406748744,False,38.67209660063231,Красный,-1.815433818295368,Ниже
2020-12-17 20:00:00+05:00,37.24,39.60664840716805,Вниз,5.975381665315896,False,-0.5163146263441476,-0.2635328730453889,-0.2527817532987587,False,38.57233592186095,Красный,-2.36664840716805,Ниже
2020-12-17 20:30:00+05:00,37.505,39.58573648271862,Вниз,5.256278315364874,False,-0.5672128970150325,-0.3242688778393177,-0.24294401917571484,False,38.34635232967487,Красный,-2.0807364827186206,Ниже
2020-12-17 21:00:00+05:00,37.905,39.56901273662192,Вниз,4.205343074131953,True,-0.5687176629592869,-0.3731586348633115,-0.19555902809597542,False,38.34635232967487,Красный,-1.6640127366219204,Ниже
2020-12-17 21:30:00+05:00,37.935,39.5527539034217,Вниз,4.090116979899467,True,-0.5610223352750552,-0.4107313749456602,-0.15029096032939498,False,38.34635232967487,Красный,-1.6177539034217006,Ниже
2020-12-17 22:00:00+05:00,38.0,39.537303615825465,Вниз,3.8882358563524635,True,-0.5434146302771481,-0.4372680260119578,-0.10614660426519029,False,38.34635232967487,Красный,-1.537303615825465,Ниже
2020-12-17 22:30:00+05:00,38.09,39.52290258482223,Вниз,3.6254993715276873,True,-0.5162471733098215,-0.4530638554715306,-0.0631833178382909,False,38.34635232967487,Красный,-1.43290258482223,Ниже
2020-12-17 23:00:00+05:00,38.06,39.50834634019714,Вниз,3.6659249863959595,True,-0.4914721324002684,-0.4607455108572782,-0.030726621542990162,False,38.34635232967487,Красный,-1.4483463401971406,Ниже
2020-12-17 23:30:00+05:00,37.99,39.49323841641409,Вниз,3.806318440042923,True,-0.4720447113753891,-0.4630053509609004,-0.009039360414488717,False,38.34635232967487,Красный,-1.503238416414085,Ниже
2020-12-18 00:00:00+05:00,37.8,39.47639027296719,Вниз,4.246564240994333,True,-0.4666010657134478,-0.4637244939114099,-0.002876571802037875,False,38.34635232967487,Красный,-1.6763902729671898,Ниже
2020-12-18 00:30:00+05:00,37.88,39.46050579263916,Вниз,4.005285185508142,True,-0.4506369437194664,-0.4611069838730213,0.010470040153554905,Ниже,38.34635232967487,Красный,-1.5805057926391584,Ниже
2020-12-18 01:00:00+05:00,37.99,39.44587389420494,Вниз,3.690814147278455,True,-0.4242190482117038,-0.4537293967407578,0.029510348529053987,False,38.34635232967487,Красный,-1.4558738942049345,Ниже
2020-12-18 01:30:00+05:00,38.055,39.43203435296907,Вниз,3.492171721709266,True,-0.3935016765379728,-0.4416838527002009,0.048182176162228085,False,38.34635232967487,Красный,-1.3770343529690692,Ниже
2020-12-18 12:00:00+05:00,37.7,39.41480018030271,Вниз,4.350650447188287,True,-0.3932700984284949,-0.4320011018458597,0.038731003417364795,False,38.34635232967487,Красный,-1.71480018030271,Ниже
2020-12-18 12:30:00+05:00,36.805,39.38883201930468,Вниз,6.5598086737843095,False,-0.4600029634603473,-0.4376014741687572,-0.022401489291590082,Ниже,37.946967351146085,Красный,-2.5838320193046798,Ниже
2020-12-18 13:00:00+05:00,36.85,39.363570009162345,Вниз,6.3855234893005886,False,-0.5034546045712176,-0.4507721002492493,-0.052682504321968304,False,37.56727061603147,Красный,-2.5135700091623434,Ниже
2020-12-18 13:30:00+05:00,37.04,39.3404499095687,Вниз,5.847543469524898,False,-0.5166038435661022,-0.4639384489126199,-0.0526653946534823,False,37.56727061603147,Красный,-2.300449909568698,Ниже
2020-12-18 14:00:00+05:00,37.17,39.318853393055576,Вниз,5.465198518314629,False,-0.51064836023086,-0.473280431176268,-0.03736792905459202,False,37.56727061603147,Красный,-2.1488533930555747,Ниже
2020-12-18 14:30:00+05:00,37.05,39.29627773740328,Вниз,5.716260843874313,False,-0.5097356782989095,-0.4805714806007963,-0.029164197698113237,False,37.56727061603147,Красный,-2.2462777374032825,Ниже
2020-12-18 15:00:00+05:00,37.11,39.27452373006594,Вниз,5.511266654543601,False,-0.4984253357220396,-0.484142251625045,-0.014283084096994636,False,37.56727061603147,Красный,-2.1645237300659375,Ниже
2020-12-18 15:30:00+05:00,36.975,39.25164289693096,Вниз,5.800121291506417,False,-0.4946531261735245,-0.486244426534741,-0.008408699638783546,False,37.56727061603147,Красный,-2.2766428969309587,Ниже
2020-12-18 16:00:00+05:00,36.88,39.22804446014558,Вниз,5.985627100354485,False,-0.4936389662574711,-0.487723334479287,-0.005915631778184105,False,37.42124875595438,Красный,-2.34804446014558,Ниже
2020-12-18 16:30:00+05:00,36.745,39.20333755009439,Вниз,6.2707353601032185,False,-0.4979881120069152,-0.4897762899848126,-0.008211822022102577,False,37.36012388035894,Красный,-2.4583375500943916,Ниже
2020-12-18 17:00:00+05:00,36.935,39.18076702720788,Вниз,5.731809756680803,False,-0.4805637890242096,-0.487933789792692,0.0073700007684823765,Ниже,37.36012388035894,Красный,-2.245767027207876,Ниже
2020-12-18 17:30:00+05:00,36.835,39.15742606176303,Вниз,5.930997757870673,False,-0.4694129514847773,-0.4842296221311091,0.014816670646331798,False,37.35295034309074,Красный,-2.322426061763032,Ниже
2020-12-18 18:00:00+05:00,36.89,39.13486460841215,Вниз,5.736226842419203,False,-0.450939640575136,-0.4775716258199145,0.0266319852447785,False,37.26415530878168,Красный,-2.2448646084121506,Ниже
2020-12-18 18:30:00+05:00,36.9,39.11262714962199,Вниз,5.657066044573736,False,-0.430529614756189,-0.4681632236071694,0.03763360885098038,False,37.26415530878168,Красный,-2.2126271496219942,Ниже
2020-12-18 19:00:00+05:00,36.705,39.08867066057102,Вниз,6.0981113460464735,False,-0.425188088946399,-0.4595681966750154,0.03438010772861644,False,37.21681580011315,Красный,-2.3836706605710205,Ниже
2020-12-18 19:30:00+05:00,36.71,39.06500229578921,Вниз,6.028419704055812,False,-0.4157588241216814,-0.4508063221643486,0.03504749804266721,False,37.15513422010184,Красный,-2.3550022957892125,Ниже
2020-12-18 20:00:00+05:00,36.515,39.03962913861719,Вниз,6.466836889390108,False,-0.4191887867334074,-0.4444828150781604,0.025294028344752972,False,37.00787079809166,Красный,-2.524629138617186,Ниже
2020-12-18 20:30:00+05:00,36.465,39.014010938232936,Вниз,6.533578263123296,False,-0.4210876031758275,-0.4398037726976939,0.018716169521866388,False,36.85533371828249,Красный,-2.5490109382329322,Ниже
2020-12-18 21:00:00+05:00,36.525,38.989244660240566,Вниз,6.320319056484544,False,-0.4129902359648909,-0.4344410653511333,0.02145082938624243,False,36.85533371828249,Красный,-2.464244660240567,Ниже
2020-12-18 21:30:00+05:00,36.645,38.965918842725735,Вниз,5.956279003950672,False,-0.39236705383707,-0.4260262630483207,0.03365920921125071,False,36.85533371828249,Красный,-2.3209188427257317,Ниже
2020-12-18 22:00:00+05:00,36.73,38.9436708940419,Вниз,5.684289239360277,False,-0.3649572438641328,-0.4138124592114832,0.04885521534735038,False,36.85533371828249,Красный,-2.213670894041904,Ниже
2020-12-18 22:30:00+05:00,36.9,38.92333586027034,Вниз,5.19825913054794,False,-0.325762011049278,-0.3962023695790422,0.07044035852976421,False,36.42805879743487,Зелёный,-2.0233358602703433,Ниже
2020-12-18 23:00:00+05:00,36.745,38.901660876586064,Вниз,5.543878662219552,False,-0.3037057800855152,-0.3777030516803368,0.07399727159482161,False,36.43300291769137,Зелёный,-2.1566608765860664,Ниже
2020-12-18 23:30:00+05:00,36.785,38.88059957433148,Вниз,5.389833483213492,False,-0.2797733395288801,-0.3581171092500455,0.07834376972116536,False,36.43300291769137,Зелёный,-2.09559957433148,Ниже
2020-12-19 00:00:00+05:00,36.785,38.85974783727345,Вниз,5.339066650564834,False,-0.2578345517477132,-0.3380605977495791,0.08022604600186589,False,36.433057363330015,Зелёный,-2.0747478372734562,Ниже
2020-12-19 00:30:00+05:00,36.77,38.83895432645481,Вниз,5.327008315065676,False,-0.238904338508938,-0.3182293459014509,0.07932500739251291,False,36.459251626997016,Зелёный,-2.068954326454808,Ниже
2020-12-19 01:00:00+05:00,36.775,38.81841746748511,Вниз,5.264041145409163,False,-0.2209515578972514,-0.298773788300611,0.07782223040335962,False,36.49932646429731,Зелёный,-2.0434174674851135,Ниже
2020-12-19 01:30:00+05:00,36.79,38.798234209102176,Вниз,5.176096928223192,False,-0.2031714413736054,-0.2796533189152099,0.07648187754160449,False,36.51539381786758,Зелёный,-2.008234209102177,Ниже
2020-12-21 12:00:00+05:00,36.495,38.77531645577778,Вниз,5.880845507420732,False,-0.2104585701214745,-0.2658143691564628,0.05535579903498827,False,36.63739556391918,Красный,-2.280316455777779,Ниже
2020-12-21 12:30:00+05:00,36.4,38.75168146616805,Вниз,6.0685920641177225,False,-0.221347818341357,-0.2569210589934417,0.0355732406520847,False,36.63739556391918,Красный,-2.3516814661680527,Ниже
2020-12-21 13:00:00+05:00,35.695,38.72126672521115,Вниз,7.815515816378935,False,-0.283596114600904,-0.2622560701149342,-0.021340044485969822,Ниже,36.462065406774535,Красный,-3.0262667252111513,Ниже
2020-12-21 13:30:00+05:00,35.495,38.68916456874139,Вниз,8.25596676574943,False,-0.3450886986834476,-0.2788225958286369,-0.06626610285481072,False,35.99135886609709,Красный,-3.1941645687413924,Ниже
2020-12-21 14:00:00+05:00,35.24,38.65484452328128,Вниз,8.834195468628936,False,-0.4096758947745158,-0.3049932556178127,-0.10468263915670312,False,35.88797297948737,Красный,-3.4148445232812747,Ниже
2020-12-21 14:30:00+05:00,34.56,38.614099801656586,Вниз,10.499014148926653,False,-0.5098547419139621,-0.3459655528770425,-0.16388918903691957,False,35.45367568153864,Красный,-4.054099801656584,Ниже
2020-12-21 15:00:00+05:00,34.07,38.568884878257016,Вниз,11.664544859043193,False,-0.6216204513034,-0.4010965325623141,-0.22052391874108596,False,35.09780811338477,Красный,-4.498884878257016,Ниже
2020-12-21 15:30:00+05:00,34.62,38.52959249140869,Вниз,10.146986351543827,False,-0.6582275404113318,-0.4525227341321176,-0.20570480627921423,False,35.09780811338477,Красный,-3.909592491408695,Ниже
2020-12-21 16:00:00+05:00,35.2,38.49646221786234,Вниз,8.563026387221571,False,-0.6331393334114281,-0.4886460539879798,-0.14449327942344836,False,34.32390042815833,Зелёный,-3.2964622178623344,Ниже
2020-12-21 16:30:00+05:00,35.065,38.46231831519704,Вниз,8.832848522952162,False,-0.6170372984865935,-0.5143243028877025,-0.10271299559889102,False,34.32390042815833,Зелёный,-3.3973183151970403,Ниже
2020-12-21 17:00:00+05:00,34.95,38.427369874249806,Вниз,9.049200831670735,False,-0.6065637691467671,-0.5327721961395154,-0.0737915730072517,False,34.36010934680825,Зелёный,-3.4773698742498027,Ниже
2020-12-21 17:30:00+05:00,34.98,38.39306768644633,Вниз,8.889801967169262,False,-0.5890524425227284,-0.544028245416158,-0.04502419710657035,False,34.36010934680825,Зелёный,-3.4130676864463325,Ниже
2020-12-21 18:00:00+05:00,34.885,38.35816154031254,Вниз,9.054556842257462,False,-0.5761982414067717,-0.5504622446142807,-0.025735996792490945,False,34.36010934680825,Зелёный,-3.473161540312539,Ниже
2020-12-21 18:30:00+05:00,34.92,38.32395097772236,Вниз,8.882046059658801,False,-0.5567689015990283,-0.5517235760112302,-0.005045325587798022,False,34.36010934680825,Зелёный,-3.40395097772236,Ниже
2020-12-21 19:00:00+05:00,34.67,38.287593256551,Вниз,9.448473902004869,False,-0.5551445595661946,-0.5524077727222231,-0.002736786843971495,False,34.36010934680825,Зелёный,-3.6175932565509967,Ниже
2020-12-21 19:30:00+05:00,34.71,38.251995313699744,Вниз,9.259635437713225,False,-0.5443546100012497,-0.5507971401780285,0.00644253017677876,Ниже,34.36010934680825,Зелёный,-3.5419953136997435,Ниже
2020-12-21 20:00:00+05:00,34.375,38.213418245901735,Вниз,10.044686976709793,False,-0.5564211211967987,-0.5519219363817826,-0.0044991848150161,Ниже,34.36010934680825,Зелёный,-3.8384182459017353,Ниже
2020-12-21 20:30:00+05:00,34.195,38.173433984748485,Вниз,10.421996581020185,False,-0.5738929334303791,-0.5563161357915019,-0.017576797638877206,False,34.95893493451059,Красный,-3.9784339847484844,Ниже
2020-12-21 21:00:00+05:00,34.56,38.13747941773606,Вниз,9.38048206739203,False,-0.5519247756825578,-0.555437863769713,0.003513088087155225,Ниже,34.95893493451059,Красный,-3.5774794177360576,Ниже
2020-12-21 21:30:00+05:00,34.635,38.10262887626605,Вниз,9.100760179899357,False,-0.5224406090632385,-0.5488384128284182,0.02639780376517964,False,34.95893493451059,Красный,-3.4676288762660548,Ниже
2020-12-21 22:00:00+05:00,34.7,38.06877187252211,Вниз,8.849174025899366,False,-0.4882015542012254,-0.5367110411029796,0.04850948690175422,False,34.95893493451059,Красный,-3.3687718725221103,Ниже
2020-12-21 22:30:00+05:00,34.795,38.03619702801941,Вниз,8.521348823679126,False,-0.4482341858141652,-0.5190156700452168,0.07078148423105157,False,34.95893493451059,Красный,-3.241197028019407,Ниже
2020-12-21 23:00:00+05:00,35.2,38.00797616206896,Вниз,7.387860248321368,False,-0.3795049463563344,-0.4911135253074403,0.11160857895110587,False,34.43475973552084,Зелёный,-2.807976162068954,Ниже
2020-12-21 23:30:00+05:00,35.08,37.9788420709041,Вниз,7.632781603747022,False,-0.3309050585035535,-0.459071831946663,0.1281667734431095,False,34.64578376196876,Зелёный,-2.8988420709041023,Ниже
2020-12-22 00:00:00+05:00,35.285,37.95203767218864,Вниз,7.027389926267527,False,-0.2727039491202774,-0.4217982553813859,0.14909430626110848,False,34.64578376196876,Зелёный,-2.6670376721886413,Ниже
2020-12-22 00:30:00+05:00,35.28,37.925450232664375,Вниз,6.975395720908025,False,-0.224395912433998,-0.3823177867919083,0.1579218743579103,False,34.72215984719469,Зелёный,-2.6454502326643734,Ниже
2020-12-22 01:00:00+05:00,35.38,37.90012236965279,Вниз,6.649377923039873,False,-0.1760133091905231,-0.3410568912716313,0.1650435820811082,False,34.85519386247522,Зелёный,-2.520122369652789,Ниже
2020-12-22 01:30:00+05:00,35.38,37.87504652517863,Вниз,6.587573492536753,False,-0.1361008615303518,-0.3000656853233754,0.1639648237930236,False,34.9264244762277,Зелёный,-2.49504652517863,Ниже
2020-12-22 12:00:00+05:00,34.675,37.84320526622163,Вниз,8.371926331117448,False,-0.159518734599672,-0.2719562951786347,0.11243756057896268,False,35.18221797139506,Красный,-3.1682052662216336,Ниже
2020-12-22 12:30:00+05:00,34.785,37.81277536307515,Вниз,8.007281491513654,False,-0.1672732649576929,-0.2510196891344464,0.08374642417675349,False,35.18221797139506,Красный,-3.0277753630751505,Ниже
2020-12-22 13:00:00+05:00,35.23,37.78707610573112,Вниз,6.767065275376763,False,-0.1359439281731482,-0.2280045369421867,0.09206060876903849,False,34.45220344316999,Зелёный,-2.55707610573112,Ниже
2020-12-22 13:30:00+05:00,35.455,37.76387136836066,Вниз,6.113968946242842,False,-0.0919002149867012,-0.2007836725510897,0.1088834575643885,False,34.717733098853,Зелёный,-2.3088713683606628,Ниже
2020-12-22 14:00:00+05:00,35.83,37.74462886718295,Вниз,5.072586284846552,False,-0.0264312064789606,-0.1659131793366639,0.1394819728577033,False,35.1152097889677,Зелёный,-1.9146288671829552,Ниже
2020-12-22 14:30:00+05:00,35.92,37.7264733560667,Вниз,4.788344086702719,True,0.0323428737647617,-0.1262619687163788,0.15860484248114048,False,35.27818881007093,Зелёный,-1.8064733560666966,Ниже
2020-12-22 15:00:00+05:00,35.975,37.70904576048395,Вниз,4.5984875127789415,True,0.0824098269612463,-0.0845276095808537,0.1669374365421,False,35.281369929063835,Зелёный,-1.7340457604839514,Ниже
2020-12-22 15:30:00+05:00,35.595,37.688010479285104,Вниз,5.553518088824324,False,0.0903835387025253,-0.0495453799241779,0.1399289186267032,False,35.281369929063835,Зелёный,-2.0930104792851054,Ниже
2020-12-22 16:00:00+05:00,35.86,37.66982132028725,Вниз,4.804432983366877,True,0.1167403380587686,-0.0162882363275886,0.1330285743863572,False,35.281369929063835,Зелёный,-1.8098213202872486,Ниже
2020-12-22 16:30:00+05:00,35.875,37.65196240167742,Вниз,4.7194416660690655,True,0.1372564590580012,0.0144207027495293,0.1228357563084719,False,35.28474617828754,Зелёный,-1.776962401677423,Ниже
2020-12-22 17:00:00+05:00,36.08,37.63632098474531,Вниз,4.135157061116887,True,0.1681194432134276,0.0451604508423089,0.12295899237111868,False,35.404771560458784,Зелёный,-1.5563209847453123,Ниже
2020-12-22 17:30:00+05:00,36.21,37.62212873614088,Вниз,3.753452512069973,True,0.2007543231846256,0.0762792253107723,0.1244750978738533,False,35.640294404412906,Зелёный,-1.412128736140879,Ниже
2020-12-22 18:00:00+05:00,36.095,37.60693342533351,Вниз,4.0203581829807264,True,0.2148613736100983,0.1039956549706375,0.1108657186394608,False,35.640294404412906,Зелёный,-1.5119334253335097,Ниже
2020-12-22 18:30:00+05:00,35.98,37.59074503304164,Вниз,4.284951074063117,True,0.2142915541587129,0.1260548348082526,0.08823671935046029,False,35.640294404412906,Зелёный,-1.6107450330416455,Ниже
2020-12-22 19:00:00+05:00,36.01,37.57501622674272,Вниз,4.1650447129517785,True,0.2137962078174951,0.1436031094101011,0.07019309840739399,False,35.640294404412906,Зелёный,-1.5650162267427206,Ниже
2020-12-22 19:30:00+05:00,35.885,37.55820014488458,Вниз,4.454952948836851,True,0.2010001819624989,0.1550825239205807,0.04591765804191819,False,35.640294404412906,Зелёный,-1.6732001448845821,Ниже
2020-12-22 20:00:00+05:00,35.83,37.54100412354245,Вниз,4.557694082746868,True,0.1842967408286711,0.1609253673021987,0.023371373526472394,False,35.640294404412906,Зелёный,-1.7110041235424518,Ниже
2020-12-22 20:30:00+05:00,35.86,37.524277714352976,Вниз,4.435202529471723,True,0.1715029138340327,0.1630408766085656,0.008462037225467123,False,35.640294404412906,Зелёный,-1.664277714352977,Ниже
2020-12-22 21:00:00+05:00,36.025,37.509359528140514,Вниз,3.957304381662156,True,0.172687204207655,0.1649701421283834,0.007717062079271586,False,35.640294404412906,Зелёный,-1.4843595281405157,Ниже
2020-12-22 21:30:00+05:00,36.045,37.49478878656698,Вниз,3.866640761252624,True,0.173242563284333,0.1666246263595734,0.006617936924759593,False,35.640294404412906,Зелёный,-1.4497887865669767,Ниже
2020-12-22 22:00:00+05:00,36.08,37.48071128620313,Вниз,3.7371523595357794,True,0.174495422238607,0.1681987855353801,0.0062966367032269155,False,35.65495662594411,Зелёный,-1.4007112862031335,Ниже
2020-12-22 22:30:00+05:00,36.1,37.466972865444895,Вниз,3.64847427187166,True,0.1750838966644394,0.169575807761192,0.005508088903247416,False,35.6937109633497,Зелёный,-1.3669728654448932,Ниже
2020-12-22 23:00:00+05:00,36.105,37.4534208966345,Вниз,3.600260975775561,True,0.1739485544434842,0.1704503570976504,0.0034981973458337867,False,35.76008986701473,Зелёный,-1.3484208966345008,Ниже
2020-12-22 23:30:00+05:00,36.0,37.4389589971655,Вниз,3.843480256153606,True,0.1627006532225934,0.168900416322639,-0.006199763100045608,Выше,35.76008986701473,Зелёный,-1.4389589971655,Ниже
2020-12-23 00:00:00+05:00,36.0,37.424640997193706,Вниз,3.806692487178521,True,0.1520340565028348,0.1655271443586782,-0.01349308785584341,False,35.76008986701473,Зелёный,-1.4246409971937055,Ниже
2020-12-23 00:30:00+05:00,35.835,37.40882367383855,Вниз,4.207092122330441,True,0.1287820612779171,0.158178127742526,-0.029396066464608878,False,35.76008986701473,Зелёный,-1.5738236738385467,Ниже
2020-12-23 01:00:00+05:00,35.845,37.393263239273,Вниз,4.140487096207492,True,0.1098948050615007,0.1485214632063209,-0.03862665814482019,False,35.76008986701473,Зелёный,-1.5482632392729982,Ниже
2020-12-23 01:30:00+05:00,35.67,37.37611634136979,Вниз,4.564723434043278,True,0.0798846207886754,0.1347940947227918,-0.054909473934116396,False,36.03448955942647,Красный,-1.7061163413697855,Ниже
2020-12-23 12:00:00+05:00,35.4,37.356453492201936,Вниз,5.237257044784356,False,0.0339235405659366,0.1146199838914208,-0.0806964433254842,False,35.89029060348383,Красный,-1.9564534922019376,Ниже
2020-12-23 12:30:00+05:00,35.07,37.333702711185,Вниз,6.063429413088466,False,-0.0287972321506373,0.0859365406830092,-0.1147337728336465,False,35.49501154313544,Красный,-2.2637027111849974,Ниже
2020-12-23 13:00:00+05:00,35.285,37.31331760958116,Вниз,5.435907980105051,False,-0.0604582679582037,0.0566575789547666,-0.1171158469129703,False,35.49501154313544,Красный,-2.0283176095811655,Ниже
2020-12-23 13:30:00+05:00,35.3,37.29328459854055,Вниз,5.34488881845114,False,-0.083378358485973,0.0286503914666186,-0.1120287499525916,False,35.49501154313544,Красный,-1.993284598540555,Ниже
2020-12-23 14:00:00+05:00,35.25,37.27295340850532,Вниз,5.427403045672536,False,-0.1043741176346699,0.0020454896463609,-0.10641960728103081,False,35.49501154313544,Красный,-2.022953408505323,Ниже
2020-12-23 14:30:00+05:00,35.24,37.25272501638089,Вниз,5.4028933869826945,False,-0.1204320586470757,-0.0224500200123263,-0.09798203863474939,False,35.49501154313544,Красный,-2.012725016380891,Ниже
2020-12-23 15:00:00+05:00,35.24,37.23269790179004,Вниз,5.352010501753714,False,-0.1316406214499892,-0.0442881402998589,-0.0873524811501303,False,35.49501154313544,Красный,-1.992697901790038,Ниже
2020-12-23 15:30:00+05:00,35.155,37.21202429082696,Вниз,5.527848403920426,False,-0.1457027077320489,-0.0645710537862969,-0.081131653945752,False,35.49501154313544,Красный,-2.057024290826959,Ниже
2020-12-23 16:00:00+05:00,35.205,37.19205389987346,Вниз,5.342683964760063,False,-0.1510709780928394,-0.0818710386476054,-0.069199939445234,False,35.49501154313544,Красный,-1.9870538998734588,Ниже
2020-12-23 16:30:00+05:00,35.14,37.17163545310856,Вниз,5.465553044259871,False,-0.1587404665169032,-0.097244924221465,-0.061495542295438216,False,35.49004838736631,Красный,-2.0316354531085565,Ниже
2020-12-23 17:00:00+05:00,35.12,37.15122116999305,Вниз,5.467441193113903,False,-0.1645357583988058,-0.1107030910569332,-0.0538326673418726,False,35.45179354862968,Красный,-2.031221169993053,Ниже
2020-12-23 17:30:00+05:00,35.1,37.1308110090976,Вниз,5.469341912838958,False,-0.1687966194641319,-0.1223217967383729,-0.04647482272575901,False,35.38486419376672,Красный,-2.0308110090975973,Ниже
2020-12-23 18:00:00+05:00,34.985,37.10945965577324,Вниз,5.72484664417024,False,-0.1793850819003353,-0.1337344537707654,-0.04565062812956991,False,35.306877774390045,Красный,-2.1244596557732436,Ниже
2020-12-23 18:30:00+05:00,34.985,37.08832075372575,Вниз,5.671113469095152,False,-0.1856366113657372,-0.1441148852897598,-0.0415217260759774,False,35.21068999695103,Красный,-2.103320753725754,Ниже
2020-12-23 19:00:00+05:00,34.975,37.067292686524496,Вниз,5.644579182566333,False,-0.1892167371706463,-0.1531352556659371,-0.03608148150470919,False,35.21068999695103,Красный,-2.0922926865244946,Ниже
2020-12-23 19:30:00+05:00,34.95,37.04622509760385,Вниз,5.658404040036545,False,-0.1918596649417736,-0.1608801375211044,-0.0309795274206692,False,35.20585889753034,Красный,-2.096225097603849,Ниже
2020-12-23 20:00:00+05:00,34.94,37.0252676339461,Вниз,5.632012318080462,False,-0.1925416207175345,-0.1672124341603904,-0.025329186557144112,False,35.20077300777731,Красный,-2.0852676339461027,Ниже
2020-12-23 20:30:00+05:00,34.9,37.0041206923148,Вниз,5.686179411775066,False,-0.1940725932402216,-0.1725844659763566,-0.02148812726386501,False,35.14169570699957,Красный,-2.104120692314801,Ниже
2020-12-23 21:00:00+05:00,34.98,36.98398018791366,Вниз,5.418508710343083,False,-0.1866786532709312,-0.1754033034352716,-0.011275349835659587,False,35.14169570699957,Красный,-2.003980187913662,Ниже
2020-12-23 21:30:00+05:00,34.96,36.963841081566265,Вниз,5.4210845597579755,False,-0.1803537298958915,-0.1763933887273956,-0.00396034116849589,False,35.14169570699957,Красный,-2.0038410815662644,Ниже
2020-12-23 22:00:00+05:00,34.995,36.94425062304322,Вниз,5.276194780433345,False,-0.1705509696459799,-0.1752249049111124,0.0046739352651324895,Ниже,35.14169570699957,Красный,-1.9492506230432198,Ниже
2020-12-23 22:30:00+05:00,34.995,36.92485509445572,Вниз,5.226439181735593,False,-0.1609271435852619,-0.1723653526459423,0.01143820906068041,False,35.14169570699957,Красный,-1.929855094455725,Ниже
2020-12-23 23:00:00+05:00,34.985,36.90555305371487,Вниз,5.203967681827081,False,-0.1523509021578064,-0.1683624625483152,0.0160115603905088,False,35.14169570699957,Красный,-1.920553053714869,Ниже
2020-12-23 23:30:00+05:00,35.015,36.88674158054358,Вниз,5.074293635984517,False,-0.1415022696758114,-0.1629904239738144,0.02148815429800302,False,35.14169570699957,Красный,-1.8717415805435778,Ниже
2020-12-24 00:00:00+05:00,35.07,36.8686645498914,Вниз,4.8785725543636405,True,-0.1270026029770861,-0.1557928597744688,0.0287902567973827,False,35.14169570699957,Красный,-1.7986645498913987,Ниже
2020-12-24 00:30:00+05:00,35.0,36.850070872778055,Вниз,5.020535453419554,False,-0.1197791877233669,-0.1485901253642484,0.028810937640881495,False,35.14169570699957,Красный,-1.8500708727780548,Ниже
2020-12-24 01:00:00+05:00,35.01,36.83176170986484,Вниз,4.9461704390233185,True,-0.1119570910120586,-0.1412635184938104,0.029306427481751815,False,35.14169570699957,Красный,-1.8217617098648446,Ниже
2020-12-24 01:30:00+05:00,34.99,36.81343572270201,Вниз,4.953179965154779,True,-0.1061482449731485,-0.134240463789678,0.0280922188165295,False,35.14169570699957,Красный,-1.8234357227020084,Ниже
2020-12-24 12:00:00+05:00,34.795,36.79335178516269,Вниз,5.431284969173552,False,-0.1159430437178983,-0.1305809797753221,0.014637936057423792,False,34.988295053750704,Красный,-1.99835178516269,Ниже
2020-12-24 12:30:00+05:00,34.755,36.77306967784764,Вниз,5.487901052392519,False,-0.1254866262818197,-0.1295621090766216,0.00407548279480191,False,34.988295053750704,Красный,-2.0180696778476346,Ниже
2020-12-24 13:00:00+05:00,34.74,36.75284012881433,Вниз,5.476692744722748,False,-0.1327303262816741,-0.1301957525176321,-0.0025345737640420085,Ниже,34.96871899353807,Красный,-2.012840128814325,Ниже
2020-12-24 13:30:00+05:00,34.84,36.73380689370175,Вниз,5.155487693344544,False,-0.1289157855262175,-0.1299397591193492,0.0010239735931317218,Ниже,34.96871899353807,Красный,-1.8938068937017434,Ниже
2020-12-24 14:00:00+05:00,34.73,36.71386851665,Вниз,5.403594327713809,False,-0.1332329882331819,-0.1305984049421157,-0.002634583291066195,Ниже,34.96871899353807,Красный,-1.9838685166500056,Ниже
2020-12-24 14:30:00+05:00,34.75,36.694327536384826,Вниз,5.298714179887607,False,-0.1335016457587698,-0.1311790531054465,-0.0023225926533232966,False,34.93932864628925,Красный,-1.9443275363848258,Ниже
2020-12-24 15:00:00+05:00,34.73,36.67478198875911,Вниз,5.302777230837228,False,-0.1337861877431052,-0.1317004800329783,-0.002085707710126894,False,34.90564578166033,Красный,-1.944781988759111,Ниже
2020-12-24 15:30:00+05:00,34.71,36.65523191921921,Вниз,5.306832933170664,False,-0.1340799321725043,-0.1321763704608835,-0.0019035617116207881,False,34.90564578166033,Красный,-1.9452319192192107,Ниже
2020-12-24 16:00:00+05:00,34.7,36.63577687524688,Вниз,5.283842845311125,False,-0.1335798181821772,-0.1324570600051423,-0.001122758177034916,False,34.90564578166033,Красный,-1.93577687524688,Ниже
2020-12-24 16:30:00+05:00,34.73,36.61681392126433,Вниз,5.1528620849467535,False,-0.1292725514583352,-0.1318201582957809,0.002547606837445704,Ниже,34.90564578166033,Красный,-1.8868139212643342,Ниже
2020-12-24 17:00:00+05:00,34.77,36.5984376633413,Вниз,4.99594458146159,True,-0.1212338376267396,-0.1297028941619726,0.008469056535232986,False,34.90564578166033,Красный,-1.8284376633412975,Ниже
2020-12-24 17:30:00+05:00,34.715,36.57969699007423,Вниз,5.097628311629284,False,-0.1179415822016807,-0.1273506317699143,0.009409049568233588,False,34.90564578166033,Красный,-1.8646969900742292,Ниже
2020-12-24 18:00:00+05:00,34.74,36.56139154738692,Вниз,4.981734748870884,True,-0.1120238141939964,-0.1242852682547307,0.012261454060734298,False,34.90564578166033,Красный,-1.8213915473869164,Ниже
2020-12-24 18:30:00+05:00,34.69,36.54277073597013,Вниз,5.070143009562204,False,-0.1100993655931787,-0.1214480877224203,0.011348722129241595,False,34.90564578166033,Красный,-1.8527707359701324,Ниже
2020-12-24 19:00:00+05:00,34.695,36.52438495750277,Вниз,5.008667386545489,False,-0.1069380526940335,-0.118546080716743,0.011608028022709493,False,34.85446465775459,Красный,-1.8293849575027679,Ниже
2020-12-24 19:30:00+05:00,34.68,36.50603286837339,Вниз,5.002003024972217,False,-0.1044391545229714,-0.1157246954779887,0.011285540955017312,False,34.85446465775459,Красный,-1.8260328683733889,Ниже
2020-12-24 20:00:00+05:00,34.685,36.48791313833983,Вниз,4.941124288210955,True,-0.1008922781265866,-0.1127582120077082,0.011865933881121601,False,34.85446465775459,Красный,-1.8029131383398251,Ниже
2020-12-24 20:30:00+05:00,34.695,36.470073206615055,Вниз,4.867204945157846,True,-0.0961658960140141,-0.1094397488089694,0.013273852794955299,False,34.838777235503095,Красный,-1.7750732066150547,Ниже
2020-12-24 21:00:00+05:00,34.625,36.4517142692358,Вниз,5.011326094963646,False,-0.0969510280225236,-0.1069420046516803,0.009990976629156698,False,34.838777235503095,Красный,-1.8267142692358007,Ниже
2020-12-24 21:30:00+05:00,34.65,36.43378676406928,Вниз,4.895968611828295,True,-0.0944670029235226,-0.1044470043060487,0.009980001382526096,False,34.838777235503095,Красный,-1.7837867640692835,Ниже
2020-12-24 22:00:00+05:00,34.695,36.41648540323277,Вниз,4.7272145682678905,True,-0.0878545387813076,-0.1011285112011005,0.013273972419792904,False,34.838777235503095,Красный,-1.7214854032327693,Ниже
2020-12-24 22:30:00+05:00,34.665,36.39905768777772,Вниз,4.764018076105285,True,-0.0840658043247941,-0.0977159698258393,0.013650165501045197,False,34.838777235503095,Красный,-1.734057687777721,Ниже
2020-12-24 23:00:00+05:00,34.685,36.38200238740183,Вниз,4.664400736748508,True,-0.0785439661685529,-0.093881569094382,0.0153376029258291,False,34.838777235503095,Красный,-1.697002387401831,Ниже
2020-12-24 23:30:00+05:00,34.7,36.36526604523863,Вниз,4.579276398437516,True,-0.0721260705627386,-0.0895304693880533,0.017404398825314693,False,34.838777235503095,Красный,-1.6652660452386243,Ниже
2020-12-25 00:00:00+05:00,34.68,36.3484972288681,Вниз,4.5902784325921795,True,-0.0678712968480681,-0.0851986348800563,0.0173273380319882,False,34.814702061531705,Красный,-1.6684972288680981,Ниже
2020-12-25 00:30:00+05:00,34.68,36.33189526639181,Вниз,4.546680690010324,True,-0.0637643226061044,-0.0809117724252659,0.017147449819161498,False,34.814702061531705,Красный,-1.6518952663918114,Ниже
2020-12-25 01:00:00+05:00,34.695,36.31560775130333,Вниз,4.46256541375153,True,-0.0586233676005178,-0.0764540914603163,0.017830723859798503,False,34.814702061531705,Красный,-1.6206077513033321,Ниже
2020-12-25 01:30:00+05:00,34.66,36.29913404233514,Вниз,4.515628500733506,True,-0.0567195040764758,-0.0725071739835482,0.015787669907072394,False,34.79932780285661,Красный,-1.6391340423351437,Ниже
2020-12-25 12:00:00+05:00,34.7,36.28322226081937,Вниз,4.363510631548896,True,-0.051390613804628,-0.0682838619477642,0.016893248143136204,False,34.68864502257095,Красный,-1.583222260819369,Ниже
2020-12-25 12:30:00+05:00,34.625,36.26672253683112,Вниз,4.52680149181897,True,-0.0526128152861744,-0.0651496526154462,0.0125368373292718,False,34.68864502257095,Красный,-1.641722536831118,Ниже
2020-12-25 13:00:00+05:00,34.705,36.25118300910145,Вниз,4.2651932454542525,True,-0.0465890379251519,-0.0614375296773874,0.014848491752235501,False,34.45362253171753,Зелёный,-1.5461830091014548,Ниже
2020-12-25 13:30:00+05:00,34.75,36.23624586473229,Вниз,4.101544818633683,True,-0.0377488814408764,-0.0566998000300852,0.018950918589208797,False,34.53126027854577,Зелёный,-1.4862458647322896,Ниже
2020-12-25 14:00:00+05:00,34.77,36.22165635364043,Вниз,4.007702849001619,True,-0.0287972046347775,-0.0511192809510236,0.022322076316246102,False,34.5848842506912,Зелёный,-1.4516563536404234,Ниже
2020-12-25 14:30:00+05:00,34.74,36.20691350435048,Вниз,4.05147349600573,True,-0.0238487717566613,-0.0456651791121512,0.021816407355489897,False,34.5848842506912,Зелёный,-1.4669135043504795,Ниже
2020-12-25 15:00:00+05:00,34.74,36.19231735007833,Вниз,4.012778004874529,True,-0.0197000135557914,-0.0404721460008792,0.0207721324450878,False,34.59253124305987,Зелёный,-1.4523173500783315,Ниже
2020-12-25 15:30:00+05:00,34.785,36.17831419236612,Вниз,3.851241340206299,True,-0.0126353168051878,-0.0349047801617409,0.022269463356553103,False,34.609528118753886,Зелёный,-1.3933141923661267,Ниже
2020-12-25 16:00:00+05:00,34.75,36.16410211085004,Вниз,3.91023702597548,True,-0.0097483285612014,-0.029873489841633,0.020125161280431597,False,34.609528118753886,Зелёный,-1.4141021108500382,Ниже
2020-12-25 16:30:00+05:00,34.71,36.14963343313013,Вниз,3.9824288558642547,True,-0.010566234312364,-0.0260120387357792,0.0154458044234152,False,34.609528118753886,Зелёный,-1.4396334331301261,Ниже
2020-12-25 17:00:00+05:00,34.74,36.135607229815406,Вниз,3.862138585189989,True,-0.008693468341768,-0.022548324656977,0.013854856315208998,False,34.609528118753886,Зелёный,-1.395607229815404,Ниже
2020-12-25 17:30:00+05:00,34.67,36.12102407329983,Вниз,4.017117760435824,True,-0.0127111762754452,-0.0205808949806706,0.007869718705225398,False,34.609528118753886,Зелёный,-1.451024073299827,Ниже
2020-12-25 18:00:00+05:00,34.725,36.107133286500826,Вниз,3.827867683468394,True,-0.0113266320494034,-0.0187300423944172,0.0074034103450138,False,34.609528118753886,Зелёный,-1.3821332865008245,Ниже
2020-12-25 18:30:00+05:00,34.715,36.09328121399833,Вниз,3.818664215720511,True,-0.0109105175469537,-0.0171661374249245,0.006255619877970799,False,34.609528118753886,Зелёный,-1.3782812139983278,Ниже
2020-12-25 19:00:00+05:00,34.7,36.07941771933169,Вниз,3.823281545346502,True,-0.0116567467254071,-0.016064259285021,0.004407512559613901,False,34.609528118753886,Зелёный,-1.3794177193316841,Ниже
2020-12-25 19:30:00+05:00,34.73,36.06599067734829,Вниз,3.7042949666910943,True,-0.0097153964039691,-0.0147944867088106,0.005079090304841499,False,34.609528118753886,Зелёный,-1.335990677348292,Ниже
2020-12-25 20:00:00+05:00,34.77,36.053095247722936,Вниз,3.558904551486385,True,-0.0048927954808561,-0.0128141484632197,0.0079213529823636,False,34.63050287632938,Зелёный,-1.2830952477229332,Ниже
2020-12-25 20:30:00+05:00,34.7,36.03963161341724,Вниз,3.7171068444509467,True,-0.0066426916752178,-0.0115798571056193,0.0049371654304015,False,34.63050287632938,Зелёный,-1.3396316134172395,Ниже
2020-12-25 21:00:00+05:00,34.79,36.0271974680101,Вниз,3.4340652478135607,True,-0.0007585055975809,-0.0094155868040116,0.008657081206430701,False,34.63050287632938,Зелёный,-1.2371974680101019,Ниже
2020-12-25 21:30:00+05:00,34.725,36.01424027927368,Вниз,3.5798069576817912,True,-0.0013249295470387,-0.0077974553526171,0.0064725258055784,False,34.63050287632938,Зелёный,-1.2892402792736775,Ниже
2020-12-25 22:00:00+05:00,34.78,36.001959281469965,Вниз,3.394146612734214,True,0.002633854305067,-0.0057111934210802,0.0083450477261472,False,34.63050287632938,Зелёный,-1.2219592814699638,Ниже
2020-12-25 22:30:00+05:00,34.76,35.98960147767424,Вниз,3.416546522297597,True,0.0041100085560898,-0.0037469530256462,0.007856961581736,False,34.63050287632938,Зелёный,-1.2296014776742439,Ниже
2020-12-25 23:00:00+05:00,34.75,35.97726713461281,Вниз,3.411229457815285,True,0.0044219811623733,-0.0021131661880423,0.0065351473504156,False,34.63169633659936,Зелёный,-1.2272671346128092,Ниже
2020-12-25 23:30:00+05:00,34.745,35.965005770089306,Вниз,3.3922023477164007,True,0.0042171507979276,-0.0008471027908483,0.0050642535887759,False,34.63169633659936,Зелёный,-1.2200057700893083,Ниже
2020-12-26 00:00:00+05:00,34.76,35.95301566292424,Вниз,3.318263130162153,True,0.005205193665688,0.0003633565004589,0.004841837165229099,False,34.650974032645486,Зелёный,-1.193015662924239,Ниже
2020-12-26 00:30:00+05:00,34.77,35.94124436279564,Вниз,3.2587752137153236,True,0.0067177036770118,0.0016342259357695,0.0050834777412423,False,34.650974032645486,Зелёный,-1.1712443627956404,Ниже
2020-12-26 01:00:00+05:00,34.745,35.9293414338126,Вниз,3.29630710319126,True,0.005831861621182,0.002473753072852,0.0033581085483299997,False,34.650974032645486,Зелёный,-1.1843414338126053,Ниже
2020-12-26 01:30:00+05:00,34.77,35.917805698152776,Вниз,3.195645379338426,True,0.0070656678552651,0.0033921360293346,0.0036735318259305005,False,34.650974032645486,Зелёный,-1.147805698152773,Ниже
2020-12-28 12:00:00+05:00,34.765,35.90633499468857,Вниз,3.1786452024619107,True,0.0075529443309108,0.0042242976896498,0.0033286466412610002,False,34.6759423128187,Зелёный,-1.1413349946885702,Ниже
2020-12-28 12:30:00+05:00,34.75,35.8948291738459,Вниз,3.1893985852426274,True,0.0066520590131844,0.0047098499543568,0.0019422090588276002,False,34.6759423128187,Зелёный,-1.144829173845899,Ниже
2020-12-28 13:00:00+05:00,34.73,35.88323883380764,Вниз,3.213864944435032,True,0.0042749886472961,0.0046228776929446,-0.00034788904564850027,Выше,34.6759423128187,Зелёный,-1.1532388338076416,Ниже
2020-12-28 13:30:00+05:00,34.72,35.87166431804836,Вниз,3.2105126426178012,True,0.0015661729629385,0.0040115367469434,-0.0024453637840049,False,34.6759423128187,Зелёный,-1.1516643180483612,Ниже
2020-12-28 14:00:00+05:00,34.725,35.8602547228439,Вниз,3.1657742858159628,True,-0.000175106253728,0.0031742081468091,-0.0033493144005371,False,34.6759423128187,Зелёный,-1.1352547228438965,Ниже
2020-12-28 14:30:00+05:00,34.72,35.84890890470615,Вниз,3.149074655820141,True,-0.0019362212382532,0.0021521222697966,-0.0040883435080498,False,34.6759423128187,Зелёный,-1.128908904706151,Ниже
2020-12-28 15:00:00+05:00,34.73,35.83777548276878,Вниз,3.091083271341468,True,-0.0024962261835241,0.0012224525791325,-0.0037186787626565998,False,34.6759423128187,Зелёный,-1.1077754827687798,Ниже
2020-12-28 15:30:00+05:00,34.705,35.826504084930285,Вниз,3.1303754401256954,True,-0.0049008314690368,-2.2042305013669165e-06,-0.004898627238535434,False,34.6759423128187,Зелёный,-1.1215040849302866,Ниже
2020-12-28 16:00:00+05:00,34.66,35.81489707911008,Вниз,3.224627664178624,True,-0.0103186751375332,-0.0020654984119077,-0.0082531767256255,False,34.81789754740499,Красный,-1.1548970791100857,Ниже
2020-12-28 16:30:00+05:00,34.72,35.80400258081048,Вниз,3.0276016720864227,True,-0.0096595079246739,-0.0035843003144609,-0.006075207610212999,False,34.81789754740499,Красный,-1.084002580810484,Ниже
2020-12-28 17:00:00+05:00,34.7,35.79301748050391,Вниз,3.0537170583599593,True,-0.0106284281091859,-0.0049931258734059,-0.005635302235780001,False,34.81789754740499,Красный,-1.0930174805039101,Ниже
2020-12-28 17:30:00+05:00,34.7,35.78214168467801,Вниз,3.02425073997564,True,-0.0112664319220172,-0.0062477870831282,-0.005018644838889001,False,34.81445731205824,Красный,-1.0821416846780068,Ниже
2020-12-28 18:00:00+05:00,34.78,35.77217012562649,Вниз,2.77358103280325,True,-0.0052561336907928,-0.0060494564046611,0.0007933227138682995,Ниже,34.81445731205824,Красный,-0.9921701256264868,Ниже
2020-12-28 18:30:00+05:00,34.945,35.763939577112794,Вниз,2.289847222638961,True,0.0126750815466678,-0.0023045488143953,0.0149796303610631,False,34.712564577232826,Зелёный,-0.8189395771127934,Ниже
2020-12-28 19:00:00+05:00,35.365,35.75997002908182,Вниз,1.1045032441599054,True,0.0600835825840349,0.0101730774652907,0.0499105051187442,False,34.934558119509546,Зелёный,-0.39497002908181855,Ниже
2020-12-28 19:30:00+05:00,35.395,35.75633848650389,Вниз,1.0105578529531918,True,0.0989354442790215,0.0279255508280368,0.0710098934509847,False,35.366602307558594,Зелёный,-0.36133848650388956,Ниже
2020-12-28 20:00:00+05:00,35.665,35.75542964584216,Вниз,0.25291164653276577,True,0.1497859291479812,0.0522976264920257,0.0974883026559555,False,35.366602307558594,Зелёный,-0.09042964584216406,Ниже
2020-12-28 20:30:00+05:00,35.665,35.7545298483711,Вниз,0.2504014141726409,True,0.1879190904652787,0.0794219192866763,0.10849717117860239,False,35.37167286912246,Зелёный,-0.08952984837110023,Ниже
2020-12-28 21:00:00+05:00,35.36,35.750604178238056,Вниз,1.0925806352548966,True,0.191323486477799,0.1018022327249009,0.08952125375289811,False,35.938994417789786,Красный,-0.39060417823805693,Ниже
2020-12-28 21:30:00+05:00,35.61,35.74920513168842,Вниз,0.3893936415526843,True,0.2117534436217667,0.123792474904274,0.0879609687174927,False,35.90234497601081,Красный,-0.13920513168842064,Ниже
2020-12-28 22:00:00+05:00,35.57,35.74742199604973,Вниз,0.4963210943416746,True,0.2221557924539681,0.1434651384142128,0.07869065403975531,False,35.90234497601081,Красный,-0.17742199604973052,Ниже
2020-12-28 22:30:00+05:00,35.795,35.747895409024366,Вверх,0.1317688508279127,True,0.2457228088614869,0.1639166725036677,0.08180613635781919,False,35.90234497601081,Красный,0.047104590975635574,Выше
2020-12-28 23:00:00+05:00,35.81,35.748513365153485,Вверх,0.1719977393701979,True,0.2625833167720941,0.183650001357353,0.07893331541474113,False,35.90234497601081,Красный,0.06148663484651706,Выше
2020-12-28 23:30:00+05:00,35.8,35.74902566997783,Вверх,0.1425894246538103,True,0.2720029931490941,0.2013205997157012,0.07068239343339289,False,35.90234497601081,Красный,0.05097433002216434,Выше
2020-12-29 00:00:00+05:00,35.815,35.74968213097308,Вверх,0.18270895049533734,True,0.2774799134655694,0.2165524624656749,0.060927450999894495,False,35.90234497601081,Красный,0.06531786902692005,Выше
2020-12-29 00:30:00+05:00,35.625,35.74844151275444,Вниз,0.34530599805420226,True,0.2634520884888403,0.225932387670308,0.03751970081853229,False,35.90234497601081,Красный,-0.12344151275443949,Ниже
2020-12-29 01:00:00+05:00,35.7,35.74795950765241,Вниз,0.13416012637627966,True,0.2554422303049151,0.2318343561972294,0.023607874107685695,False,35.90234497601081,Красный,-0.04795950765240775,Ниже
2020-12-29 01:30:00+05:00,35.765,35.7481290647902,Вверх,0.047193896998707165,True,0.2514408630063443,0.2357556575590524,0.015685205447291878,False,35.90234497601081,Красный,0.016870935209801985,Выше
2020-12-29 12:00:00+05:00,35.59,35.746555641259945,Вниз,0.4379600732195858,True,0.2314803517267591,0.2349005963925937,-0.0034202446658345986,Выше,35.882477145697806,Красный,-0.15655564125994204,Ниже
2020-12-29 12:30:00+05:00,35.38,35.742908321446414,Вниз,1.0153295814170218,True,0.1964516850350435,0.2272108141210837,-0.0307591290860402,False,35.75647943112803,Красный,-0.3629083214464117,Ниже
2020-12-29 13:00:00+05:00,35.3,35.73850127347182,Вниз,1.2269716352020474,True,0.1603870409314467,0.2138460594831563,-0.05345901855170959,False,35.57283148801522,Красный,-0.43850127347182166,Ниже
2020-12-29 13:30:00+05:00,35.1,35.73214802696961,Вниз,1.7691296545969812,True,0.1143490771359623,0.1939466630137175,-0.07959758587775519,False,35.51354833921369,Красный,-0.6321480269696096,Ниже
2020-12-29 14:00:00+05:00,35.365,35.728494812770904,Вниз,1.0173807060043671,True,0.0981159251351044,0.1747805154379949,-0.07666459030289048,False,35.51354833921369,Красный,-0.36349481277090234,Ниже
2020-12-29 14:30:00+05:00,35.255,35.72378342159906,Вниз,1.312244607651562,True,0.0755045846770556,0.1549253292858071,-0.0794207446087515,False,35.51354833921369,Красный,-0.4687834215990563,Ниже
2020-12-29 15:00:00+05:00,35.245,35.71901940745379,Вниз,1.327078445369857,True,0.0561309750910936,0.1351664584468644,-0.07903548335577079,False,35.51354833921369,Красный,-0.47401940745379534,Ниже
2020-12-29 15:30:00+05:00,35.3,35.71485006011594,Вниз,1.1615618136927963,True,0.0447000162976394,0.1170731700170194,-0.07237315371938,False,35.51354833921369,Красный,-0.4148500601159455,Ниже
2020-12-29 16:00:00+05:00,35.255,35.710274437627234,Вниз,1.2749116180062665,True,0.0316449914161793,0.0999875342968514,-0.0683425428806721,False,35.51354833921369,Красный,-0.4552744376272315,Ниже
2020-12-29 16:30:00+05:00,35.255,35.7057443437205,Вниз,1.2623860726201768,True,0.0210560688860752,0.0842012412146962,-0.063145172328621,False,35.51354833921369,Красный,-0.4507443437204941,Ниже
2020-12-29 17:00:00+05:00,35.28,35.70150808159392,Вниз,1.1806450322226885,True,0.0145142513039644,0.0702638432325498,-0.055749591928585404,False,35.51354833921369,Красный,-0.4215080815939203,Ниже
2020-12-29 17:30:00+05:00,35.215,35.69666720516015,Вниз,1.349333825457303,True,0.0040383058900133,0.0570187357640425,-0.0529804298740292,False,35.48060769753145,Красный,-0.48166720516015005,Ниже
2020-12-29 18:00:00+05:00,35.25,35.69222275535756,Вниз,1.2389891164488565,True,-0.0014233414387518,0.0453303203234836,-0.0467536617622354,False,35.47629692777831,Красный,-0.4422227553575624,Ниже
2020-12-29 18:30:00+05:00,35.48,35.690111086150026,Вниз,0.5887095325729175,True,0.0126613889041067,0.0387965340396082,-0.026135145135501497,False,35.100582764999515,Зелёный,-0.21011108615002883,Ниже
2020-12-29 19:00:00+05:00,35.5,35.688219433551524,Вниз,0.527399339443013,True,0.0251475863077317,0.0360667444932329,-0.010919158185501196,False,35.18077448849957,Зелёный,-0.1882194335515237,Ниже
2020-12-29 19:30:00+05:00,35.37,35.68505307102863,Вниз,0.8828712413612997,True,0.0242732670506526,0.0337080490047169,-0.009434781954064296,False,35.18644703964961,Зелёный,-0.315053071028629,Ниже
2020-12-29 20:00:00+05:00,35.31,35.68132119967511,Вниз,1.0406598948429338,True,0.0185253158714573,0.030671502378065,-0.0121461865066077,False,35.18644703964961,Зелёный,-0.37132119967510846,Ниже
2020-12-29 20:30:00+05:00,35.44,35.6789199937082,Вниз,0.6696390859093648,True,0.0241811909775293,0.0293734400979578,-0.0051922491204285,False,35.18644703964961,Зелёный,-0.23891999370820116,Ниже
2020-12-29 21:00:00+05:00,35.435,35.67649292909419,Вниз,0.6768964919678192,True,0.0279380026306981,0.0290863526045059,-0.0011483499738077982,False,35.310999891904565,Зелёный,-0.24149292909418563,Ниже
2020-12-29 21:30:00+05:00,35.48,35.67453777557086,Вниз,0.545312673130358,True,0.0341527353774111,0.0300996291590869,0.0040531062183242,Выше,35.310999891904565,Зелёный,-0.19453777557086482,Ниже
2020-12-29 22:00:00+05:00,35.575,35.67354734994329,Вниз,0.27624768845267406,True,0.0462109706020186,0.0333218974476733,0.012889073154345301,False,35.310999891904565,Зелёный,-0.09854734994328851,Ниже
2020-12-29 22:30:00+05:00,35.48,35.67162150566525,Вниз,0.5371819322393869,True,0.0475533375660077,0.0361681854713401,0.011385152094667603,False,35.310999891904565,Зелёный,-0.19162150566525327,Ниже
2020-12-29 23:00:00+05:00,35.335,35.66827203794719,Вниз,0.9343655268542977,True,0.0364961796310581,0.0362337843032837,0.0002623953277743965,False,35.310999891904565,Зелёный,-0.3332720379471894,Ниже
2020-12-29 23:30:00+05:00,35.365,35.66525440572881,Вниз,0.8418681171122634,True,0.0298104156691323,0.0349491105764534,-0.005138694907321096,Выше,35.310999891904565,Зелёный,-0.3002544057288077,Ниже
2020-12-30 00:00:00+05:00,35.39,35.662515555920564,Вниз,0.7641512430418587,True,0.0262268636685476,0.0332046611948723,-0.006977797526324703,False,35.310999891904565,Зелёный,-0.2725155559205632,Ниже
2020-12-30 00:30:00+05:00,35.4,35.65990346083678,Вниз,0.7288394965012135,True,0.0239180766177398,0.0313473442794458,-0.007429267661705999,False,35.310999891904565,Зелёный,-0.2599034608367816,Ниже
2020-12-30 01:00:00+05:00,35.41,35.65741685923641,Вниз,0.6938720777591258,True,0.0226343479982347,0.0296047450232036,-0.006970397024968902,False,35.310999891904565,Зелёный,-0.24741685923641654,Ниже
2020-12-30 01:30:00+05:00,35.395,35.654805746209185,Вниз,0.7286696443067963,True,0.02017405522799,0.0277186070641609,-0.0075445518361709,False,35.310999891904565,Зелёный,-0.2598057462091816,Ниже
2020-12-30 12:00:00+05:00,35.04,35.64868827609766,Вниз,1.7074633192205924,True,-0.0103025166601256,0.0201143823193036,-0.030416898979429202,False,35.4534484845142,Красный,-0.6086882760976593,Ниже
2020-12-30 12:30:00+05:00,35.195,35.64417396489271,Вниз,1.2601609602038089,True,-0.0216980927358889,0.011751887308265,-0.0334499800441539,False,35.45135363606277,Красный,-0.449173964892708,Ниже
2020-12-30 13:00:00+05:00,35.235,35.64010258215745,Вниз,1.1366481934882564,True,-0.027188095727034,0.0039638907012052,-0.0311519864282392,False,35.45135363606277,Красный,-0.4051025821574541,Ниже
2020-12-30 13:30:00+05:00,35.31,35.63681797934992,Вниз,0.9170795763507736,True,-0.0251966382901471,-0.0018682150970652,-0.023328423193081902,False,35.45135363606277,Красный,-0.32681797934991863,Ниже
2020-12-30 14:00:00+05:00,35.3,35.63346655666982,Вниз,0.9358240690377301,True,-0.0241469592351535,-0.0063239639246828,-0.0178229953104707,False,35.45135363606277,Красный,-0.3334665566698263,Ниже
2020-12-30 14:30:00+05:00,35.335,35.63049674018555,Вниз,0.829336571814546,True,-0.0202573593005013,-0.0091106429998465,-0.0111467163006548,False,35.45135363606277,Красный,-0.2954967401855484,Ниже
2020-12-30 15:00:00+05:00,35.44,35.62860125023346,Вниз,0.5293535070569886,True,-0.0086030304707875,-0.0090091204940347,0.0004060900232471989,Ниже,35.45135363606277,Красный,-0.18860125023346086,Ниже
2020-12-30 15:30:00+05:00,35.405,35.626376362171435,Вниз,0.6213833254355161,True,-0.002166128618775,-0.0076405221189828,0.0054743935002078,False,35.45135363606277,Красный,-0.22137636217143353,Ниже
2020-12-30 16:00:00+05:00,35.375,35.623875104836394,Вниз,0.6986188450975278,True,0.0005085509361464,-0.0060107075079569,0.0065192584441033,False,35.45135363606277,Красный,-0.24887510483639375,Ниже
2020-12-30 16:30:00+05:00,35.395,35.62159774060917,Вниз,0.6361245844703932,True,0.0041937437391652,-0.0039698172585325,0.008163560997697699,False,35.45135363606277,Красный,-0.22659774060916504,Ниже
2020-12-30 17:00:00+05:00,35.44,35.619790797916544,Вниз,0.5047497301052708,True,0.0106229546960676,-0.0010512628676124,0.011674217563679999,False,35.45135363606277,Красный,-0.17979079791654584,Ниже
2020-12-30 17:30:00+05:00,35.42,35.61780282977807,Вниз,0.555348208095244,True,0.013943584879442,0.0019477066817984,0.011995878197643601,False,35.45135363606277,Красный,-0.19780282977806962,Ниже
2020-12-30 18:00:00+05:00,35.37,35.61533712997929,Вниз,0.6888524712932662,True,0.0123977129732111,0.0040377079400809,0.0083600050331302,False,35.45135363606277,Красный,-0.24533712997929058,Ниже
2020-12-30 18:30:00+05:00,35.39,35.613094969481985,Вниз,0.6264408349601781,True,0.0126407168874322,0.0057583097295512,0.006882407157881,False,35.45135363606277,Красный,-0.22309496948198415,Ниже
2020-12-30 19:00:00+05:00,35.345,35.610427357845346,Вниз,0.7453641462319339,True,0.0090973072260638,0.0064261092288537,0.0026711979972101002,False,35.45135363606277,Красный,-0.265427357845347,Ниже
2020-12-30 19:30:00+05:00,35.445,35.6087813144837,Вниз,0.45994641893875327,True,0.0141946665258316,0.0079798206882493,0.0062148458375823005,False,35.45135363606277,Красный,-0.1637813144836997,Ниже
2020-12-30 20:00:00+05:00,35.49,35.607599410857,Вниз,0.3302649232263038,True,0.0216163051051339,0.0107071175716262,0.0109091875335077,False,35.29111158286062,Зелёный,-0.11759941085699666,Ниже
2020-12-30 20:30:00+05:00,35.41,35.60563324756489,Вниз,0.5494446516500916,True,0.0208028731646408,0.0127262686902291,0.0080766044744117,False,35.29111158286062,Зелёный,-0.1956332475648921,Ниже
2020-12-30 21:00:00+05:00,35.35,35.603089633161254,Вниз,0.7108642417525499,True,0.0151421743717747,0.0132094498265382,0.0019327245452365003,False,35.29111158286062,Зелёный,-0.25308963316125244,Ниже
2020-12-30 21:30:00+05:00,35.37,35.60077033332881,Вниз,0.6482172468969584,True,0.0121300351537598,0.0129935668919826,-0.0008635317382227996,Выше,35.29111158286062,Зелёный,-0.23077033332881314,Ниже
2020-12-30 22:00:00+05:00,35.4,35.59877261856933,Вниз,0.5583693030631163,True,0.0120250253943083,0.0127998585924477,-0.0007748331981393998,False,35.29111158286062,Зелёный,-0.19877261856932904,Ниже
2020-12-30 22:30:00+05:00,35.36,35.59639677161839,Вниз,0.6641030920491118,True,0.0086148322734302,0.0119628533286442,-0.0033480210552139997,False,35.29111158286062,Зелёный,-0.2363967716183879,Ниже
2020-12-30 23:00:00+05:00,35.375,35.59419381866696,Вниз,0.6158134098601363,True,0.0070414350160561,0.0109785696661266,-0.0039371346500705,False,35.29111158286062,Зелёный,-0.21919381866695886,Ниже
2020-12-30 23:30:00+05:00,35.385,35.59211228813297,Вниз,0.5819050200120418,True,0.0065261928911581,0.0100880943111329,-0.0035619014199748,False,35.29111158286062,Зелёный,-0.20711228813296856,Ниже
2020-12-31 00:00:00+05:00,35.39,35.59010122058936,Вниз,0.5622384138474967,True,0.0064470009939725,0.0093598756477008,-0.002912874653728299,False,35.29111158286062,Зелёный,-0.2001012205893602,Ниже
2020-12-31 00:30:00+05:00,35.385,35.5880604124243,Вниз,0.5705857809362619,True,0.0059126255646262,0.0086704256310859,-0.002757800066459699,False,35.29111158286062,Зелёный,-0.20306041242429984,Ниже
2020-12-31 01:00:00+05:00,35.45,35.586686676977294,Вниз,0.38409497972656237,True,0.0106117601933135,0.0090586925435314,0.0015530676497820996,Выше,35.303141448356634,Зелёный,-0.1366866769772912,Ниже
2020-12-31 01:30:00+05:00,35.42,35.58502810307703,Вниз,0.4637571244822408,True,0.0117793242449266,0.0096028188838105,0.002176505361116101,False,35.31582730352097,Зелёный,-0.1650281030770273,Ниже
2021-01-04 12:00:00+05:00,35.095,35.58015220155388,Вниз,1.3635472912133655,True,-0.0133660808342384,0.0050090389402007,-0.0183751197744391,Ниже,35.34700542683113,Красный,-0.4851522015538805,Ниже
2021-01-04 12:30:00+05:00,34.62,35.57059844830459,Вниз,2.6724274816070688,True,-0.0708063146616879,-0.010154031780177,-0.060652282881510894,False,35.08430488414802,Красный,-0.9505984483045893,Ниже
2021-01-04 13:00:00+05:00,34.945,35.56437358812246,Вниз,1.7415562981525732,True,-0.0890765113679563,-0.0259385276977328,-0.0631379836702235,False,35.08012439573321,Красный,-0.6193735881224569,Ниже
2021-01-04 13:30:00+05:00,35.37,35.562439522569,Вниз,0.5411313879265102,True,-0.068472517204853,-0.0344453255991569,-0.03402719160569611,False,34.8563880438401,Зелёный,-0.19243952256900343,Ниже
2021-01-04 14:00:00+05:00,35.56,35.56241524871259,Вниз,0.006791576712931234,True,-0.0363927779921056,-0.0348348160777466,-0.0015579619143590018,False,35.1582492394561,Зелёный,-0.00241524871258747,Ниже
2021-01-04 14:30:00+05:00,35.465,35.56144594275525,Вниз,0.27120928353278606,True,-0.0184226942443217,-0.0315523917110616,0.013129697466739896,Ниже,35.1582492394561,Зелёный,-0.09644594275524554,Ниже
2021-01-04 15:00:00+05:00,36.085,35.56665543586216,Вверх,1.457389112880122,True,0.0453250658913404,-0.0161769001905812,0.0615019660819216,False,35.466156883959435,Зелёный,0.5183445641378412,Выше
2021-01-04 15:30:00+05:00,36.29,35.57385289421179,Вверх,2.0131277540216446,True,0.1111066435943044,0.0092798085663958,0.1018268350279086,False,35.7712911955635,Зелёный,0.7161471057882096,Выше
2021-01-04 16:00:00+05:00,36.13,35.579386696259434,Вверх,1.547562661608376,True,0.1486152113833085,0.0371468891297784,0.1114683222535301,False,35.79741207600714,Зелёный,0.5506133037405689,Выше
2021-01-04 16:30:00+05:00,36.125,35.58481568435636,Вверх,1.5180191473666007,True,0.1759097848774473,0.0648994682793122,0.1110103165981351,False,35.79741207600714,Зелёный,0.5401843156436428,Выше
2021-01-04 17:00:00+05:00,36.245,35.59138468252197,Вверх,1.8364425079505327,True,0.2048624018899119,0.0928920550014321,0.11197034688847979,False,35.79741207600714,Зелёный,0.6536153174780281,Выше
2021-01-04 17:30:00+05:00,36.22,35.59763956130285,Вверх,1.748319400856286,True,0.2232171599265839,0.1189570759864625,0.10426008394012139,False,35.85110590340921,Зелёный,0.6223604386971502,Выше
2021-01-04 18:00:00+05:00,36.43,35.60592175472272,Вверх,2.3144415441736825,True,0.2518060198136993,0.1455268647519099,0.10627915506178942,False,35.959245313068294,Зелёный,0.8240782452772777,Выше
2021-01-04 18:30:00+05:00,36.515,35.614967309402104,Вверх,2.527119238321733,True,0.2781157417216775,0.1720446401458634,0.10607110157581412,False,36.16707078176146,Зелёный,0.9000326905978966,Выше
2021-01-04 19:00:00+05:00,36.565,35.6244203710001,Вверх,2.64026647789496,True,0.299547965533101,0.1975453052233109,0.10200266030979008,False,36.20036370358532,Зелёный,0.9405796289998989,Выше
2021-01-04 19:30:00+05:00,36.45,35.63263509367672,Вверх,2.29386601404714,True,0.3037521526727218,0.2187866747131931,0.08496547795952872,False,36.20036370358532,Зелёный,0.8173649063232844,Выше
2021-01-04 20:00:00+05:00,36.285,35.63912628677446,Вверх,1.812260233397514,True,0.2904220753300066,0.2331137548365559,0.05730832049345069,False,36.20036370358532,Зелёный,0.6458737132255337,Выше
2021-01-04 20:30:00+05:00,36.23,35.64500562720457,Вверх,1.6411678508726497,True,0.2722811648725454,0.2409472368437538,0.03133392802879159,False,36.20036370358532,Зелёный,0.5849943727954283,Выше
2021-01-04 21:00:00+05:00,35.795,35.64649810852592,Вверх,0.41659601743197544,True,0.2202644268802629,0.2368106748510556,-0.01654624797079271,Выше,36.26373312407768,Красный,0.14850189147408344,Выше
2021-01-04 21:30:00+05:00,35.95,35.64951802784407,Вверх,0.8428780774013388,True,0.189365108773714,0.2273215616355873,-0.0379564528618733,False,36.26373312407768,Красный,0.30048197215593575,Выше
2021-01-04 22:00:00+05:00,35.975,35.652756654432686,Вверх,0.9038385129393667,True,0.1649925363680253,0.2148557565820749,-0.0498632202140496,False,36.26373312407768,Красный,0.3222433455673155,Выше
2021-01-04 22:30:00+05:00,35.92,35.65541579219953,Вверх,0.7420589605306436,True,0.1396294948949901,0.199810504244658,-0.060181009349667886,False,36.26373312407768,Красный,0.26458420780047476,Выше
2021-01-04 23:00:00+05:00,36.0,35.65884449078461,Вверх,0.9567205950926311,True,0.1245487131722953,0.1847581460301854,-0.0602094328578901,False,36.26373312407768,Красный,0.3411555092153904,Выше
2021-01-04 23:30:00+05:00,36.01,35.662338575453425,Вверх,0.9748699564696236,True,0.1121116481397308,0.1702288464520945,-0.058117198312363685,False,36.26373312407768,Красный,0.34766142454657256,Выше
2021-01-05 00:00:00+05:00,36.045,35.666146151817074,Вверх,1.0622225529225742,True,0.1038819060414013,0.1569594583699559,-0.0530775523285546,False,36.26373312407768,Красный,0.3788538481829278,Выше
2021-01-05 00:30:00+05:00,36.08,35.670264100555215,Вверх,1.1486763829102276,True,0.099042285810043,0.1453760238579733,-0.0463337380479303,False,36.26373312407768,Красный,0.40973589944478306,Выше
2021-01-05 01:00:00+05:00,36.095,35.67449032841039,Вверх,1.1787405165946305,True,0.0953184547363648,0.1353645100336516,-0.0400460552972868,False,36.26373312407768,Красный,0.42050967158960617,Выше
2021-01-05 01:30:00+05:00,36.14,35.67912226544114,Вверх,1.2917294633261496,True,0.0949044166616914,0.1272724913592596,-0.03236807469756821,False,36.26373312407768,Красный,0.4608777345588635,Выше
2021-01-05 12:00:00+05:00,36.12,35.68350910857107,Вверх,1.2232286070880867,True,0.0919030544475063,0.1201986039769089,-0.028295549529402608,False,36.25234307156836,Красный,0.4364908914289245,Выше
2021-01-05 12:30:00+05:00,35.765,35.68431996321216,Вверх,0.22609380498497533,True,0.0601851432603481,0.1081959118335968,-0.048010768573248694,False,36.25234307156836,Красный,0.08068003678783953,Выше
2021-01-05 13:00:00+05:00,36.005,35.687510809349355,Вверх,0.8896366920818476,True,0.0537943565095986,0.0973156007687971,-0.0435212442591985,False,36.25234307156836,Красный,0.3174891906506474,Выше
2021-01-05 13:30:00+05:00,36.06,35.691217169455335,Вверх,1.0332593276204454,True,0.0525617531406794,0.0883648312431736,-0.035803078102494196,False,36.25234307156836,Красный,0.3687828305446672,Выше
2021-01-05 14:00:00+05:00,36.25,35.69677719761996,Вверх,1.5497836102048084,True,0.0661537390694064,0.0839226128084202,-0.0177688737390138,False,36.25234307156836,Красный,0.5532228023800414,Выше
2021-01-05 14:30:00+05:00,36.38,35.70357543445956,Вверх,1.8945569380919416,True,0.0864192124999618,0.0844219327467285,0.0019972797532332998,Выше,35.9556377146696,Зелёный,0.6764245655404437,Выше
2021-01-05 15:00:00+05:00,36.51,35.71159955948981,Вверх,2.235689384845891,True,0.1116822562133563,0.0898739974400541,0.021808258773302197,False,36.08582394320264,Зелёный,0.7984004405101857,Выше
2021-01-05 15:30:00+05:00,36.92,35.723623444470014,Вверх,3.3489787434067955,True,0.1629090596217111,0.1044810098763855,0.05842804974532559,False,36.29524154888237,Зелёный,1.1963765555299872,Выше
2021-01-05 16:00:00+05:00,37.08,35.73711972860464,Вверх,3.7576622895003284,True,0.2139510388205963,0.1263750156652276,0.08757602315536869,False,36.482717393994136,Зелёный,1.3428802713953587,Выше
2021-01-05 16:30:00+05:00,37.25,35.7521732636434,Вверх,4.18947045627503,True,0.2650642585482643,0.154112864241835,0.11095139430642931,False,36.81394565459473,Зелёный,1.4978267363566005,Выше
2021-01-05 17:00:00+05:00,36.96,35.76419144012456,Вверх,3.3435917651806224,True,0.2789556499753729,0.1790814213885426,0.09987422858683032,False,36.81394565459473,Зелёный,1.195808559875438,Выше
2021-01-05 17:30:00+05:00,37.16,35.77808008251139,Вверх,3.8624764501103095,True,0.3026146529456071,0.2037880676999555,0.09882658524565158,False,36.81394565459473,Зелёный,1.3819199174886094,Выше
2021-01-05 18:00:00+05:00,37.19,35.79212903691426,Вверх,3.9055261609166654,True,0.3200954711935608,0.2270495483986765,0.0930459227948843,False,36.81394565459473,Зелёный,1.3978709630857367,Выше
2021-01-05 18:30:00+05:00,37.185,35.80598844948228,Вверх,3.851343337339604,True,0.3297445969297783,0.2475885581048969,0.0821560388248814,False,36.81394565459473,Зелёный,1.379011550517724,Выше
2021-01-05 19:00:00+05:00,37.19,35.819759708691414,Вверх,3.825375442080657,True,0.3339455404902978,0.2648599545819771,0.0690855859083207,False,36.81394565459473,Зелёный,1.3702402913085834,Выше
2021-01-05 19:30:00+05:00,37.06,35.83210040810742,Вверх,3.4268144426575504,True,0.3230608604822649,0.2765001357620347,0.04656072472023021,False,36.81394565459473,Зелёный,1.2278995918925801,Выше
2021-01-05 20:00:00+05:00,36.99,35.843621797081475,Вверх,3.198276695944463,True,0.3052673264533823,0.2822535739003042,0.023013752553078082,False,36.81394565459473,Зелёный,1.1463782029185268,Выше
2021-01-05 20:30:00+05:00,36.95,35.85463053541898,Вверх,3.055029289728605,True,0.2846568103173297,0.2827342211837094,0.0019225891336203116,False,36.81394565459473,Зелёный,1.095369464581026,Выше
2021-01-05 21:00:00+05:00,36.945,35.86547998282775,Вверх,3.0099137602204675,True,0.2648661573866064,0.2791606084242888,-0.014294451037682399,Выше,36.81394565459473,Зелёный,1.0795200171722499,Выше
2021-01-05 21:30:00+05:00,37.065,35.87741550538668,Вверх,3.3101171806397622,True,0.2559148919008578,0.2745114651196026,-0.018596573218744805,False,36.81394565459473,Зелёный,1.1875844946133185,Выше
2021-01-05 22:00:00+05:00,37.15,35.89007803767139,Вверх,3.510502153286368,True,0.2527660099174298,0.270162374079168,-0.017396364161738176,False,36.81394565459473,Зелёный,1.2599219623286118,Выше
2021-01-05 22:30:00+05:00,37.13,35.902415569634854,Вверх,3.4192251715881783,True,0.245822971213407,0.2652944935060158,-0.019471522292608817,False,36.81394565459473,Зелёный,1.2275844303651482,Выше
2021-01-05 23:00:00+05:00,37.185,35.91517760376784,Вверх,3.535614971033719,True,0.2419693315311804,0.2606294611110488,-0.0186601295798684,False,36.8188756994148,Зелёный,1.2698223962321649,Выше
2021-01-05 23:30:00+05:00,37.135,35.927315140048755,Вверх,3.361467048799918,True,0.2322040089137047,0.25494437067158,-0.022740361757875277,False,36.85648812947331,Зелёный,1.207684859951243,Выше
2021-01-06 00:00:00+05:00,37.215,35.940127924724884,Вверх,3.54721073320965,True,0.2282886819750658,0.2496132329322771,-0.021324550957211308,False,36.90433931652598,Зелёный,1.2748720752751197,Выше
2021-01-06 00:30:00+05:00,37.175,35.952415209055985,Вверх,3.400563728013626,True,0.2194286545219981,0.2435763172502213,-0.02414766272822319,False,36.92890538487339,Зелёный,1.222584790944012,Выше
2021-01-06 01:00:00+05:00,37.22,35.965027993045474,Вверх,3.4894231340434305,True,0.2135761697137894,0.237576287742935,-0.02400011802914559,False,36.948264846386046,Зелёный,1.2549720069545245,Выше
2021-01-06 01:30:00+05:00,37.245,35.97776403291567,Вверх,3.522275497512698,True,0.2085512751237246,0.2317712852190929,-0.02322001009536831,False,36.97493836174745,Зелёный,1.267235967084325,Выше
2021-01-06 12:00:00+05:00,37.08,35.98873155497621,Вверх,3.0322503680263635,True,0.1890753460275291,0.2232320973807802,-0.03415675135325111,False,36.97493836174745,Зелёный,1.0912684450237862,Выше
2021-01-06 12:30:00+05:00,37.075,35.99954019622023,Вверх,2.987426500221494,True,0.1712628620230845,0.212838250309241,-0.041575388286156506,False,36.97493836174745,Зелёный,1.075459803779772,Выше
2021-01-06 13:00:00+05:00,36.955,36.009047258944406,Вверх,2.626986307783036,True,0.1457828490620656,0.199427170059806,-0.05364432099774041,False,37.42593243428611,Красный,0.9459527410555921,Выше
2021-01-06 13:30:00+05:00,36.98,36.01870848024844,Вверх,2.6688672645736244,True,0.1261528349295133,0.1847723030337475,-0.05861946810423421,False,37.2433391908575,Красный,0.9612915197515548,Выше
2021-01-06 14:00:00+05:00,37.08,36.02926859487284,Вверх,2.916327325269889,True,0.1173127630600774,0.1712803950390135,-0.05396763197893609,False,37.2433391908575,Красный,1.0507314051271592,Выше
2021-01-06 14:30:00+05:00,37.07,36.03962413124226,Вверх,2.859008365363384,True,0.1082521624437404,0.1586747485199588,-0.0504225860762184,False,37.2433391908575,Красный,1.0303758687577371,Выше
2021-01-06 15:00:00+05:00,37.01,36.04927961252344,Вверх,2.6650196558790697,True,0.0951334336139169,0.1459664855387505,-0.05083305192483359,False,37.2433391908575,Красный,0.960720387476556,Выше
2021-01-06 15:30:00+05:00,37.13,36.06003304921475,Вверх,2.9671823908895454,True,0.0933437351448063,0.1354419354599616,-0.04209820031515531,False,37.2433391908575,Красный,1.0699669507852505,Выше
2021-01-06 16:00:00+05:00,37.26,36.07197301887431,Вверх,3.293490435092265,True,0.1012481738354509,0.1286031831350595,-0.0273550092996086,False,36.90589579119055,Зелёный,1.188026981125688,Выше
2021-01-06 16:30:00+05:00,37.215,36.08334642167158,Вверх,3.1362212503903364,True,0.1026975411989425,0.1234220547478361,-0.020724513548893597,False,36.90589579119055,Зелёный,1.1316535783284252,Выше
2021-01-06 17:00:00+05:00,37.085,36.0933131239435,Вверх,2.7475639951673902,True,0.0922923727093802,0.1171961183401449,-0.024903745630764695,False,36.90589579119055,Зелёный,0.9916868760564981,Выше
2021-01-06 17:30:00+05:00,37.02,36.102533888879385,Вверх,2.541278997049078,True,0.0779032250584705,0.1093375396838101,-0.031434314625339604,False,36.90589579119055,Зелёный,0.9174661111206177,Выше
2021-01-06 18:00:00+05:00,37.105,36.11250867605472,Вверх,2.748331147105737,True,0.0725225170692098,0.10197453516089,-0.0294520180916802,False,36.90589579119055,Зелёный,0.9924913239452735,Выше
2021-01-06 18:30:00+05:00,37.11,36.12243396286014,Вверх,2.7339410133747863,True,0.0678792556295349,0.095155479254619,-0.027276223625084098,False,36.90589579119055,Зелёный,0.9875660371398567,Выше
2021-01-06 19:00:00+05:00,37.14,36.13255899805557,Вверх,2.788180604641489,True,0.0658609823576696,0.0892965798752291,-0.023435597517559498,False,36.90589579119055,Зелёный,1.0074410019444286,Выше
2021-01-06 19:30:00+05:00,37.015,36.14133950553761,Вверх,2.417343978987079,True,0.0535576516477078,0.0821487942297249,-0.0285911425820171,False,36.90589579119055,Зелёный,0.873660494462392,Выше
2021-01-06 20:00:00+05:00,36.95,36.14938587861684,Вверх,2.2147378217474603,True,0.0381227611866563,0.0733435876211111,-0.035220826434454795,False,36.90589579119055,Зелёный,0.8006141213831626,Выше
2021-01-06 20:30:00+05:00,36.915,36.15700392957588,Вверх,2.096401770181215,True,0.0228034280768625,0.0632355557122614,-0.0404321276353989,False,36.90589579119055,Зелёный,0.7579960704241202,Выше
2021-01-06 21:00:00+05:00,37.1,36.16638697505274,Вверх,2.581438465476967,True,0.0252990681979454,0.0556482582093982,-0.0303491900114528,False,36.90589579119055,Зелёный,0.9336130249472632,Выше
2021-01-06 21:30:00+05:00,37.025,36.1749303882363,Вверх,2.3498859642315555,True,0.0209831273446852,0.0487152320364556,-0.0277321046917704,False,36.90589579119055,Зелёный,0.8500696117637006,Выше
2021-01-06 22:00:00+05:00,37.06,36.18373705103992,Вверх,2.4217038381747216,True,0.0201545910369205,0.0430031038365486,-0.0228485127996281,False,36.90589579119055,Зелёный,0.8762629489600826,Выше
2021-01-06 22:30:00+05:00,37.005,36.191908821676336,Вверх,2.246610374517423,True,0.0148883065674567,0.0373801443827302,-0.0224918378152735,False,36.90589579119055,Зелёный,0.813091178323667,Выше
2021-01-06 23:00:00+05:00,37.03,36.20024803738105,Вверх,2.292116788156071,True,0.0125869348997298,0.0324215024861301,-0.0198345675864003,False,36.90589579119055,Зелёный,0.8297519626189498,Выше
2021-01-06 23:30:00+05:00,37.03,36.20850427581507,Вверх,2.268792209496578,True,0.0106404250757279,0.0280652870040497,-0.0174248619283218,False,36.90589579119055,Зелёный,0.8214957241849277,Выше
2021-01-07 00:00:00+05:00,36.96,36.21598184520995,Вверх,2.0543917819763715,True,0.0034100777768557,0.0231342451586109,-0.0197241673817552,False,36.90589579119055,Зелёный,0.744018154790048,Выше
2021-01-07 00:30:00+05:00,36.965,36.22343476217304,Вверх,2.047197464005688,True,-0.0018947251242735,0.018128451102034,-0.0200231762263075,False,36.90589579119055,Зелёный,0.7415652378269613,Выше
2021-01-07 01:00:00+05:00,36.94,36.23056476453948,Вверх,1.9581125496417175,True,-0.0080236194186085,0.0128980369979055,-0.020921656416514,False,36.90589579119055,Зелёный,0.7094352354605178,Выше
2021-01-07 01:30:00+05:00,36.91,36.237325314146055,Вверх,1.8563033557869892,True,-0.0151271848125347,0.0072929926358174,-0.022420177448352098,False,36.90589579119055,Зелёный,0.6726746858539414,Выше
2021-01-08 12:00:00+05:00,37.405,36.24894396773664,Вверх,3.189212996914627,True,0.0189669127826732,0.0096277766651886,0.0093391361174846,Выше,37.08358301329225,Зелёный,1.1560560322633577,Выше
2021-01-08 12:30:00+05:00,37.725,36.26363109243578,Вверх,4.029847159649293,True,0.0709897309808269,0.0219001675283163,0.04908956345251061,False,37.30947471196302,Зелёный,1.4613689075642213,Выше
2021-01-08 13:00:00+05:00,37.825,36.27916710146627,Вверх,4.260938224436952,True,0.1189165574211941,0.0413034455068918,0.0776131119143023,False,37.48552724076672,Зелёный,1.5458328985337317,Выше
2021-01-08 13:30:00+05:00,37.96,36.29589180692432,Вверх,4.584838972762794,True,0.1658801216417558,0.0662187807338646,0.09966134090789121,False,37.59872451669004,Зелёный,1.664108193075684,Выше
2021-01-08 14:00:00+05:00,37.9,36.31185308247732,Вверх,4.373632251472883,True,0.1959982403713454,0.0921746726613608,0.10382356770998459,False,37.60910206502105,Зелёный,1.5881469175226783,Выше
2021-01-08 14:30:00+05:00,37.7,36.32566548961685,Вверх,3.7833704953760123,True,0.2014070429045418,0.114021146709997,0.08738589619454482,False,37.60910206502105,Зелёный,1.3743345103831501,Выше
2021-01-08 15:00:00+05:00,37.855,36.34088274842664,Вверх,4.1664294784884195,True,0.2157141441154024,0.1343597461910781,0.0813543979243243,False,37.60910206502105,Зелёный,1.51411725157336,Выше
2021-01-08 15:30:00+05:00,37.505,36.3524660046612,Вверх,3.1704423991236776,True,0.1965449026810048,0.1467967774890635,0.0497481251919413,False,38.06827959459966,Красный,1.1525339953387999,Выше
2021-01-08 16:00:00+05:00,37.775,36.366620571779,Вверх,3.8727256095770373,True,0.2008248998172277,0.1576024019546963,0.043222497862531406,False,38.017951635139696,Красный,1.4083794282209965,Выше
2021-01-08 16:30:00+05:00,37.78,36.38068404867673,Вверх,3.8463156697411556,True,0.2022884314787418,0.1665396078595054,0.0357488236192364,False,38.017951635139696,Красный,1.399315951323274,Выше
2021-01-08 17:00:00+05:00,37.815,36.39495584918741,Вверх,3.9017608832854003,True,0.2039218146154979,0.1740160492107039,0.029905765404794005,False,38.017951635139696,Красный,1.4200441508125863,Выше
2021-01-08 17:30:00+05:00,37.84,36.40933439795172,Вверх,3.9293923542001665,True,0.2048719374193339,0.18018722685243,0.02468471056690391,False,38.017951635139696,Красный,1.4306656020482862,Выше
2021-01-08 18:00:00+05:00,37.865,36.423818632797975,Вверх,3.9567003716197666,True,0.2052759146882223,0.1852049644195884,0.020070950268633897,False,38.017951635139696,Красный,1.4411813672020273,Выше
2021-01-08 18:30:00+05:00,37.845,36.437959740929344,Вверх,3.8614682849275486,True,0.2016576528369071,0.1884955021030522,0.013162150733854905,False,38.017951635139696,Красный,1.407040259070655,Выше
2021-01-08 19:00:00+05:00,38.02,36.45370143504945,Вверх,4.296679084128855,True,0.2104848533484258,0.1928933723521269,0.017591480996298897,False,37.69968679006973,Зелёный,1.56629856495055,Выше
2021-01-08 19:30:00+05:00,38.05,36.46958500285991,Вверх,4.3335151661751965,True,0.2173952257908027,0.1977937430398621,0.01960148275094059,False,37.75346811106276,Зелёный,1.580414997140089,Выше
2021-01-08 20:00:00+05:00,38.08,36.4856090326822,Вверх,4.3699173717769515,True,0.2227250591768168,0.202780006267253,0.019945052909563776,False,37.77812129995648,Зелёный,1.5943909673177998,Выше
2021-01-08 20:30:00+05:00,38.0,36.50067759952118,Вверх,4.107656347997456,True,0.2179809108703878,0.20582018718788,0.012160723682507785,False,37.77812129995648,Зелёный,1.4993224004788175,Выше
2021-01-08 21:00:00+05:00,37.98,36.5153972253966,Вверх,4.010918368388343,True,0.2101844310192504,0.2066930359541541,0.0034913950650963255,False,37.77812129995648,Зелёный,1.4646027746033994,Выше
2021-01-08 21:30:00+05:00,38.03,36.53046789977076,Вверх,4.104880628256745,True,0.2056694176769724,0.2064883122987178,-0.0008188946217454196,Выше,37.77812129995648,Зелёный,1.4995321002292386,Выше
2021-01-08 22:00:00+05:00,38.07,36.54578662713622,Вверх,4.170695211502186,True,0.2029790862244525,0.2057864670838647,-0.0028073808594122063,False,37.77812129995648,Зелёный,1.5242133728637768,Выше
2021-01-08 22:30:00+05:00,38.15,36.56174894925427,Вверх,4.344023730785231,True,0.2049398910838888,0.2056171518838696,-0.0006772607999807889,False,37.8206070714113,Зелёный,1.5882510507457255,Выше
2021-01-08 23:00:00+05:00,37.85,36.57456736766966,Вверх,3.4872118089844326,True,0.1802090129414608,0.2005355240953878,-0.020326511153927,False,37.8206070714113,Зелёный,1.275432632330343,Выше
2021-01-08 23:30:00+05:00,37.93,36.58805425953364,Вверх,3.667715508858169,True,0.1651610712293916,0.1934606335221886,-0.02829956229279698,False,37.8206070714113,Зелёный,1.3419457404663575,Выше
2021-01-09 00:00:00+05:00,37.955,36.601655709687535,Вверх,3.6974947282351156,True,0.1534834978512265,0.1854652063879961,-0.0319817085367696,False,37.8206070714113,Зелёный,1.3533442903124637,Выше
2021-01-09 00:30:00+05:00,37.96,36.61517157327274,Вверх,3.6728721154181874,True,0.1429841626079309,0.1769689976319831,-0.033984835024052196,False,37.8206070714113,Зелёный,1.3448284267272612,Выше
2021-01-09 01:00:00+05:00,38.04,36.62934897055361,Вверх,3.8511496084203305,True,0.1395105049374478,0.169477299093076,-0.029966794155628196,False,37.8206070714113,Зелёный,1.4106510294463916,Выше
2021-01-09 01:30:00+05:00,38.03,36.64328579671726,Вверх,3.784360963085286,True,0.1344013941706876,0.1624621181085984,-0.028060723937910786,False,37.8206070714113,Зелёный,1.386714203282743,Выше
2021-01-11 12:00:00+05:00,37.73,36.65409887336684,Вверх,2.9352818912564067,True,0.1049352658586002,0.1509567476585988,-0.046021481799998584,False,37.9635273656259,Красный,1.0759011266331555,Выше
2021-01-11 12:30:00+05:00,37.675,36.66425709353234,Вверх,2.7567527248382526,True,0.0762659600202582,0.1360185901309306,-0.05975263011067239,False,37.9635273656259,Красный,1.0107429064676552,Выше
2021-01-11 13:00:00+05:00,38.325,36.68078189857182,Вверх,4.482505596458395,True,0.1047869772691854,0.1297722675585816,-0.024985290289396195,False,37.67351783384302,Зелёный,1.64421810142818,Выше
2021-01-11 13:30:00+05:00,38.695,36.70082386973032,Вверх,5.433600448175258,False,0.155454019532371,0.1349086179533395,0.020545401579031508,Выше,38.09016605045872,Зелёный,1.994176130269679,Выше
2021-01-11 14:00:00+05:00,38.7,36.72071616953399,Вверх,5.3901013839925,False,0.1937777247866421,0.14668243932,0.0470952854666421,False,38.16164944541285,Зелёный,1.9792838304660094,Выше
2021-01-11 14:30:00+05:00,38.975,36.743146854414256,Вверх,6.0742025021126205,False,0.2435324485637764,0.1660524411687553,0.07748000739502109,False,38.29448450087157,Зелёный,2.2318531455857453,Выше
2021-01-11 15:00:00+05:00,38.96,36.76520509466884,Вверх,5.969761081652214,False,0.2785421900009908,0.1885503909352024,0.08999179906578839,False,38.4840360507844,Зелёный,2.1947949053311575,Выше
2021-01-11 15:30:00+05:00,39.355,36.79097419820448,Вверх,6.969170721009744,False,0.3343071761412304,0.217701747976408,0.11660542816482239,False,38.89563244570597,Зелёный,2.564025801795516,Выше
2021-01-11 16:00:00+05:00,39.315,36.81608888279946,Вверх,6.787551836795001,False,0.3709970407680245,0.2483608065347313,0.12263623423329317,False,38.89563244570597,Зелёный,2.498911117200535,Выше
2021-01-11 16:30:00+05:00,39.66,36.844386505856185,Вверх,7.641906301510238,False,0.4230361422190114,0.2832958736715874,0.13974026854742405,False,39.06171228102183,Зелёный,2.815613494143811,Выше
2021-01-11 17:00:00+05:00,39.655,36.87235280928051,Вверх,7.546703637580518,False,0.4585877329031902,0.3183542455179079,0.1402334873852823,False,39.06171228102183,Зелёный,2.7826471907194943,Выше
2021-01-11 17:30:00+05:00,39.38,36.897304522621,Вверх,6.728663541958499,False,0.4592781503007188,0.3465390264744701,0.11273912382624868,False,39.06171228102183,Зелёный,2.4826954773790035,Выше
2021-01-11 18:00:00+05:00,38.925,36.91748059702278,Вверх,5.437855916795994,False,0.4182888402811144,0.360888989235799,0.05739985104531542,False,39.80216174713509,Красный,2.0075194029772163,Выше
2021-01-11 18:30:00+05:00,38.79,36.93611263088325,Вверх,5.0191729369123275,False,0.3706386533394763,0.3628389220565344,0.007799731282941924,False,39.60344557242158,Красный,1.8538873691167481,Выше
2021-01-11 19:00:00+05:00,38.79,36.95455927137198,Вверх,4.966750422186484,True,0.3290820834753489,0.3560875543402974,-0.027005470864948478,Выше,39.43085101517941,Красный,1.835440728628022,Выше
2021-01-11 19:30:00+05:00,39.02,36.97511092041305,Вверх,5.530447451499107,False,0.311120872516561,0.3470942179755502,-0.03597334545898917,False,39.43085101517941,Красный,2.0448890795869517,Выше
2021-01-11 20:00:00+05:00,39.005,36.99530882170247,Вверх,5.432286531200922,False,0.2923065804831282,0.3361366904770658,-0.043830109993937605,False,39.43085101517941,Красный,2.0096911782975297,Выше
2021-01-11 20:30:00+05:00,39.05,37.015753510043744,Вверх,5.495623611725982,False,0.2778246527591221,0.3244742829334771,-0.04664963017435497,False,39.43085101517941,Красный,2.034246489956253,Выше
2021-01-11 21:00:00+05:00,39.13,37.036790788550775,Вверх,5.651702447438573,False,0.2696940865621471,0.3135182436592111,-0.043824157097064,False,39.43085101517941,Красный,2.093209211449228,Выше
2021-01-11 21:30:00+05:00,39.21,37.058414760804006,Вверх,5.805928972093234,False,0.2666323143387359,0.3041410577951161,-0.03750874345638017,False,39.43085101517941,Красный,2.1515852391959953,Выше
2021-01-11 22:00:00+05:00,39.125,37.07897779800994,Вверх,5.518011346310293,False,0.2544143182738025,0.2941957098908533,-0.0397813916170508,False,39.43085101517941,Красный,2.0460222019900627,Выше
2021-01-11 22:30:00+05:00,39.205,37.10013224778099,Вверх,5.673477760567558,False,0.2483242721457301,0.2850214223418287,-0.036697150196098594,False,39.43085101517941,Красный,2.1048677522190076,Выше
2021-01-11 23:00:00+05:00,39.17,37.120727946808046,Вверх,5.520559985053229,False,0.2379309394568309,0.2756033257648291,-0.03767238630799821,False,39.43085101517941,Красный,2.049272053191956,Выше
2021-01-11 23:30:00+05:00,39.095,37.14037244484976,Вверх,5.262810861826148,False,0.2210936453050536,0.264701389672874,-0.04360774436782039,False,39.43085101517941,Красный,1.954627555150239,Выше
2021-01-12 00:00:00+05:00,39.12,37.16007023146817,Вверх,5.274289731756499,False,0.2073767493706952,0.2532364616124383,-0.045859712241743095,False,39.43085101517941,Красный,1.959929768531829,Выше
2021-01-12 00:30:00+05:00,39.08,37.17917401025953,Вверх,5.112609519555058,False,0.1910757425916927,0.2408043178082891,-0.049728575216596405,False,39.423473873244106,Красный,1.9008259897404685,Выше
2021-01-12 01:00:00+05:00,39.195,37.1992319803067,Вверх,5.365078560626903,False,0.1853005863677808,0.2297035715201875,-0.044402985152406704,False,39.423473873244106,Красный,1.9957680196933012,Выше
2021-01-12 01:30:00+05:00,39.205,37.21918987104992,Вверх,5.335446945057486,False,0.1794619245243396,0.2196552421210179,-0.040193317596678296,False,39.423473873244106,Красный,1.985810128950078,Выше
2021-01-12 12:00:00+05:00,39.115,37.238053653427535,Вверх,5.040398631037757,False,0.1656628370455877,0.2088567611059319,-0.043193924060344197,False,39.423473873244106,Красный,1.876946346572467,Выше
2021-01-12 12:30:00+05:00,39.085,37.25643122901532,Вверх,4.908062073214869,True,0.1505705281998928,0.1971995145247241,-0.046628986324831284,False,39.423473873244106,Красный,1.8285687709846812,Выше
2021-01-12 13:00:00+05:00,38.875,37.27253639091566,Вверх,4.299314627471671,True,0.1202780294951537,0.18181521751881,-0.06153718802365629,False,39.41328073741191,Красный,1.6024636090843387,Выше
2021-01-12 13:30:00+05:00,38.675,37.2864912526976,Вверх,3.723892221159158,True,0.0792194845897853,0.1612960709330051,-0.0820765863432198,False,39.16470266367072,Красный,1.3885087473023958,Выше
2021-01-12 14:00:00+05:00,38.635,37.29990925018319,Вверх,3.5793404773773005,True,0.0429574396116123,0.1376283446687265,-0.0946709050571142,False,39.11048239730365,Красный,1.335090749816807,Выше
2021-01-12 14:30:00+05:00,38.73,37.31413900888784,Вверх,3.794435644823296,True,0.0216358096188926,0.1144298376587597,-0.09279402803986711,False,39.096684157573286,Красный,1.4158609911121545,Выше
2021-01-12 15:00:00+05:00,39.195,37.33285404362528,Вверх,4.987954990525794,True,0.0417782840164022,0.0998995269302883,-0.058121242913886095,False,38.61848425818405,Зелёный,1.862145956374718,Выше
2021-01-12 15:30:00+05:00,38.76,37.34705450090264,Вверх,3.7832849684657512,True,0.022382464424524,0.0843961144291354,-0.0620136500046114,False,38.61848425818405,Зелёный,1.4129454990973613,Выше
2021-01-12 16:00:00+05:00,38.815,37.36166092377924,Вверх,3.889920951816582,True,0.0113187030414323,0.0697806321515948,-0.0584619291101625,False,38.61848425818405,Зелёный,1.4533390762207574,Выше
2021-01-12 16:30:00+05:00,38.725,37.37522648672671,Вверх,3.6114122646257263,True,-0.0046579613247104,0.0548929134563337,-0.0595508747810441,False,38.61848425818405,Зелёный,1.3497735132732913,Выше
2021-01-12 17:00:00+05:00,38.705,37.38845806397321,Вверх,3.521252290677859,True,-0.0187176503713999,0.040170800690787,-0.058888451062186896,False,38.61848425818405,Зелёный,1.3165419360267876,Выше
2021-01-12 17:30:00+05:00,38.725,37.40175698870979,Вверх,3.5379167125481494,True,-0.0279243281103092,0.0265517749305677,-0.0544761030408769,False,38.61848425818405,Зелёный,1.3232430112902094,Выше
2021-01-12 18:00:00+05:00,38.64,37.41407781469278,Вверх,3.276633440971223,True,-0.0415999379842659,0.012921432347601,-0.0545213703318669,False,38.61848425818405,Зелёный,1.225922185307219,Выше
2021-01-12 18:30:00+05:00,38.52,37.42508201554161,Вверх,2.925626145598563,True,-0.0614130233500773,-0.0019454587919346,-0.0594675645581427,False,38.99601660361177,Красный,1.094917984458391,Выше
2021-01-12 19:00:00+05:00,38.38,37.43458368702876,Вверх,2.525515766050393,True,-0.0874043235842663,-0.0190372317504009,-0.0683670918338654,False,38.77791494325059,Красный,0.9454163129712398,Выше
2021-01-12 19:30:00+05:00,38.39,37.44409031700858,Вверх,2.5261921840887953,True,-0.1059740964334494,-0.0364246046870106,-0.0695494917464388,False,38.772373448925535,Красный,0.9459096829914202,Выше
2021-01-12 20:00:00+05:00,38.595,37.45554215465029,Вверх,3.0421608653934307,True,-0.1029621054015166,-0.0497321048299118,-0.0532300005716048,False,38.772373448925535,Красный,1.1394578453497104,Выше
2021-01-12 20:30:00+05:00,38.415,37.46508899888262,Вверх,2.5354564115561264,True,-0.1137879004004105,-0.0625432639440116,-0.05124463645639889,False,38.772373448925535,Красный,0.9499110011173784,Выше
2021-01-12 21:00:00+05:00,38.495,37.475336869540506,Вверх,2.720891166393387,True,-0.1145911540274582,-0.0729528419607009,-0.041638312066757305,False,38.772373448925535,Красный,1.0196631304594916,Выше
2021-01-12 21:30:00+05:00,38.515,37.485681776311246,Вверх,2.745897032981866,True,-0.1123191600996236,-0.0808261055884854,-0.03149305451113821,False,38.772373448925535,Красный,1.0293182236887546,Выше
2021-01-12 22:00:00+05:00,38.535,37.49612275366139,Вверх,2.770625787534697,True,-0.1076636758530327,-0.0861936196413949,-0.021470056211637806,False,38.772373448925535,Красный,1.0388772463386076,Выше
2021-01-12 22:30:00+05:00,38.565,37.50675834815232,Вверх,2.821469245688123,True,-0.1003961178153574,-0.0890341192761874,-0.011361998539169998,False,38.772373448925535,Красный,1.0582416518476805,Выше
2021-01-12 23:00:00+05:00,38.475,37.51639259344434,Вверх,2.5551694613707947,True,-0.1007375339645761,-0.0913748022138652,-0.00936273175071091,False,38.772373448925535,Красный,0.9586074065556645,Выше
2021-01-12 23:30:00+05:00,38.495,37.52612998057425,Вверх,2.5818543503614557,True,-0.098261577569076,-0.0927521572849073,-0.0055094202841687034,False,38.743104084737055,Красный,0.9688700194257507,Выше
2021-01-13 00:00:00+05:00,38.53,37.536118736986445,Вверх,2.647799763149803,True,-0.09240991284247,-0.0926837083964199,0.00027379555394990707,Ниже,38.743104084737055,Красный,0.9938812630135558,Выше
2021-01-13 00:30:00+05:00,38.49,37.54561009283733,Вверх,2.515313787224453,True,-0.0899630540071712,-0.0921395775185701,0.002176523511398909,False,38.743104084737055,Красный,0.9443899071626731,Выше
2021-01-13 01:00:00+05:00,38.535,37.555454768530495,Вверх,2.6082635332386093,True,-0.0834310357857077,-0.0903978691719977,0.006966833386290006,False,38.730667877773314,Красный,0.9795452314695012,Выше
2021-01-13 01:30:00+05:00,38.53,37.565151736007806,Вверх,2.5684663029521237,True,-0.0777614370562318,-0.0878705827488445,0.010109145692612703,False,38.73035108999598,Красный,0.9648482639921951,Выше
2021-01-13 12:00:00+05:00,38.315,37.57261291276394,Вверх,1.9758729289329295,True,-0.0895842706777969,-0.088213320334635,-0.0013709503431618975,Ниже,38.73035108999598,Красный,0.742387087236061,Выше
2021-01-13 12:30:00+05:00,38.245,37.57930333154241,Вверх,1.7714449429370567,True,-0.1034103167268583,-0.0912527196130796,-0.012157597113778701,False,38.383009382896745,Красный,0.6656966684575849,Выше
2021-01-13 13:00:00+05:00,38.21,37.58557892028329,Вверх,1.6613315469772867,True,-0.1158562466316581,-0.0961734250167953,-0.019682821614862803,False,38.383009382896745,Красный,0.6244210797167113,Выше
2021-01-13 13:30:00+05:00,37.88,37.58850848326555,Вверх,0.7754804021133894,True,-0.1506118185327736,-0.107061103719991,-0.04355071481278261,False,38.383009382896745,Красный,0.29149151673445317,Выше
2021-01-13 14:00:00+05:00,37.9,37.59160790134251,Вверх,0.8203748545868176,True,-0.1745301518623421,-0.1205549133484612,-0.053975238513880905,False,38.21217634013173,Красный,0.3083920986574853,Выше
2021-01-13 14:30:00+05:00,38.02,37.59587050928936,Вверх,1.1281278634201193,True,-0.1817079896349298,-0.1327855286057549,-0.048922461029174885,False,38.21217634013173,Красный,0.42412949071064077,Выше
2021-01-13 15:00:00+05:00,37.875,37.59864791715712,Вверх,0.7350053742671181,True,-0.1968278569538029,-0.1455939942753645,-0.05123386267843838,False,38.21217634013173,Красный,0.2763520828428767,Выше
2021-01-13 15:30:00+05:00,37.83,37.60094992793168,Вверх,0.6091603337344669,True,-0.2100205979363494,-0.1584793150075615,-0.0515412829287879,False,38.19818655195603,Красный,0.2290500720683184,Выше
2021-01-13 16:00:00+05:00,37.735,37.60228375949456,Вверх,0.35294728733577857,True,-0.2255417414647027,-0.1718918002989898,-0.05364994116571292,False,38.07711789676042,Красный,0.13271624050543807,Выше
2021-01-13 16:30:00+05:00,37.825,37.604499841489634,Вверх,0.5863664174229688,True,-0.2279524181155281,-0.1831039238622974,-0.0448484942532307,False,38.07711789676042,Красный,0.22050015851036875,Выше
2021-01-13 17:00:00+05:00,37.68,37.60525108684795,Вверх,0.19877254104598238,True,-0.2388103281056075,-0.1942452047109595,-0.04456512339464802,False,38.036840496375945,Красный,0.07474891315204957,Выше
2021-01-13 17:30:00+05:00,37.6,37.605198837227576,Вниз,0.013824783243607754,True,-0.2509775188031824,-0.2055916675294041,-0.04538585127377831,False,37.97290644673836,Красный,-0.0051988372275744155,Ниже
2021-01-13 18:00:00+05:00,37.72,37.60634113735467,Вверх,0.3022332383525397,True,-0.2480774258305942,-0.2140888191896421,-0.0339886066409521,False,37.95686580206451,Красный,0.11365886264533032,Выше
2021-01-13 18:30:00+05:00,37.7,37.60727306633622,Вверх,0.24656649127476113,True,-0.2445736216403204,-0.2201857796797778,-0.02438784196054261,False,37.95686580206451,Красный,0.09272693366378348,Выше
2021-01-13 19:00:00+05:00,37.66,37.60779771244233,Вверх,0.13880708452225773,True,-0.2422321953187065,-0.2245950628075635,-0.01763713251114299,False,37.95686580206451,Красный,0.052202287557669536,Выше
2021-01-13 19:30:00+05:00,37.68,37.6085161431643,Вверх,0.1900735901506473,True,-0.2360418220431626,-0.2268844146546834,-0.0091574073884792,False,37.94233016970503,Красный,0.07148385683569813,Выше
2021-01-13 20:00:00+05:00,37.74,37.609824440247245,Вверх,0.3461211576766978,True,-0.2237155544108233,-0.2262506426059114,0.0025350881950881032,Ниже,37.94233016970503,Красный,0.1301755597527574,Выше
2021-01-13 20:30:00+05:00,37.75,37.61121922193633,Вверх,0.3689877141305932,True,-0.2107110364149917,-0.2231427213677275,0.012431684952735805,False,37.94233016970503,Красный,0.13878077806366917,Выше
2021-01-13 21:00:00+05:00,37.75,37.61260012520065,Вверх,0.36530278242394365,True,-0.1981210461172367,-0.2181383863176293,0.020017340200392614,False,37.94048369371497,Красный,0.13739987479934967,Выше
2021-01-13 21:30:00+05:00,37.815,37.61461405430313,Вверх,0.532734286220707,True,-0.1808141187202281,-0.2106735327981491,0.029859414077921004,False,37.94048369371497,Красный,0.20038594569686552,Выше
2021-01-13 22:00:00+05:00,37.795,37.61640893933495,Вверх,0.4747690321877024,True,-0.1667894420562419,-0.2018967146497676,0.035107272593525696,False,37.94048369371497,Красный,0.17859106066504893,Выше
2021-01-13 22:30:00+05:00,37.87,37.61893223347092,Вверх,0.6673973757971037,True,-0.1479178071536182,-0.1911009331505378,0.04318312599691959,False,37.94048369371497,Красный,0.2510677665290757,Выше
2021-01-13 23:00:00+05:00,37.96,37.62232594259061,Вверх,0.8975363669026327,True,-0.1242671780173267,-0.1777341821238956,0.053467004106568905,False,37.67373539855361,Зелёный,0.3376740574093944,Выше
2021-01-13 23:30:00+05:00,38.045,37.62653165460464,Вверх,1.1121629525589025,True,-0.0975407058676154,-0.1616954868726396,0.0641547810050242,False,37.75361185869825,Зелёный,0.41846834539536104,Выше
2021-01-14 00:00:00+05:00,37.96,37.62984974759365,Вверх,0.8773626645359124,True,-0.0822702139455628,-0.1458104322872242,0.0635402183416614,False,37.80075067282843,Зелёный,0.330150252406348,Выше
2021-01-14 00:30:00+05:00,37.94,37.6329358197569,Вверх,0.8159453243663495,True,-0.0709640426226414,-0.1308411543543077,0.05987711173166631,False,37.80075067282843,Зелёный,0.30706418024309556,Выше
2021-01-14 01:00:00+05:00,37.895,37.63554342354042,Вверх,0.6893924010601593,True,-0.0648869677386088,-0.1176503170311679,0.0527633492925591,False,37.80075067282843,Зелёный,0.2594565764595842,Выше
2021-01-14 01:30:00+05:00,37.83,37.63747831484848,Вверх,0.5115158979063867,True,-0.0645714592939796,-0.1070345454837302,0.0424630861897506,False,37.80075067282843,Зелёный,0.1925216851515188,Выше
2021-01-14 12:00:00+05:00,37.16,37.63272728684004,Вниз,1.25616005249067,True,-0.1170357024294617,-0.1090347768728765,-0.0080009255565852,Ниже,37.71398673355727,Красный,-0.4727272868400405,Ниже
2021-01-14 12:30:00+05:00,37.565,37.6320533834884,Вниз,0.17818156985773295,True,-0.1244987339181733,-0.1121275682819359,-0.0123711656362374,False,37.71398673355727,Красный,-0.06705338348839973,Ниже
2021-01-14 13:00:00+05:00,37.8,37.633724494100456,Вверх,0.44182580420815715,True,-0.1101806106239351,-0.1117381767503357,0.0015575661264006085,Ниже,37.27814574581861,Зелёный,0.16627550589954154,Выше
2021-01-14 13:30:00+05:00,38.075,37.638115295154186,Вверх,1.1607507480643278,True,-0.0757697663264664,-0.1045444946655619,0.0287747283390955,False,37.48208117123675,Зелёный,0.43688470484581643,Выше
2021-01-14 14:00:00+05:00,37.85,37.64022360067504,Вверх,0.5573197480187033,True,-0.0658949479586397,-0.0968145853241775,0.030919637365537794,False,37.49212305411308,Зелёный,0.20977639932495862,Выше
2021-01-14 14:30:00+05:00,37.81,37.64191291808126,Вверх,0.44654234837784085,True,-0.0605982105142288,-0.0895713103621877,0.0289730998479589,False,37.49212305411308,Зелёный,0.1680870819187419,Выше
2021-01-14 15:00:00+05:00,38.1,37.646470998498366,Вверх,1.2047052206293813,True,-0.0326238639636073,-0.0781818210824717,0.045557957118864394,False,37.51901967383159,Зелёный,0.4535290015016358,Выше
2021-01-14 15:30:00+05:00,38.1,37.65098372488147,Вверх,1.192575148632307,True,-0.0103348589571297,-0.0646124286574033,0.0542775697002736,False,37.77161770644843,Зелёный,0.4490162751185309,Выше
2021-01-14 16:00:00+05:00,37.93,37.65376000622594,Вверх,0.7336318968633864,True,-0.0063154406875725,-0.0529530310634371,0.0466375903758646,False,37.77161770644843,Зелёный,0.2762399937740625,Выше
2021-01-14 16:30:00+05:00,37.99,37.657105677805774,Вверх,0.8840146267280132,True,0.0016919718106578,-0.0420240304886181,0.0437160022992759,False,37.77161770644843,Зелёный,0.3328943221942282,Выше
2021-01-14 17:00:00+05:00,38.05,37.66101507404651,Вверх,1.0328583156579594,True,0.0127326286476119,-0.0310726986613721,0.043805327308983996,False,37.77161770644843,Зелёный,0.388984925953487,Выше
2021-01-14 17:30:00+05:00,37.965,37.66403979967789,Вверх,0.7990651080521904,True,0.0144569879512275,-0.0219667613388522,0.0364237492900797,False,37.77161770644843,Зелёный,0.3009602003221161,Выше
2021-01-14 18:00:00+05:00,38.045,37.667830448437314,Вверх,1.0013041554888242,True,0.0220249960899536,-0.013168409853091,0.0351934059430446,False,37.77161770644843,Зелёный,0.3771695515626874,Выше
2021-01-14 18:30:00+05:00,38.015,37.67128487183595,Вверх,0.9124061717921921,True,0.025310187696192,-0.0054726903432344,0.0307828780394264,False,37.77161770644843,Зелёный,0.3437151281640496,Выше
2021-01-14 19:00:00+05:00,38.2,37.67654571888236,Вверх,1.38933724185682,True,0.0423534553341653,0.0040925387922455,0.0382609165419198,False,37.7746160012294,Зелёный,0.5234542811176439,Выше
2021-01-14 19:30:00+05:00,38.09,37.68065969182881,Вверх,1.0863406095301522,True,0.0464488535652378,0.012563801746844,0.0338850518183938,False,37.83390440110646,Зелёный,0.4093403081711955,Выше
2021-01-14 20:00:00+05:00,38.085,37.68468297847728,Вверх,1.0622804542401378,True,0.0487293068395544,0.019796902765386,0.0289324040741684,False,37.83390440110646,Зелёный,0.4003170215227243,Выше
2021-01-14 20:30:00+05:00,38.0,37.6878204612785,Вверх,0.8283300411129995,True,0.0431800402386386,0.0244735302600366,0.018706509978601998,False,37.83390440110646,Зелёный,0.3121795387215016,Выше
2021-01-14 21:00:00+05:00,37.95,37.69042921290757,Вверх,0.6886915127078003,True,0.0343516400215193,0.0264491522123331,0.007902487809186204,False,37.83390440110646,Зелёный,0.25957078709243575,Выше
2021-01-14 21:30:00+05:00,37.99,37.69341001675923,Вверх,0.7868483724579487,True,0.0302342137543121,0.0272061645207289,0.003028049233583203,False,37.83390440110646,Зелёный,0.29658998324077146,Выше
2021-01-14 22:00:00+05:00,37.995,37.696410912114864,Вверх,0.792088903586238,True,0.0270626209380679,0.0271774558041967,-0.00011483486612879831,Выше,37.83390440110646,Зелёный,0.2985890878851336,Выше
2021-01-14 22:30:00+05:00,37.985,37.69928244532765,Вверх,0.7578859228599552,True,0.02347162803715,0.0264362902507874,-0.0029646622136373993,False,37.83390440110646,Зелёный,0.2857175546723525,Выше
2021-01-14 23:00:00+05:00,38.06,37.70287167472738,Вверх,0.9472178362265324,True,0.0263735951029673,0.0264237512212234,-5.0156118256098475e-05,False,37.83390440110646,Зелёный,0.35712832527261895,Выше
2021-01-14 23:30:00+05:00,38.08,37.70662419537686,Вверх,0.990212761260437,True,0.0299421038285743,0.0271274217426935,0.0028146820858808014,Выше,37.87793886810101,Зелёный,0.37337580462313724,Выше
2021-01-15 00:00:00+05:00,38.105,37.71058813373132,Вверх,1.04589158055555,True,0.0343910254360579,0.0285801424813664,0.005810882954691496,False,37.87793886810101,Зелёный,0.3944118662686762,Выше
2021-01-15 00:30:00+05:00,38.135,37.71481113737578,Вверх,1.1141216141681893,True,0.0398778896534821,0.0308396919157896,0.009038197737692502,False,37.88898048316182,Зелёный,0.4201888626242152,Выше
2021-01-15 01:00:00+05:00,38.16,37.7192408773024,Вверх,1.1685259629995017,True,0.0457165680044084,0.0338150671335133,0.011901500870895101,False,37.92308243484564,Зелёный,0.44075912269759954,Выше
2021-01-15 01:30:00+05:00,38.145,37.72347728648347,Вверх,1.1174015330436269,True,0.048573463373323,0.0367667463814753,0.011806716991847703,False,37.95302419136108,Зелёный,0.4215227135165307,Выше
2021-01-15 12:00:00+05:00,37.85,37.724736218956274,Вверх,0.3320468042949075,True,0.0267254644358843,0.0347584899923571,-0.008033025556472801,Выше,38.32627822777503,Красный,0.12526378104372782,Выше
2021-01-15 12:30:00+05:00,37.72,37.72468909239949,Вниз,0.012429770827276958,True,-0.0010668477166575,0.0275934224505541,-0.0286602701672116,False,38.03315040499753,Красный,-0.004689092399488004,Ниже
2021-01-15 13:00:00+05:00,37.72,37.72464243476368,Вниз,0.012306106735695606,True,-0.0228292934462359,0.0175088792711961,-0.040338172717431994,False,38.03315040499753,Красный,-0.0046424347636815355,Ниже
2021-01-15 13:30:00+05:00,37.7,37.72439723640783,Вниз,0.06467230279370266,True,-0.0412149213717256,0.0057641191426117,-0.0469790405143373,False,38.002901828048,Красный,-0.02439723640782887,Ниже
2021-01-15 14:00:00+05:00,37.8,37.72514950271223,Вверх,0.19841007464367605,True,-0.0471727219244968,-0.0048232490708099,-0.0423494728536869,False,38.002901828048,Красный,0.07485049728776971,Выше
2021-01-15 14:30:00+05:00,37.94,37.72728731860564,Вверх,0.5638165278038847,True,-0.0401348423356537,-0.0118855677237787,-0.028249274611875003,False,38.002901828048,Красный,0.21271268139435762,Выше
2021-01-15 15:00:00+05:00,38.0,37.73000087762449,Вверх,0.7156085769815876,True,-0.0293771322038196,-0.0153838806197869,-0.0139932515840327,False,38.002901828048,Красный,0.26999912237550916,Выше
2021-01-15 15:30:00+05:00,38.05,37.7331849484939,Вверх,0.8396191626509989,True,-0.0166253407078826,-0.015632172637406,-0.0009931680704765994,False,37.7445576106177,Зелёный,0.31681505150609723,Выше
2021-01-15 16:00:00+05:00,37.955,37.73539206343426,Вверх,0.5819680797182912,True,-0.0140235058810702,-0.0153104392861389,0.0012869334050686996,Ниже,37.7445576106177,Зелёный,0.21960793656573685,Выше
2021-01-15 16:30:00+05:00,38.0,37.73802497822596,Вверх,0.6941937791529784,True,-0.0082354756790863,-0.0138954465647283,0.005659970885641999,False,37.7445576106177,Зелёный,0.26197502177404175,Выше
2021-01-15 17:00:00+05:00,37.99,37.74053219237296,Вверх,0.6610076571136883,True,-0.0044045634048259,-0.0119972699327479,0.007592706527922,False,37.7445576106177,Зелёный,0.2494678076270418,Выше
2021-01-15 17:30:00+05:00,38.01,37.74321346409064,Вверх,0.7068463742844395,True,0.000242499640862,-0.0095493160180259,0.009791815658887901,False,37.7445576106177,Зелёный,0.2667865359093611,Выше
2021-01-15 18:00:00+05:00,38.03,37.74606706146288,Вверх,0.7522186035296998,True,0.0054760390682133,-0.006544245000778,0.0120202840689913,False,37.7445576106177,Зелёный,0.2839329385371201,Выше
2021-01-15 18:30:00+05:00,38.03,37.74889226483141,Вверх,0.7446781039201046,True,0.009513985467791,-0.0033325989070642,0.0128465843748552,False,37.79534913864428,Зелёный,0.28110773516858956,Выше
2021-01-15 19:00:00+05:00,38.05,37.75188836169876,Вверх,0.7896602030739367,True,0.0141646387954637,0.0001668486334413,0.0139977901620224,False,37.79534913864428,Зелёный,0.2981116383012363,Выше
2021-01-15 19:30:00+05:00,37.95,37.75385962178136,Вверх,0.5195240438555965,True,0.009669684692696,0.0020674158452922,0.0076022688474038005,False,37.79534913864428,Зелёный,0.19614037821864372,Выше
2021-01-15 20:00:00+05:00,37.66,37.75292569519647,Вниз,0.2461417055375229,True,-0.0170961019655209,-0.0017652877168703,-0.015330814248650598,Ниже,38.03599297792832,Красный,-0.09292569519647031,Ниже
2021-01-15 20:30:00+05:00,37.6,37.75140404648805,Вниз,0.4010554052548716,True,-0.0426579450514097,-0.0099438191837782,-0.0327141258676315,False,37.846393680135485,Красный,-0.15140404648804662,Ниже
2021-01-15 21:00:00+05:00,37.4,37.74790748881155,Вниз,0.9216603302174301,True,-0.0781533156166958,-0.0235857184703617,-0.05456759714633411,False,37.79175431212193,Красный,-0.34790748881155054,Ниже
2021-01-15 21:30:00+05:00,37.32,37.74364970285323,Вниз,1.1224396850557004,True,-0.1114542091864549,-0.0411594166135804,-0.0702947925728745,False,37.72007888090975,Красный,-0.42364970285323267,Ниже
2021-01-15 22:00:00+05:00,37.52,37.74142433267559,Вниз,0.5866878015090846,True,-0.1203201034740288,-0.0569915539856701,-0.0633285494883587,False,37.707820992818775,Красный,-0.22142433267558914,Ниже
2021-01-15 22:30:00+05:00,37.705,37.74106190150469,Вниз,0.09555083955721254,True,-0.1111373129189985,-0.0678207057723357,-0.0433166071466628,False,37.707820992818775,Красный,-0.036061901504695015,Ниже
2021-01-15 23:00:00+05:00,37.705,37.7407030766141,Вниз,0.09460098435799515,True,-0.1026762968098538,-0.0747918239798393,-0.027884472830014495,False,37.707820992818775,Красный,-0.0357030766141051,Ниже
2021-01-15 23:30:00+05:00,37.67,37.73999956341397,Вниз,0.18547844256422463,True,-0.0976692181282246,-0.0793673028095164,-0.0183019153187082,False,37.707820992818775,Красный,-0.0699995634139654,Ниже
2021-01-16 00:00:00+05:00,37.665,37.73925329910139,Вниз,0.19675349300872666,True,-0.0930321141112386,-0.0821002650698608,-0.010931849041377797,False,37.707820992818775,Красный,-0.07425329910139311,Ниже
2021-01-16 00:30:00+05:00,37.585,37.73771844040387,Вниз,0.4046838195717695,True,-0.0947206267576348,-0.0846243374074156,-0.01009628935021921,False,37.707820992818775,Красный,-0.1527184404038664,Ниже
2021-01-16 01:00:00+05:00,37.57,37.73604960020084,Вниз,0.44002910203923185,True,-0.0961606793807945,-0.0869316058020914,-0.009229073578703104,False,37.707820992818775,Красный,-0.16604960020084292,Ниже
2021-01-16 01:30:00+05:00,37.535,37.73404910666651,Вниз,0.5275052939689637,True,-0.0989851003319159,-0.0893423047080563,-0.009642795623859599,False,37.707820992818775,Красный,-0.19904910666651432,Ниже
2021-01-18 12:00:00+05:00,37.36,37.73032722500814,Вниз,0.9815107693067717,True,-0.1140300443781541,-0.0942798526420759,-0.0197501917360782,False,37.52459771265813,Красный,-0.37032722500813975,Ниже
2021-01-18 12:30:00+05:00,37.26,37.725647352122486,Вниз,1.2342991699419847,True,-0.1324951139941177,-0.1019229049124842,-0.03057220908163351,False,37.52459771265813,Красный,-0.4656473521224882,Ниже
2021-01-18 13:00:00+05:00,37.425,37.72265583618097,Вниз,0.7890638386480766,True,-0.1322897398870353,-0.1079962719073945,-0.024293467979640798,False,37.52459771265813,Красный,-0.29765583618097224,Ниже
2021-01-18 13:30:00+05:00,37.23,37.71775378805977,Вниз,1.2931676440768782,True,-0.1461768144198103,-0.1156323804098776,-0.030544434009932717,False,37.52459771265813,Красный,-0.48775378805977,Ниже
2021-01-18 14:00:00+05:00,37.325,37.71384579016863,Вниз,1.0310425309900095,True,-0.1478128207982578,-0.1220684684875537,-0.0257443523107041,False,37.52459771265813,Красный,-0.38884579016862375,Ниже
2021-01-18 14:30:00+05:00,37.3,37.70972792160973,Вниз,1.0865311000425961,True,-0.149404417581394,-0.1275356583063217,-0.021868759275072314,False,37.52459771265813,Красный,-0.40972792160973626,Ниже
2021-01-18 15:00:00+05:00,37.38,37.70644704676785,Вниз,0.8657592330641746,True,-0.142567014290897,-0.1305419295032368,-0.012025084787660206,False,37.52459771265813,Красный,-0.3264470467678464,Ниже
2021-01-18 15:30:00+05:00,37.455,37.703945086103495,Вниз,0.6602627007200108,True,-0.1296024730884752,-0.1303540382202845,0.0007515651318092953,Ниже,37.52459771265813,Красный,-0.24894508610349675,Ниже
2021-01-18 16:00:00+05:00,37.83,37.70519936385372,Вверх,0.33099052186929007,True,-0.0880535878376989,-0.1218939481437674,0.033840360306068504,False,37.31405959575967,Зелёный,0.12480063614627568,Выше
2021-01-18 16:30:00+05:00,37.78,37.7059436487905,Вверх,0.19640498033756248,True,-0.0584861867114554,-0.109212395857305,0.0507262091458496,False,37.5091536361837,Зелёный,0.07405635120949938,Выше
2021-01-18 17:00:00+05:00,37.725,37.70613326422542,Вверх,0.05003625177466881,True,-0.0390417990859148,-0.095178276503027,0.0561364774171122,False,37.5091536361837,Зелёный,0.01886673577457998,Выше
2021-01-18 17:30:00+05:00,37.68,37.70587323174557,Вниз,0.0686185719305597,True,-0.0269524150592346,-0.0815331042142685,0.054580689155033904,False,37.5091536361837,Зелёный,-0.02587323174557099,Ниже
2021-01-18 18:00:00+05:00,37.67,37.705516284166016,Вниз,0.09419386781060797,True,-0.0179712462057466,-0.0688207326125641,0.05084948640681751,False,37.5091536361837,Зелёный,-0.0355162841660146,Ниже
2021-01-18 18:30:00+05:00,37.68,37.70526239079123,Вниз,0.06699964193168843,True,-0.009932196577445,-0.0570430254055403,0.0471108288280953,False,37.5091536361837,Зелёный,-0.025262390791233713,Ниже
2021-01-18 19:00:00+05:00,37.6,37.70421500381819,Вниз,0.27640146813197575,True,-0.0099023748278952,-0.0476148952900113,0.037712520462116095,False,37.5091536361837,Зелёный,-0.10421500381819016,Ниже
2021-01-18 19:30:00+05:00,37.68,37.703974058506574,Вниз,0.06358496446388716,True,-0.0033843962511497,-0.038768795482239,0.0353843992310893,False,37.5091536361837,Зелёный,-0.023974058506574636,Ниже
2021-01-18 20:00:00+05:00,37.65,37.70343700319805,Вниз,0.14172979294570967,True,-0.0006323116539732,-0.0311414987165858,0.030509187062612603,False,37.5091536361837,Зелёный,-0.05343700319804867,Ниже
2021-01-18 20:30:00+05:00,37.55,37.70191026684783,Вниз,0.40292458862863934,True,-0.0064461221643981,-0.0262024234061483,0.0197563012417502,False,37.5091536361837,Зелёный,-0.15191026684783537,Ниже
2021-01-18 21:00:00+05:00,37.51,37.70000071195383,Вниз,0.503980658795011,True,-0.0141185250182758,-0.0237856437285738,0.009667118710298,False,37.5091536361837,Зелёный,-0.19000071195382873,Ниже
2021-01-18 21:30:00+05:00,37.54,37.69840866506872,Вниз,0.4201998722972648,True,-0.0175756095901888,-0.0225436369008968,0.004968027310708001,False,37.5091536361837,Зелёный,-0.15840866506871976,Ниже
2021-01-18 22:00:00+05:00,37.525,37.696683205714805,Вниз,0.45543318699396784,True,-0.0212804409831193,-0.0222909977173413,0.001010556734222002,False,37.5091536361837,Зелёный,-0.17168320571480677,Ниже
2021-01-18 22:30:00+05:00,37.555,37.695273422573365,Вниз,0.3721246985022908,True,-0.0215474121202206,-0.0221422805979171,0.0005948684776965023,False,37.5091536361837,Зелёный,-0.14027342257336528,Ниже
2021-01-18 23:00:00+05:00,37.585,37.69417617458756,Вниз,0.28963671757114534,True,-0.0191178605937878,-0.0215373965970913,0.0024195360033034997,False,37.5091536361837,Зелёный,-0.10917617458756013,Ниже
2021-01-18 23:30:00+05:00,37.555,37.69279133702948,Вниз,0.36556416264697517,True,-0.0193896608440837,-0.0211078494464898,0.0017181886024061031,False,37.5091536361837,Зелёный,-0.13779133702948343,Ниже
2021-01-19 00:00:00+05:00,37.545,37.69132077646202,Вниз,0.38820814300939993,True,-0.0201793657599083,-0.0209221527091735,0.0007427869492651999,False,37.5091536361837,Зелёный,-0.14632077646201935,Ниже
2021-01-19 00:30:00+05:00,37.545,37.68986484833802,Вниз,0.3843602223593668,True,-0.0205681161553883,-0.0208513453984164,0.00028322924302810054,False,37.5091536361837,Зелёный,-0.14486484833801683,Ниже
2021-01-19 01:00:00+05:00,37.54,37.68837365581725,Вниз,0.3936854828819356,True,-0.0210371585888253,-0.0208885080364982,-0.0001486505523271009,Ниже,37.5091536361837,Зелёный,-0.14837365581725237,Ниже
2021-01-19 01:30:00+05:00,37.53,37.68679779854543,Вниз,0.4160549786787089,True,-0.0219626230755451,-0.0211033310443076,-0.0008592920312374998,False,37.5091536361837,Зелёный,-0.1567977985454263,Ниже
2021-01-19 12:00:00+05:00,37.425,37.68419284532607,Вниз,0.6878025658926212,True,-0.0308134841625715,-0.0230453616679604,-0.007768122494611101,False,37.78283026983597,Красный,-0.25919284532607634,Ниже
2021-01-19 12:30:00+05:00,37.44,37.68176306577059,Вниз,0.6415917040522036,True,-0.0362001874739164,-0.0256763268291516,-0.0105238606447648,False,37.55754724285238,Красный,-0.24176306577059137,Ниже
2021-01-19 13:00:00+05:00,37.5,37.679954478051485,Вниз,0.4775867713861178,True,-0.0352216765358122,-0.0275853967704837,-0.007636279765328501,False,37.55754724285238,Красный,-0.179954478051485,Ниже
2021-01-19 13:30:00+05:00,37.44,37.67756687130471,Вниз,0.6305260425020864,True,-0.0388399750710704,-0.029836312430601,-0.009003662640469399,False,37.55754724285238,Красный,-0.23756687130471477,Ниже
2021-01-19 14:00:00+05:00,37.465,37.67545177805789,Вниз,0.5585912527277354,True,-0.0392379015580033,-0.0317166302560815,-0.007521271301921803,False,37.55754724285238,Красный,-0.2104517780578874,Ниже
2021-01-19 14:30:00+05:00,37.435,37.67305922305234,Вниз,0.6319083927929839,True,-0.0414956741439667,-0.0336724390336585,-0.007823235110308205,False,37.55754724285238,Красный,-0.23805922305233906,Ниже
2021-01-19 15:00:00+05:00,37.42,37.67054122083292,Вниз,0.6650852701164752,True,-0.0439882803108133,-0.0357356072890895,-0.008252673021723805,False,37.55754724285238,Красный,-0.25054122083291475,Ниже
2021-01-19 15:30:00+05:00,37.25,37.666356731073385,Вниз,1.1053809479001353,True,-0.0590011394978304,-0.0403887137308377,-0.0186124257669927,False,37.52870540678871,Красный,-0.41635673107338533,Ниже
2021-01-19 16:00:00+05:00,37.275,37.66246263424679,Вниз,1.0287766841206814,True,-0.0680966714591946,-0.0459303052765091,-0.0221663661826855,False,37.45033486610984,Красный,-0.38746263424679483,Ниже
2021-01-19 16:30:00+05:00,37.28,37.65865703589607,Вниз,1.0054979802788362,True,-0.0740479096459054,-0.0515538261503883,-0.02249408349551709,False,37.45033486610984,Красный,-0.3786570358960688,Ниже
2021-01-19 17:00:00+05:00,37.215,37.65424253802646,Вниз,1.1665154001780038,True,-0.0830518950099019,-0.0578534399222911,-0.025198455087610802,False,37.41162124154896,Красный,-0.4392425380264555,Ниже
2021-01-19 17:30:00+05:00,37.175,37.64947395555853,Вниз,1.2602405975674433,True,-0.0923507223462536,-0.0647528964070836,-0.027597825939170012,False,37.32920911739407,Красный,-0.4744739555585298,Ниже
2021-01-19 18:00:00+05:00,37.245,37.64544933908532,Вниз,1.063739033842675,True,-0.0929996529106773,-0.0704022477078023,-0.022597405202874996,False,37.32920911739407,Красный,-0.4004493390853199,Ниже
2021-01-19 18:30:00+05:00,37.2,37.64101700735313,Вниз,1.1716394572095983,True,-0.096037992778406,-0.0755293967219231,-0.020508596056482892,False,37.32920911739407,Красный,-0.44101700735312477,Ниже
2021-01-19 19:00:00+05:00,37.255,37.63717604210584,Вниз,1.015421671589516,True,-0.0929365440391265,-0.0790108261853637,-0.0139257178537628,False,37.32920911739407,Красный,-0.38217604210584,Ниже
2021-01-19 19:30:00+05:00,37.105,37.63188075810478,Вниз,1.4000914849075319,True,-0.1014133401090475,-0.0834913289701005,-0.017922011138946994,False,37.32920911739407,Красный,-0.526880758104781,Ниже
2021-01-19 20:00:00+05:00,37.035,37.62594164608384,Вниз,1.5705697192706605,True,-0.1124830425557448,-0.0892896716872294,-0.023193370868515403,False,37.254045741730025,Красный,-0.5909416460838415,Ниже
2021-01-19 20:30:00+05:00,37.06,37.6203103859238,Вниз,1.489382677005896,True,-0.1178797263238919,-0.0950076826145619,-0.022872043709330006,False,37.22789116755703,Красный,-0.560310385923799,Ниже
2021-01-19 21:00:00+05:00,36.965,37.613789884571325,Вниз,1.7248724113212714,True,-0.1283428862411142,-0.1016747233398723,-0.026668162901241896,False,37.150602050801325,Красный,-0.6487898845713218,Ниже
2021-01-19 21:30:00+05:00,36.925,37.60693625387907,Вниз,1.8133257367082982,True,-0.1382688048515774,-0.1089935396422134,-0.029275265209363993,False,37.14829184572119,Красный,-0.6819362538790728,Ниже
2021-01-19 22:00:00+05:00,36.935,37.60025032100465,Вниз,1.7692709897546077,True,-0.1436720880381017,-0.115929249321391,-0.027742838716710697,False,37.11271266114908,Красный,-0.665250321004649,Ниже
2021-01-19 22:30:00+05:00,37.025,37.59452643721357,Вниз,1.514918503268638,True,-0.1390886536339479,-0.1205611301839024,-0.018527523450045505,False,37.11271266114908,Красный,-0.5695264372135682,Ниже
2021-01-19 23:00:00+05:00,37.075,37.58935701992787,Вниз,1.368358122367402,True,-0.1299239839026711,-0.1224337009276561,-0.007490282975015,False,37.11271266114908,Красный,-0.5143570199278642,Ниже
2021-01-19 23:30:00+05:00,37.09,37.58438829336143,Вниз,1.3154086465436743,True,-0.1200664907069111,-0.1219602588835071,0.0018937681765960057,Ниже,37.11271266114908,Красный,-0.49438829336142476,Ниже
2021-01-20 00:00:00+05:00,37.15,37.58006602178569,Вниз,1.144399324728105,True,-0.1061887796195577,-0.1188059630307173,0.01261718341115961,False,36.965212473020095,Зелёный,-0.43006602178569153,Ниже
2021-01-20 00:30:00+05:00,37.085,37.57513999171817,Вниз,1.3044262558335025,True,-0.099290985695049,-0.1149029675635836,0.015611981868534602,False,36.965212473020095,Зелёный,-0.49013999171816636,Ниже
2021-01-20 01:00:00+05:00,37.05,37.56991471816873,Вниз,1.3838591917732128,True,-0.0955472327833177,-0.1110318206075304,0.015484587824212706,False,36.965212473020095,Зелёный,-0.5199147181687351,Ниже
2021-01-20 01:30:00+05:00,37.185,37.56608472097302,Вниз,1.0144382194832853,True,-0.0807560049147682,-0.104976657468978,0.0242206525542098,False,36.965212473020095,Зелёный,-0.38108472097302126,Ниже
2021-01-20 12:00:00+05:00,37.0,37.56045203718225,Вниз,1.4921333657737743,True,-0.0830049744774186,-0.1005823208706661,0.017577346393247498,False,36.965212473020095,Зелёный,-0.5604520371822517,Ниже
2021-01-20 12:30:00+05:00,37.085,37.55572117114064,Вниз,1.2533940408055861,True,-0.0770404352518312,-0.0958739437468991,0.018833508495067902,False,36.965212473020095,Зелёный,-0.4707211711406387,Ниже
2021-01-20 13:00:00+05:00,37.35,37.553674194313366,Вниз,0.5423549058329068,True,-0.0503498083913029,-0.0867691166757799,0.036419308284476995,False,36.89706170187428,Зелёный,-0.20367419431336486,Ниже
2021-01-20 13:30:00+05:00,37.44,37.55254310780279,Вниз,0.2996950365777182,True,-0.0216850744305929,-0.0737523082267425,0.0520672337961496,False,37.15760553168685,Зелёный,-0.11254310780279297,Ниже
2021-01-20 14:00:00+05:00,37.4,37.55102526593411,Вниз,0.4021867974697289,True,-0.0021707093681584,-0.0594359884550257,0.0572652790868673,False,37.15760553168685,Зелёный,-0.15102526593410914,Ниже
2021-01-20 14:30:00+05:00,37.5,37.55051755184522,Вниз,0.13453223853830812,True,0.021120268494073,-0.0433247370652059,0.0644450055592789,False,37.15760553168685,Зелёный,-0.05051755184521767,Ниже
2021-01-20 15:00:00+05:00,37.555,37.5505621533194,Вверх,0.011818322885507115,True,0.0435149631896223,-0.0259567970142403,0.0694717602038626,False,37.23246693259971,Зелёный,0.00443784668060232,Выше
2021-01-20 15:30:00+05:00,37.625,37.55130282841075,Вверх,0.1962572961210126,True,0.0661488127295584,-0.0075356750654805,0.0736844877950389,False,37.34122023933974,Зелёный,0.07369717158925226,Выше
2021-01-20 16:00:00+05:00,37.655,37.55233464106338,Вверх,0.27339274619787496,True,0.0855212155003997,0.0110757030476954,0.07444551245270431,False,37.40184821540576,Зелёный,0.1026653589366191,Выше
2021-01-20 16:30:00+05:00,37.9,37.555793997868726,Вверх,0.9165190387155874,True,0.1192685827368009,0.0327142789855165,0.0865543037512844,False,37.40184821540576,Зелёный,0.3442060021312727,Выше
2021-01-20 17:00:00+05:00,37.65,37.55673137102426,Вверх,0.2483406451278509,True,0.1244066216515094,0.0510527475187151,0.07335387413279429,False,37.43782205447867,Зелёный,0.09326862897573562,Выше
2021-01-20 17:30:00+05:00,37.635,37.55751016335238,Вверх,0.20632314631769075,True,0.1258178302410897,0.06600576406319,0.05981206617789969,False,37.43782205447867,Зелёный,0.0774898366476151,Выше
2021-01-20 18:00:00+05:00,37.655,37.55848021147823,Вверх,0.25698534120203914,True,0.1270850981646489,0.0782216308834818,0.04886346728116711,False,37.43782205447867,Зелёный,0.09651978852176768,Выше
2021-01-20 18:30:00+05:00,37.695,37.55983861733417,Вверх,0.3598561326178061,True,0.1298205918578645,0.0885414230783584,0.04127916877950609,False,37.43782205447867,Зелёный,0.135161382665828,Выше
2021-01-20 19:00:00+05:00,37.68,37.561034252982594,Вверх,0.31672649431360855,True,0.1292877667815162,0.0966906918189899,0.03259707496252631,False,37.44778629994345,Зелёный,0.11896574701740548,Выше
2021-01-20 19:30:00+05:00,37.595,37.56137222061461,Вверх,0.0895275582262546,True,0.1206163195931395,0.1014758173738199,0.019140502219319594,False,37.44778629994345,Зелёный,0.033627779385390966,Выше
2021-01-20 20:00:00+05:00,37.735,37.563099860210485,Вверх,0.45763033516731405,True,0.1236159969288266,0.1059038532848212,0.017712143644005404,False,37.44778629994345,Зелёный,0.17190013978951413,Выше
2021-01-20 20:30:00+05:00,37.6,37.56346702578053,Вверх,0.0972566621563329,True,0.1137882114006174,0.1074807249079805,0.0063074864926369045,False,37.44778629994345,Зелёный,0.03653297421946888,Выше
2021-01-20 21:00:00+05:00,37.53,37.56313402054889,Вниз,0.08820888196059401,True,0.0992076020961718,0.1058261003456187,-0.006618498249446908,Выше,37.44778629994345,Зелёный,-0.0331340205488857,Ниже
2021-01-20 21:30:00+05:00,37.58,37.56330184123994,Вверх,0.044453383865538876,True,0.0906420808223558,0.1027892964409662,-0.012147215618610402,False,37.44778629994345,Зелёный,0.016698158760057424,Выше
2021-01-20 22:00:00+05:00,37.55,37.56316948461069,Вниз,0.03505956710092815,True,0.0805050817523067,0.0983324535032343,-0.017827371750927606,False,37.44778629994345,Зелёный,-0.01316948461069245,Ниже
2021-01-20 22:30:00+05:00,37.5,37.56254093252502,Вниз,0.16649814142595426,True,0.0676569476461068,0.0921973523318088,-0.024540404685701997,False,37.44778629994345,Зелёный,-0.06254093252501747,Ниже
2021-01-20 23:00:00+05:00,37.59,37.56281415707701,Вверх,0.07237435089211651,True,0.0639992135441502,0.0865577245742771,-0.022558511030126904,False,37.44778629994345,Зелёный,0.027185842922996528,Выше
2021-01-20 23:30:00+05:00,37.53,37.562487648051366,Вниз,0.08648960727991224,True,0.0556178068996686,0.0803697410393554,-0.0247519341396868,False,37.44778629994345,Зелёный,-0.03248764805136517,Ниже
2021-01-21 00:00:00+05:00,37.6,37.56286090528469,Вверх,0.09887184793767785,True,0.0540014021850439,0.0750960732684931,-0.0210946710834492,False,37.44778629994345,Зелёный,0.03713909471531451,Выше
2021-01-21 00:30:00+05:00,37.6,37.56323044851569,Вверх,0.09788708544305989,True,0.0521195876401421,0.0705007761428229,-0.018381188502680793,False,37.44778629994345,Зелёный,0.036769551484312046,Выше
2021-01-21 01:00:00+05:00,37.555,37.563148553505584,Вниз,0.021692945930711336,True,0.0464615325107686,0.065692927416412,-0.0192313949056434,False,37.44778629994345,Зелёный,-0.008148553505584744,Ниже
2021-01-21 01:30:00+05:00,37.57,37.56321672710255,Вверх,0.018058285441130997,True,0.0426956883779467,0.061093479608719,-0.0183977912307723,False,37.44778629994345,Зелёный,0.006783272897450843,Выше
2021-01-21 12:00:00+05:00,37.35,37.56109516762889,Вниз,0.5620048262352525,True,0.0217088225943697,0.0532165482058491,-0.031507725611479395,False,37.74824954488163,Красный,-0.21109516762889058,Ниже
2021-01-21 12:30:00+05:00,37.535,37.56083551421965,Вниз,0.06878311908123017,True,0.0197765622500369,0.0465285510146867,-0.0267519887646498,False,37.64017459039347,Красный,-0.02583551421965069,Ниже
2021-01-21 13:00:00+05:00,37.2,37.55724511109309,Вниз,0.9512015858361453,True,-0.0086863375895447,0.0354855732938404,-0.0441719108833851,False,37.61165713135412,Красный,-0.35724511109308565,Ниже
2021-01-21 13:30:00+05:00,36.805,37.54976008511206,Вниз,1.9833950561174138,True,-0.0623973122491676,0.0159089961852388,-0.0783063084344064,False,37.39774141821871,Красный,-0.7447600851120626,Ниже
2021-01-21 14:00:00+05:00,36.845,37.54274754695175,Вниз,1.8585415094596769,True,-0.1005765965295069,-0.0073881223577103,-0.0931884741717966,False,37.26321727639685,Красный,-0.6977475469517529,Ниже
2021-01-21 14:30:00+05:00,36.83,37.53565553155919,Вниз,1.8799605909796742,True,-0.1305395503499582,-0.0320184079561599,-0.0985211423937983,False,37.18414554875715,Красный,-0.705655531559195,Ниже
2021-01-21 15:00:00+05:00,36.76,37.52793756607104,Вниз,2.046309005708142,True,-0.1581112144503009,-0.0572369692549881,-0.10087424519531281,False,37.18373099388144,Красный,-0.7679375660710406,Ниже
2021-01-21 15:30:00+05:00,36.71,37.51979888382157,Вниз,2.158324159276755,True,-0.1818997123699404,-0.0821695178779785,-0.0997301944919619,False,37.1253578944933,Красный,-0.8097988838215713,Ниже
2021-01-21 16:00:00+05:00,36.455,37.50920387005221,Вниз,2.8105205157230797,True,-0.2188063735620247,-0.1094968890147878,-0.10930948454723691,False,36.95282210504397,Красный,-1.0542038700522127,Ниже
2021-01-21 16:30:00+05:00,36.775,37.50189835890741,Вниз,1.9382975015043749,True,-0.2197012634012694,-0.1315377638920841,-0.08816349950918528,False,36.95282210504397,Красный,-0.7268983589074125,Ниже
2021-01-21 17:00:00+05:00,36.84,37.49531230558494,Вниз,1.7477179553651203,True,-0.2127134846325731,-0.1477729080401819,-0.06494057659239122,False,36.95282210504397,Красный,-0.6553123055849355,Ниже
2021-01-21 17:30:00+05:00,36.9,37.48938880005673,Вниз,1.5721483302919028,True,-0.2000283191057335,-0.1582239902532922,-0.041804328852441286,False,36.95282210504397,Красный,-0.5893888000567316,Ниже
2021-01-21 18:00:00+05:00,36.9,37.48352423488204,Вниз,1.556748589661737,True,-0.1878102741020129,-0.1641412470230364,-0.0236690270789765,False,36.95282210504397,Красный,-0.5835242348820415,Ниже
2021-01-21 18:30:00+05:00,36.75,37.47622548627625,Вниз,1.9378298557366507,True,-0.188063255662044,-0.1689256487508379,-0.019137606911206084,False,36.95282210504397,Красный,-0.7262254862762489,Ниже
2021-01-21 19:00:00+05:00,36.79,37.46939737198494,Вниз,1.813206028482623,True,-0.1829274063924089,-0.1717260002791521,-0.01120140611325679,False,36.95282210504397,Красный,-0.6793973719849404,Ниже
2021-01-21 19:30:00+05:00,36.775,37.46248794539802,Вниз,1.8351369145584768,True,-0.1780155312507574,-0.1729839064734732,-0.005031624777284194,False,36.95282210504397,Красный,-0.6874879453980185,Ниже
2021-01-21 20:00:00+05:00,36.75,37.45539851310551,Вниз,1.883302650908095,True,-0.1741328309973226,-0.1732136913782431,-0.0009191396190794954,False,36.95282210504397,Красный,-0.7053985131055072,Ниже
2021-01-21 20:30:00+05:00,36.77,37.448578627402966,Вниз,1.8120277251495305,True,-0.1675109680523618,-0.1720731467130668,0.0045621786607050185,Ниже,36.95282210504397,Красный,-0.6785786274029633,Ниже
2021-01-21 21:00:00+05:00,36.85,37.44262262116016,Вниз,1.582748695667616,True,-0.154032175510828,-0.1684649524726191,0.0144327769617911,False,36.95282210504397,Красный,-0.5926226211601602,Ниже
2021-01-21 21:30:00+05:00,36.75,37.43573085378543,Вниз,1.8317549521437742,True,-0.1496937235137778,-0.1647107066808508,0.015016983167073006,False,36.95282210504397,Красный,-0.6857308537854294,Ниже
2021-01-21 22:00:00+05:00,36.77,37.429106666185575,Вниз,1.760946826927681,True,-0.1429932984618034,-0.1603672250370414,0.017373926575238008,False,36.95282210504397,Красный,-0.659106666185572,Ниже
2021-01-21 22:30:00+05:00,36.685,37.42170261975587,Вниз,1.9686507245315534,True,-0.1428947512163958,-0.1568727302729123,0.013977979056516487,False,36.95282210504397,Красный,-0.7367026197558673,Ниже
2021-01-21 23:00:00+05:00,36.6,37.41352647428567,Вниз,2.1744180539752205,True,-0.1479697384034182,-0.1550921318990135,0.007122393495595292,False,36.93731860978987,Красный,-0.8135264742856663,Ниже
2021-01-21 23:30:00+05:00,36.62,37.40563068847188,Вниз,2.100300607186416,True,-0.1486641615453479,-0.1538065378282803,0.005142376282932404,False,36.853836748810885,Красный,-0.7856306884718833,Ниже
2021-01-22 00:00:00+05:00,36.65,37.39811197515375,Вниз,2.000400382914462,True,-0.145120884388227,-0.1520694071402697,0.006948522752042691,False,36.853836748810885,Красный,-0.7481119751537548,Ниже
2021-01-22 00:30:00+05:00,36.58,37.38997155749053,Вниз,2.1662802183337546,True,-0.1462750588732362,-0.150910537486863,0.0046354786136268145,False,36.84845776653682,Красный,-0.8099715574905346,Ниже
2021-01-22 01:00:00+05:00,36.565,37.3817628852767,Вниз,2.1849234017756696,True,-0.1467089555908529,-0.150070221107661,0.0033612655168080985,False,36.83911198988313,Красный,-0.8167628852767024,Ниже
2021-01-22 01:30:00+05:00,36.49,37.37288962273664,Вниз,2.362379873884613,True,-0.1513599122147368,-0.1503281593290762,-0.0010317528856605973,Ниже,36.79720079089482,Красный,-0.8828896227366414,Ниже
2021-01-22 12:00:00+05:00,35.955,37.35878126828155,Вниз,3.7575670849664218,True,-0.1959569874931119,-0.1594539249618833,-0.03650306253122862,False,36.39523071180533,Красный,-1.4037812682815485,Ниже
2021-01-22 12:30:00+05:00,36.325,37.34849488750263,Вниз,2.7403912542807873,True,-0.1991489184092998,-0.1673929236513666,-0.0317559947579332,False,36.39523071180533,Красный,-1.023494887502629,Ниже
2021-01-22 13:00:00+05:00,36.11,37.33617155528867,Вниз,3.2841384218328766,True,-0.2165312127919563,-0.1772205814794846,-0.0393106313124717,False,36.39523071180533,Красный,-1.2261715552886727,Ниже
2021-01-22 13:30:00+05:00,36.0,37.32287631593257,Вниз,3.5444114883714155,True,-0.2364571561083721,-0.1890678964052621,-0.047389259703110004,False,36.31655318890609,Красный,-1.322876315932568,Ниже
2021-01-22 14:00:00+05:00,36.1,37.31070839239095,Вниз,3.244935420839818,True,-0.2413967737368167,-0.1995336718715731,-0.04186310186524361,False,36.31655318890609,Красный,-1.2107083923909485,Ниже
2021-01-22 14:30:00+05:00,35.97,37.29736801037711,Вниз,3.558878497828065,True,-0.2528862545142303,-0.2102041884001045,-0.04268206611412581,False,36.31655318890609,Красный,-1.3273680103771142,Ниже
2021-01-22 15:00:00+05:00,35.92,37.283662856045,Вниз,3.657534564965358,True,-0.2629946938183138,-0.2207622894837464,-0.0422324043345674,False,36.31655318890609,Красный,-1.3636628560449964,Ниже
2021-01-22 15:30:00+05:00,36.17,37.27258163359679,Вниз,2.9581574049138193,True,-0.2479743007509398,-0.2262046917371851,-0.021769609013754687,False,36.31655318890609,Красный,-1.1025816335967917,Ниже
2021-01-22 16:00:00+05:00,36.075,37.26066539843662,Вниз,3.1820832659804488,True,-0.2409586161454342,-0.2291554766188349,-0.01180313952659931,False,36.31655318890609,Красный,-1.185665398436619,Ниже
2021-01-22 16:30:00+05:00,36.09,37.24901698651188,Вниз,3.1115371096412217,True,-0.2315194488203715,-0.2296282710591423,-0.0018911777612292124,False,36.31655318890609,Красный,-1.1590169865118796,Ниже
2021-01-22 17:00:00+05:00,36.175,37.238330250327685,Вниз,2.855472420969603,True,-0.2147050647472284,-0.2266436297967595,0.011938565049531114,Ниже,36.31655318890609,Красный,-1.063330250327688,Ниже
2021-01-22 17:30:00+05:00,36.125,37.2272523373891,Вниз,2.9608748112792056,True,-0.2030732246358226,-0.2219295487645722,0.018856324128749574,False,36.31655318890609,Красный,-1.1022523373891033,Ниже
2021-01-22 18:00:00+05:00,36.12,37.216234901196174,Вниз,2.945582496742415,True,-0.1920445952079603,-0.2159525580532498,0.02390796284528951,False,36.31655318890609,Красный,-1.0962349011961763,Ниже
2021-01-22 18:30:00+05:00,36.21,37.20622261362208,Вниз,2.677569889229604,True,-0.174035901551278,-0.2075692267528555,0.03353332520157751,False,36.31655318890609,Красный,-0.9962226136220806,Ниже
2021-01-22 19:00:00+05:00,36.39,37.19810099557609,Вниз,2.172425403308079,True,-0.1435842367028712,-0.1947722287428586,0.05118799203998739,False,35.97959799815066,Зелёный,-0.8081009955760905,Ниже
2021-01-22 19:30:00+05:00,36.46,37.190756707062896,Вниз,1.9648879769206655,True,-0.112505761545826,-0.1783189353034521,0.0658131737576261,False,36.0416381983356,Зелёный,-0.7307567070628949,Ниже
2021-01-22 20:00:00+05:00,36.36,37.182490471171725,Вниз,2.212037065697409,True,-0.0948516199094413,-0.16162547222465,0.06677385231520871,False,36.162724378502034,Зелёный,-0.8224904711717258,Ниже
2021-01-22 20:30:00+05:00,36.21,37.17281394907052,Вниз,2.5901024076080112,True,-0.0919049092836772,-0.1476813596364554,0.0557764503527782,False,36.162724378502034,Зелёный,-0.9628139490705223,Ниже
2021-01-22 21:00:00+05:00,36.28,37.16393022818424,Вниз,2.3784627265118723,True,-0.0829648378898824,-0.1347380552871408,0.0517732173972584,False,36.162724378502034,Зелёный,-0.8839302281842407,Ниже
2021-01-22 21:30:00+05:00,36.38,37.15612992740629,Вниз,2.0888341410223563,True,-0.0670378322350302,-0.1211980106767187,0.05416017844168851,False,36.162724378502034,Зелёный,-0.7761299274062878,Ниже
2021-01-22 22:00:00+05:00,36.415,37.14875550026792,Вниз,1.975181914943628,True,-0.0510034223090372,-0.1071590930031824,0.0561556706941452,False,36.162724378502034,Зелёный,-0.7337555002679181,Ниже
2021-01-22 22:30:00+05:00,36.345,37.14075793310107,Вниз,2.142546295189809,True,-0.0434436604318761,-0.0944160064889212,0.050972346057045106,False,36.162724378502034,Зелёный,-0.795757933101072,Ниже
2021-01-22 23:00:00+05:00,36.37,37.13308869993589,Вниз,2.055010037280334,True,-0.0350313836286062,-0.0825390819168582,0.047507698288252,False,36.162724378502034,Зелёный,-0.7630886999358921,Ниже
2021-01-22 23:30:00+05:00,36.41,37.12589378749872,Вниз,1.9282870106679622,True,-0.0248504672314098,-0.0710013589797685,0.04615089174835871,False,36.162724378502034,Зелёный,-0.7158937874987217,Ниже
2021-01-23 00:00:00+05:00,36.42,37.11886996871764,Вниз,1.8827889138506064,True,-0.0157930487751372,-0.0599596969388422,0.044166648163705,False,36.18059294143775,Зелёный,-0.6988699687176378,Ниже
2021-01-23 00:30:00+05:00,36.41,37.11181653619309,Вниз,1.8910864562737046,True,-0.0093145237877365,-0.0498306623086211,0.0405161385208846,False,36.18059294143775,Зелёный,-0.7018165361930926,Ниже
2021-01-23 01:00:00+05:00,36.445,37.10518154578321,Вниз,1.7792165899218897,True,-0.0013405851362122,-0.0401326468741393,0.0387920617379271,False,36.198080282564575,Зелёный,-0.6601815457832103,Ниже
2021-01-23 01:30:00+05:00,36.435,37.09851307269084,Вниз,1.7885166216520654,True,0.0041243592219473,-0.031281245654922,0.0354056048768693,False,36.203522254308126,Зелёный,-0.66351307269084,Ниже
2021-01-25 12:00:00+05:00,36.21,37.08967214659442,Вниз,2.3717441963832178,True,-0.0095897084088107,-0.0269429382056997,0.017353229796889,False,36.203522254308126,Зелёный,-0.879672146594416,Ниже
2021-01-25 12:30:00+05:00,36.225,37.08106844364323,Вниз,2.3086401756311474,True,-0.0190284826675579,-0.0253600470980714,0.006331564430513498,False,36.203522254308126,Зелёный,-0.8560684436432311,Ниже
2021-01-25 13:00:00+05:00,36.045,37.07075930490052,Вниз,2.7670307383342947,True,-0.0405656592786343,-0.028401169534184,-0.0121644897444503,Ниже,36.37017477660938,Красный,-1.025759304900518,Ниже
2021-01-25 13:30:00+05:00,36.16,37.06169702325972,Вниз,2.432962048914872,True,-0.0478034397086375,-0.0322816235690747,-0.0155218161395628,False,36.37017477660938,Красный,-0.9016970232597217,Ниже
2021-01-25 14:00:00+05:00,36.08,37.05192889367505,Вниз,2.623153295106755,True,-0.0593110632397326,-0.0376875115032063,-0.021623551736526296,False,36.3479915690536,Красный,-0.9719288936750488,Ниже
2021-01-25 14:30:00+05:00,36.125,37.04270572060366,Вниз,2.477426264499939,True,-0.0640613544593691,-0.0429622800944388,-0.021099074364930297,False,36.3479915690536,Красный,-0.9177057206036565,Ниже
2021-01-25 15:00:00+05:00,36.165,37.033972330348895,Вниз,2.3464194513014305,True,-0.0638621654780635,-0.0471422571711638,-0.016719908306899706,False,36.3479915690536,Красный,-0.8689723303488961,Ниже
2021-01-25 15:30:00+05:00,36.3,37.02666912308174,Вниз,1.962556017842689,True,-0.0522091010000878,-0.0481556259369486,-0.004053475063139196,False,36.3479915690536,Красный,-0.7266691230817415,Ниже
2021-01-25 16:00:00+05:00,36.3,37.01943858454361,Вниз,1.9434076043605666,True,-0.0424842316683395,-0.0470213470832268,0.004537115414887299,Ниже,36.3479915690536,Красный,-0.7194385845436102,Ниже
2021-01-25 16:30:00+05:00,36.195,37.01123521554317,Вниз,2.205371452181044,True,-0.0427569496372726,-0.0461684675940359,0.0034115179567633033,False,36.3479915690536,Красный,-0.8162352155431662,Ниже
2021-01-25 17:00:00+05:00,36.255,37.00371048703031,Вниз,2.023338949462188,True,-0.0376970340900015,-0.0444741808932291,0.0067771468032276,False,36.3479915690536,Красный,-0.7487104870303085,Ниже
2021-01-25 17:30:00+05:00,36.2,36.99571336775638,Вниз,2.150825853380845,True,-0.0376905813496648,-0.0431174609845162,0.005426879634851403,False,36.3479915690536,Красный,-0.7957133677563775,Ниже
2021-01-25 18:00:00+05:00,36.2,36.98779582180856,Вниз,2.1298804221906673,True,-0.0372560034892899,-0.0419451694854709,0.004689165996180994,False,36.3479915690536,Красный,-0.7877958218085581,Ниже
2021-01-25 18:30:00+05:00,36.12,36.97916103751195,Вниз,2.3233654128616203,True,-0.0428727188010782,-0.0421306793485924,-0.0007420394524857987,Ниже,36.3479915690536,Красный,-0.8591610375119529,Ниже
2021-01-25 19:00:00+05:00,36.19,36.97130868888,Вниз,2.1132838316729643,True,-0.0412006556544639,-0.0419446746097667,0.0007440189553027943,Ниже,36.3479915690536,Красный,-0.7813086888800029,Ниже
2021-01-25 19:30:00+05:00,36.14,36.96303696063244,Вниз,2.2266486422882763,True,-0.043409715517896,-0.0422376827913926,-0.0011720327265033956,Ниже,36.3479915690536,Красный,-0.8230369606324359,Ниже
2021-01-25 20:00:00+05:00,36.26,36.95604156798933,Вниз,1.8834310669036372,True,-0.0350731132397541,-0.0408047688810649,0.005731655641310798,Ниже,36.3479915690536,Красный,-0.696041567989333,Ниже
2021-01-25 20:30:00+05:00,36.2,36.9485187663178,Вниз,2.025842418885117,True,-0.0329282184265125,-0.0392294587901544,0.006301240363641901,False,36.3479915690536,Красный,-0.7485187663177939,Ниже
2021-01-25 21:00:00+05:00,36.165,36.94072255968777,Вниз,2.09991171243167,True,-0.0336645177218173,-0.038116470576487,0.004451952854669698,False,36.3479915690536,Красный,-0.7757225596877717,Ниже
2021-01-25 21:30:00+05:00,36.195,36.93330243471576,Вниз,1.9990154847939878,True,-0.0314645867683225,-0.0367860938148541,0.005321507046531601,False,36.3479915690536,Красный,-0.738302434715763,Ниже
2021-01-25 22:00:00+05:00,36.18,36.92580688810167,Вниз,2.019744322342715,True,-0.0305790045481373,-0.0355446759615107,0.004965671413373403,False,36.3479915690536,Красный,-0.7458068881016686,Ниже
2021-01-25 22:30:00+05:00,36.185,36.918435675284734,Вниз,1.986638008543071,True,-0.0291378332411724,-0.0342633074174431,0.005125474176270701,False,36.3479915690536,Красный,-0.7334356752847313,Ниже
2021-01-25 23:00:00+05:00,36.2,36.91128706160031,Вниз,1.9270177721336572,True,-0.0264800741460717,-0.0327066607631688,0.006226586617097098,False,36.3479915690536,Красный,-0.7112870616003093,Ниже
2021-01-25 23:30:00+05:00,36.2,36.9042095784003,Вниз,1.9082093518471206,True,-0.0240960170300184,-0.0309845320165387,0.006888514986520301,False,36.3479915690536,Красный,-0.7042095784002953,Ниже
2021-01-26 00:00:00+05:00,36.235,36.89755077662517,Вниз,1.795649745524295,True,-0.0191615447364696,-0.0286199345605249,0.0094583898240553,False,36.3479915690536,Красный,-0.6625507766251673,Ниже
2021-01-26 00:30:00+05:00,36.24,36.89100798282791,Вниз,1.7646793037775992,True,-0.0146782796091997,-0.0258316035702599,0.0111533239610602,False,36.3479915690536,Красный,-0.6510079828279061,Ниже
2021-01-26 01:00:00+05:00,36.27,36.88482879891918,Вниз,1.6668880375478206,True,-0.0086053137162238,-0.0223863455994527,0.0137810318832289,False,36.3479915690536,Красный,-0.6148287989191772,Ниже
2021-01-26 01:30:00+05:00,36.28,36.878810601915006,Вниз,1.62372536462418,True,-0.0029515049542965,-0.0184993774704214,0.0155478725161249,False,36.3479915690536,Красный,-0.5988106019150052,Ниже
2021-01-26 12:00:00+05:00,35.96,36.869668207866106,Вниз,2.4672535774868405,True,-0.0240153128479008,-0.0196025645459173,-0.004412748301983498,Ниже,36.17292177436393,Красный,-0.9096682078661047,Ниже
2021-01-26 12:30:00+05:00,36.055,36.86156205654405,Вниз,2.188084312072345,True,-0.0326662698830872,-0.0222153056133513,-0.010450964269735897,False,36.17292177436393,Красный,-0.8065620565440526,Ниже
2021-01-26 13:00:00+05:00,36.05,36.85348681220033,Вниз,2.1802192457250453,True,-0.0394706804390523,-0.0256663805784915,-0.013804299860560802,False,36.17292177436393,Красный,-0.8034868122003331,Ниже
2021-01-26 13:30:00+05:00,36.095,36.84593967974063,Вниз,2.0380527305523684,True,-0.040762219416635,-0.0286855483461202,-0.0120766710705148,False,36.17292177436393,Красный,-0.7509396797406325,Ниже
2021-01-26 14:00:00+05:00,36.155,36.83906465805168,Вниз,1.856900180287748,True,-0.0365232574256708,-0.0302530901620303,-0.006270167263640502,False,36.17292177436393,Красный,-0.6840646580516818,Ниже
2021-01-26 14:30:00+05:00,36.1,36.83171078085713,Вниз,1.9866326199472288,True,-0.0371733782882941,-0.0316371477872831,-0.005536230501011,False,36.17292177436393,Красный,-0.7317107808571279,Ниже
2021-01-26 15:00:00+05:00,36.1,36.82443007657,Вниз,1.9672540079063692,True,-0.0372591039978829,-0.032761539029403,-0.004497564968479903,False,36.17292177436393,Красный,-0.7244300765700018,Ниже
2021-01-26 15:30:00+05:00,36.085,36.817072563370296,Вниз,1.9884051403332972,True,-0.0380982440381885,-0.0338288800311601,-0.004269364007028396,False,36.17292177436393,Красный,-0.7320725633702949,Ниже
2021-01-26 16:00:00+05:00,36.115,36.81008676671985,Вниз,1.888305157020921,True,-0.0359283595223303,-0.0342487759293941,-0.0016795835929361985,False,36.17292177436393,Красный,-0.6950867667198466,Ниже
2021-01-26 16:30:00+05:00,36.065,36.80267296804602,Вниз,2.0044005191864893,True,-0.0378074715452569,-0.0349605150525667,-0.002846956492690199,False,36.17292177436393,Красный,-0.7376729680460201,Ниже
2021-01-26 17:00:00+05:00,36.055,36.79523343602565,Вниз,2.0117644784416457,True,-0.0396465767307958,-0.0358977273882125,-0.0037488493425833005,False,36.17292177436393,Красный,-0.7402334360256475,Ниже
2021-01-26 17:30:00+05:00,36.02,36.78751967049306,Вниз,2.0863588449771977,True,-0.0434276810587093,-0.0374037181223119,-0.006023962936397398,False,36.17292177436393,Красный,-0.7675196704930585,Ниже
2021-01-26 18:00:00+05:00,36.07,36.78038017128417,Вниз,1.9314106270135623,True,-0.0419065783975867,-0.0383042901773668,-0.0036022882202199,False,36.17292177436393,Красный,-0.7103801712841715,Ниже
2021-01-26 18:30:00+05:00,36.14,36.77400822928135,Вниз,1.7240661538127338,True,-0.0346532178693763,-0.0375740757157687,0.0029208578463923995,Ниже,36.17292177436393,Красный,-0.6340082292813491,Ниже
2021-01-26 19:00:00+05:00,36.155,36.76784894341786,Вниз,1.666806628696103,True,-0.0273788958843752,-0.03553503974949,0.008156143865114804,False,36.17292177436393,Красный,-0.612848943417859,Ниже
2021-01-26 19:30:00+05:00,36.1,36.76120368029928,Вниз,1.7986453491826944,True,-0.0257550949458789,-0.0335790507887678,0.007823955842888902,False,36.17292177436393,Красный,-0.6612036802992804,Ниже
2021-01-26 20:00:00+05:00,36.065,36.7542762804953,Вниз,1.875363495760311,True,-0.0269814036698932,-0.0322595213649929,0.005278117695099702,False,36.17292177436393,Красный,-0.6892762804952994,Ниже
2021-01-26 20:30:00+05:00,36.035,36.747119302579925,Вниз,1.937891503048873,True,-0.0300278688676769,-0.0318131908655297,0.0017853219978528033,False,36.17292177436393,Красный,-0.7121193025799286,Ниже
2021-01-26 21:00:00+05:00,36.08,36.74048129956918,Вниз,1.797693650727785,True,-0.0284827590497869,-0.0311471045023811,0.0026643454525942002,False,36.17292177436393,Красный,-0.6604812995691844,Ниже
2021-01-26 21:30:00+05:00,36.06,36.73371034136452,Вниз,1.8340383672211775,True,-0.0285430546733778,-0.0306262945365805,0.002083239863202701,False,36.17292177436393,Красный,-0.6737103413645187,Ниже
2021-01-26 22:00:00+05:00,36.08,36.72720576085343,Вниз,1.7621971164037509,True,-0.0266695762625417,-0.0298349508817727,0.0031653746192309984,False,36.17292177436393,Красный,-0.6472057608534314,Ниже
2021-01-26 22:30:00+05:00,36.06,36.72056689756136,Вниз,1.798901687449788,True,-0.0264932660972121,-0.0291666139248606,0.002673347827648498,False,36.17292177436393,Красный,-0.6605668975613597,Ниже
2021-01-26 23:00:00+05:00,36.055,36.71394434136672,Вниз,1.7948067231345317,True,-0.0264520741887963,-0.0286237059776477,0.002171631788851401,False,36.17292177436393,Красный,-0.6589443413667198,Ниже
2021-01-26 23:30:00+05:00,36.055,36.707387681253614,Вниз,1.7772653475605062,True,-0.0261183531871722,-0.0281226354195526,0.0020042822323804027,False,36.17292177436393,Красный,-0.6523876812536145,Ниже
2021-01-27 00:00:00+05:00,36.055,36.70089626153965,Вниз,1.759892338696121,True,-0.0255592458133975,-0.0276099574983216,0.0020507116849241003,False,36.16673166401077,Красный,-0.6458962615396473,Ниже
2021-01-27 00:30:00+05:00,36.06,36.6945191843104,Вниз,1.7291933466230087,True,-0.0244310648702565,-0.0269741789727086,0.002543114102452098,False,36.15780849760969,Красный,-0.634519184310399,Ниже
2021-01-27 01:00:00+05:00,36.035,36.68795680436701,Вниз,1.7797578858065302,True,-0.0252630477225466,-0.0266319527226762,0.0013689050001296013,False,36.15152764784872,Красный,-0.6529568043670153,Ниже
2021-01-27 01:30:00+05:00,36.055,36.68165872671162,Вниз,1.708370745664466,True,-0.0240315465644016,-0.0261118714910213,0.002080324926619699,False,36.147124883063846,Красный,-0.6266587267116179,Ниже
2021-01-27 12:00:00+05:00,35.93,36.67417953540106,Вниз,2.0291647824942167,True,-0.0327643414226699,-0.027442365477351,-0.005321975945318903,Ниже,36.02741239475746,Красный,-0.7441795354010594,Ниже
2021-01-27 12:30:00+05:00,35.795,36.66543148032245,Вниз,2.373984009405663,True,-0.0500021226771778,-0.0319543169173164,-0.018047805759861403,False,35.975171155281714,Красный,-0.8704314803224449,Ниже
2021-01-27 13:00:00+05:00,35.795,36.656770470568,Вниз,2.3509176054118543,True,-0.0629376820910891,-0.0381509899520709,-0.024786692139018206,False,35.88315403975355,Красный,-0.8617704705679969,Ниже
2021-01-27 13:30:00+05:00,35.9,36.64924041613449,Вниз,2.0443545558577103,True,-0.063979072719178,-0.0433166065054923,-0.020662466213685705,False,35.6474113642218,Зелёный,-0.7492404161344908,Ниже
2021-01-27 14:00:00+05:00,35.835,36.641138521446585,Вниз,2.200091356262688,True,-0.0692510560007946,-0.0485034964045528,-0.020747559596241805,False,35.66842022779962,Зелёный,-0.8061385214465844,Ниже
2021-01-27 14:30:00+05:00,35.8,36.63276898391975,Вниз,2.273289754004964,True,-0.0753843642014899,-0.0538796699639402,-0.021504694237549707,False,35.66842022779962,Зелёный,-0.8327689839197561,Ниже
2021-01-27 15:00:00+05:00,35.75,36.62398521293548,Вниз,2.386373869075262,True,-0.0833191855643988,-0.0597675730840319,-0.0235516124803669,False,35.66842022779962,Зелёный,-0.8739852129354801,Ниже
2021-01-27 15:30:00+05:00,35.8,36.61578635509533,Вниз,2.2279634996335713,True,-0.084597815571648,-0.0647336215815552,-0.0198641939900928,False,35.66842022779962,Зелёный,-0.8157863550953337,Ниже
2021-01-27 16:00:00+05:00,35.725,36.606922809273485,Вниз,2.4091694728573834,True,-0.0906184195309336,-0.0699105811714308,-0.020707838359502795,False,35.66842022779962,Зелёный,-0.8819228092734832,Ниже
2021-01-27 16:30:00+05:00,35.535,36.59625691067375,Вниз,2.899905619484889,True,-0.1094594235499641,-0.0778203496471375,-0.03163907390282661,False,35.8016857646866,Красный,-1.0612569106737553,Ниже
2021-01-27 17:00:00+05:00,35.4,36.58435385683621,Вниз,3.237323423753459,True,-0.1337427238662911,-0.0890048244909682,-0.044737899375322895,False,35.718267188217936,Красный,-1.1843538568362106,Ниже
2021-01-27 17:30:00+05:00,35.4,36.572569241345306,Вниз,3.206144019052721,True,-0.1512439680016868,-0.101452653193112,-0.049791314808574794,False,35.66419046939614,Красный,-1.1725692413453075,Ниже
2021-01-27 18:00:00+05:00,35.68,36.56368795536177,Вниз,2.416845796410387,True,-0.1408960086433595,-0.1093413242831615,-0.031554684360197996,False,35.282978577543474,Зелёный,-0.883687955361772,Ниже
2021-01-27 18:30:00+05:00,35.555,36.55365125928852,Вниз,2.732015065211189,True,-0.1411544905290824,-0.1157039575323457,-0.025450532996736705,False,35.33793071978913,Зелёный,-0.9986512592885219,Ниже
2021-01-27 19:00:00+05:00,35.4,36.54217214228069,Вниз,3.1256273924645974,True,-0.1521130790090126,-0.1229857818276791,-0.029127297181333514,False,35.33793071978913,Зелёный,-1.1421721422806925,Ниже
2021-01-27 19:30:00+05:00,35.495,36.53175251897441,Вниз,2.8379490374460574,True,-0.1513870377439019,-0.1286660330109236,-0.02272100473297828,False,35.33793071978913,Зелёный,-1.03675251897441,Ниже
2021-01-27 20:00:00+05:00,35.55,36.52198383719357,Вниз,2.6613664841604585,True,-0.1447055292000811,-0.1318739322487551,-0.012831596951325991,False,35.33793071978913,Зелёный,-0.9719838371935694,Ниже
2021-01-27 20:30:00+05:00,35.58,36.51261086368916,Вниз,2.5542157671792802,True,-0.1354285008059221,-0.1325848459601886,-0.0028436548457334843,False,35.33793071978913,Зелёный,-0.9326108636891632,Ниже
2021-01-27 21:00:00+05:00,35.595,36.503480407334045,Вниз,2.488750106007756,True,-0.1254202477813635,-0.1311519263244235,0.005731678543060004,Ниже,35.35778663572828,Зелёный,-0.9084804073340464,Ниже
2021-01-27 21:30:00+05:00,35.625,36.49473930875361,Вниз,2.3831909070384656,True,-0.113756570935557,-0.1276728552466502,0.013916284311093208,False,35.39250797215545,Зелёный,-0.8697393087536085,Ниже
2021-01-27 22:00:00+05:00,35.65,36.48633394249736,Вниз,2.292184092310913,True,-0.1013276894075261,-0.1224038220788254,0.021076132671299305,False,35.43750717493991,Зелёный,-0.8363339424973617,Ниже
2021-01-27 22:30:00+05:00,35.645,36.47796246048246,Вниз,2.2834676179757194,True,-0.0908340906102651,-0.1160898757851134,0.025255785174848305,False,35.43750717493991,Зелёный,-0.8329624604824559,Ниже
2021-01-27 23:00:00+05:00,35.72,36.47042054545278,Вниз,2.0576141822042895,True,-0.0755945577564531,-0.1079908121793813,0.03239625442292819,False,35.476130811701324,Зелёный,-0.7504205454527835,Ниже
2021-01-27 23:30:00+05:00,35.73,36.46305317684131,Вниз,2.010399878710373,True,-0.0619955555746258,-0.0987917608584302,0.036796205283804395,False,35.55026773053119,Зелёный,-0.7330531768413167,Ниже
2021-01-28 00:00:00+05:00,35.7,36.45546060791752,Вниз,2.0722838096673137,True,-0.0530277270210604,-0.0896389540909563,0.036611227069895905,False,35.55026773053119,Зелёный,-0.7554606079175201,Ниже
2021-01-28 00:30:00+05:00,35.66,36.44754557699297,Вниз,2.1607643656809183,True,-0.0485882291284269,-0.0814288090984504,0.03284057997002351,False,35.55026773053119,Зелёный,-0.7875455769929758,Ниже
2021-01-28 01:00:00+05:00,35.645,36.43956004886369,Вниз,2.1804874916113706,True,-0.0457528592224747,-0.0742936191232553,0.028540759900780602,False,35.55026773053119,Зелёный,-0.794560048863687,Ниже
2021-01-28 01:30:00+05:00,35.565,36.43085795882525,Вниз,2.3767158045079775,True,-0.0493917818406259,-0.0693132516667294,0.019921469826103502,False,35.55026773053119,Зелёный,-0.8658579588252522,Ниже
2021-01-28 12:00:00+05:00,35.055,36.41716782988171,Вниз,3.740455150836856,True,-0.0923636809649224,-0.073923337526368,-0.0184403434385544,Ниже,35.35112170779864,Красный,-1.362167829881713,Ниже
2021-01-28 12:30:00+05:00,35.265,36.40570347336548,Вниз,3.133309796362042,True,-0.1082264089857929,-0.080783951818253,-0.027442457167539902,False,35.35112170779864,Красный,-1.1407034733654768,Ниже
2021-01-28 13:00:00+05:00,35.54,36.39708950845637,Вниз,2.354829795545151,True,-0.0974838009225322,-0.0841239216391088,-0.013359879283423401,False,35.03806641668311,Зелёный,-0.8570895084563688,Ниже
2021-01-28 13:30:00+05:00,35.41,36.387267722302575,Вниз,2.685740874420172,True,-0.0983266715177251,-0.0869644716148321,-0.011362199902893,False,35.03806641668311,Зелёный,-0.9772677223025781,Ниже
2021-01-28 14:00:00+05:00,35.5,36.37843918775231,Вниз,2.4147247857958165,True,-0.0906870211690247,-0.0877089815256706,-0.002978039643354108,False,35.13153379751331,Зелёный,-0.8784391877523134,Ниже
2021-01-28 14:30:00+05:00,35.32,36.36790745454085,Вниз,2.8814070643209573,True,-0.0980270441588615,-0.0897725940523088,-0.008254450106552708,False,35.13153379751331,Зелёный,-1.047907454540848,Ниже
2021-01-28 15:00:00+05:00,35.42,36.35847553957029,Вниз,2.581174060911638,True,-0.094683449131999,-0.0907547650682468,-0.0039286840637522,False,35.13153379751331,Зелёный,-0.9384755395702911,Ниже
2021-01-28 15:30:00+05:00,35.38,36.348739464549695,Вниз,2.6651253353489395,True,-0.09417569292426,-0.0914389506394495,-0.002736742284810495,False,35.13153379751331,Зелёный,-0.9687394645496923,Ниже
2021-01-28 16:00:00+05:00,35.435,36.339647529579054,Вниз,2.48942296108597,True,-0.0883171865743221,-0.090814597826424,0.0024974112521019,Ниже,35.13153379751331,Зелёный,-0.9046475295790515,Ниже
2021-01-28 16:30:00+05:00,35.435,36.33064606162305,Вниз,2.4652632383797326,True,-0.0827207250571504,-0.0891958232725693,0.00647509821541889,False,35.15215454209363,Зелёный,-0.8956460616230473,Ниже
2021-01-28 17:00:00+05:00,35.375,36.321137145587,Вниз,2.6049215964648216,True,-0.0821796714461768,-0.0877925929072908,0.005612921461114001,False,35.15215454209363,Зелёный,-0.9461371455870022,Ниже
2021-01-28 17:30:00+05:00,35.4,36.31197160184983,Вниз,2.5114901824922384,True,-0.0788249465777966,-0.085999063641392,0.0071741170635954005,False,35.16029517909585,Зелёный,-0.9119716018498281,Ниже
2021-01-28 18:00:00+05:00,35.44,36.30329526750307,Вниз,2.378008004898247,True,-0.072107427702825,-0.0832207364536786,0.011113308750853604,False,35.18426566118626,Зелёный,-0.8632952675030694,Ниже
2021-01-28 18:30:00+05:00,35.6,36.29629730464234,Вниз,1.9183700717408398,True,-0.0532591445078693,-0.0772284180645167,0.023969273556647408,False,35.31708909506764,Зелёный,-0.6962973046423357,Ниже
2021-01-28 19:00:00+05:00,35.4,36.28737892350163,Вниз,2.4454202806224603,True,-0.0538394452011843,-0.0725506234918502,0.018711178290665896,False,35.31708909506764,Зелёный,-0.887378923501629,Ниже
2021-01-28 19:30:00+05:00,35.42,36.27874828744689,Вниз,2.367083562648794,True,-0.0520851002150237,-0.0684575188364849,0.0163724186214612,False,35.31708909506764,Зелёный,-0.8587482874468861,Ниже
2021-01-28 20:00:00+05:00,35.495,36.27094979702453,Вниз,2.1393147997690023,True,-0.0441341450239889,-0.0635928440739857,0.0194586990499968,False,35.31708909506764,Зелёный,-0.7759497970245306,Ниже
2021-01-28 20:30:00+05:00,35.5,36.26327865476558,Вниз,2.1048252752658128,True,-0.037002950557806,-0.0582748653707498,0.0212719148129438,False,35.31708909506764,Зелёный,-0.7632786547655783,Ниже
2021-01-28 21:00:00+05:00,35.54,36.2560818522306,Вниз,1.975066845747828,True,-0.027803263149174,-0.0521805449264346,0.024377281777260597,False,35.31708909506764,Зелёный,-0.7160818522306016,Ниже
2021-01-28 21:30:00+05:00,35.71,36.25064820195965,Вниз,1.4914166470833523,True,-0.0067174309840041,-0.0430879221379485,0.036370491153944404,False,35.380426548271835,Зелёный,-0.5406482019596481,Ниже
2021-01-28 22:00:00+05:00,35.65,36.24467160293518,Вниз,1.6407145564729608,True,0.0050930350255598,-0.0334517307052468,0.0385447657308066,False,35.38188389344465,Зелёный,-0.5946716029351791,Ниже
2021-01-28 22:30:00+05:00,35.67,36.23895347753284,Вниз,1.5700052648749154,True,0.0158836504458577,-0.0235846544750259,0.0394683049208836,False,35.38188389344465,Зелёный,-0.5689534775328369,Ниже
2021-01-28 23:00:00+05:00,35.715,36.23374001009471,Вниз,1.4316490926693803,True,0.0277465696447194,-0.0133184096510768,0.0410649792957962,False,35.43867595369017,Зелёный,-0.518740010094703,Ниже
2021-01-28 23:30:00+05:00,35.7,36.22842916422312,Вниз,1.4586035784984086,True,0.0355280981379024,-0.003549108093281,0.0390772062311834,False,35.45730835832116,Зелёный,-0.5284291642231196,Ниже
2021-01-29 00:00:00+05:00,35.665,36.222822903882594,Вниз,1.539976344093282,True,0.0384278358674592,0.004846280698867,0.0335815551685922,False,35.46657752248904,Зелёный,-0.5578229038825953,Ниже
2021-01-29 00:30:00+05:00,35.8,36.21861571080914,Вниз,1.1558026241301371,True,0.051031016870759,0.0140832279332454,0.0369477889375136,False,35.495669770240134,Зелёный,-0.41861571080914217,Ниже
2021-01-29 01:00:00+05:00,35.785,36.21430112662198,Вниз,1.185446393459177,True,0.0591271727352236,0.023092016893641,0.0360351558415826,False,35.57635279321612,Зелёный,-0.4293011266219864,Ниже
2021-01-29 01:30:00+05:00,35.55,36.20769116516306,Вниз,1.8164404964762224,True,0.0460500621135295,0.0276836259376187,0.0183664361759108,False,35.879282486105495,Красный,-0.6576911651630652,Ниже
2021-01-29 12:00:00+05:00,35.0,36.195674337649,Вниз,3.3033625136949567,True,-0.0085949682836883,0.0204279070933573,-0.0290228753770456,Ниже,35.43285423749494,Красный,-1.1956743376490024,Ниже
2021-01-29 12:30:00+05:00,35.01,36.18387658304553,Вниз,3.2441979519562314,True,-0.0505123571329733,0.0062398542480912,-0.056752211381064496,False,35.323568813745446,Красный,-1.1738765830455336,Ниже
2021-01-29 13:00:00+05:00,34.875,36.17085293545304,Вниз,3.582588825774978,True,-0.0935472075746304,-0.0137175581164531,-0.0798296494581773,False,35.223711932370904,Красный,-1.2958529354530413,Ниже
2021-01-29 13:30:00+05:00,34.785,36.15706335400575,Вниз,3.7947311720871437,True,-0.1333773928770654,-0.0376495250685755,-0.09572786780848991,False,35.08784073913381,Красный,-1.3720633540057534,Ниже
2021-01-29 14:00:00+05:00,34.855,36.14410749973703,Вниз,3.5665772069386805,True,-0.1574793626396342,-0.0616154925827873,-0.09586387005684689,False,35.08784073913381,Красный,-1.2891074997370353,Ниже
2021-01-29 14:30:00+05:00,34.835,36.13108155446602,Вниз,3.5871651185205584,True,-0.176163477266833,-0.0845250895195964,-0.09163838774723661,False,35.08784073913381,Красный,-1.2960815544660207,Ниже
2021-01-29 15:00:00+05:00,34.93,36.11913049422258,Вниз,3.292245627044617,True,-0.1812161200400908,-0.1038632956236953,-0.0773528244163955,False,35.08784073913381,Красный,-1.1891304942225815,Ниже
2021-01-29 15:30:00+05:00,34.805,36.10605456890693,Вниз,3.603424922609359,True,-0.1930811122978823,-0.1217068589585327,-0.0713742533393496,False,35.08784073913381,Красный,-1.3010545689069275,Ниже
2021-01-29 16:00:00+05:00,34.89,36.09395452344517,Вниз,3.3356126790239324,True,-0.1933960650662669,-0.1360447001800795,-0.05735136488618739,False,35.08784073913381,Красный,-1.2039545234451694,Ниже
2021-01-29 16:30:00+05:00,34.97,36.08277089634621,Вниз,3.0839396994838144,True,-0.1850571127900266,-0.145847182702069,-0.03920993008795759,False,35.08784073913381,Красный,-1.1127708963462126,Ниже
2021-01-29 17:00:00+05:00,35.095,36.072942330213415,Вниз,2.7110134827962913,True,-0.1664433226842518,-0.1499664106985055,-0.0164769119857463,False,34.69617867802859,Зелёный,-0.9779423302134163,Ниже
2021-01-29 17:30:00+05:00,34.97,36.06196777966403,Вниз,3.0280315992068827,True,-0.1599345888670953,-0.1519600463322235,-0.007974542534871815,False,34.70831081022573,Зелёный,-1.0919677796640315,Ниже
2021-01-29 18:00:00+05:00,34.97,36.0511024286226,Вниз,2.9988054616722732,True,-0.1530125371429136,-0.1521705444943615,-0.0008419926485521145,False,34.70831081022573,Зелёный,-1.0811024286226,Ниже
2021-01-29 18:30:00+05:00,35.105,36.04168847410895,Вниз,2.5989028643367753,True,-0.1350763138588036,-0.1487516983672499,0.013675384508446325,Ниже,34.70831081022573,Зелёный,-0.936688474108955,Ниже
2021-01-29 19:00:00+05:00,35.18,36.0331144594412,Вниз,2.3675845739103822,True,-0.1135014800737224,-0.1417016547085444,0.028200174634821995,False,34.81049358065456,Зелёный,-0.8531144594412012,Ниже
2021-01-29 19:30:00+05:00,35.02,36.02303371855123,Вниз,2.784423228726249,True,-0.1080681888737373,-0.134974961541583,0.026906772667845705,False,34.81049358065456,Зелёный,-1.0030337185512295,Ниже
2021-01-29 20:00:00+05:00,34.8,36.010864228814405,Вниз,3.3624969984628272,True,-0.1201296480318845,-0.1320058988396433,0.01187625080775881,False,35.27370019966981,Красный,-1.2108642288144082,Ниже
2021-01-29 20:30:00+05:00,34.8,35.9988158285277,Вниз,3.3301535090431598,True,-0.1282105103577038,-0.1312468211432554,0.0030363107855515825,False,35.21008017970283,Красный,-1.1988158285276995,Ниже
2021-01-29 21:00:00+05:00,34.815,35.9870365665523,Вниз,3.256829898690895,True,-0.1318840006658774,-0.1313742570477798,-0.0005097436180976078,Ниже,35.21008017970283,Красный,-1.1720365665523005,Ниже
2021-01-29 21:30:00+05:00,34.905,35.97627003355178,Вниз,2.97771289951043,True,-0.1260796526091425,-0.1303153361600524,0.004235683550909891,Ниже,35.21008017970283,Красный,-1.0712700335517766,Ниже
2021-01-29 22:00:00+05:00,34.93,35.96585938645176,Вниз,2.88011854609532,True,-0.118100979315578,-0.1278724647911575,0.009771485475579489,False,35.21008017970283,Красный,-1.0358593864517616,Ниже
2021-01-29 22:30:00+05:00,35.01,35.956348347780605,Вниз,2.6319367546093417,True,-0.1041222355178845,-0.1231224189365029,0.019000183418618394,False,35.21008017970283,Красный,-0.9463483477806065,Ниже
2021-01-29 23:00:00+05:00,34.97,35.9465339363599,Вниз,2.716628919185269,True,-0.0951745332773228,-0.1175328418046669,0.022358308527344106,False,35.21008017970283,Красный,-0.9765339363598997,Ниже
2021-01-29 23:30:00+05:00,34.92,35.93631966833642,Вниз,2.8281128332456835,True,-0.0910682191768543,-0.1122399172791044,0.0211716981022501,False,35.19583490578145,Красный,-1.0163196683364148,Ниже
2021-01-30 00:00:00+05:00,34.99,35.92690355223357,Вниз,2.6078049027281653,True,-0.0812291614721871,-0.1060377661177209,0.02480860464553379,False,35.19583490578145,Красный,-0.9369035522335665,Ниже
2021-01-30 00:30:00+05:00,34.955,35.917232870121794,Вниз,2.6790284028874645,True,-0.0753868323705617,-0.0999075793682891,0.02452074699772741,False,35.19583490578145,Красный,-0.9622328701217953,Ниже
2021-01-30 01:00:00+05:00,34.925,35.90735990623999,Вниз,2.735817695327908,True,-0.0723435621927066,-0.0943947759331726,0.022051213740465994,False,35.16394364631468,Красный,-0.9823599062399921,Ниже
2021-01-30 01:30:00+05:00,34.865,35.89698816587939,Вниз,2.874860033133114,True,-0.0739211304329288,-0.0903000468331239,0.016378916400195093,False,35.12329928168321,Красный,-1.0319881658793904,Ниже
2021-02-01 12:00:00+05:00,35.045,35.88851067169154,Вниз,2.350364102339002,True,-0.0599557365421219,-0.0842311847749235,0.024275448232801602,False,35.12329928168321,Красный,-0.8435106716915399,Ниже
2021-02-01 12:30:00+05:00,34.835,35.87802797844088,Вниз,2.9071496880141745,True,-0.0650830691172217,-0.0804015616433831,0.015318492526161395,False,35.12329928168321,Красный,-1.0430279784408825,Ниже
2021-02-01 13:00:00+05:00,35.1,35.8702864065161,Вниз,2.147421957512364,True,-0.0472189214866958,-0.0737650336120457,0.0265461121253499,False,35.12329928168321,Красный,-0.7702864065160995,Ниже
2021-02-01 13:30:00+05:00,35.11,35.8627213676453,Вниз,2.098896399770687,True,-0.0318869662606502,-0.0653894201417666,0.033502453881116404,False,35.12329928168321,Красный,-0.7527213676453002,Ниже
2021-02-01 14:00:00+05:00,35.275,35.85687339383789,Вниз,1.6227666797570952,True,-0.0063489732344237,-0.053581330760298,0.047232357525874305,False,34.90733910715889,Зелёный,-0.5818733938378884,Ниже
2021-02-01 14:30:00+05:00,35.385,35.85217813618776,Вниз,1.3030676529976601,True,0.0225067076064604,-0.0383637230869463,0.060870430693406696,False,35.021855196443,Зелёный,-0.46717813618776205,Ниже
2021-02-01 15:00:00+05:00,35.305,35.84673357761873,Вниз,1.511249487894667,True,0.0384761816828671,-0.0229957421329836,0.061471923815850704,False,35.05591967679869,Зелёный,-0.5417335776187286,Ниже
2021-02-01 15:30:00+05:00,35.235,35.84064667634889,Вниз,1.6898318878508238,True,0.0449653573075963,-0.0094035222448676,0.0543688795524639,False,35.05591967679869,Зелёный,-0.6056466763488899,Ниже
2021-02-01 16:00:00+05:00,35.27,35.83496859996731,Вниз,1.5765846100610887,True,0.0523290663320068,0.0029429954705072,0.0493860708614996,False,35.05591967679869,Зелёный,-0.5649685999673082,Ниже
2021-02-01 16:30:00+05:00,35.2,35.82865050444525,Вниз,1.7546027985822419,True,0.0519179658088901,0.0127379895381838,0.039179976270706296,False,35.05591967679869,Зелёный,-0.6286505044452468,Ниже
2021-02-01 17:00:00+05:00,35.17,35.822096768082616,Вниз,1.8203757650044399,True,0.0486110583812759,0.0199126033068022,0.0286984550744737,False,35.05591967679869,Зелёный,-0.6520967680826146,Ниже
2021-02-01 17:30:00+05:00,35.25,35.81640426292756,Вниз,1.5814101794518496,True,0.0518479707000167,0.0262996767854451,0.0255482939145716,False,35.05591967679869,Зелёный,-0.5664042629275627,Ниже
2021-02-01 18:00:00+05:00,35.23,35.81056939463973,Вниз,1.6212235785522955,True,0.052197711454589,0.0314792837192739,0.020718427735315098,False,35.05591967679869,Зелёный,-0.5805693946397312,Ниже
2021-02-01 18:30:00+05:00,35.25,35.804991589717936,Вниз,1.550039715348829,True,0.0534723207471543,0.03587789112485,0.0175944296223043,False,35.05591967679869,Зелёный,-0.554991589717936,Ниже
2021-02-01 19:00:00+05:00,35.2,35.79897177290482,Вниз,1.673153566265727,True,0.0498729710960574,0.0386769071190915,0.011196063976965903,False,35.05591967679869,Зелёный,-0.5989717729048181,Ниже
2021-02-01 19:30:00+05:00,35.11,35.792116332378406,Вниз,1.905772561879353,True,0.0393051276817146,0.0388025512316161,0.0005025764500984978,False,35.05591967679869,Зелёный,-0.6821163323784063,Ниже
2021-02-01 20:00:00+05:00,35.0,35.78423457782738,Вниз,2.191564489445036,True,0.021802627825096,0.0354025665503121,-0.013599938725216098,Выше,35.25180843883719,Красный,-0.7842345778273767,Ниже
2021-02-01 20:30:00+05:00,34.995,35.77638149745099,Вниз,2.184070788452057,True,0.0074425196431349,0.0298105571688766,-0.0223680375257417,False,35.19237759495347,Красный,-0.7813814974509938,Ниже
2021-02-01 21:00:00+05:00,35.03,35.768954815884314,Вниз,2.0659111223349385,True,-0.0011010696121758,0.0236282318126661,-0.0247293014248419,False,35.19237759495347,Красный,-0.7389548158843127,Ниже
2021-02-01 21:30:00+05:00,35.065,35.76195029035313,Вниз,1.9488598487905544,True,-0.0049901943038008,0.0179045465893727,-0.0228947408931735,False,35.19237759495347,Красный,-0.6969502903531293,Ниже
2021-02-01 22:00:00+05:00,35.14,35.755761730250114,Вниз,1.72213288279401,True,-0.0019974550245507,0.013924146266588,-0.0159216012911387,False,35.19237759495347,Красный,-0.6157617302501137,Ниже
2021-02-01 22:30:00+05:00,35.14,35.74963474785957,Вниз,1.7052894446594777,True,0.0003700467472285,0.0112133263627161,-0.0108432796154876,False,35.19237759495347,Красный,-0.6096347478595661,Ниже
2021-02-01 23:00:00+05:00,35.215,35.74431499912465,Вниз,1.4808368803195873,True,0.0082036159787151,0.0106113842859159,-0.0024077683072008006,False,34.99234002895593,Зелёный,-0.5293149991246437,Ниже
2021-02-01 23:30:00+05:00,35.205,35.7389486807254,Вниз,1.4940245878395666,True,0.0134498184708533,0.0111790711229034,0.0022707473479499,Выше,35.03810602606033,Зелёный,-0.5339486807254019,Ниже
2021-02-02 00:00:00+05:00,35.145,35.73303874360376,Вниз,1.645644379206381,True,0.0126204920077626,0.0114673552998752,0.0011531367078874005,False,35.03810602606033,Зелёный,-0.5880387436037537,Ниже
2021-02-02 00:30:00+05:00,35.15,35.72723736307039,Вниз,1.6156786969122108,True,0.012225771935455,0.0116190386269912,0.0006067333084637996,False,35.03810602606033,Зелёный,-0.5772373630703882,Ниже
2021-02-02 01:00:00+05:00,35.235,35.72233947886073,Вниз,1.3642428966588926,True,0.0185578200618792,0.0130067949139688,0.005551025147910399,False,35.03810602606033,Зелёный,-0.4873394788607328,Ниже
2021-02-02 01:30:00+05:00,35.235,35.71749032981734,Вниз,1.3508517125979318,True,0.0233073412998265,0.0150669041911403,0.008240437108686199,False,35.03810602606033,Зелёный,-0.4824903298173382,Ниже
2021-02-02 12:00:00+05:00,35.295,35.71328644593856,Вниз,1.1712348192086495,True,0.0315491902321198,0.0183633613993362,0.0131858288327836,False,35.124383227328366,Зелёный,-0.4182864459385556,Ниже
2021-02-02 12:30:00+05:00,35.14,35.707582103192905,Вниз,1.5895282451570771,True,0.0252822719855458,0.0197471435165782,0.005535128468967601,False,35.124383227328366,Зелёный,-0.5675821031929047,Ниже
2021-02-02 13:00:00+05:00,35.05,35.7010389976885,Вниз,1.823585576124702,True,0.012904689063184,0.0183786526258993,-0.0054739635627153,Выше,35.296799585864015,Красный,-0.6510389976885023,Ниже
2021-02-02 13:30:00+05:00,35.15,35.69555602258712,Вниз,1.528358382320502,True,0.0110372985791329,0.016910381816546,-0.005873083237413099,False,35.296799585864015,Красный,-0.545556022587121,Ниже
2021-02-02 14:00:00+05:00,35.235,35.6909733755962,Вниз,1.2775593727796015,True,0.0162290889568197,0.0167741232446008,-0.0005450342877811008,False,35.296799585864015,Красный,-0.45597337559620144,Ниже
2021-02-02 14:30:00+05:00,35.275,35.686834337033055,Вниз,1.154023170404012,True,0.0233026672988074,0.0180798320554421,0.005222835243365302,Выше,35.296799585864015,Красный,-0.4118343370330564,Ниже
2021-02-02 15:00:00+05:00,35.21,35.68208971676407,Вниз,1.323043915060477,True,0.0233939019849955,0.0191426460413528,0.004251255943642701,False,35.296799585864015,Красный,-0.4720897167640672,Ниже
2021-02-02 15:30:00+05:00,35.355,35.67883509271667,Вниз,0.9076391980711754,True,0.034765736545566,0.0222672641421954,0.0124984724033706,False,35.04489083754315,Зелёный,-0.32383509271667066,Ниже
2021-02-02 16:00:00+05:00,35.22,35.67426956940606,Вниз,1.2733815573217397,True,0.0325098720383607,0.0243157857214285,0.008194086316932199,False,35.04489083754315,Зелёный,-0.45426956940605834,Ниже
2021-02-02 16:30:00+05:00,35.23,35.66984897667565,Вниз,1.2331114072371618,True,0.0311696947516608,0.025686567527475,0.005483127224185799,False,35.04489083754315,Зелёный,-0.4398489766756555,Ниже
2021-02-02 17:00:00+05:00,35.27,35.665870379892816,Вниз,1.1099417333047639,True,0.0329553712962535,0.0271403282812307,0.005815043015022798,False,35.04489083754315,Зелёный,-0.3958703798928127,Ниже
2021-02-02 17:30:00+05:00,35.515,35.66436918208294,Вниз,0.4188190777196829,True,0.0535230053833686,0.0324168637016583,0.0211061416817103,False,35.13539937851206,Зелёный,-0.1493691820829426,Ниже
2021-02-02 18:00:00+05:00,35.735,35.665071976291074,Вверх,0.1960686459722029,True,0.0865771573845748,0.0432489224382416,0.043328234946333206,False,35.36510944066086,Зелёный,0.06992802370892548,Выше
2021-02-02 18:30:00+05:00,35.69,35.66532001632798,Вверх,0.06919882861198769,True,0.1078979071589145,0.0561787193823762,0.05171918777653829,False,35.44559849659477,Зелёный,0.024679983672015737,Выше
2021-02-02 19:00:00+05:00,35.81,35.66675961815557,Вверх,0.4016075005914514,True,0.132945242085718,0.0715320239230445,0.061413218162673505,False,35.5267886469353,Зелёный,0.14324038184443566,Выше
2021-02-02 19:30:00+05:00,35.89,35.66898091548735,Вверх,0.6196394705986171,True,0.1574359433293892,0.0887128078043135,0.06872313552507571,False,35.5267886469353,Зелёный,0.22101908451264762,Выше
2021-02-02 20:00:00+05:00,35.975,35.67202588150241,Вверх,0.8493325260080078,True,0.1816102996504369,0.1072923061735382,0.0743179934768987,False,35.57584880401759,Зелёный,0.3029741184975947,Выше
2021-02-02 20:30:00+05:00,36.0,35.67528930556706,Вверх,0.9101837735686334,True,0.2004749913589592,0.1259288432106224,0.0745461481483368,False,35.676263923615835,Зелёный,0.32471069443293743,Выше
2021-02-02 21:00:00+05:00,35.965,35.67817199904401,Вверх,0.8039313251914306,True,0.210178382397153,0.1427787510479285,0.0673996313492245,False,35.69338753125425,Зелёный,0.2868280009559925,Выше
2021-02-02 21:30:00+05:00,35.975,35.68112551149134,Вверх,0.8236132809600396,True,0.2161832798499006,0.1574596568083229,0.05872362304157769,False,35.69338753125425,Зелёный,0.2938744885086635,Выше
2021-02-02 22:00:00+05:00,35.55,35.679820780033715,Вниз,0.36384930528116693,True,0.1845212105624512,0.1628719675591486,0.021649243003302593,False,36.08050609968406,Красный,-0.1298207800337181,Ниже
2021-02-02 22:30:00+05:00,35.575,35.67877778719756,Вниз,0.2908669905021127,True,0.1596062421969293,0.1622188224867047,-0.0026125802897754014,Выше,35.88245548971565,Красный,-0.10377778719755781,Ниже
2021-02-02 23:00:00+05:00,35.555,35.67754616742445,Вниз,0.34348261186287565,True,0.1366716516860933,0.1571093883265824,-0.02043773664048909,False,35.87170994074409,Красный,-0.12254616742445279,Ниже
2021-02-02 23:30:00+05:00,35.395,35.67473476277346,Вниз,0.7841256974539891,True,0.1043819109532506,0.1465638928519161,-0.042181981898665497,False,35.80178894666968,Красный,-0.2797347627734581,Ниже
2021-02-03 00:00:00+05:00,35.405,35.672050834785665,Вниз,0.7486276469567285,True,0.0786918643853269,0.1329894871585983,-0.054297622773271395,False,35.710610052002714,Красный,-0.26705083478566394,Ниже
2021-02-03 00:30:00+05:00,35.275,35.668100080210685,Вниз,1.1021054649019157,True,0.0472971912693083,0.1158510279807403,-0.068553836711432,False,35.675299046802444,Красный,-0.39310008021068654,Ниже
2021-02-03 01:00:00+05:00,35.25,35.66393988040759,Вниз,1.1606678392675072,True,0.0201669238277588,0.096714207150144,-0.07654728332238521,False,35.5627691421222,Красный,-0.41393988040758956,Ниже
2021-02-03 01:30:00+05:00,35.24,35.659721573139855,Вниз,1.17701864911924,True,-0.0021165270033947,0.0769480603194362,-0.07906458732283089,False,35.50874222790997,Красный,-0.4197215731398529,Ниже
2021-02-03 12:00:00+05:00,35.395,35.65708752763597,Вниз,0.7350222516991586,True,-0.007186278771357,0.0601211925012776,-0.0673074712726346,False,35.50874222790997,Красный,-0.26208752763596976,Ниже
2021-02-03 12:30:00+05:00,35.35,35.65403193034606,Вниз,0.8527280475319455,True,-0.0146661551847628,0.0451637229640695,-0.059829878148832304,False,35.50874222790997,Красный,-0.30403193034605636,Ниже
2021-02-03 13:00:00+05:00,35.575,35.653245542979434,Вниз,0.21946260932993408,True,-0.0024106035977098,0.0356488576517136,-0.0380594612494234,False,35.09869691585363,Зелёный,-0.07824554297943109,Ниже
2021-02-03 13:30:00+05:00,35.68,35.65351175648213,Вверх,0.07429350493938906,True,0.0155948639260188,0.0316380589065746,-0.016043194980555796,False,35.30857722426827,Зелёный,0.026488243517867716,Выше
2021-02-03 14:00:00+05:00,35.63,35.65327780865644,Вниз,0.06528939297352988,True,0.0255353884653928,0.0304175248183383,-0.004882136352945501,False,35.32346950184144,Зелёный,-0.023277808656438026,Ниже
2021-02-03 14:30:00+05:00,35.61,35.65284718369468,Вниз,0.12017885548921377,True,0.0314371055436453,0.0306214409633997,0.0008156645802456022,Выше,35.32346950184144,Зелёный,-0.042847183694682656,Ниже
2021-02-03 15:00:00+05:00,35.48,35.65112731122011,Вниз,0.48000532977888233,True,0.0253323299719809,0.0295636187651159,-0.004231288793135002,Выше,35.32346950184144,Зелёный,-0.17112731122011127,Ниже
2021-02-03 15:30:00+05:00,35.67,35.651315099168166,Вверх,0.05241013067782211,True,0.0354173937836748,0.0307343737688277,0.004683020014847099,Выше,35.32346950184144,Зелёный,0.01868490083183616,Выше
2021-02-03 16:00:00+05:00,35.6,35.6508045011665,Вниз,0.14250590380038639,True,0.0373311344477187,0.0320537259046059,0.005277408543112795,False,35.32346950184144,Зелёный,-0.05080450116649615,Ниже
2021-02-03 16:30:00+05:00,35.64,35.65069699369221,Вниз,0.030005005776183438,True,0.0415959610711453,0.0339621729379138,0.007633788133231498,False,35.32346950184144,Зелёный,-0.010696993692207002,Ниже
2021-02-03 17:00:00+05:00,35.71,35.65128707335696,Вверх,0.16468669566467642,True,0.0500473669889771,0.0371792117481265,0.012868155240850596,False,35.33711640802812,Зелёный,0.05871292664303951,Выше
2021-02-03 17:30:00+05:00,35.765,35.65241854526386,Вверх,0.3157750843556524,True,0.0604859628848331,0.0418405619754678,0.018645400909365298,False,35.424654767225306,Зелёный,0.11258145473613723,Выше
2021-02-03 18:00:00+05:00,35.69,35.65279249008711,Вверх,0.10436071711138588,True,0.061992145277486,0.0458708786358714,0.016121266641614597,False,35.424654767225306,Зелёный,0.037207509912889236,Выше
2021-02-03 18:30:00+05:00,35.81,35.65435674391709,Вверх,0.43653362533167783,True,0.0720383890862379,0.0511043807259447,0.020934008360293202,False,35.47229536145249,Зелёный,0.15564325608291085,Выше
2021-02-03 19:00:00+05:00,35.63,35.65411438825623,Вниз,0.06763423708589607,True,0.0647294531633306,0.0538293952134219,0.010900057949908705,False,35.47229536145249,Зелёный,-0.024114388256229802,Ниже
2021-02-03 19:30:00+05:00,35.63,35.653874444094484,Вниз,0.06696171023970102,True,0.0582654212788469,0.0547166004265069,0.0035488208523399983,False,35.47229536145249,Зелёный,-0.023874444094481362,Ниже
2021-02-03 20:00:00+05:00,35.65,35.653835892411955,Вниз,0.010758708890486426,True,0.054132457024302,0.0545997717460659,-0.00046731472176390204,Выше,35.47229536145249,Зелёный,-0.0038358924119563653,Ниже
2021-02-03 20:30:00+05:00,35.6,35.653300211890446,Вниз,0.14949587155656674,True,0.0462888815311401,0.0529375937030808,-0.006648712171940699,False,35.47229536145249,Зелёный,-0.05330021189044487,Ниже
2021-02-03 21:00:00+05:00,35.595,35.6527201102796,Вниз,0.16189539003213863,True,0.0392172610560948,0.0501935271736836,-0.010976266117588798,False,35.47229536145249,Зелёный,-0.05772011027960389,Ниже
2021-02-03 21:30:00+05:00,35.605,35.65224528331164,Вниз,0.13251699279024443,True,0.0340276181077641,0.0469603453604997,-0.012932727252735601,False,35.47229536145249,Зелёный,-0.04724528331164635,Ниже
2021-02-03 22:00:00+05:00,35.575,35.65147667352745,Вниз,0.21451193797038903,True,0.027180717015959,0.0430044196915915,-0.0158237026756325,False,35.47229536145249,Зелёный,-0.07647667352744492,Ниже
2021-02-03 22:30:00+05:00,35.62,35.65116347279584,Вниз,0.08741221817239979,True,0.0250963276475602,0.0394228012827853,-0.014326473635225101,False,35.47229536145249,Зелёный,-0.031163472795839198,Ниже
2021-02-03 23:00:00+05:00,35.79,35.652544930777964,Вверх,0.38554069418863207,True,0.0367385145794614,0.0388859439421205,-0.0021474293626590965,False,35.47229536145249,Зелёный,0.13745506922203532,Выше
2021-02-03 23:30:00+05:00,35.79,35.653912642909525,Вверх,0.3816898258921886,True,0.0454412135764812,0.0401969978689926,0.005244215707488599,Выше,35.563870747055226,Зелёный,0.13608735709047437,Выше
2021-02-04 00:00:00+05:00,35.81,35.65546575094028,Вверх,0.4334097053707589,True,0.0533371604992112,0.0428250303950363,0.0105121301041749,False,35.598733672349695,Зелёный,0.15453424905972213,Выше
2021-02-04 00:30:00+05:00,35.76,35.65650589272197,Вверх,0.2902530819744625,True,0.0549270088232844,0.045245426080686,0.0096815827425984,False,35.598733672349695,Зелёный,0.10349410727803132,Выше
2021-02-04 01:00:00+05:00,35.74,35.657336679859064,Вверх,0.23182696139958775,True,0.0539512260706658,0.0469865860786819,0.0069646399919838994,False,35.598733672349695,Зелёный,0.08266332014093791,Выше
2021-02-04 01:30:00+05:00,35.79,35.658656712895294,Вверх,0.3683349268095331,True,0.0565604991155268,0.0489013686860509,0.007659130429475899,False,35.598733672349695,Зелёный,0.13134328710470555,Выше
2021-02-04 12:00:00+05:00,35.3,35.655087989383894,Вниз,0.9958971058762278,True,0.0188719181778509,0.0428954785844109,-0.024023560406560004,Выше,35.695904087571364,Красный,-0.35508798938389674,Ниже
2021-02-04 12:30:00+05:00,35.385,35.65240054670346,Вниз,0.7500211559476266,True,-0.0040906101143818,0.0334982608446524,-0.037588870959034196,False,35.57606367881422,Красный,-0.26740054670346325,Ниже
2021-02-04 13:00:00+05:00,35.335,35.649242332308404,Вниз,0.8814839018993954,True,-0.0260231823078456,0.0215939722141527,-0.0476171545219983,False,35.57606367881422,Красный,-0.31424233230840315,Ниже
2021-02-04 13:30:00+05:00,35.43,35.64706081656404,Вниз,0.608916448065704,True,-0.0353319134302694,0.0102087950852683,-0.0455407085155377,False,35.57606367881422,Красный,-0.21706081656404308,Ниже
2021-02-04 14:00:00+05:00,35.445,35.64505026117534,Вниз,0.5612287251934022,True,-0.0410258547548991,-3.813488276515134e-05,-0.040987719872133954,False,35.57606367881422,Красный,-0.20005026117534186,Ниже
2021-02-04 14:30:00+05:00,35.53,35.64390548245718,Вниз,0.31956510072454875,True,-0.0382387620063369,-0.0076782603074795,-0.0305605016988574,False,35.57606367881422,Красный,-0.11390548245717724,Ниже
2021-02-04 15:00:00+05:00,35.55,35.64297109954716,Вниз,0.26083992629992886,True,-0.0340239313685089,-0.0129473945196853,-0.021076536848823598,False,35.57606367881422,Красный,-0.09297109954716376,Ниже
2021-02-04 15:30:00+05:00,35.595,35.64249377517356,Вниз,0.13325042706928975,True,-0.0267442329329554,-0.0157067622023394,-0.011037470730615999,False,35.34130436996729,Зелёный,-0.04749377517356379,Ниже
2021-02-04 16:00:00+05:00,35.445,35.640528662982774,Вниз,0.5486132510314173,True,-0.0327017998802219,-0.0191057697379159,-0.013596030142305999,False,35.34130436996729,Зелёный,-0.19552866298277394,Ниже
2021-02-04 16:30:00+05:00,35.375,35.63788658673419,Вниз,0.7376604280233798,True,-0.0425807848117827,-0.0238007727526892,-0.0187800120590935,False,35.34130436996729,Зелёный,-0.2628865867341901,Ниже
2021-02-04 17:00:00+05:00,35.4,35.63551955602042,Вниз,0.6609123676453628,True,-0.0478411771677116,-0.0286088536356937,-0.0192323235320179,False,35.34130436996729,Зелёный,-0.23551955602042085,Ниже
2021-02-04 17:30:00+05:00,35.3,35.63218105297544,Вниз,0.9322501265964589,True,-0.0593945765671719,-0.0347659982219893,-0.024628578345182596,False,35.58433070286446,Красный,-0.332181052975443,Ниже
2021-02-04 18:00:00+05:00,35.385,35.629721540010515,Вниз,0.6868466253257288,True,-0.0609888971614296,-0.0400105780098774,-0.020978319151552197,False,35.579147632578014,Красный,-0.2447215400105165,Ниже
2021-02-04 18:30:00+05:00,35.465,35.6280825197119,Вниз,0.4577358874749182,True,-0.0551612121892688,-0.0430407048457557,-0.012120507343513102,False,35.579147632578014,Красный,-0.16308251971189947,Ниже
2021-02-04 19:00:00+05:00,35.415,35.62596229563517,Вниз,0.592158869659548,True,-0.0539553483257435,-0.0452236335417533,-0.0087317147839902,False,35.579147632578014,Красный,-0.21096229563517,Ниже
2021-02-04 19:30:00+05:00,35.565,35.625355705628856,Вниз,0.16941783298270804,True,-0.0404298954602921,-0.044264885925461,0.0038349904651689,Ниже,35.579147632578014,Красный,-0.06035570562885795,Ниже
2021-02-04 20:00:00+05:00,35.46,35.62371037522459,Вниз,0.45955453123840156,True,-0.037748359506331,-0.042961580641635,0.005213221135304001,False,35.579147632578014,Красный,-0.1637103752245892,Ниже
2021-02-04 20:30:00+05:00,35.4,35.62148440134176,Вниз,0.6217719588727166,True,-0.040003585075091,-0.0423699815283262,0.002366396453235206,False,35.579147632578014,Красный,-0.22148440134176184,Ниже
2021-02-04 21:00:00+05:00,35.385,35.61913132272145,Вниз,0.6573190137629784,True,-0.0425111995796712,-0.0423982251385952,-0.00011297444107599697,Ниже,35.579147632578014,Красный,-0.23413132272145276,Ниже
2021-02-04 21:30:00+05:00,35.39,35.616851409062534,Вниз,0.6369215696725282,True,-0.0435925363045797,-0.0426370873717921,-0.0009554489327876017,False,35.5704076665544,Красный,-0.2268514090625331,Ниже
2021-02-04 22:00:00+05:00,35.39,35.61459418111166,Вниз,0.6306240075894973,True,-0.0439429564018141,-0.0428982611777965,-0.0010446952240176013,False,35.555366899898964,Красный,-0.2245941811116623,Ниже
2021-02-04 22:30:00+05:00,35.49,35.613354438016025,Вниз,0.3463712979655349,True,-0.0357395196529068,-0.0414665128728186,0.005726993219911797,Ниже,35.555366899898964,Красный,-0.12335443801602253,Ниже
2021-02-04 23:00:00+05:00,35.42,35.61143051325965,Вниз,0.5375535621585577,True,-0.0344890832296513,-0.0400710269441851,0.005581943714533799,False,35.555366899898964,Красный,-0.19143051325964677,Ниже
2021-02-04 23:30:00+05:00,35.42,35.60952573203319,Вниз,0.5322332385423995,True,-0.0331163585877334,-0.0386800932728948,0.005563734685161401,False,35.555366899898964,Красный,-0.18952573203318934,Ниже
2021-02-05 00:00:00+05:00,35.4,35.60744089887864,Вниз,0.5825773873156306,True,-0.0332589092689943,-0.0375958564721147,0.004336947203120396,False,35.555366899898964,Красный,-0.20744089887864448,Ниже
2021-02-05 00:30:00+05:00,35.4,35.60537681033259,Вниз,0.5768140340898965,True,-0.0329915753666298,-0.0366750002510177,0.003683424884387901,False,35.528883975721335,Красный,-0.20537681033258792,Ниже
2021-02-05 01:00:00+05:00,35.37,35.60303475251833,Вниз,0.654536204956102,True,-0.0347993157523376,-0.0362998633512817,0.0015005475989441006,False,35.51299557814921,Красный,-0.2330347525183356,Ниже
2021-02-05 01:30:00+05:00,35.3,35.600019481348994,Вниз,0.8427508909262773,True,-0.0414031087525046,-0.0373205124315263,-0.0040825963209783,Ниже,35.48719602033428,Красный,-0.3000194813489969,Ниже
2021-02-05 12:00:00+05:00,35.2,35.59603918800224,Вниз,1.1125934149879253,True,-0.0540823983252636,-0.0406728896102737,-0.013409508714989894,False,35.41672641830086,Красный,-0.39603918800223425,Ниже
2021-02-05 12:30:00+05:00,35.06,35.590705464738534,Вниз,1.4911349966477272,True,-0.0745680821976506,-0.0474519281277491,-0.027116154069901498,False,35.247303776470766,Красный,-0.5307054647385314,Ниже
2021-02-05 13:00:00+05:00,35.095,35.58577307205457,Вниз,1.3791271895677204,True,-0.0869763179130842,-0.0553568060848161,-0.0316195118282681,False,35.202573398823695,Красный,-0.4907730720545729,Ниже
2021-02-05 13:30:00+05:00,35.07,35.58064100168587,Вниз,1.435165267713063,True,-0.0977009889959603,-0.063825642667045,-0.0338753463289153,False,35.202573398823695,Красный,-0.5106410016858689,Ниже
2021-02-05 14:00:00+05:00,35.065,35.57551024545019,Вниз,1.435004703876262,True,-0.1053889678900006,-0.0721383077116361,-0.033250660178364505,False,35.202573398823695,Красный,-0.5105102454501917,Ниже
2021-02-05 14:30:00+05:00,34.995,35.56973402410243,Вниз,1.6157951130952717,True,-0.1157953448823079,-0.0808697151457705,-0.0349256297365374,False,35.18340850774247,Красный,-0.5747340241024332,Ниже
2021-02-05 15:00:00+05:00,35.22,35.566254083564104,Вниз,0.9735466736265491,True,-0.1046801662308993,-0.0856318053627962,-0.019048360868103104,False,34.89568234303177,Зелёный,-0.34625408356410503,Ниже
2021-02-05 15:30:00+05:00,35.385,35.56445056034457,Вниз,0.5045784695593265,True,-0.0816163633988225,-0.0848287169700015,0.003212353571178994,Ниже,35.0926141087286,Зелёный,-0.17945056034456996,Ниже
2021-02-05 16:00:00+05:00,35.4,35.56281423636104,Вниз,0.45782157530878126,True,-0.061419750201054,-0.080146923616212,0.018727173415158005,False,35.12735269785574,Зелёный,-0.16281423636104364,Ниже
2021-02-05 16:30:00+05:00,35.335,35.560547428039044,Вниз,0.6342630930962603,True,-0.0500814378643212,-0.0741338264658338,0.024052388601512605,False,35.13086742807017,Зелёный,-0.22554742803904304,Ниже
2021-02-05 17:00:00+05:00,35.19,35.556860388954085,Вниз,1.0317569800624313,True,-0.0521943676533354,-0.0697459347033341,0.017551567049998697,False,35.13086742807017,Зелёный,-0.36686038895408757,Ниже
2021-02-05 17:30:00+05:00,35.11,35.55241401692469,Вниз,1.2443993724704128,True,-0.0596367557483858,-0.0677240989123445,0.008087343163958705,False,35.400747383263166,Красный,-0.44241401692469395,Ниже
2021-02-05 18:00:00+05:00,35.09,35.547812882427934,Вниз,1.287879183853354,True,-0.0663835070394043,-0.0674559805377564,0.0010724734983521,False,35.35342264493685,Красный,-0.4578128824279304,Ниже
2021-02-05 18:30:00+05:00,35.145,35.54380479404557,Вниз,1.122009296293391,True,-0.0665254517028586,-0.0672698747707769,0.00074442306791829,False,35.35342264493685,Красный,-0.39880479404556723,Ниже
2021-02-05 19:00:00+05:00,35.175,35.540135094602334,Вниз,1.0273880322356794,True,-0.0634853747103747,-0.0665129747586965,0.0030276000483217963,False,35.35342264493685,Красный,-0.36513509460233706,Ниже
2021-02-05 19:30:00+05:00,35.23,35.53704917326301,Вниз,0.8640255181739309,True,-0.0559926035657127,-0.0644089005200997,0.008416296954387004,False,35.35342264493685,Красный,-0.3070491732630103,Ниже
2021-02-05 20:00:00+05:00,35.27,35.5343919675589,Вниз,0.7440452837923239,True,-0.0462932232835342,-0.0607857650727866,0.014492541789252404,False,35.35342264493685,Красный,-0.2643919675589004,Ниже
2021-02-05 20:30:00+05:00,35.36,35.532656724100605,Вниз,0.48590997695789495,True,-0.0309869484381479,-0.0548260017458589,0.023839053307711,False,35.00338208739124,Зелёный,-0.17265672410060517,Ниже
2021-02-05 21:00:00+05:00,35.265,35.52999347311453,Вниз,0.7458303456065911,True,-0.0262200727223742,-0.049104815941162,0.0228847432187878,False,35.00338208739124,Зелёный,-0.26499347311452937,Ниже
2021-02-05 21:30:00+05:00,35.265,35.527356722138265,Вниз,0.7384639510059053,True,-0.0221865367886806,-0.0437211601106657,0.0215346233219851,False,35.01813949078689,Зелёный,-0.26235672213826433,Ниже
2021-02-05 22:00:00+05:00,35.305,35.52514421744038,Вниз,0.6196856403817287,True,-0.0155826378458883,-0.0380934556577102,0.022510817811821897,False,35.04257554170821,Зелёный,-0.22014421744037804,Ниже
2021-02-05 22:30:00+05:00,35.335,35.523252235177296,Вниз,0.5299408790923597,True,-0.0078379006360549,-0.0320423446533791,0.024204444017324203,False,35.09081798753739,Зелёный,-0.18825223517729484,Ниже
2021-02-05 23:00:00+05:00,35.36,35.52162783482727,Вниз,0.45501246614830826,True,0.0003135362165025,-0.0255711684794028,0.0258847046959053,False,35.15498618878365,Зелёный,-0.1616278348272715,Ниже
2021-02-05 23:30:00+05:00,35.395,35.52036785637128,Вниз,0.3529463908656835,True,0.0094884393207408,-0.0185592469193741,0.0280476862401149,False,35.17173756990529,Зелёный,-0.1253678563712768,Ниже
2021-02-06 00:00:00+05:00,35.35,35.51867265382032,Вниз,0.47488445152292014,True,0.0129788797662726,-0.0122516215822447,0.0252305013485173,False,35.191563812914765,Зелёный,-0.16867265382031604,Ниже
2021-02-06 00:30:00+05:00,35.35,35.516994318956435,Вниз,0.47018145020031704,True,0.0155656478672838,-0.006688167692339,0.0222538155596228,False,35.191563812914765,Зелёный,-0.16699431895643357,Ниже
2021-02-06 01:00:00+05:00,35.4,35.51583019637976,Вниз,0.3261368120618173,True,0.0214035357200259,-0.001069827009866,0.0224733627298919,False,35.204066688460955,Зелёный,-0.11583019637976122,Ниже
2021-02-06 01:30:00+05:00,35.385,35.51452840338096,Вниз,0.36471948017935213,True,0.024536883345732,0.0040515150612535,0.0204853682844785,False,35.204066688460955,Зелёный,-0.1295284033809594,Ниже
2021-02-08 12:00:00+05:00,35.68,35.51617488692941,Вверх,0.4612690234580339,True,0.0502449262622164,0.0132901973014461,0.036954728960770296,False,35.48714401765337,Зелёный,0.16382511307058678,Выше
2021-02-08 12:30:00+05:00,35.595,35.5169592164127,Вверх,0.2197282236685242,True,0.0630333367949376,0.0232388252001444,0.0397945115947932,False,35.48714401765337,Зелёный,0.07804078358729782,Выше
2021-02-08 13:00:00+05:00,35.655,35.5183327565479,Вверх,0.38477944443185375,True,0.0771207429183533,0.0340152087437862,0.043105534174567105,False,35.48714401765337,Зелёный,0.13666724345210213,Выше
2021-02-08 13:30:00+05:00,35.7,35.52014039081111,Вверх,0.5063595109985098,True,0.0908687591926096,0.0453859188335509,0.0454828403590587,False,35.48714401765337,Зелёный,0.17985960918889532,Выше
2021-02-08 14:00:00+05:00,35.79,35.52282556105179,Вверх,0.7521204598125987,True,0.1077839427785036,0.0578655236225414,0.0499184191559622,False,35.52432018998238,Зелёный,0.26717443894821,Выше
2021-02-08 14:30:00+05:00,35.88,35.52637953556869,Вверх,0.9953743360684257,True,0.1269877596303743,0.071689970824108,0.05529778880626629,False,35.546388170984144,Зелёный,0.3536204644313159,Выше
2021-02-08 15:00:00+05:00,36.2,35.53308222675706,Вверх,1.8768925504040344,True,0.1661133966552839,0.0905746559903432,0.0755387406649407,False,35.720249353885734,Зелёный,0.6669177732429432,Выше
2021-02-08 15:30:00+05:00,36.085,35.5385739458938,Вверх,1.5375576266456636,True,0.1857005664422644,0.1095998380807274,0.076100728361537,False,35.82547441849715,Зелёный,0.5464260541061989,Выше
2021-02-08 16:00:00+05:00,36.13,35.544458782253066,Вверх,1.6473488071206477,True,0.2025201374555152,0.128183897955685,0.0743362394998302,False,35.82547441849715,Зелёный,0.5855412177469361,Выше
2021-02-08 16:30:00+05:00,36.41,35.55307113267841,Вверх,2.41028085625476,True,0.2357261245746684,0.1496923432794817,0.08603378129518671,False,35.963734278982685,Зелёный,0.8569288673215851,Выше
2021-02-08 17:00:00+05:00,36.645,35.56393609653236,Вверх,3.0397757451067196,True,0.2778023124933781,0.175314337122261,0.10248797537111712,False,36.21761085108442,Зелёный,1.0810639034676441,Выше
2021-02-08 17:30:00+05:00,36.595,35.57419543885542,Вверх,2.869508497807431,True,0.3036135444810526,0.2009741785940193,0.10263936588703329,False,36.21761085108442,Зелёный,1.0208045611445797,Выше
2021-02-08 18:00:00+05:00,36.435,35.5827606583693,Вверх,2.3950905603223545,True,0.3076125035086505,0.2223018435769456,0.08531065993170489,False,36.21761085108442,Зелёный,0.8522393416306997,Выше
2021-02-08 18:30:00+05:00,36.595,35.59283269161936,Вверх,2.8156435793226735,True,0.3200035682338722,0.2418421885083309,0.07816137972554132,False,36.22388081044054,Зелёный,1.002167308380642,Выше
2021-02-08 19:00:00+05:00,36.5,35.60185923200126,Вверх,2.5227355744147,True,0.3184865554888603,0.2571710619044368,0.06131549358442351,False,36.22388081044054,Зелёный,0.8981407679987399,Выше
2021-02-08 19:30:00+05:00,36.48,35.610596951085824,Вверх,2.4414166662478904,True,0.3120730947286532,0.2681514684692801,0.04392162625937307,False,36.22388081044054,Зелёный,0.8694030489141724,Выше
2021-02-08 20:00:00+05:00,36.625,35.62069051376159,Вверх,2.8194554113161017,True,0.3150588665577984,0.2775329480869838,0.0375259184708146,False,36.22388081044054,Зелёный,1.0043094862384123,Выше
2021-02-08 20:30:00+05:00,36.6,35.63043488675899,Вверх,2.721171145742375,True,0.3118134300529078,0.2843890444801686,0.027424385572739185,False,36.333083949730046,Зелёный,0.9695651132410106,Выше
2021-02-08 21:00:00+05:00,36.465,35.638739017239,Вверх,2.318434954618713,True,0.2949480489729694,0.2865008453787288,0.008447203594240615,False,36.333083949730046,Зелёный,0.8262609827610063,Выше
2021-02-08 21:30:00+05:00,36.4,35.64631375338587,Вверх,2.1143455444745425,True,0.2731880148052283,0.2838382792640287,-0.010650264458800407,Выше,36.333083949730046,Зелёный,0.7536862466141301,Выше
2021-02-08 22:00:00+05:00,36.5,35.654808143899444,Вверх,2.3704849362516294,True,0.2610035092344347,0.27927132525811,-0.018267816023675276,False,36.333083949730046,Зелёный,0.8451918561005556,Выше
2021-02-08 22:30:00+05:00,36.4,35.66222298823875,Вверх,2.0687914267278327,True,0.2405056372432525,0.2715181876551385,-0.031012550411886025,False,36.333083949730046,Зелёный,0.7377770117612457,Выше
2021-02-08 23:00:00+05:00,36.425,35.669812809251304,Вверх,2.1171605098887083,True,0.223699547936846,0.26195445971148,-0.038254911774634026,False,36.333083949730046,Зелёный,0.7551871907486927,Выше
2021-02-08 23:30:00+05:00,36.425,35.677327109656765,Вверх,2.095652760211567,True,0.2079831013527737,0.2511601880397388,-0.04317708668696507,False,36.333083949730046,Зелёный,0.7476728903432317,Выше
2021-02-09 00:00:00+05:00,36.455,35.685065148366654,Вверх,2.1575828667601162,True,0.1956926306518269,0.2400666765621564,-0.04437404591032951,False,36.333083949730046,Зелёный,0.7699348516333444,Выше
2021-02-09 00:30:00+05:00,36.485,35.693024699129175,Вверх,2.218851743573714,True,0.1862263914342534,0.2292986195365758,-0.04307222810232239,False,36.333083949730046,Зелёный,0.7919753008708241,Выше
2021-02-09 01:00:00+05:00,36.48,35.70085529913784,Вверх,2.182425867205962,True,0.1762887237688204,0.2186966403830247,-0.04240791661420429,False,36.333083949730046,Зелёный,0.7791447008621546,Выше
2021-02-09 01:30:00+05:00,36.5,35.70880698770364,Вверх,2.21568032941792,True,0.1680892550991046,0.2085751633262407,-0.0404859082271361,False,36.333083949730046,Зелёный,0.7911930122963611,Выше
2021-02-09 12:00:00+05:00,36.825,35.71991338583594,Вверх,3.0937550218200327,True,0.1856755488182813,0.2039952404246489,-0.018319691606367594,False,36.50622306891879,Зелёный,1.1050866141640654,Выше
2021-02-09 12:30:00+05:00,36.795,35.73061076508136,Вверх,2.9789281854617617,True,0.1949448610048918,0.2021851645406975,-0.007240303535805681,False,36.53585076202691,Зелёный,1.064389234918643,Выше
2021-02-09 13:00:00+05:00,36.495,35.738216628115374,Вверх,2.117574527457699,True,0.1760539248433517,0.1969589166012283,-0.020904991757876606,False,36.93048431417577,Красный,0.7567833718846231,Выше
2021-02-09 13:30:00+05:00,36.715,35.74793586564657,Вверх,2.7052306963624586,True,0.176796878849629,0.1929265090509085,-0.0161296302012795,False,36.93048431417577,Красный,0.9670641343534356,Выше
2021-02-09 14:00:00+05:00,36.53,35.7557175983267,Вверх,2.1654785686906166,True,0.1606063513177957,0.186462477504286,-0.025856126186490302,False,36.93048431417577,Красный,0.7742824016733039,Выше
2021-02-09 14:30:00+05:00,36.645,35.76456617943787,Вверх,2.4617489169163194,True,0.1552649824388083,0.1802229784911904,-0.02495799605238211,False,36.93048431417577,Красный,0.880433820562132,Выше
2021-02-09 15:00:00+05:00,36.73,35.77417248611014,Вверх,2.6718368237894876,True,0.1560913745428607,0.1753966577015245,-0.019305283158663783,False,36.93048431417577,Красный,0.955827513889858,Выше
2021-02-09 15:30:00+05:00,37.08,35.78716579470606,Вверх,3.6125638244456413,True,0.1828802415811594,0.1768933744774515,0.00598686710370791,Выше,36.54612471732234,Зелёный,1.2928342052939357,Выше
2021-02-09 16:00:00+05:00,37.005,35.799283547992566,Вверх,3.367990452633086,True,0.1958016588723481,0.1806750313564308,0.015126627515917312,False,36.60851224559011,Зелёный,1.2057164520074366,Выше
2021-02-09 16:30:00+05:00,36.935,35.810584209206574,Вверх,3.1398979257767903,True,0.1981098728882671,0.1841619996627981,0.013947873225469004,False,36.6449110210311,Зелёный,1.124415790793428,Выше
2021-02-09 17:00:00+05:00,37.08,35.823215212100045,Вверх,3.508297009240666,True,0.2092275918706718,0.1891751181043728,0.02005247376629901,False,36.66066991892799,Зелёный,1.256784787899953,Выше
2021-02-09 17:30:00+05:00,37.095,35.83586978710403,Вверх,3.5136030473832154,True,0.2167502766361408,0.1946901498107265,0.022060126825414306,False,36.79910292703519,Зелёный,1.2591302128959683,Выше
2021-02-09 18:00:00+05:00,37.1,35.8484481971826,Вверх,3.491230069244015,True,0.2205728897528374,0.1998666977991486,0.020706191953688807,False,36.79910292703519,Зелёный,1.2515518028174029,Выше
2021-02-09 18:30:00+05:00,37.285,35.86274224497183,Вверх,3.965836592508703,True,0.2358119981519166,0.2070557578697022,0.028756240282214407,False,36.854523370898505,Зелёный,1.4222577550281699,Выше
2021-02-09 19:00:00+05:00,37.55,35.87953087935022,Вверх,4.655771911474973,True,0.2662037554657104,0.2188853573889039,0.04731839807680649,False,37.07582103380865,Зелёный,1.670469120649777,Выше
2021-02-09 19:30:00+05:00,37.655,35.897197238759674,Вверх,4.896768818882483,True,0.2953573686834545,0.234179759647814,0.06117760903564051,False,37.26723893042779,Зелёный,1.7578027612403275,Выше
2021-02-09 20:00:00+05:00,37.495,35.913095773697385,Вверх,4.404811649407269,True,0.302069089937433,0.2477576257057378,0.05431146423169517,False,37.26723893042779,Зелёный,1.581904226302612,Выше
2021-02-09 20:30:00+05:00,37.5,35.9288858655014,Вверх,4.372844012976118,True,0.3042840386129128,0.2590629082871729,0.04522113032573993,False,37.26723893042779,Зелёный,1.5711141344986004,Выше
2021-02-09 21:00:00+05:00,37.25,35.942031279775016,Вверх,3.639106287687733,True,0.2826087529471195,0.2637720772191622,0.01883667572795733,False,37.78540281971814,Красный,1.3079687202249843,Выше
2021-02-09 21:30:00+05:00,37.24,35.95494639141905,Вверх,3.5740662622365673,True,0.2616083581611335,0.2633393334075564,-0.0017309752464229056,Выше,37.680362537746326,Красный,1.2850536085809523,Выше
2021-02-09 22:00:00+05:00,37.335,35.96867826812135,Вверх,3.7986431463888555,True,0.2497521131503361,0.2606218893561124,-0.01086977620577631,False,37.622326283971695,Красный,1.3663217318786494,Выше
2021-02-09 22:30:00+05:00,37.36,35.98252226545348,Вверх,3.8281855962860654,True,0.2396111563680847,0.2564197427585069,-0.01680858639042218,False,37.622326283971695,Красный,1.3774777345465168,Выше
2021-02-09 23:00:00+05:00,37.45,35.99712403395643,Вверх,4.036089007202517,True,0.2361148380188211,0.2523587618105697,-0.016243923791748605,False,37.622326283971695,Красный,1.452875966043571,Выше
2021-02-09 23:30:00+05:00,37.45,36.011580511230505,Вверх,3.9943247931617845,True,0.2306847898760224,0.2480239674236602,-0.017339177547637807,False,37.622326283971695,Красный,1.4384194887694974,Выше
2021-02-10 00:00:00+05:00,37.435,36.02574388922822,Вверх,3.9118029459848476,True,0.222605010962134,0.242940176131355,-0.020335165169220987,False,37.622326283971695,Красный,1.4092561107717856,Выше
2021-02-10 00:30:00+05:00,37.42,36.03961708436028,Вверх,3.830181970048597,True,0.2125413094089481,0.2368604027868736,-0.024319093377925483,False,37.622326283971695,Красный,1.3803829156397214,Выше
2021-02-10 01:00:00+05:00,37.545,36.05459601884426,Вверх,4.133742007195895,True,0.212206029737267,0.2319295281769523,-0.019723498439685322,False,37.622326283971695,Красный,1.490403981155744,Выше
2021-02-10 01:30:00+05:00,37.585,36.06982391915427,Вверх,4.200675013667381,True,0.2127159270915015,0.2280868079598622,-0.015370880868360692,False,37.622326283971695,Красный,1.515176080845734,Выше
2021-02-10 12:00:00+05:00,37.33,36.08236298463532,Вверх,3.457747531379675,True,0.190349425849476,0.220539331537785,-0.030189905688308982,False,37.622326283971695,Красный,1.2476370153646812,Выше
2021-02-10 12:30:00+05:00,37.205,36.09353350220114,Вверх,3.0794061704462274,True,0.1606850795675569,0.2085684811437394,-0.04788340157618251,False,37.58037500006886,Красный,1.1114664977988582,Выше
2021-02-10 13:00:00+05:00,37.265,36.10518988526381,Вверх,3.21230858616689,True,0.1403989384114368,0.1949345725972789,-0.05453563418584209,False,37.58037500006886,Красный,1.1598101147361888,Выше
2021-02-10 13:30:00+05:00,36.895,36.11304869237562,Вверх,2.1652874402417095,True,0.093389580657643,0.1746255742093517,-0.08123599355170871,False,37.43132875005578,Красный,0.7819513076243823,Выше
2021-02-10 14:00:00+05:00,37.04,36.12227208847139,Вверх,2.540615134288593,True,0.0670615701023109,0.1531127733879436,-0.0860512032856327,False,37.36569587505021,Красный,0.9177279115286083,Выше
2021-02-10 14:30:00+05:00,37.11,36.132100226894565,Вверх,2.706457047790277,True,0.0512540225720385,0.1327410232247626,-0.0814870006527241,False,37.36569587505021,Красный,0.9778997731054346,Выше
2021-02-10 15:00:00+05:00,37.145,36.14217883160208,Вверх,2.7746560966077487,True,0.0410771232526272,0.1144082432303355,-0.0733311199777083,False,37.36569587505021,Красный,1.0028211683979222,Выше
2021-02-10 15:30:00+05:00,37.075,36.15146063427271,Вверх,2.5546391474200894,True,0.0270516081362544,0.0969369162115193,-0.0698853080752649,False,37.36569587505021,Красный,0.9235393657272937,Выше
2021-02-10 16:00:00+05:00,37.12,36.16109784189189,Вверх,2.651750680526191,True,0.0193444198469379,0.081418416938603,-0.0620739970916651,False,37.36569587505021,Красный,0.9589021581081099,Выше
2021-02-10 16:30:00+05:00,37.025,36.1696938832661,Вверх,2.364703775194533,True,0.0055072276562029,0.066236179082123,-0.060728951425920094,False,37.36569587505021,Красный,0.8553061167338996,Выше
2021-02-10 17:00:00+05:00,36.985,36.17780638194007,Вверх,2.2311845266076635,True,-0.0085875209565529,0.0512714390743878,-0.059858960030940704,False,37.36569587505021,Красный,0.8071936180599266,Выше
2021-02-10 17:30:00+05:00,37.11,36.18708194032872,Вверх,2.5504075216485904,True,-0.0095610417106257,0.0391049429173851,-0.048665984628010805,False,37.36569587505021,Красный,0.9229180596712823,Выше
2021-02-10 18:00:00+05:00,37.15,36.19666321455431,Вверх,2.633769803019739,True,-0.0070239307149861,0.0298791681909108,-0.0369030989058969,False,37.36569587505021,Красный,0.9533367854456856,Выше
2021-02-10 18:30:00+05:00,37.255,36.20719392883735,Вверх,2.893916808969074,True,0.00341994748063,0.0245873240488546,-0.0211673765682246,False,37.36569587505021,Красный,1.047806071162654,Выше
2021-02-10 19:00:00+05:00,37.25,36.21757010864991,Вверх,2.8506326853316812,True,0.0111646389731419,0.0219027870337121,-0.0107381480605702,False,37.36569587505021,Красный,1.0324298913500911,Выше
2021-02-10 19:30:00+05:00,37.335,36.22868881403648,Вверх,3.053688174149128,True,0.0238858116356723,0.0222993919541041,0.0015864196815681998,Выше,37.36569587505021,Красный,1.10631118596352,Выше
2021-02-10 20:00:00+05:00,37.02,36.2365625571804,Вверх,2.1620081694651896,True,0.008452134244365,0.0195299404121563,-0.0110778061677913,Выше,37.36569587505021,Красный,0.7834374428196043,Выше
2021-02-10 20:30:00+05:00,36.99,36.24405944715871,Вверх,2.058104318940374,True,-0.0061292612530294,0.0143981000791191,-0.0205273613321485,False,37.340900920124334,Красный,0.7459405528412901,Выше
2021-02-10 21:00:00+05:00,36.8,36.24959119395315,Вверх,1.5183862435906883,True,-0.0326402775401319,0.0049904245552689,-0.0376307020954008,False,37.2345608281119,Красный,0.5504088060468462,Выше
2021-02-10 21:30:00+05:00,36.875,36.25581416714765,Вверх,1.707824929810604,True,-0.0470561418386807,-0.0054188887235209,-0.0416372531151598,False,37.17260474530071,Красный,0.6191858328523523,Выше
2021-02-10 22:00:00+05:00,36.82,36.26142795652926,Вверх,1.540402777685325,True,-0.062201834473285,-0.0167754778734738,-0.0454263565998112,False,37.17260474530071,Красный,0.5585720434707397,Выше
2021-02-10 22:30:00+05:00,36.79,36.266687379847376,Вверх,1.4429567682087692,True,-0.0757524274551144,-0.0285708677898019,-0.0471815596653125,False,37.12468484369357,Красный,0.5233126201526233,Выше
2021-02-10 23:00:00+05:00,36.885,36.27283974422701,Вверх,1.6876546200671254,True,-0.0779273658032124,-0.038442167392484,-0.039485198410728395,False,37.12468484369357,Красный,0.6121602557729915,Выше
2021-02-10 23:30:00+05:00,36.91,36.27917964726953,Вверх,1.738794423864389,True,-0.076749014186447,-0.0461035367512766,-0.030645477435170404,False,37.12468484369357,Красный,0.630820352730467,Выше
2021-02-11 00:00:00+05:00,36.905,36.2854067154559,Вверх,1.7075550217828595,True,-0.0753500319888544,-0.0519528357987922,-0.023397196190062197,False,37.12468484369357,Красный,0.6195932845441021,Выше
2021-02-11 00:30:00+05:00,36.955,36.292069335202605,Вверх,1.826654354356045,True,-0.0694066695036852,-0.0554436025397708,-0.013963066963914396,False,37.12468484369357,Красный,0.6629306647973934,Выше
2021-02-11 01:00:00+05:00,36.985,36.29896416768816,Вверх,1.889959804755306,True,-0.0615660673343612,-0.0566680954986889,-0.004897971835672303,False,37.12468484369357,Красный,0.6860358323118376,Выше
2021-02-11 01:30:00+05:00,36.9,36.30494462373106,Вверх,1.6390477452483831,True,-0.0615021645824995,-0.057634909315451,-0.0038672552670485014,False,37.12468484369357,Красный,0.5950553762689381,Выше
2021-02-11 12:00:00+05:00,36.29,36.30479592100737,Вниз,0.0407547284925182,True,-0.1094121876164209,-0.067990364975645,-0.04142182264077589,False,36.838203364715625,Красный,-0.014795921007369373,Ниже
2021-02-11 12:30:00+05:00,36.25,36.30425068796252,Вниз,0.14943343254433344,True,-0.1488925511032093,-0.0841708022011579,-0.06472174890205139,False,36.554883028244056,Красный,-0.05425068796252219,Ниже
2021-02-11 13:00:00+05:00,36.37,36.30490490997284,Вверх,0.17930108944941853,True,-0.1685550290361277,-0.1010476475681518,-0.06750738146797591,False,36.554883028244056,Красный,0.06509509002715674,Выше
2021-02-11 13:30:00+05:00,36.475,36.30659739843082,Вверх,0.4638347122456113,True,-0.1736631809318751,-0.1155707542408965,-0.05809242669097861,False,36.554883028244056,Красный,0.16840260156918418,Выше
2021-02-11 14:00:00+05:00,36.525,36.30877055864544,Вверх,0.5955295043805071,True,-0.1716976226629398,-0.1267961279253052,-0.044901494737634606,False,36.554883028244056,Красный,0.21622944135455668,Выше
2021-02-11 14:30:00+05:00,36.55,36.31117085159425,Вверх,0.6577291307456233,True,-0.1662066852993859,-0.1346782394001213,-0.031528445899264596,False,36.554883028244056,Красный,0.23882914840574898,Выше
2021-02-11 15:00:00+05:00,36.55,36.313547261031125,Вверх,0.6511419478498991,True,-0.1600105755666945,-0.139744706633436,-0.02026586893325852,False,36.554883028244056,Красный,0.23645273896887176,Выше
2021-02-11 15:30:00+05:00,36.64,36.31679554699102,Вверх,0.8899586214614752,True,-0.1461531041172392,-0.1410263861301967,-0.005126717987042506,False,36.30345404858694,Зелёный,0.3232044530089837,Выше
2021-02-11 16:00:00+05:00,36.695,36.32055877537916,Вверх,1.0309346476097256,True,-0.1292430839888396,-0.1386697257019253,0.009426641713085687,Ниже,36.34460864372825,Зелёный,0.3744412246208384,Выше
2021-02-11 16:30:00+05:00,36.49,36.3222447577137,Вверх,0.46185262889259765,True,-0.1308749134154325,-0.1371107632446267,0.006235849829194201,False,36.34460864372825,Зелёный,0.16775524228630445,Выше
2021-02-11 17:00:00+05:00,36.44,36.3234164516668,Вверх,0.3209597546759572,True,-0.1346505642377948,-0.1366187234432603,0.001968159205465475,False,36.34460864372825,Зелёный,0.11658354833319606,Выше
2021-02-11 17:30:00+05:00,36.66,36.32676554169996,Вверх,0.9173248796882546,True,-0.1185243583095925,-0.1329998504165268,0.014475492106934287,False,36.34460864372825,Зелёный,0.3332344583000335,Выше
2021-02-11 18:00:00+05:00,36.855,36.33202160596166,Вверх,1.43944204291821,True,-0.0889836059919417,-0.1241966015316098,0.0352129955396681,False,36.465487981150105,Зелёный,0.5229783940383399,Выше
2021-02-11 18:30:00+05:00,37.095,36.33961343077796,Вверх,2.0786863092557355,True,-0.045679784592167,-0.1084932381437212,0.0628134535515542,False,36.5506891830351,Зелёный,0.7553865692220398,Выше
2021-02-11 19:00:00+05:00,37.215,36.34832374489957,Вверх,2.3843637499846184,True,-0.0016590722750535,-0.0871264049699877,0.0854673326949342,False,36.81812026473159,Зелёный,0.8666762551004368,Выше
2021-02-11 19:30:00+05:00,37.085,36.35565385689062,Вверх,2.006142279768532,True,0.0224786262329388,-0.0652053987294024,0.08768402496234119,False,36.81812026473159,Зелёный,0.7293461431093817,Выше
2021-02-11 20:00:00+05:00,37.34,36.36544834587679,Вверх,2.679883511552272,True,0.0614756421439537,-0.0398691905547311,0.1013448326986848,False,36.81927741443258,Зелёный,0.9745516541232107,Выше
2021-02-11 20:30:00+05:00,37.37,36.375443884723786,Вверх,2.7341415225832733,True,0.0937214450127612,-0.0131510634412326,0.10687250845399379,False,36.98909967298932,Зелёный,0.994556115276211,Выше
2021-02-11 21:00:00+05:00,37.2,36.38364842318425,Вверх,2.243732039515759,True,0.1043559464625403,0.0103503385395219,0.0940056079230184,False,36.98909967298932,Зелёный,0.8163515768157552,Выше
2021-02-11 21:30:00+05:00,36.96,36.38938326474461,Вверх,1.568085754858689,True,0.0923532801173507,0.0267509268550876,0.0656023532622631,False,37.39620426487865,Красный,0.5706167352553919,Выше
2021-02-11 22:00:00+05:00,36.99,36.39535955066755,Вверх,1.6338358974160634,True,0.0842901850592454,0.0382587784959192,0.0460314065633262,False,37.36758383839079,Красный,0.5946404493324522,Выше
2021-02-11 22:30:00+05:00,36.92,36.40057985364598,Вверх,1.4269556925808036,True,0.071428327847812,0.0448926883662978,0.026535639481514203,False,37.29832545455171,Красный,0.5194201463540224,Выше
2021-02-11 23:00:00+05:00,36.93,36.40584771579876,Вверх,1.4397475051069357,True,0.0613350969516872,0.0481811700833757,0.013153926868311502,False,37.26574290909653,Красный,0.5241522842012429,Выше
2021-02-11 23:30:00+05:00,36.97,36.41146117136295,Вверх,1.5339643361424053,True,0.0559192026945964,0.0497287766056198,0.006190426088976603,False,37.26574290909653,Красный,0.5585388286370474,Выше
2021-02-12 00:00:00+05:00,37.025,36.41756603532949,Вверх,1.6679696937494954,True,0.0554261892146001,0.0508682591274159,0.004557930087184199,False,37.26574290909653,Красный,0.6074339646705056,Выше
2021-02-12 00:30:00+05:00,36.85,36.421868860848605,Вверх,1.175478229266848,True,0.0404481736480519,0.0487842420315431,-0.0083360683834912,Выше,37.240186580731375,Красный,0.42813113915139667,Выше
2021-02-12 01:00:00+05:00,36.855,36.42617862342723,Вверх,1.17723404644202,True,0.0286511737181669,0.0447576283688679,-0.016106454650701003,False,37.14766792265824,Красный,0.4288213765727704,Выше
2021-02-12 01:30:00+05:00,36.815,36.430047492845866,Вверх,1.0566895561410652,True,0.015891117662349,0.0389843262275641,-0.0230932085652151,False,37.13065113039241,Красный,0.3849525071541322,Выше
2021-02-12 12:00:00+05:00,36.6,36.4317385625688,Вверх,0.461853987951252,True,-0.011438169762151,0.0288998270296211,-0.0403379967917721,False,37.13065113039241,Красный,0.16826143743119815,Выше
2021-02-12 12:30:00+05:00,36.25,36.42993021866264,Вниз,0.4939076676311182,True,-0.0606398830461643,0.010991885014464,-0.07163176806062829,False,36.74495241561786,Красный,-0.17993021866264058,Ниже
2021-02-12 13:00:00+05:00,36.185,36.42749310205903,Вниз,0.66568704406761,True,-0.1036823662966455,-0.0119429652477578,-0.0917394010488877,False,36.61670717405607,Красный,-0.2424931020590293,Ниже
2021-02-12 13:30:00+05:00,36.025,36.42348819557088,Вниз,1.0940418266126986,True,-0.1489870769197168,-0.0393517875821496,-0.1096352893375672,False,36.40603645665047,Красный,-0.39848819557088433,Ниже
2021-02-12 14:00:00+05:00,36.2,36.42126443243088,Вниз,0.6075144174123073,True,-0.1688242481837178,-0.0652462797024633,-0.1035779684812545,False,36.40603645665047,Красный,-0.22126443243087834,Ниже
2021-02-12 14:30:00+05:00,36.365,36.42070458733206,Вниз,0.15294758287414975,True,-0.1692798752631077,-0.0860529988145922,-0.0832268764485155,False,36.40603645665047,Красный,-0.055704587332058964,Ниже
2021-02-12 15:00:00+05:00,36.375,36.42024981531881,Вниз,0.12424356106360103,True,-0.1669100118607644,-0.1022244014238266,-0.0646856104369378,False,36.40603645665047,Красный,-0.04524981531881167,Ниже
2021-02-12 15:30:00+05:00,36.395,36.41999857337534,Вниз,0.06863968795871928,True,-0.1615557312821707,-0.1140906673954954,-0.04746506388667532,False,36.40603645665047,Красный,-0.024998573375334843,Ниже
2021-02-12 16:00:00+05:00,36.21,36.4179090353318,Вниз,0.570897783093735,True,-0.1702775259139599,-0.1253280390991883,-0.044949486814771594,False,36.40603645665047,Красный,-0.20790903533180227,Ниже
2021-02-12 16:30:00+05:00,36.325,36.41698456731855,Вниз,0.2525869959071154,True,-0.1659965669968315,-0.133461744678717,-0.0325348223181145,False,36.40603645665047,Красный,-0.09198456731854776,Ниже
2021-02-12 17:00:00+05:00,36.365,36.41646730794225,Вниз,0.1413297657541366,True,-0.1575599573951223,-0.138281387221998,-0.019278570173124288,False,36.40603645665047,Красный,-0.05146730794224652,Ниже
2021-02-12 17:30:00+05:00,36.34,36.41570643920651,Вниз,0.20789501731318252,True,-0.1511488250018189,-0.1408548747779622,-0.01029395022385668,False,36.40603645665047,Красный,-0.0757064392065061,Ниже
2021-02-12 18:00:00+05:00,36.46,36.41614717115471,Вверх,0.1204213851596704,True,-0.134830714722149,-0.1396500427667996,0.0048193280446506,Ниже,36.11837825916516,Зелёный,0.04385282884528863,Выше
2021-02-12 18:30:00+05:00,36.365,36.415638244078536,Вниз,0.1390563134967671,True,-0.1280876857027735,-0.1373375713539943,0.009249885651220785,False,36.13904043324864,Зелёный,-0.050638244078534456,Ниже
2021-02-12 19:00:00+05:00,36.23,36.41379109737129,Вниз,0.5047293671780271,True,-0.1321142278020985,-0.1362929026436152,0.004178674841516711,False,36.13904043324864,Зелёный,-0.18379109737129085,Ниже
2021-02-12 19:30:00+05:00,36.5,36.41464889739745,Вверх,0.2343867239885747,True,-0.1122248892439969,-0.1314792999636916,0.019254410719694692,False,36.13904043324864,Зелёный,0.08535110260255152,Выше
2021-02-12 20:00:00+05:00,36.49,36.4153986596124,Вверх,0.20486207245711385,True,-0.096160878815354,-0.1244156157340241,0.0282547369186701,False,36.13904043324864,Зелёный,0.07460134038760202,Выше
2021-02-12 20:30:00+05:00,36.505,36.41629021523815,Вверх,0.24359918112892626,True,-0.0812826839915956,-0.1157890293855384,0.03450634539394279,False,36.22974392825443,Зелёный,0.08870978476185343,Выше
2021-02-12 21:00:00+05:00,36.755,36.41966046185269,Вверх,0.9207651413954182,True,-0.0487566603092588,-0.1023825555702825,0.0536258952610237,False,36.28451953542898,Зелёный,0.3353395381473092,Выше
2021-02-12 21:30:00+05:00,36.77,36.4231464274064,Вверх,0.9522888784056669,True,-0.0215210957682998,-0.0862102636098859,0.0646891678415861,False,36.37456758188608,Зелёный,0.34685357259360217,Выше
2021-02-12 22:00:00+05:00,36.755,36.42644845300435,Вверх,0.9019587715764726,True,-0.0011340170451106,-0.0691950142969309,0.0680609972518203,False,36.45336082369747,Зелёный,0.32855154699565503,Выше
2021-02-12 22:30:00+05:00,36.74,36.42956836889485,Вверх,0.8521419412979194,True,0.0136551075049098,-0.0526249899365627,0.0662800974414725,False,36.45336082369747,Зелёный,0.31043163110515337,Выше
2021-02-12 23:00:00+05:00,36.7,36.432259230895895,Вверх,0.7349002635473516,True,0.0218955314970301,-0.0377208856498441,0.0596164171468742,False,36.45336082369747,Зелёный,0.26774076910410827,Выше
2021-02-12 23:30:00+05:00,36.71,36.435022820638224,Вверх,0.7547056597588266,True,0.0288999032116947,-0.0243967278775363,0.053296631089231,False,36.45336082369747,Зелёный,0.2749771793617768,Выше
2021-02-13 00:00:00+05:00,36.705,36.43770916073138,Вверх,0.7335555539168618,True,0.0336594548033915,-0.0127854913413508,0.046444946144742295,False,36.45671653642791,Зелёный,0.2672908392686182,Выше
2021-02-13 00:30:00+05:00,36.76,36.440916034753954,Вверх,0.8756200446271203,True,0.0413923290726288,-0.0019499272585548,0.0433422563311836,False,36.48879488278512,Зелёный,0.319083965246044,Выше
2021-02-13 01:00:00+05:00,36.7,36.4434939846569,Вверх,0.7038458372051211,True,0.042192816559087,0.0068786215049734,0.0353141950541136,False,36.49191539450661,Зелёный,0.25650601534310624,Выше
2021-02-13 01:30:00+05:00,36.75,36.44654379575485,Вверх,0.8326062573881055,True,0.0463277532899795,0.0147684478619746,0.0315593054280049,False,36.521973855055954,Зелёный,0.3034562042451512,Выше
2021-02-15 12:00:00+05:00,36.965,36.451702563956296,Вверх,1.4081576440581947,True,0.06619042163139,0.0250528426158577,0.04113757901553229,False,36.72827646955035,Зелёный,0.5132974360437075,Выше
2021-02-15 12:30:00+05:00,36.875,36.4559144787428,Вверх,1.149567984370733,True,0.0738185472933921,0.0348059835513646,0.0390125637420275,False,36.72827646955035,Зелёный,0.4190855212572018,Выше
2021-02-15 13:00:00+05:00,36.85,36.45983572771053,Вверх,1.0701207630316854,True,0.0769594600223868,0.043236678845569,0.0337227811768178,False,36.72827646955035,Зелёный,0.3901642722894749,Выше
2021-02-15 13:30:00+05:00,36.665,36.46187716325571,Вверх,0.5570827739746439,True,0.0637854234422832,0.0473464277649119,0.016438995677371303,False,36.99045645369779,Красный,0.2031228367442921,Выше
2021-02-15 14:00:00+05:00,36.94,36.466634604417344,Вверх,1.298078094448873,True,0.0746743073360249,0.0528120036791345,0.021862303656890396,False,36.99045645369779,Красный,0.473365395582654,Выше
2021-02-15 14:30:00+05:00,36.87,36.47064819044304,Вверх,1.0949950970753581,True,0.0767704493344112,0.0576036928101898,0.019166756524221396,False,36.99045645369779,Красный,0.39935180955695415,Выше
2021-02-15 15:00:00+05:00,36.9,36.47492034775207,Вверх,1.1654025511096915,True,0.0799310113065416,0.0620691565094602,0.017861854797081397,False,36.99045645369779,Красный,0.42507965224793054,Выше
2021-02-15 15:30:00+05:00,36.825,36.47840372737642,Вверх,0.9501410073036481,True,0.0755134343752246,0.0647580120826131,0.010755422292611505,False,36.99045645369779,Красный,0.34659627262358583,Выше
2021-02-15 16:00:00+05:00,36.83,36.48190219775079,Вверх,0.9541657130769565,True,0.0715906782680662,0.0661245453197037,0.005466132948362498,False,36.99045645369779,Красный,0.3480978022492067,Выше
2021-02-15 16:30:00+05:00,36.955,36.48660963856919,Вверх,1.283732213188921,True,0.0776729556397484,0.0684342273837126,0.009238728256035791,False,36.99045645369779,Красный,0.4683903614308065,Выше
2021-02-15 17:00:00+05:00,36.95,36.491220487936666,Вверх,1.2572325779429645,True,0.0811542503823545,0.070978231983441,0.010176018398913508,False,36.99045645369779,Красный,0.45877951206333734,Выше
2021-02-15 17:30:00+05:00,37.055,36.49683023432535,Вверх,1.5293650492137494,True,0.0913329941221974,0.0750491844111923,0.016283809711005112,False,36.726635739725225,Зелёный,0.5581697656746485,Выше
2021-02-15 18:00:00+05:00,37.125,36.50308067975495,Вверх,1.7037447488369724,True,0.1038510070907747,0.0808095489471088,0.0230414581436659,False,36.7699721657527,Зелёный,0.6219193202450484,Выше
2021-02-15 18:30:00+05:00,37.11,36.509119677966346,Вверх,1.6458362385447793,True,0.1112784986520125,0.0869033388880895,0.024375159763923,False,36.77997494917743,Зелёный,0.6008803220336532,Выше
2021-02-15 19:00:00+05:00,37.08,36.51480007918062,Вверх,1.5478653028190545,True,0.1134364649902792,0.0922099641085275,0.02122650088175171,False,36.84697745425968,Зелёный,0.5651999208193814,Выше
2021-02-15 19:30:00+05:00,37.155,36.521170227646486,Вверх,1.7355133157088882,True,0.1198173620930163,0.0977314437054252,0.022085918387591094,False,36.90777970883372,Зелёный,0.6338297723535149,Выше
2021-02-15 20:00:00+05:00,37.18,36.52772574776941,Вверх,1.7856963139032054,True,0.1254455024203125,0.1032742554484027,0.022171246971909794,False,36.90777970883372,Зелёный,0.6522742522305904,Выше
2021-02-15 20:30:00+05:00,37.2,36.53441504381151,Вверх,1.821802690395719,True,0.1300208772930418,0.1086235798173305,0.021397297475711285,False,36.96942656415531,Зелёный,0.6655849561884963,Выше
2021-02-15 21:00:00+05:00,37.385,36.542878575713885,Вверх,2.3044747899137312,True,0.1468816880646315,0.1162752014667907,0.030606486597840807,False,37.03748390773978,Зелёный,0.8421214242861126,Выше
2021-02-15 21:30:00+05:00,37.4,36.551407147099816,Вверх,2.3216420902348607,True,0.1596144407994657,0.1249430493333257,0.03467139146614001,False,37.1059855169658,Зелёный,0.8485928529001825,Выше
2021-02-15 22:00:00+05:00,37.415,36.560000110810265,Вверх,2.3386211340216145,True,0.1689678574344597,0.1337480109535525,0.0352198464809072,False,37.16038696526922,Зелёный,0.8549998891897346,Выше
2021-02-15 22:30:00+05:00,37.415,36.56850757239424,Вверх,2.314812618289027,True,0.1743704732318534,0.1418725034092127,0.03249796982264069,False,37.16038696526922,Зелёный,0.8464924276057602,Выше
2021-02-15 23:00:00+05:00,37.31,36.57588560649977,Вверх,2.0070994353989837,True,0.1682400956003817,0.1471460218474465,0.021094073752935205,False,37.16038696526922,Зелёный,0.734114393500235,Выше
2021-02-15 23:30:00+05:00,37.37,36.583787242256,Вверх,2.1490742676195196,True,0.1663061519221642,0.1509780478623901,0.015328104059774084,False,37.16038696526922,Зелёный,0.7862127577439963,Выше
2021-02-16 00:00:00+05:00,37.3,36.59091373735792,Вверх,1.9378752543097182,True,0.1573116814970987,0.1522447745893318,0.005066906907766899,False,37.16038696526922,Зелёный,0.7090862626420744,Выше
2021-02-16 00:30:00+05:00,37.385,36.59881509320511,Вверх,2.1481157376071685,True,0.1552526327994314,0.1528463462313517,0.002406286568079702,False,37.16038696526922,Зелёный,0.7861849067948867,Выше
2021-02-16 01:00:00+05:00,37.36,36.6063890723772,Вверх,2.0586868760335304,True,0.1498758552408645,0.1522522480332543,-0.0023763927923897976,Выше,37.16051888670964,Зелёный,0.7536109276228018,Выше
2021-02-16 01:30:00+05:00,37.415,36.61443495225405,Вверх,2.186473855980301,True,0.1483427576637481,0.1514703499593531,-0.0031275922956049973,False,37.18771699803867,Зелёный,0.8005650477459483,Выше
2021-02-16 12:00:00+05:00,37.3,36.62125649501768,Вверх,1.8534140276553794,True,0.1362773079077328,0.148431741549029,-0.012154433641296203,False,37.18771699803867,Зелёный,0.6787435049823145,Выше
2021-02-16 12:30:00+05:00,37.43,36.62930369407224,Вверх,2.18594465408125,True,0.1356416728235814,0.1458737278039395,-0.010232054980358118,False,37.18771699803867,Зелёный,0.8006963059277581,Выше
2021-02-16 13:00:00+05:00,37.33,36.63627579661878,Вверх,1.8935445492121779,True,0.1256206861015485,0.1418231194634613,-0.016202433361912794,False,37.18771699803867,Зелёный,0.6937242033812154,Выше
2021-02-16 13:30:00+05:00,37.34,36.6432780274982,Вверх,1.9013636606936877,True,0.1171356317056293,0.1368856219118949,-0.01974999020626561,False,37.18771699803867,Зелёный,0.6967219725018055,Выше
2021-02-16 14:00:00+05:00,37.16,36.6484195396624,Вверх,1.3959141124324468,True,0.0947939437121831,0.1284672862719525,-0.033673342559769406,False,37.550143864828144,Красный,0.5115804603375977,Выше
2021-02-16 14:30:00+05:00,37.33,36.655201434790136,Вверх,1.840935361957657,True,0.0897707529057854,0.1207279795987191,-0.0309572266929337,False,37.54337947834533,Красный,0.674798565209862,Выше
2021-02-16 15:00:00+05:00,37.305,36.66166709215541,Вверх,1.7547835624262802,True,0.0828178740357472,0.1131459584861247,-0.030328084450377504,False,37.54337947834533,Красный,0.643332907844588,Выше
2021-02-16 15:30:00+05:00,37.335,36.66836692208422,Вверх,1.8180059104685429,True,0.0788198307724883,0.1062807329433975,-0.0274609021709092,False,37.54337947834533,Красный,0.6666330779157832,Выше
2021-02-16 16:00:00+05:00,37.31,36.6747513308197,Вверх,1.7321144551196095,True,0.0727949270104133,0.0995835717568006,-0.0267886447463873,False,37.54337947834533,Красный,0.6352486691802994,Выше
2021-02-16 16:30:00+05:00,37.3,36.680972710612544,Вверх,1.6875978024660085,True,0.0664472681995604,0.0929563110453526,-0.026509042845792197,False,37.54337947834533,Красный,0.6190272893874535,Выше
2021-02-16 17:00:00+05:00,37.365,36.68777895229799,Вверх,1.845903641598325,True,0.065901982599037,0.0875454453560895,-0.021643462757052506,False,37.54337947834533,Красный,0.6772210477020124,Выше
2021-02-16 17:30:00+05:00,37.335,36.69421896272289,Вверх,1.746272452148574,True,0.0623305823980615,0.0825024727644839,-0.020171890366422397,False,37.54337947834533,Красный,0.6407810372771081,Выше
2021-02-16 18:00:00+05:00,37.4,36.70124165961122,Вверх,1.903909265167298,True,0.0640073419853592,0.078803446608659,-0.014796104623299791,False,37.54337947834533,Красный,0.6987583403887783,Выше
2021-02-16 18:30:00+05:00,37.32,36.70739845901808,Вверх,1.668877574273912,True,0.0582098477362578,0.0746847268341787,-0.016474879097920905,False,37.54337947834533,Красный,0.6126015409819203,Выше
2021-02-16 19:00:00+05:00,37.315,36.71344424549551,Вверх,1.6385162625495029,True,0.0526054309002219,0.0702688676473874,-0.017663436747165508,False,37.54337947834533,Красный,0.6015557545044885,Выше
2021-02-16 19:30:00+05:00,37.405,36.72032539728163,Вверх,1.8645657284100752,True,0.0547945011181454,0.067173994341539,-0.012379493223393608,False,37.54337947834533,Красный,0.6846746027183741,Выше
2021-02-16 20:00:00+05:00,37.48,36.72788434855246,Вверх,2.04780554281282,True,0.0618680518459413,0.0661128058424194,-0.004244753996478091,False,37.54337947834533,Красный,0.7521156514475393,Выше
2021-02-16 20:30:00+05:00,37.4,36.734572066477305,Вверх,1.8114487146290719,True,0.0603231921387035,0.0649548831016763,-0.0046316909629727995,False,37.54337947834533,Красный,0.6654279335226931,Выше
2021-02-16 21:00:00+05:00,37.24,36.7396012001442,Вверх,1.3620147838018384,True,0.0456618554206187,0.0610962775654647,-0.015434422144846,False,37.54337947834533,Красный,0.5003987998558017,Выше
2021-02-16 21:30:00+05:00,37.26,36.74477929765521,Вверх,1.4021602856046251,True,0.0352501317193301,0.0559270483962378,-0.0206769166769077,False,37.49017946583693,Красный,0.5152207023447914,Выше
2021-02-16 22:00:00+05:00,37.23,36.7496073643452,Вверх,1.3072048114475256,True,0.0242979250391783,0.0496012237248259,-0.0253032986856476,False,37.46041151925324,Красный,0.48039263565479473,Выше
2021-02-16 22:30:00+05:00,37.305,36.75513365922734,Вверх,1.4960259589060594,True,0.0214231428819218,0.0439656075562451,-0.022542464674323304,False,37.46041151925324,Красный,0.5498663407726596,Выше
2021-02-16 23:00:00+05:00,37.32,36.760754219832044,Вверх,1.5213120406170788,True,0.0201232634951082,0.0391971387440177,-0.0190738752489095,False,37.46041151925324,Красный,0.5592457801679558,Выше
2021-02-16 23:30:00+05:00,37.29,36.7660203469979,Вверх,1.4251737013056573,True,0.0164823521408195,0.0346541814233781,-0.018171829282558602,False,37.46041151925324,Красный,0.523979653002101,Выше
2021-02-17 00:00:00+05:00,37.25,36.770836064938216,Вверх,1.3031086217772387,True,0.0102510700012317,0.0297735591389488,-0.0195224891377171,False,37.453031997782055,Красный,0.47916393506178423,Выше
2021-02-17 00:30:00+05:00,37.31,36.776200880212464,Вверх,1.4514797804325414,True,0.0100385148206285,0.0258265502752847,-0.0157880354546562,False,37.453031997782055,Красный,0.5337991197875382,Выше
2021-02-17 01:00:00+05:00,37.42,36.78260684160339,Вверх,1.73286564799883,True,0.0185325127296138,0.0243677427661506,-0.005835230036536798,False,37.453031997782055,Красный,0.6373931583966126,Выше
2021-02-17 01:30:00+05:00,37.495,36.78969533074167,Вверх,1.9171256051934975,True,0.0309590636528369,0.0256860069434878,0.005273056709349102,Выше,37.229384673616885,Зелёный,0.7053046692583251,Выше
2021-02-17 12:00:00+05:00,38.99,36.811588909540255,Вверх,5.917731765974329,False,0.159601414790373,0.0524690885128649,0.10713232627750809,False,38.8614462062552,Зелёный,2.178411090459747,Выше
2021-02-17 12:30:00+05:00,39.4,36.837344243773686,Вверх,6.95667890515603,False,0.2912773148008014,0.1002307337704522,0.19104658103034916,False,38.8614462062552,Зелёный,2.562655756226313,Выше
2021-02-17 13:00:00+05:00,39.03,36.859161713984896,Вверх,5.889548717521315,False,0.3616071246118153,0.1525060119387248,0.20910111267309053,False,38.8614462062552,Зелёный,2.1708382860151048,Выше
2021-02-17 13:30:00+05:00,39.02,36.88066259245271,Вверх,5.800702203178668,False,0.4117902277445253,0.2043628550998849,0.2074273726446404,False,38.8614462062552,Зелёный,2.139337407547295,Выше
2021-02-17 14:00:00+05:00,38.6,36.89777042735368,Вверх,4.613367021722262,True,0.4129104341562524,0.2460723709111584,0.16683806324509398,False,39.36108314407597,Красный,1.7022295726463241,Выше
2021-02-17 14:30:00+05:00,38.68,36.91550405494221,Вверх,4.779823519222838,True,0.4154643231209292,0.2799507613531126,0.1355135617678166,False,39.28922482966836,Красный,1.7644959450577886,Выше
2021-02-17 15:00:00+05:00,38.79,36.93415575588805,Вверх,5.024737146769872,False,0.4215055258924423,0.3082617142609785,0.1132438116314638,False,39.269052346701535,Красный,1.8558442441119496,Выше
2021-02-17 15:30:00+05:00,38.735,36.95207460408817,Вверх,4.824966974153541,True,0.4170477158029726,0.3300189145693774,0.08702880123359524,False,39.269052346701535,Красный,1.7829253959118319,Выше
2021-02-17 16:00:00+05:00,38.715,36.96961615031615,Вверх,4.7211305699989765,True,0.4072070074331293,0.3454565331421277,0.06175047429100161,False,39.21183240082824,Красный,1.7453838496838543,Выше
2021-02-17 16:30:00+05:00,38.735,36.98718215877072,Вверх,4.725469038778398,True,0.39645195663131,0.3556556178399642,0.04079633879134581,False,39.15889916074543,Красный,1.7478178412292777,Выше
2021-02-17 17:00:00+05:00,38.68,37.00402611738992,Вверх,4.529166305561712,True,0.3791201993748245,0.3603485341469363,0.0187716652278882,False,39.15889916074543,Красный,1.67597388261008,Выше
2021-02-17 17:30:00+05:00,38.79,37.021797001794,Вверх,4.776113374832445,True,0.3699956579416863,0.3622779589058864,0.007717699035799941,False,39.15889916074543,Красный,1.7682029982060001,Выше
2021-02-17 18:00:00+05:00,38.72,37.038694544064704,Вверх,4.539321584174778,True,0.353046280375068,0.3604316231997227,-0.007385342824654695,Выше,39.15889916074543,Красный,1.681305455935295,Выше
2021-02-17 18:30:00+05:00,38.65,37.05472743417352,Вверх,4.305179598636705,True,0.3301594884881211,0.3543771962574024,-0.024217707769281283,False,39.03086023936507,Красный,1.5952725658264768,Выше
2021-02-17 19:00:00+05:00,38.21,37.066222683584726,Вверх,3.0857671313829655,True,0.2733660248902154,0.338174961983965,-0.06480893709374963,False,38.84677421542857,Красный,1.1437773164152745,Выше
2021-02-17 19:30:00+05:00,38.38,37.079295094693336,Вверх,3.5079008432736334,True,0.2393156927278639,0.3184031081327448,-0.0790874154048809,False,38.69184679388572,Красный,1.3007049053066666,Выше
2021-02-17 20:00:00+05:00,38.425,37.0926851932536,Вверх,3.5918532179727904,True,0.2135005812875334,0.2974226027637025,-0.08392202147616912,False,38.69184679388572,Красный,1.3323148067463961,Выше
2021-02-17 20:30:00+05:00,38.3,37.10469827590779,Вверх,3.2214295753169275,True,0.1808705015973828,0.2741121825304385,-0.09324168093305571,False,38.69184679388572,Красный,1.1953017240922037,Выше
2021-02-17 21:00:00+05:00,38.19,37.11549729803807,Вверх,2.895024397312128,True,0.1444694932749328,0.2481836446793374,-0.1037141514044046,False,38.63617131274268,Красный,1.0745027019619258,Выше
2021-02-17 21:30:00+05:00,38.17,37.12598986223669,Вверх,2.8120735410350375,True,0.1127083671730204,0.221088589178074,-0.10838022200505361,False,38.582054181468415,Красный,1.0440101377633084,Выше
2021-02-17 22:00:00+05:00,38.385,37.13851732629404,Вверх,3.3563070457404787,True,0.1036908653305133,0.1976090444085619,-0.09391817907804859,False,38.582054181468415,Красный,1.2464826737059553,Выше
2021-02-17 22:30:00+05:00,38.485,37.15191516384336,Вверх,3.5881995054026423,True,0.1034214167037035,0.1787715188675902,-0.07535010216388671,False,38.582054181468415,Красный,1.3330848361566368,Выше
2021-02-17 23:00:00+05:00,38.405,37.16438366967577,Вверх,3.3381862090087844,True,0.0956499522045817,0.1621472055349885,-0.06649725333040679,False,38.582054181468415,Красный,1.2406163303242295,Выше
2021-02-17 23:30:00+05:00,38.46,37.17727537445512,Вверх,3.450292181514337,True,0.0928586344094952,0.1482894913098899,-0.05543085690039469,False,38.582054181468415,Красный,1.2827246255448799,Выше
2021-02-18 00:00:00+05:00,38.48,37.19023780854015,Вверх,3.4680127567339105,True,0.0912089280525592,0.1368733786584237,-0.04566445060586449,False,38.582054181468415,Красный,1.2897621914598503,Выше
2021-02-18 00:30:00+05:00,38.45,37.20277275571885,Вверх,3.3525115250702133,True,0.0864838426953866,0.1267954714658163,-0.040311628770429694,False,38.582054181468415,Красный,1.2472272442811558,Выше
2021-02-18 01:00:00+05:00,38.485,37.21553123576145,Вверх,3.411126274663191,True,0.0845883046782773,0.1183540381083085,-0.0337657334300312,False,38.582054181468415,Красный,1.269468764238546,Выше
2021-02-18 01:30:00+05:00,38.485,37.22816276575388,Вверх,3.376038839612796,True,0.0821392272611376,0.1111110759388743,-0.028971848677736695,False,38.582054181468415,Красный,1.2568372342461203,Выше
2021-02-18 12:00:00+05:00,38.93,37.24509646957723,Вверх,4.523826463435384,True,0.1147829503415991,0.1118454508194193,0.0029374995221798095,Выше,38.56799868955351,Зелёный,1.6849035304227726,Выше
2021-02-18 12:30:00+05:00,38.97,37.26225968878541,Вверх,4.583029385436207,True,0.1422413322383562,0.1179246271032067,0.024316705135149497,False,38.56799868955351,Зелёный,1.707740311214586,Выше
2021-02-18 13:00:00+05:00,39.35,37.28303322422038,Вверх,5.543987699039583,False,0.1924467159781002,0.1328290448781854,0.05961767109991481,False,38.795703938538345,Зелёный,2.066966775779619,Выше
2021-02-18 13:30:00+05:00,39.425,37.30434632646695,Вверх,5.684736183216465,False,0.2355711993527975,0.1533774757731078,0.08219372357968968,False,38.93613354468451,Зелёный,2.120653673533049,Выше
2021-02-18 14:00:00+05:00,39.2,37.32320855207424,Вверх,5.028483672048764,False,0.2487248977306606,0.1724469601646184,0.07627793756604218,False,38.94752019021606,Зелёный,1.8767914479257612,Выше
2021-02-18 14:30:00+05:00,39.33,37.34317662618296,Вверх,5.320445536023277,False,0.2665664004742254,0.1912708482265398,0.07529555224768561,False,38.94752019021606,Зелёный,1.9868233738170389,Выше
2021-02-18 15:00:00+05:00,39.23,37.36195098811149,Вверх,4.999870088376592,True,0.2695297840998165,0.2069226354011952,0.06260714869862127,False,38.94752019021606,Зелёный,1.868049011888509,Выше
2021-02-18 15:30:00+05:00,39.205,37.38028978424969,Вверх,4.881476912785079,True,0.2667856569221456,0.2188952397053853,0.04789041721676032,False,38.94752019021606,Зелёный,1.824710215750308,Выше
2021-02-18 16:00:00+05:00,39.205,37.39844610480443,Вверх,4.830558708596958,True,0.2615954073450908,0.2274352732333264,0.034160134111764384,False,38.94752019021606,Зелёный,1.8065538951955702,Выше
2021-02-18 16:30:00+05:00,39.27,37.41706853162229,Вверх,4.952102185161148,True,0.2597330134332054,0.2338948212733022,0.025838192159903184,False,38.94752019021606,Зелёный,1.8529314683777116,Выше
2021-02-18 17:00:00+05:00,39.37,37.4365006855365,Вверх,5.164743710168667,False,0.2632911605001524,0.2397740891186722,0.02351707138148018,False,39.01170743740861,Зелёный,1.9334993144634964,Выше
2021-02-18 17:30:00+05:00,39.38,37.45583898717295,Вверх,5.137145675700906,False,0.2638761342933406,0.2445944981536059,0.019281636139734715,False,39.04078669366775,Зелёный,1.9241610128270494,Выше
2021-02-18 18:00:00+05:00,39.24,37.47359183307174,Вверх,4.713741278916714,True,0.2501592204926481,0.2457074426214144,0.004451777871233714,False,39.04078669366775,Зелёный,1.7664081669282652,Выше
2021-02-18 18:30:00+05:00,39.115,37.48992425264316,Вверх,4.334700002073931,True,0.2265900234067146,0.2418839587784744,-0.015293935371759798,Выше,39.04078669366775,Зелёный,1.6250757473568385,Выше
2021-02-18 19:00:00+05:00,38.84,37.5033578421691,Вверх,3.564059952860993,True,0.1836045838276376,0.2302280837883071,-0.04662349996066947,False,39.31572400031621,Красный,1.3366421578309016,Выше
2021-02-18 19:30:00+05:00,38.99,37.518150301451,Вверх,3.9230337495931336,True,0.1597999849115154,0.2161424640129488,-0.05634247910143339,False,39.27490160028459,Красный,1.4718496985490006,Выше
2021-02-18 20:00:00+05:00,38.7,37.52990999994403,Вверх,3.117753280137672,True,0.1161946725423419,0.1961529057188274,-0.0799582331764855,False,39.23791144025613,Красный,1.1700900000559713,Выше
2021-02-18 20:30:00+05:00,38.8,37.54254771138738,Вверх,3.349405848211014,True,0.0886840184349537,0.1746591282620527,-0.08597510982709901,False,39.07062029623052,Красный,1.257452288612619,Выше
2021-02-18 21:00:00+05:00,38.955,37.55660196301537,Вверх,3.723441322944317,True,0.0784841154341791,0.1554241256964779,-0.0769400102622988,False,39.07062029623052,Красный,1.3983980369846307,Выше
2021-02-18 21:30:00+05:00,38.955,37.57051637134357,Вверх,3.6850268837732103,True,0.069598332565377,0.1382589670702578,-0.06866063450488082,False,39.07062029623052,Красный,1.384483628656426,Выше
2021-02-18 22:00:00+05:00,38.925,37.583993820384926,Вверх,3.568024691638099,True,0.0594502310862239,0.122497219873451,-0.06304698878722709,False,39.07062029623052,Красный,1.3410061796150714,Выше
2021-02-18 22:30:00+05:00,38.92,37.59728741421194,Вверх,3.5181064293698743,True,0.0504230834192398,0.1080823925826088,-0.05765930916336899,False,39.07062029623052,Красный,1.3227125857880608,Выше
2021-02-18 23:00:00+05:00,38.955,37.61079699217998,Вверх,3.5739817162064034,True,0.0455679325870548,0.095579500583498,-0.0500115679964432,False,39.07062029623052,Красный,1.3442030078200204,Выше
2021-02-18 23:30:00+05:00,38.91,37.62372438529262,Вверх,3.418788638612802,True,0.0376550032161162,0.0839946011100216,-0.046339597893905404,False,39.07062029623052,Красный,1.2862756147073782,Выше
2021-02-19 00:00:00+05:00,38.895,37.63637389389668,Вверх,3.3441747328039666,True,0.0298297166352838,0.0731616242150741,-0.0433319075797903,False,39.07062029623052,Красный,1.2586261061033213,Выше
2021-02-19 00:30:00+05:00,38.96,37.64954430291263,Вверх,3.4806681497762275,True,0.0285440394949176,0.0642381072710428,-0.0356940677761252,False,39.07062029623052,Красный,1.3104556970873702,Выше
2021-02-19 01:00:00+05:00,39.015,37.66313092676425,Вверх,3.5893698690755587,True,0.0315989187781582,0.0577102695724659,-0.0261113507943077,False,39.07062029623052,Красный,1.3518690732357541,Выше
2021-02-19 01:30:00+05:00,39.045,37.67688086779147,Вверх,3.63119000484482,True,0.036025403472685,0.0533732963525097,-0.017347892879824703,False,39.07062029623052,Красный,1.368119132208534,Выше
2021-02-19 12:00:00+05:00,39.315,37.69318056064927,Вверх,4.302686627203514,True,0.0606213626667155,0.0548229096153509,0.005798453051364602,Выше,39.01833144730525,Зелёный,1.6218194393507304,Выше
2021-02-19 12:30:00+05:00,39.24,37.70857179885176,Вверх,4.061220375349452,True,0.0732179533439065,0.058501918361062,0.014716034982844503,False,39.01833144730525,Зелёный,1.5314282011482447,Выше
2021-02-19 13:00:00+05:00,39.245,37.72385964164926,Вверх,4.032303090936407,True,0.0826515448620028,0.0633318436612502,0.01931970120075259,False,39.01833144730525,Зелёный,1.5211403583507348,Выше
2021-02-19 13:30:00+05:00,39.25,37.73904511785176,Вверх,4.003691342559993,True,0.0894994978193466,0.0685653744928695,0.020934123326477108,False,39.01833144730525,Зелёный,1.5109548821482406,Выше
2021-02-19 14:00:00+05:00,39.39,37.75547252961443,Вверх,4.329246492951423,True,0.1050128569988047,0.0758548709940565,0.0291579860047482,False,39.01833144730525,Зелёный,1.6345274703855708,Выше
2021-02-19 14:30:00+05:00,39.35,37.77133847459339,Вверх,4.1795223287321,True,0.1127795873303014,0.0832398142613055,0.029539773068995898,False,39.08493811131928,Зелёный,1.5786615254066092,Выше
2021-02-19 15:00:00+05:00,39.4,37.78754406191087,Вверх,4.267162574649704,True,0.1215679989879703,0.0909054512066385,0.030662547781331803,False,39.13744430018736,Зелёный,1.612455938089127,Выше
2021-02-19 15:30:00+05:00,39.375,37.8033396433844,Вверх,4.157464317813635,True,0.1250738144008139,0.0977391238454735,0.027334690555340393,False,39.13744430018736,Зелёный,1.5716603566156024,Выше
2021-02-19 16:00:00+05:00,39.625,37.82146561708207,Вверх,4.768547049914862,True,0.1463382132068815,0.1074589417177551,0.03887927148912641,False,39.24535488315176,Зелёный,1.8035343829179311,Выше
2021-02-19 16:30:00+05:00,39.775,37.84090377014593,Вверх,5.111125890655787,False,0.1732964947420328,0.1206264523226107,0.052670042419422095,False,39.387319394836574,Зелёный,1.9340962298540703,Выше
2021-02-19 17:00:00+05:00,39.745,37.85985000128876,Вверх,4.9792854399768185,True,0.190049604266818,0.1345110827114521,0.0555385215553659,False,39.46733745535292,Зелёный,1.8851499987112348,Выше
2021-02-19 17:30:00+05:00,39.78,37.87895597142519,Вверх,5.018733964074676,False,0.2038014752133961,0.1483691612118409,0.05543231400155518,False,39.46733745535292,Зелёный,1.901044028574809,Выше
2021-02-19 18:00:00+05:00,39.84,37.89846884733141,Вверх,5.122980457310235,False,0.2170395339297925,0.1621032357554312,0.0549362981743613,False,39.53116833883587,Зелёный,1.9415311526685954,Выше
2021-02-19 18:30:00+05:00,39.89,37.91828507770622,Вверх,5.199905318115331,False,0.2289264513408682,0.1754678788725187,0.05345857246834951,False,39.58105150495228,Зелёный,1.9717149222937778,Выше
2021-02-19 19:00:00+05:00,40.19,37.940889206286265,Вверх,5.927933795871835,False,0.2595623387559271,0.1922867708492004,0.0672755679067267,False,39.763946354457055,Зелёный,2.249110793713733,Выше
2021-02-19 19:30:00+05:00,40.23,37.963666428114266,Вверх,5.969743665768229,False,0.2837977224713626,0.2105889611736328,0.0732087612977298,False,39.961051719011344,Зелёный,2.266333571885731,Выше
2021-02-19 20:00:00+05:00,40.28,37.98671452335691,Вверх,6.0370724486662795,False,0.3035400006248068,0.2291791690638676,0.0743608315609392,False,39.961051719011344,Зелёный,2.293285476643092,Выше
2021-02-19 20:30:00+05:00,40.35,38.01022980173147,Вверх,6.155632866397322,False,0.3211324977464471,0.2475698348003835,0.07356266294606359,False,40.0154018923992,Зелёный,2.339770198268532,Выше
2021-02-19 21:00:00+05:00,40.55,38.03550114698788,Вверх,6.610926048522021,False,0.347210579562585,0.2674979837528239,0.07971259580976109,False,40.12136170315927,Зелёный,2.514498853012114,Выше
2021-02-19 21:30:00+05:00,40.33,38.05833198134621,Вверх,5.96891114347108,False,0.3461354518736712,0.2832254773769934,0.06290997449667779,False,40.12136170315927,Зелёный,2.2716680186537914,Выше
2021-02-19 22:00:00+05:00,40.41,38.08173166312386,Вверх,6.113872019981422,False,0.3477303181929088,0.2961264455401765,0.05160387265273231,False,40.12136170315927,Зелёный,2.3282683368761354,Выше
2021-02-19 22:30:00+05:00,40.35,38.10430149732164,Вверх,5.893556408155675,False,0.3402307938767279,0.3049473152074867,0.0352834786692412,False,40.12136170315927,Зелёный,2.2456985026783585,Выше
2021-02-19 23:00:00+05:00,40.39,38.12704476600501,Вверх,5.93530195661191,False,0.3336687073740023,0.3106915936407899,0.022977113733212373,False,40.12136170315927,Зелёный,2.262955233994994,Выше
2021-02-19 23:30:00+05:00,40.39,38.14956173350745,Вверх,5.8727758975137485,False,0.324724979118308,0.3134982707362935,0.011226708382014505,False,40.12136170315927,Зелёный,2.2404382664925535,Выше
2021-02-20 00:00:00+05:00,40.305,38.171008880437725,Вверх,5.590607065814089,False,0.3072365882727652,0.3122459342435879,-0.005009345970822698,Выше,40.12136170315927,Зелёный,2.1339911195622747,Выше
2021-02-20 00:30:00+05:00,40.27,38.19189436421446,Вверх,5.441221679050074,False,0.2872415631000677,0.3072450600148839,-0.020003496914816177,False,40.12136170315927,Зелёный,2.0781056357855405,Выше
2021-02-20 01:00:00+05:00,40.345,38.21331830088895,Вверх,5.578373702922993,False,0.2742854429436718,0.3006531366006415,-0.026367693656969726,False,40.12136170315927,Зелёный,2.1316816991110485,Выше
2021-02-20 01:30:00+05:00,40.37,38.23477782028309,Вверх,5.584502647702572,False,0.26300317851409,0.2931231449833312,-0.0301199664692412,False,40.12136170315927,Зелёный,2.135222179716905,Выше
2021-02-20 12:00:00+05:00,40.62,38.25851137431013,Вверх,6.1724529806864386,False,0.2711096302742319,0.2887204420415114,-0.01761081176727952,False,39.8736632632907,Зелёный,2.3614886256898657,Выше
2021-02-20 12:30:00+05:00,40.335,38.2791729526752,Вверх,5.370615111947266,False,0.2516362277469994,0.281303599182609,-0.029667371435609602,False,40.15129693696163,Зелёный,2.0558270473248044,Выше
2021-02-20 13:00:00+05:00,40.38,38.30007670438988,Вверх,5.4305982509213235,False,0.2371013827157284,0.2724631558892329,-0.03536177317350453,False,40.15129693696163,Зелёный,2.079923295610122,Выше
2021-02-20 13:30:00+05:00,40.43,38.32126997101287,Вверх,5.502766559099494,False,0.2270002775463169,0.2633705802206497,-0.03637030267433278,False,40.15129693696163,Зелёный,2.1087300289871322,Выше
2021-02-20 14:00:00+05:00,40.33,38.34125733448538,Вверх,5.186952134002871,False,0.2085222005327196,0.2524009042830637,-0.04387870375034411,False,40.15129693696163,Зелёный,1.9887426655146214,Выше
2021-02-20 14:30:00+05:00,40.445,38.36219009732632,Вверх,5.4293300184100906,False,0.2008425424675621,0.2420892319199634,-0.041246689452401286,False,40.15129693696163,Зелёный,2.082809902673681,Выше
2021-02-20 15:00:00+05:00,40.45,38.38296432521362,Вверх,5.385294520956409,False,0.1929357728442369,0.2322585401048181,-0.039322767260581204,False,40.15129693696163,Зелёный,2.067035674786382,Выше
2021-02-20 15:30:00+05:00,40.0,38.39905423242543,Вверх,4.1692322885980895,True,0.148644876155366,0.2155358073149277,-0.06689093115956168,False,40.571754957024176,Красный,1.6009457675745722,Выше
2021-02-20 16:00:00+05:00,39.955,38.41453627986398,Вверх,4.010106249658136,True,0.1086603288788339,0.1941607116277089,-0.085500382748875,False,40.34957946132175,Красный,1.5404637201360174,Выше
2021-02-20 16:30:00+05:00,39.66,38.42692895369618,Вверх,3.2088722150803433,True,0.0525623464954705,0.1658410386012613,-0.11327869210579078,False,40.12837151518958,Красный,1.2330710463038201,Выше
2021-02-20 17:00:00+05:00,39.79,38.4404918496793,Вверх,3.5106422560822685,True,0.0183823050669715,0.1363492918944033,-0.11796698682743181,False,40.12628436367061,Красный,1.3495081503207018,Выше
2021-02-20 17:30:00+05:00,39.815,38.45416854769244,Вверх,3.538839880570552,True,-0.0066121126341869,0.1077570109886853,-0.1143691236228722,False,40.11140592730356,Красный,1.3608314523075578,Выше
2021-02-20 18:00:00+05:00,39.995,38.46950020393431,Вверх,3.9654785946755653,True,-0.011760307555221,0.083853547279904,-0.09561385483512501,False,40.11140592730356,Красный,1.525499796065688,Выше
2021-02-20 18:30:00+05:00,39.86,38.48333602280064,Вверх,3.577298954497369,True,-0.0264290037747727,0.0617970370689686,-0.0882260408437413,False,40.11140592730356,Красный,1.3766639771993567,Выше
2021-02-20 19:00:00+05:00,39.925,38.49768093799665,Вверх,3.7075455643734787,True,-0.0324352016245725,0.0429505893302604,-0.0753857909548329,False,40.11140592730356,Красный,1.427319062003349,Выше
2021-02-20 19:30:00+05:00,39.945,38.5120821226932,Вверх,3.720696982162006,True,-0.0351758386678611,0.0273253037306361,-0.0625011423984972,False,40.11140592730356,Красный,1.4329178773067994,Выше
2021-02-20 20:00:00+05:00,39.945,38.52634001201964,Вверх,3.6823118612818186,True,-0.0369221971642517,0.0144758035516585,-0.0513980007159102,False,40.11140592730356,Красный,1.4186599879803623,Выше
2021-02-20 20:30:00+05:00,39.95,38.54050578304432,Вверх,3.6571762313918184,True,-0.0374708005769406,0.0040864827259387,-0.0415572833028793,False,40.11140592730356,Красный,1.4094942169556859,Выше
2021-02-20 21:00:00+05:00,40.155,38.5565704021185,Вверх,4.145673697662882,True,-0.0211203240418313,-0.0009548786276153,-0.020165445414216002,False,39.79680781357908,Зелёный,1.5984295978814984,Выше
2021-02-20 21:30:00+05:00,40.15,38.57242542299294,Вверх,4.089902461945436,True,-0.0084682945736815,-0.0024575618168285,-0.006010732756853,False,39.82012703222117,Зелёный,1.5775745770070557,Выше
2021-02-20 22:00:00+05:00,40.15,38.58812268246565,Вверх,4.0475597384893245,True,0.0015407689079012,-0.0016578956718826,0.0031986645797838003,Выше,39.86536432899905,Зелёный,1.5618773175343463,Выше
2021-02-20 22:30:00+05:00,40.15,38.60366375030181,Вверх,4.005672258727246,True,0.0093650691409621,0.0005466972906863,0.0088183718502758,False,39.86757789609915,Зелёный,1.5463362496981858,Выше
2021-02-20 23:00:00+05:00,40.15,38.61905018064707,Вверх,3.9642347809996683,True,0.0153884944615469,0.0035150567248584,0.0118734377366885,False,39.87332010648923,Зелёный,1.5309498193529265,Выше
2021-02-20 23:30:00+05:00,40.14,38.63418400969537,Вверх,3.8976259727052702,True,0.0191346140778279,0.0066389681954523,0.012495645882375603,False,39.89198809584031,Зелёный,1.505815990304633,Выше
2021-02-21 00:00:00+05:00,40.055,38.64832148223571,Вверх,3.6396885137970516,True,0.0150709230184702,0.0083253591600559,0.006745563858414299,False,39.89198809584031,Зелёный,1.4066785177642913,Выше
2021-02-21 00:30:00+05:00,40.08,38.6625670396264,Вверх,3.6661636019171384,True,0.0137096730657759,0.0094022219411999,0.004307451124576001,False,39.89198809584031,Зелёный,1.4174329603735956,Выше
2021-02-21 01:00:00+05:00,40.11,38.67696935764008,Вверх,3.705126503343371,True,0.0148800934952504,0.01049779625201,0.0043822972432404,False,39.89198809584031,Зелёный,1.4330306423599168,Выше
2021-02-21 01:30:00+05:00,40.085,38.690979612787935,Вверх,3.602959659236237,True,0.0136332138488768,0.0111248797713834,0.0025083340774934,False,39.89212163968082,Зелёный,1.3940203872120662,Выше
2021-02-22 12:00:00+05:00,40.485,38.708830561914425,Вверх,4.5885380991931735,True,0.0444097814894917,0.017781860115005,0.0266279213744867,False,40.491909475712745,Зелёный,1.7761694380855744,Выше
2021-02-22 12:30:00+05:00,40.715,38.72879244687051,Вверх,5.128503698777194,False,0.0863639609060413,0.0314982802732123,0.054865680632829004,False,40.491909475712745,Зелёный,1.9862075531294963,Выше
2021-02-22 13:00:00+05:00,40.465,38.746068143916574,Вверх,4.436403326651648,True,0.0983068198687959,0.044859988192329,0.0534468316764669,False,40.95935332467268,Красный,1.7189318560834295,Выше
2021-02-22 13:30:00+05:00,40.59,38.76441572457412,Вверх,4.709433229683842,True,0.1165149649835584,0.0591909835505749,0.0573239814329835,False,40.928917992205406,Красный,1.8255842754258822,Выше
2021-02-22 14:00:00+05:00,40.83,38.784968801941545,Вверх,5.2727416347852785,False,0.1485980990195301,0.0770724066443659,0.07152569237516421,False,40.928917992205406,Красный,2.045031198058453,Выше
2021-02-22 14:30:00+05:00,41.05,38.80750642580283,Вверх,5.778504677914971,False,0.1895908895147258,0.0995761032184379,0.0900147862962879,False,40.568876426313615,Зелёный,2.2424935741971694,Выше
2021-02-22 15:00:00+05:00,41.27,38.83200884942668,Вверх,6.278302933095153,False,0.2370970257771887,0.1270802877301881,0.1100167380470006,False,40.736738783682256,Зелёный,2.4379911505733247,Выше
2021-02-22 15:30:00+05:00,41.195,38.85552119918363,Вверх,6.02096878027601,False,0.2656320667146943,0.1547906435270893,0.11084142318760501,False,40.736738783682256,Зелёный,2.339478800816373,Выше
2021-02-22 16:00:00+05:00,41.09,38.877754819092246,Вверх,5.690259612989172,False,0.2765853658342223,0.1791495879885159,0.09743577784570637,False,40.736738783682256,Зелёный,2.2122451809077575,Выше
2021-02-22 16:30:00+05:00,40.945,38.898324422882375,Вверх,5.261603443035828,False,0.2704480888955771,0.1974092881699282,0.07303880072564889,False,40.736738783682256,Зелёный,2.0466755771176253,Выше
2021-02-22 17:00:00+05:00,40.975,38.91898786146066,Вверх,5.282799608916091,False,0.2649508139277401,0.2109175933214906,0.054033220606249516,False,40.736738783682256,Зелёный,2.0560121385393444,Выше
2021-02-22 17:30:00+05:00,40.97,38.93939594244115,Вверх,5.214780579956645,False,0.2572255892215622,0.2201791925015049,0.0370463967200573,False,40.736738783682256,Зелёный,2.030604057558847,Выше
2021-02-22 18:00:00+05:00,41.08,38.96069548530244,Вверх,5.439596209202807,False,0.2570166457711877,0.2275466831554415,0.02946996261574622,False,40.736738783682256,Зелёный,2.1193045146975606,Выше
2021-02-22 18:30:00+05:00,41.195,38.98292737102082,Вверх,5.674465152208124,False,0.2630977681873148,0.2346569001618161,0.028440868025498695,False,40.800750351345,Зелёный,2.212072628979179,Выше
2021-02-22 19:00:00+05:00,41.29,39.00588331757783,Вверх,5.855826065584416,False,0.2724422627505163,0.2422139726795562,0.030228290070960118,False,40.92767531621049,Зелёный,2.284116682422166,Выше
2021-02-22 19:30:00+05:00,41.44,39.0301033840696,Вверх,6.174456142778284,False,0.2886245047843658,0.2514960791005181,0.03712842568384772,False,41.03190778458944,Зелёный,2.4098966159304,Выше
2021-02-22 20:00:00+05:00,41.285,39.05254016631766,Вверх,5.716554734147111,False,0.2856490590298648,0.2583266750863875,0.027322383943477302,False,41.03190778458944,Зелёный,2.2324598336823342,Выше
2021-02-22 20:30:00+05:00,41.1,39.07291290098117,Вверх,5.187960017610885,False,0.2653047746463741,0.2597222949983848,0.005582479647989302,False,41.03190778458944,Зелёный,2.0270870990188286,Выше
2021-02-22 21:00:00+05:00,41.16,39.09367993679231,Вверх,5.285560393773531,False,0.2511284290507944,0.2580035218088667,-0.006875092758072299,Выше,41.03190778458944,Зелёный,2.0663200632076837,Выше
2021-02-22 21:30:00+05:00,41.32,39.11583237523218,Вверх,5.634975637546398,False,0.249923275902681,0.2563874726276296,-0.0064641967249486065,False,41.03190778458944,Зелёный,2.2041676247678197,Выше
2021-02-22 22:00:00+05:00,41.41,39.13865991378709,Вверх,5.803315931654576,False,0.253310426274929,0.2557720633570895,-0.002461637082160517,False,41.03190778458944,Зелёный,2.271340086212909,Выше
2021-02-22 22:30:00+05:00,41.33,39.160464292754384,Вверх,5.540117428196658,False,0.2466956816802579,0.2539567870217232,-0.00726110534146529,False,41.04055978744999,Зелёный,2.1695357072456147,Выше
2021-02-22 23:00:00+05:00,41.3,39.18175320526429,Вверх,5.406207281329886,False,0.2363086802835212,0.2504271656740828,-0.014118485390561597,False,41.04055978744999,Зелёный,2.118246794735704,Выше
2021-02-22 23:30:00+05:00,41.32,39.2030292927741,Вверх,5.400018175677315,False,0.2270731814081941,0.2457563688209051,-0.018683187412710994,False,41.04055978744999,Зелёный,2.116970707225903,Выше
2021-02-23 00:00:00+05:00,41.37,39.22459119035844,Вверх,5.469550464477266,False,0.221238267116604,0.2408527484800449,-0.019614481363440905,False,41.088975585051045,Зелёный,2.145408809641559,Выше
2021-02-23 00:30:00+05:00,41.4,39.24623704916084,Вверх,5.487820267052101,False,0.2165386816503556,0.235989935114107,-0.0194512534637514,False,41.127078026545945,Зелёный,2.153762950839159,Выше
2021-02-23 01:00:00+05:00,41.405,39.2677172775274,Вверх,5.442849420981616,False,0.2107878533602658,0.2309495187633388,-0.020161665403073015,False,41.16662022389134,Зелёный,2.137282722472598,Выше
2021-02-23 01:30:00+05:00,41.35,39.28843650859678,Вверх,5.247252562346494,False,0.1994926134935539,0.2246581377093818,-0.025165524215827906,False,41.16662022389134,Зелёный,2.06156349140322,Выше
2021-02-24 12:00:00+05:00,40.53,39.30079037418288,Вверх,3.127696960070811,True,0.1229565410795459,0.2043178183834147,-0.0813612773038688,False,40.531987618648,Красный,1.22920962581712,Выше
2021-02-24 12:30:00+05:00,40.44,39.312125793345245,Вверх,2.8690237017039633,True,0.0544116804579744,0.1743365907983266,-0.11992491034035221,False,40.531987618648,Красный,1.1278742066547522,Выше
2021-02-24 13:00:00+05:00,40.45,39.323447924754745,Вверх,2.86483544729066,True,0.000886086746398,0.1396464899879409,-0.1387604032415429,False,40.531987618648,Красный,1.1265520752452574,Выше
2021-02-24 13:30:00+05:00,40.88,39.338936005105445,Вверх,3.9174013112468433,True,-0.0067580232754522,0.1103655873352623,-0.11712361061071451,False,40.1819485260056,Зелёный,1.5410639948945573,Выше
2021-02-24 14:00:00+05:00,40.635,39.35183216425863,Вверх,3.260757543347133,True,-0.0322141433976952,0.0818496411886708,-0.114063784586366,False,40.24625367340504,Зелёный,1.2831678357413665,Выше
2021-02-24 14:30:00+05:00,40.855,39.36678905814661,Вверх,3.7803716723130014,True,-0.0342414267595927,0.0586314275990181,-0.0928728543586108,False,40.24625367340504,Зелёный,1.4882109418533886,Выше
2021-02-24 15:00:00+05:00,40.96,39.382641903339184,Вверх,4.005211485131664,True,-0.0270634701142498,0.0414924480563645,-0.0685559181706143,False,40.483565475458086,Зелёный,1.5773580966608165,Выше
2021-02-24 15:30:00+05:00,40.945,39.39818775504725,Вверх,3.926099988582817,True,-0.0223278804905291,0.0287283823469857,-0.0510562628375148,False,40.483565475458086,Зелёный,1.546812244952747,Выше
2021-02-24 16:00:00+05:00,40.42,39.408355041066685,Вверх,2.567082431832289,True,-0.0602435537996797,0.0109339951176526,-0.0711775489173323,False,41.06563696487895,Красный,1.0116449589333172,Выше
2021-02-24 16:30:00+05:00,40.105,39.41528683170284,Вверх,1.7498621061470936,True,-0.114391234554148,-0.0141310508167074,-0.1002601837374406,False,40.81007326839106,Красный,0.6897131682971533,Выше
2021-02-24 17:00:00+05:00,39.58,39.416925768700814,Вверх,0.41371626051231525,True,-0.1973913692244195,-0.0507831144982498,-0.1466082547261697,False,40.36006594155194,Красный,0.1630742312991842,Выше
2021-02-24 17:30:00+05:00,39.815,39.42088670632569,Вверх,0.9997575564708625,True,-0.2414240517242021,-0.0889113019434403,-0.1525127497807618,False,40.36006594155194,Красный,0.3941132936743088,Выше
2021-02-24 18:00:00+05:00,39.97,39.4263505201931,Вверх,1.3788988142041188,True,-0.2608066485348672,-0.1232903712617257,-0.13751627727314147,False,40.36006594155194,Красный,0.543649479806902,Выше
2021-02-24 18:30:00+05:00,39.755,39.42962066427078,Вверх,0.8252154858392206,True,-0.290171285369027,-0.1566665540831859,-0.1335047312858411,False,40.36006594155194,Красный,0.32537933572922384,Выше
2021-02-24 19:00:00+05:00,40.12,39.43649011039744,Вверх,1.733191487602358,True,-0.280754162827499,-0.1814840758320486,-0.0992700869954504,False,40.36006594155194,Красный,0.6835098896025542,Выше
2021-02-24 19:30:00+05:00,40.23,39.44438573118951,Вверх,1.991701110937271,True,-0.2614016689521889,-0.1974675944560767,-0.06393407449611221,False,40.36006594155194,Красный,0.7856142688104839,Выше
2021-02-24 20:00:00+05:00,40.035,39.45026249008314,Вверх,1.4822144974671463,True,-0.2588160778082695,-0.2097372911265153,-0.049078786681754194,False,40.36006594155194,Красный,0.5847375099168559,Выше
2021-02-24 20:30:00+05:00,39.97,39.455434007594754,Вверх,1.304170148796733,True,-0.2590260439740461,-0.2195950416960214,-0.03943100227802471,False,40.36006594155194,Красный,0.5145659924052453,Выше
2021-02-24 21:00:00+05:00,39.475,39.45562869408635,Вверх,0.049096432004275006,True,-0.29572586311847,-0.2348212059805112,-0.060904657137958784,False,40.256271623250896,Красный,0.019371305913651327,Выше
2021-02-24 21:30:00+05:00,39.15,39.45258761255315,Вниз,0.7669651874922283,True,-0.3470351132958029,-0.2572639874435695,-0.0897711258522334,False,39.8911444609258,Красный,-0.3025876125531539,Ниже
2021-02-24 22:00:00+05:00,39.42,39.45226335770188,Вниз,0.08177821741013168,True,-0.3617413906336466,-0.278159468081585,-0.0835819225520616,False,39.67603001483322,Красный,-0.03226335770187916,Ниже
2021-02-24 22:30:00+05:00,39.235,39.450101533247135,Вниз,0.5452496315271993,True,-0.3838988285406941,-0.2993073401734068,-0.0845914883672873,False,39.67603001483322,Красный,-0.215101533247136,Ниже
2021-02-24 23:00:00+05:00,39.37,39.44930450306558,Вниз,0.2010289004193124,True,-0.3861144983705316,-0.3166687718128318,-0.06944572655769976,False,39.67603001483322,Красный,-0.07930450306557901,Ниже
2021-02-24 23:30:00+05:00,39.53,39.45010744333358,Вверх,0.20251543492291021,True,-0.3706867240392597,-0.3274723622581174,-0.043214361781142296,False,39.67603001483322,Красный,0.07989255666642237,Выше
2021-02-25 00:00:00+05:00,39.785,39.453439707579015,Вверх,0.8403837406280408,True,-0.3340332059843902,-0.328784531003372,-0.005248674981018164,False,39.08519395726792,Зелёный,0.3315602924209813,Выше
2021-02-25 00:30:00+05:00,39.69,39.45579354133445,Вверх,0.5935920625197635,True,-0.3090877635655147,-0.3248451775158006,0.015757413950285903,Ниже,39.160424561541134,Зелёный,0.2342064586655468,Выше
2021-02-25 01:00:00+05:00,39.6,39.45722843147043,Вверх,0.3618388168787239,True,-0.2932007330257562,-0.3185162886177917,0.025315555592035466,False,39.160424561541134,Зелёный,0.14277156852956807,Выше
2021-02-25 01:30:00+05:00,39.775,39.46039033762496,Вверх,0.7972796510202406,True,-0.2634521964715333,-0.3075034701885401,0.04405127371700679,False,39.19624389484832,Зелёный,0.31460966237504095,Выше
2021-02-25 12:00:00+05:00,41.145,39.47715262282272,Вверх,4.224842133657476,True,-0.1278548849664105,-0.2715737531441142,0.14371886817770368,False,40.24236950536348,Зелёный,1.6678473771772815,Выше
2021-02-25 12:30:00+05:00,41.4,39.49628543254588,Вверх,4.819983820264298,True,0.0001812409702708,-0.2172227543212372,0.217403995291508,False,40.54288255482714,Зелёный,1.9037145674541165,Выше
2021-02-25 13:00:00+05:00,40.73,39.50856119938622,Вверх,3.0915800614696916,True,0.0470450861802618,-0.1643691862209374,0.2114142724011992,False,40.54288255482714,Зелёный,1.2214388006137753,Выше
2021-02-25 13:30:00+05:00,40.725,39.52066506804905,Вверх,3.0473549214752764,True,0.0828267872857537,-0.1149299915195991,0.1977567788053528,False,40.54288255482714,Зелёный,1.204334931950953,Выше
2021-02-25 14:00:00+05:00,40.965,39.53503655990926,Вверх,3.6169523655905964,True,0.1290622877269598,-0.0661315356702874,0.1951938233972472,False,40.54288255482714,Зелёный,1.429963440090745,Выше
2021-02-25 14:30:00+05:00,40.79,39.54752375831812,Вверх,3.1417295537259653,True,0.1498557733976895,-0.022934073856692,0.17278984725438148,False,40.54288255482714,Зелёный,1.242476241681878,Выше
2021-02-25 15:00:00+05:00,40.765,39.559637949777645,Вверх,3.0469491448647856,True,0.1624449057790613,0.0141417220704586,0.14830318370860268,False,40.54288255482714,Зелёный,1.2053620502223552,Выше
2021-02-25 15:30:00+05:00,40.9,39.57297488560076,Вверх,3.3533620311221526,True,0.1812261929065854,0.047558616237684,0.1336675766689014,False,40.54288255482714,Зелёный,1.327025114399241,Выше
2021-02-25 16:00:00+05:00,40.825,39.58543284693806,Вверх,3.13137198184716,True,0.1878927148109781,0.0756254359523428,0.1122672788586353,False,40.54288255482714,Зелёный,1.239567153061941,Выше
2021-02-25 16:30:00+05:00,40.875,39.59826436089888,Вверх,3.2242212119827798,True,0.1949631497524677,0.0994929787123678,0.0954701710400999,False,40.54288255482714,Зелёный,1.276735639101119,Выше
2021-02-25 17:00:00+05:00,40.7,39.60922690457153,Вверх,2.7538358626802233,True,0.184320748071272,0.1164585325841487,0.06786221548712329,False,40.54288255482714,Зелёный,1.0907730954284744,Выше
2021-02-25 17:30:00+05:00,40.6,39.61908534333202,Вверх,2.47586396345991,True,0.1659049547532873,0.1263478170179764,0.03955713773531089,False,40.54288255482714,Зелёный,0.9809146566679843,Выше
2021-02-25 18:00:00+05:00,40.36,39.62645762847299,Вверх,1.851142936884503,True,0.1304406727548226,0.1271663881653456,0.003274284589477011,False,41.01799356632958,Красный,0.7335423715270082,Выше
2021-02-25 18:30:00+05:00,40.46,39.63475158241854,Вверх,2.082133442581062,True,0.1091459712146587,0.1235623047752083,-0.014416333560549596,Выше,40.93569420969663,Красный,0.825248417581463,Выше
2021-02-25 19:00:00+05:00,40.44,39.64276400448403,Вверх,2.011050479289973,True,0.0896228179143747,0.1167744074030416,-0.027151589488666902,False,40.93569420969663,Красный,0.7972359955159689,Выше
2021-02-25 19:30:00+05:00,40.845,39.6547265517031,Вверх,3.001592878833707,True,0.1056132497399104,0.1145421758704153,-0.008928926130504902,False,40.93569420969663,Красный,1.1902734482968995,Выше
2021-02-25 20:00:00+05:00,40.475,39.662888476561776,Вверх,2.047534999671372,True,0.0874221265292618,0.1091181660021846,-0.0216960394729228,False,40.93569420969663,Красный,0.8121115234382259,Выше
2021-02-25 20:30:00+05:00,40.5,39.67121794445668,Вверх,2.089126824146644,True,0.0741678604636035,0.1021281048944684,-0.027960244430864895,False,40.93569420969663,Красный,0.8287820555433214,Выше
2021-02-25 21:00:00+05:00,40.42,39.67866851217353,Вверх,1.8683376121833037,True,0.0565564798085915,0.093013779877293,-0.03645730006870151,False,40.93569420969663,Красный,0.7413314878264714,Выше
2021-02-25 21:30:00+05:00,40.39,39.685746437425536,Вверх,1.7745755738395799,True,0.0397207088702415,0.0823551656758827,-0.04263445680564121,False,40.91753666899539,Красный,0.7042535625744648,Выше
2021-02-25 22:00:00+05:00,40.29,39.69175891068499,Вверх,1.5072173814750354,True,0.0181004244157421,0.0695042174238546,-0.0514037930081125,False,40.81153300209584,Красный,0.5982410893150103,Выше
2021-02-25 22:30:00+05:00,39.715,39.69199016530504,Вверх,0.057970977517457216,True,-0.0449137633980711,0.0466206212594694,-0.09153438465754049,False,40.49612970188626,Красный,0.02300983469496032,Выше
2021-02-25 23:00:00+05:00,39.94,39.69445792485425,Вверх,0.6185802451581184,True,-0.0758232978573474,0.0221318374361061,-0.0979551352934535,False,40.40501673169764,Красный,0.24554207514574955,Выше
2021-02-25 23:30:00+05:00,39.975,39.69724938828853,Вверх,0.699672183819895,True,-0.0963840636262176,-0.0015713427763586,-0.09481272084985899,False,40.40501673169764,Красный,0.2777506117114683,Выше
2021-02-26 00:00:00+05:00,40.12,39.70145586203691,Вверх,1.0542286897929771,True,-0.099827580241417,-0.0212225902693703,-0.0786049899720467,False,40.40501673169764,Красный,0.41854413796308876,Выше
2021-02-26 00:30:00+05:00,40.17,39.706117992762906,Вверх,1.1682884922712573,True,-0.0973992518887527,-0.0364579225932468,-0.0609413292955059,False,40.40501673169764,Красный,0.46388200723709616,Выше
2021-02-26 01:00:00+05:00,40.12,39.71023622169064,Вверх,1.031884514667108,True,-0.0983753564342251,-0.0488414093614424,-0.0495339470727827,False,40.40501673169764,Красный,0.4097637783093546,Выше
2021-02-26 01:30:00+05:00,40.03,39.713417950828045,Вверх,0.797166462891555,True,-0.1051985112042217,-0.0601128297299983,-0.045085681474223406,False,40.40501673169764,Красный,0.31658204917195576,Выше
2021-02-26 12:00:00+05:00,40.095,39.71721478713822,Вверх,0.9511875766880827,True,-0.1041602591157087,-0.0689223156071404,-0.03523794350856829,False,40.40501673169764,Красный,0.3777852128617809,Выше
2021-02-26 12:30:00+05:00,40.08,39.72082459025128,Вверх,0.9042496309023459,True,-0.1033563834439021,-0.0758091291744927,-0.027547254269409405,False,40.40501673169764,Красный,0.3591754097487154,Выше
2021-02-26 13:00:00+05:00,40.345,39.72703529084579,Вверх,1.5555268713862576,True,-0.0804091146589414,-0.0767291262713824,-0.003679988387559008,False,40.40501673169764,Красный,0.617964709154208,Выше
2021-02-26 13:30:00+05:00,40.315,39.73288568596176,Вверх,1.4650693096874814,True,-0.0639073044751796,-0.0741647619121419,0.010257457436962297,Ниже,40.40501673169764,Красный,0.5821143140382361,Выше
2021-02-26 14:00:00+05:00,40.325,39.73877737067856,Вверх,1.4751904011872987,True,-0.0494525266448775,-0.069222314858689,0.0197697882138115,False,40.40501673169764,Красный,0.5862226293214405,Выше
2021-02-26 14:30:00+05:00,40.295,39.74431192420414,Вверх,1.385577077912611,True,-0.039957159095266,-0.0633692837060044,0.023412124610738404,False,40.40501673169764,Красный,0.5506880757958612,Выше
2021-02-26 15:00:00+05:00,40.18,39.74864712893843,Вверх,1.0852013897789483,True,-0.0412362054983361,-0.0589426680644708,0.0177064625661347,False,40.40501673169764,Красный,0.43135287106156994,Выше
2021-02-26 15:30:00+05:00,39.805,39.74920785402362,Вверх,0.1403603970707449,True,-0.0716829090278281,-0.0614907162571422,-0.010192192770685907,Ниже,40.40501673169764,Красный,0.05579214597638327,Выше
2021-02-26 16:00:00+05:00,39.92,39.750907278361694,Вверх,0.42538078553581227,True,-0.0855464755078827,-0.0663018681072903,-0.019244607400592403,False,40.40501673169764,Красный,0.16909272163830735,Выше
2021-02-26 16:30:00+05:00,39.565,39.749057454696406,Вниз,0.46304860160819017,True,-0.1237524438269161,-0.0777919832512155,-0.04596046057570059,False,40.18339107453692,Красный,-0.18405745469640777,Ниже
2021-02-26 17:00:00+05:00,39.56,39.74717628599296,Вниз,0.47091719081165584,True,-0.1526744709278489,-0.0927684807865422,-0.05990599014130668,False,40.15905196708323,Красный,-0.18717628599295466,Ниже
2021-02-26 17:30:00+05:00,39.25,39.74222925827164,Вниз,1.238554724932028,True,-0.1983236434892248,-0.1138795133270787,-0.0844441301621461,False,39.947146770374914,Красный,-0.4922292582716423,Ниже
2021-02-26 18:00:00+05:00,38.13,39.72618717609978,Вниз,4.017972248441904,True,-0.3211732955702047,-0.1553382697757039,-0.1658350257945008,False,39.15293209333741,Красный,-1.5961871760997752,Ниже
2021-02-26 18:30:00+05:00,38.94,39.71836441812864,Вниз,1.9597091409266858,True,-0.3491475438322808,-0.1941001245870193,-0.1550474192452615,False,39.15293209333741,Красный,-0.7783644181286391,Ниже
2021-02-26 19:00:00+05:00,38.7,39.708231438843775,Вниз,2.539099331070913,True,-0.3862310996634477,-0.232526319602305,-0.15370478006114272,False,39.15293209333741,Красный,-1.0082314388437723,Ниже
2021-02-26 19:30:00+05:00,38.63,39.697502767810505,Вниз,2.6890929992606685,True,-0.4164677191931361,-0.2693145995204712,-0.14715311967266487,False,39.15293209333741,Красный,-1.0675027678105025,Ниже
2021-02-26 20:00:00+05:00,38.965,39.69021418305618,Вниз,1.8271863681848541,True,-0.4086876607711716,-0.2971892117706113,-0.11149844900056027,False,39.15293209333741,Красный,-0.725214183056174,Ниже
2021-02-26 20:30:00+05:00,39.38,39.68712747476706,Вниз,0.7738717672684368,True,-0.3648293510585603,-0.3107172396282011,-0.05411211143035921,False,38.29947905320518,Зелёный,-0.30712747476705715,Ниже
2021-02-26 21:00:00+05:00,38.63,39.67660879342609,Вниз,2.6378484080511893,True,-0.3861388878813514,-0.3258015692788312,-0.06033731860252023,False,38.29947905320518,Зелёный,-1.0466087934260884,Ниже
2021-02-26 21:30:00+05:00,38.895,39.66883159150146,Вниз,1.950729478171066,True,-0.3772943496327485,-0.3361001253496147,-0.041194224283133796,False,38.29947905320518,Зелёный,-0.7738315915014553,Ниже
2021-02-26 22:00:00+05:00,38.975,39.6619277945711,Вниз,1.7319576550313922,True,-0.3596834510091184,-0.3408167904815155,-0.01886666052760294,False,38.29947905320518,Зелёный,-0.6869277945710976,Ниже
2021-02-26 22:30:00+05:00,38.905,39.65439617472462,Вниз,1.8898186506803374,True,-0.3473708272896374,-0.3421275978431399,-0.0052432294464975215,False,38.29947905320518,Зелёный,-0.7493961747246161,Ниже
2021-02-26 23:00:00+05:00,38.99,39.64778526751343,Вниз,1.6590719079897782,True,-0.3269849160873193,-0.3390990614919758,0.012114145404656496,Ниже,38.29947905320518,Зелёный,-0.6577852675134253,Ниже
2021-02-26 23:30:00+05:00,38.97,39.64104113549837,Вниз,1.6927939233600409,True,-0.308882166101597,-0.3330556824139,0.024173516312302967,False,38.365919232514415,Зелёный,-0.6710411354983705,Ниже
2021-02-27 00:00:00+05:00,38.925,39.63391634808048,Вниз,1.7886608576717633,True,-0.2947688187783015,-0.3253983096867803,0.030629490908478774,False,38.38907730926298,Зелёный,-0.7089163480804856,Ниже
2021-02-27 00:30:00+05:00,38.875,39.62636494163191,Вниз,1.8961238123624102,True,-0.2843407680973229,-0.3171868013688889,0.03284603327156599,False,38.39716957833668,Зелёный,-0.7513649416319126,Ниже
2021-02-27 01:00:00+05:00,38.9,39.61913742977488,Вниз,1.81512641725115,True,-0.2709359902920312,-0.3079366391535173,0.03700064886148613,False,38.419202620503015,Зелёный,-0.7191374297748823,Ниже
2021-02-27 01:30:00+05:00,38.93,39.6122803409214,Вниз,1.7223960222672998,True,-0.2549529194725863,-0.2973398952173312,0.04238697574474487,False,38.45553235845271,Зелёный,-0.6822803409214018,Ниже
2021-03-01 12:00:00+05:00,39.085,39.60703377036497,Вниз,1.3180329872507894,True,-0.2271604517995484,-0.2833040065337746,0.056143554734226164,False,38.75347912260744,Зелёный,-0.5220337703649705,Ниже
2021-03-01 12:30:00+05:00,38.915,39.600147862202135,Вниз,1.7301649089449522,True,-0.2163582568785145,-0.2699148566027226,0.053556599724208065,False,38.75347912260744,Зелёный,-0.6851478622021361,Ниже
2021-03-01 13:00:00+05:00,38.875,39.59293246058818,Вниз,1.8132843817588622,True,-0.2086202607793694,-0.257655937438052,0.04903567665868258,False,38.75347912260744,Зелёный,-0.7179324605881803,Ниже
2021-03-01 13:30:00+05:00,38.91,39.58613711272164,Вниз,1.7080148810588371,True,-0.1973882665617665,-0.2456024032627949,0.04821413670102839,False,38.75347912260744,Зелёный,-0.6761371127216407,Ниже
2021-03-01 14:00:00+05:00,38.755,39.57786709169953,Вниз,2.0791092400027393,True,-0.1987035045216245,-0.2362226235145608,0.03751911899293631,False,38.75347912260744,Зелёный,-0.8228670916995284,Ниже
2021-03-01 14:30:00+05:00,38.815,39.57027637436919,Вниз,1.9086962325550239,True,-0.1926832094244019,-0.2275147406965291,0.03483153127212721,False,38.75347912260744,Зелёный,-0.7552763743691955,Ниже
2021-03-01 15:00:00+05:00,38.775,39.56236317661428,Вниз,1.9901823687814897,True,-0.1889615171468079,-0.2198040959865849,0.030842578839777007,False,38.75347912260744,Зелёный,-0.7873631766142779,Ниже
2021-03-01 15:30:00+05:00,38.93,39.5560710057027,Вниз,1.5827431536677121,True,-0.1715275814062806,-0.210148793070524,0.0386212116642434,False,38.75347912260744,Зелёный,-0.6260710057026984,Ниже
2021-03-01 16:00:00+05:00,38.775,39.54829915489969,Вниз,1.95532847536854,True,-0.1682784570351359,-0.2017747258634464,0.03349626882831053,False,38.75347912260744,Зелёный,-0.7732991548996893,Ниже
2021-03-01 16:30:00+05:00,38.825,39.54110214838328,Вниз,1.8110323422346932,True,-0.1598265395701688,-0.1933850886047909,0.033558549034622104,False,38.75347912260744,Зелёный,-0.7161021483832783,Ниже
2021-03-01 17:00:00+05:00,38.89,39.53462352004115,Вниз,1.6305290468097513,True,-0.1461980966609246,-0.1839476902160177,0.03774959355509311,False,38.75347912260744,Зелёный,-0.6446235200411508,Ниже
2021-03-01 17:30:00+05:00,38.945,39.52875661934423,Вниз,1.476789733018202,True,-0.1294670021119586,-0.1730515525952058,0.04358455048324719,False,38.75347912260744,Зелёный,-0.5837566193442285,Ниже
2021-03-01 18:00:00+05:00,38.99,39.52339585696269,Вниз,1.349569907639212,True,-0.1112934436805801,-0.1606999308122807,0.04940648713170061,False,38.75347912260744,Зелёный,-0.5333958569626915,Ниже
2021-03-01 18:30:00+05:00,39.04,39.518585947938185,Вниз,1.211040163655337,True,-0.0917979954089318,-0.1469195437316109,0.0551215483226791,False,38.756037196968045,Зелёный,-0.47858594793818554,Ниже
2021-03-01 19:00:00+05:00,39.055,39.51397315243632,Вниз,1.1615464500765413,True,-0.074281071601689,-0.1323918493056265,0.05811077770393751,False,38.756037196968045,Зелёный,-0.45897315243632164,Ниже
2021-03-01 19:30:00+05:00,39.095,39.5098042653474,Вниз,1.0498767914960514,True,-0.0565195948683623,-0.1172173984181737,0.060697803549811406,False,38.756037196968045,Зелёный,-0.41480426534739934,Ниже
2021-03-01 20:00:00+05:00,39.265,39.507368402010606,Вниз,0.6134764521503047,True,-0.0283985564605586,-0.0994536300266507,0.0710550735660921,False,38.8234686165897,Зелёный,-0.24236840201060517,Ниже
2021-03-01 20:30:00+05:00,39.355,39.50585229850802,Вниз,0.3818479787960874,True,0.0011367135906823,-0.0793355613031841,0.08047227489386641,False,38.966871754930736,Зелёный,-0.1508522985080205,Ниже
2021-03-01 21:00:00+05:00,39.27,39.50350550946814,Вниз,0.5911007300660234,True,0.0174833016525965,-0.0599717887120279,0.0774550903646244,False,38.966871754930736,Зелёный,-0.23350550946813797,Ниже
2021-03-01 21:30:00+05:00,39.22,39.500684559125176,Вниз,0.7105815057585765,True,0.026102613648085,-0.0427569082400053,0.0688595218880903,False,38.966871754930736,Зелёный,-0.2806845591251772,Ниже
2021-03-01 22:00:00+05:00,39.25,39.498190185402535,Вниз,0.6283583734787413,True,0.0349513325773358,-0.0272152600765371,0.0621665926538729,False,38.966871754930736,Зелёный,-0.24819018540253523,Ниже
2021-03-01 22:30:00+05:00,39.25,39.495720631318925,Вниз,0.6221449498609111,True,0.0414857837888291,-0.0134750513034638,0.054960835092292895,False,38.966871754930736,Зелёный,-0.24572063131892463,Ниже
2021-03-01 23:00:00+05:00,39.29,39.49367365986302,Вниз,0.5157121153558643,True,0.0493234787973833,-0.0009153452832944,0.0502388240806777,False,38.97551732756904,Зелёный,-0.20367365986302133,Ниже
2021-03-01 23:30:00+05:00,39.34,39.49214456872011,Вниз,0.38525273920072295,True,0.0588906360969971,0.0110458509927638,0.0478447851042333,False,39.05421559481214,Зелёный,-0.15214456872010373,Ниже
2021-03-02 00:00:00+05:00,39.37,39.49092919987712,Вниз,0.30622019366792,True,0.0681083161910294,0.0224583440324169,0.0456499721586125,False,39.05479403533093,Зелёный,-0.12092919987712492,Ниже
2021-03-02 00:30:00+05:00,39.4,39.49002443171914,Вниз,0.22796752601356787,True,0.0769471445702194,0.0333561041399774,0.04359104043024199,False,39.12556463179784,Зелёный,-0.09002443171914365,Ниже
2021-03-02 01:00:00+05:00,39.395,39.48907891498562,Вниз,0.23824033776061065,True,0.0825964016243361,0.0432041636368492,0.039392237987486894,False,39.16350816861805,Зелёный,-0.09407891498561582,Ниже
2021-03-02 01:30:00+05:00,39.39,39.48809305513502,Вниз,0.24841173008292683,True,0.0856823277878291,0.0516997964670452,0.033982531320783896,False,39.17315735175625,Зелёный,-0.09809305513501698,Ниже
2021-03-02 12:00:00+05:00,39.24,39.48562446752174,Вниз,0.6220604861492585,True,0.075157827456799,0.0563914026649959,0.0187664247918031,False,39.17315735175625,Зелёный,-0.24562446752173628,Ниже
2021-03-02 12:30:00+05:00,39.51,39.48586701013346,Вверх,0.061118044743309376,True,0.0875940983945184,0.0626319418109004,0.024962156583618,False,39.12205745492257,Зелёный,0.024132989866537002,Выше
2021-03-02 13:00:00+05:00,39.645,39.48745042296795,Вверх,0.3989864509976341,True,0.1071086229366713,0.0715272780360546,0.03558134490061669,False,39.1978517094303,Зелёный,0.15754957703205008,Выше
2021-03-02 13:30:00+05:00,39.735,39.489913602838925,Вверх,0.6206303706459746,True,0.1283566564333753,0.0828931537155188,0.0454635027178565,False,39.47631653848728,Зелёный,0.2450863971610744,Выше
2021-03-02 14:00:00+05:00,39.83,39.49329754708929,Вверх,0.8525559368883908,True,0.151119569783404,0.0965384369290958,0.054581132854308184,False,39.47631653848728,Зелёный,0.336702452910707,Выше
2021-03-02 14:30:00+05:00,39.96,39.49794135259089,Вверх,1.1698296963996058,True,0.1776019711854743,0.1127511437803715,0.0648508274051028,False,39.566616396174695,Зелёный,0.4620586474091084,Выше
2021-03-02 15:00:00+05:00,39.93,39.50224044360989,Вверх,1.0828741650761335,True,0.1939331748915336,0.1289875500026039,0.06494562488892971,False,39.65845475655723,Зелёный,0.4277595563901073,Выше
2021-03-02 15:30:00+05:00,39.945,39.50664601133517,Вверх,1.1095702443053699,True,0.2057147940356927,0.1443329988092217,0.061381795226471,False,39.65845475655723,Зелёный,0.43835398866482933,Выше
2021-03-02 16:00:00+05:00,40.145,39.51299779231692,Вверх,1.5994792675689335,True,0.2285554951425297,0.1611774980758833,0.0673779970666464,False,39.77377335281135,Зелёный,0.6320022076830796,Выше
2021-03-02 16:30:00+05:00,40.09,39.51873910781626,Вверх,1.4455443292996077,True,0.2394585459226164,0.1768337076452299,0.06262483827738649,False,39.77664601753021,Зелёный,0.5712608921837443,Выше
2021-03-02 17:00:00+05:00,39.955,39.5230800122161,Вверх,1.0928297785759575,True,0.2345027190873878,0.1883675099336615,0.04613520915372629,False,39.77664601753021,Зелёный,0.43191998778389973,Выше
2021-03-02 17:30:00+05:00,40.25,39.53031304692042,Вверх,1.8205951271505236,True,0.2514803166485322,0.2009900712766357,0.0504902453718965,False,39.81115827419948,Зелёный,0.7196869530795809,Выше
2021-03-02 18:00:00+05:00,39.98,39.53478754396599,Вверх,1.1261283636313797,True,0.2403775191064312,0.2088675608425948,0.0315099582638364,False,39.81115827419948,Зелёный,0.4452124560340067,Выше
2021-03-02 18:30:00+05:00,40.2,39.54140657337926,Вверх,1.6655791578849137,True,0.2464892587061342,0.2163919004153027,0.03009735829083149,False,39.81115827419948,Зелёный,0.6585934266207403,Выше
2021-03-02 19:00:00+05:00,40.09,39.54686521444016,Вверх,1.3733952934442013,True,0.2396937355012696,0.2210522674324961,0.01864146806877351,False,39.81115827419948,Зелёный,0.5431347855598432,Выше
2021-03-02 19:30:00+05:00,39.97,39.55107551081389,Вверх,1.0591987291763285,True,0.2220654055202402,0.2212548950500449,0.0008105104701953136,False,39.81115827419948,Зелёный,0.4189244891861108,Выше
2021-03-02 20:00:00+05:00,39.44,39.54997028185057,Вниз,0.2780540189205581,True,0.1634441737058054,0.209692750781197,-0.046248577075391595,Выше,40.20485087566795,Красный,-0.1099702818505719,Ниже
2021-03-02 20:30:00+05:00,39.5,39.54947306511574,Вниз,0.12509159106693232,True,0.1204395713018442,0.1918421148853265,-0.07140254358348229,False,39.87986578810116,Красный,-0.04947306511574112,Ниже
2021-03-02 21:00:00+05:00,39.485,39.54883154207977,Вниз,0.16139931216893652,True,0.0841773948166633,0.1703091708715938,-0.08613177605493051,False,39.87986578810116,Красный,-0.06383154207976816,Ниже
2021-03-02 21:30:00+05:00,39.62,39.54953968593967,Вверх,0.17815710276237753,True,0.0655768019030205,0.1493626970778792,-0.0837858951748587,False,39.87986578810116,Красный,0.07046031406032682,Выше
2021-03-02 22:00:00+05:00,39.75,39.551534315930326,Вверх,0.5017901011990262,True,0.0606267441854555,0.1316155064993944,-0.07098876231393891,False,39.87986578810116,Красный,0.19846568406967435,Выше
2021-03-02 22:30:00+05:00,39.785,39.55385735756286,Вверх,0.5843744652958338,True,0.0588496135613212,0.1170623279117798,-0.0582127143504586,False,39.87986578810116,Красный,0.23114264243713478,Выше
2021-03-02 23:00:00+05:00,39.78,39.556107533109504,Вверх,0.5660123830513233,True,0.056387763487578,0.1049274150269394,-0.048539651539361406,False,39.87986578810116,Красный,0.22389246689049713,Выше
2021-03-02 23:30:00+05:00,39.755,39.558086562630805,Вверх,0.49778301854269846,True,0.0518220659826624,0.094306345218084,-0.04248427923542159,False,39.87986578810116,Красный,0.1969134373691972,Выше
2021-03-03 00:00:00+05:00,39.725,39.55974739285338,Вверх,0.41772917684624383,True,0.045261225305218,0.0844973212355108,-0.03923609593029281,False,39.87986578810116,Красный,0.16525260714661982,Выше
2021-03-03 00:30:00+05:00,39.73,39.56144144864589,Вверх,0.4260677699848557,True,0.0400040284746765,0.075598662683344,-0.0355946342086675,False,39.87986578810116,Красный,0.1685585513541099,Выше
2021-03-03 01:00:00+05:00,39.73,39.563118648161854,Вверх,0.42181040711737766,True,0.0354292557045923,0.0675647812875936,-0.032135525583001305,False,39.87986578810116,Красный,0.16688135183814268,Выше
2021-03-03 01:30:00+05:00,39.775,39.565226920319446,Вверх,0.5301955682018832,True,0.0350310234123156,0.061058029712538,-0.0260270063002224,False,39.87986578810116,Красный,0.20977307968055214,Выше
2021-03-03 12:00:00+05:00,40.47,39.5742296375302,Вверх,2.2635193929847053,True,0.089761399554689,0.0667987036809682,0.022962695873720795,Выше,40.01136377295219,Зелёный,0.895770362469797,Выше
2021-03-03 12:30:00+05:00,40.365,39.58209799934582,Вверх,1.9779194136377551,True,0.1232423335744457,0.0780874296596637,0.045154903914781996,False,40.01136377295219,Зелёный,0.7829020006541825,Выше
2021-03-03 13:00:00+05:00,40.465,39.59088309387969,Вверх,2.2078742321750395,True,0.1560465715263959,0.0936792580330102,0.0623673134933857,False,40.01960465609126,Зелёный,0.8741169061203138,Выше
2021-03-03 13:30:00+05:00,40.61,39.60102356060725,Вверх,2.5478544458543153,True,0.1915365406166529,0.1132507145497387,0.0782858260669142,False,40.15814419048214,Зелёный,1.0089764393927467,Выше
2021-03-03 14:00:00+05:00,40.74,39.61235665950668,Вверх,2.8466959191197105,True,0.2275296897259195,0.1361065095849749,0.09142318014094461,False,40.32457977143393,Зелёный,1.1276433404933215,Выше
2021-03-03 14:30:00+05:00,40.825,39.62442276239716,Вверх,3.0298920562249014,True,0.2599171462676537,0.1608686369215107,0.09904850934614301,False,40.440621794290536,Зелёный,1.2005772376028432,Выше
2021-03-03 15:00:00+05:00,40.64,39.63452800854246,Вверх,2.536858749121044,True,0.2675720806377555,0.1822093256647596,0.08536275497299589,False,40.440621794290536,Зелёный,1.00547199145754,Выше
2021-03-03 15:30:00+05:00,40.685,39.64498046616891,Вверх,2.623332188846944,True,0.2741100254503692,0.2005894656218816,0.07352055982848762,False,40.440621794290536,Зелёный,1.0400195338310922,Выше
2021-03-03 16:00:00+05:00,40.78,39.6562741928737,Вверх,2.8336646091887117,True,0.2836869334892924,0.2172089591953638,0.06647797429392863,False,40.440621794290536,Зелёный,1.1237258071262985,Выше
2021-03-03 16:30:00+05:00,40.695,39.66660977304412,Вверх,2.5925841226157216,True,0.2811766827108002,0.2300025038984511,0.05117417881234912,False,40.440621794290536,Зелёный,1.028390226955878,Выше
2021-03-03 17:00:00+05:00,40.665,39.67654400415811,Вверх,2.4912855205793596,True,0.2736125069417738,0.2387245045071156,0.0348880024346582,False,40.440621794290536,Зелёный,0.988455995841889,Выше
2021-03-03 17:30:00+05:00,40.625,39.68598137725107,Вверх,2.3661217139188593,True,0.2613771839667009,0.2432550403990327,0.018122143567668197,False,40.440621794290536,Зелёный,0.9390186227489323,Выше
2021-03-03 18:00:00+05:00,40.6,39.69507608991524,Вверх,2.279688060138679,True,0.2468181453512841,0.243967661389483,0.002850483961801098,False,40.440621794290536,Зелёный,0.9049239100847615,Выше
2021-03-03 18:30:00+05:00,40.69,39.7049758303141,Вверх,2.480858252868776,True,0.2397782359477389,0.2431297763011342,-0.003351540353395299,Выше,40.440621794290536,Зелёный,0.9850241696859001,Выше
2021-03-03 19:00:00+05:00,40.735,39.71522482702739,Вверх,2.56771849439115,True,0.235119865492571,0.2415277941394215,-0.006407928646850497,False,40.440621794290536,Зелёный,1.019775172972608,Выше
2021-03-03 19:30:00+05:00,40.69,39.72492408247986,Вверх,2.429396505620441,True,0.2252009727941555,0.2382624298703683,-0.013061457076212812,False,40.440621794290536,Зелёный,0.9650759175201387,Выше
2021-03-03 20:00:00+05:00,40.695,39.7345765791716,Вверх,2.417097408637899,True,0.2152622281125644,0.2336623895188076,-0.018400161406243204,False,40.440621794290536,Зелёный,0.9604234208283984,Выше
2021-03-03 20:30:00+05:00,40.685,39.744033528632585,Вверх,2.3675666202564014,True,0.2042246107339593,0.227774833761838,-0.02355022302787868,False,40.440621794290536,Зелёный,0.9409664713674175,Выше
2021-03-03 21:00:00+05:00,40.85,39.75503817013873,Вверх,2.7542718615315773,True,0.2064119519816785,0.2235022574058061,-0.017090305424127594,False,40.440621794290536,Зелёный,1.094961829861269,Выше
2021-03-03 21:30:00+05:00,40.85,39.76593331272442,Вверх,2.7261190596240765,True,0.2057734079224076,0.2199564875091264,-0.014183079586718828,False,40.51419526585439,Зелёный,1.0840666872755804,Выше
2021-03-03 22:00:00+05:00,40.86,39.77681954841871,Вверх,2.7231449469276456,True,0.2037258488113309,0.2167103597695673,-0.012984510958236384,False,40.57527573926895,Зелёный,1.083180451581292,Выше
2021-03-03 22:30:00+05:00,40.815,39.78714970216579,Вверх,2.583372534922389,True,0.196210230148111,0.212610333845276,-0.01640010369716499,False,40.57527573926895,Зелёный,1.0278502978342061,Выше
2021-03-03 23:00:00+05:00,40.89,39.798123336970114,Вверх,2.7435380653127357,True,0.1940688168917574,0.2089020304545723,-0.014833213562814918,False,40.579548348807855,Зелёный,1.0918766630298862,Выше
2021-03-03 23:30:00+05:00,40.86,39.80868927391568,Вверх,2.64090766428017,True,0.1877862986209209,0.204678884087842,-0.0168925854669211,False,40.59859351392706,Зелёный,1.051310726084317,Выше
2021-03-04 00:00:00+05:00,40.845,39.819000823428965,Вверх,2.576657262498033,True,0.1795275017007966,0.199648607610433,-0.020121105909636394,False,40.60673416253436,Зелёный,1.025999176571034,Выше
2021-03-04 00:30:00+05:00,40.795,39.82871225802171,Вверх,2.4261084207754577,True,0.1670224328693521,0.1931233726622168,-0.026100939792864708,False,40.60673416253436,Зелёный,0.9662877419782916,Выше
2021-03-04 01:00:00+05:00,40.695,39.83733203654886,Вверх,2.1529252076024386,True,0.1473444167436426,0.183967581478502,-0.03662316473485941,False,40.60673416253436,Зелёный,0.8576679634511422,Выше
2021-03-04 01:30:00+05:00,40.77,39.84661231479216,Вверх,2.3173555581412764,True,0.1362309349728505,0.1744202521773717,-0.038189317204521206,False,40.60673416253436,Зелёный,0.9233876852078424,Выше
2021-03-04 12:00:00+05:00,40.165,39.84978035146089,Вверх,0.7910197892158518,True,0.0777091935857967,0.1550780404590567,-0.07736884687326001,False,40.5080674659612,Красный,0.3152196485391059,Выше
2021-03-04 12:30:00+05:00,40.0,39.85127507433193,Вверх,0.3731999174196136,True,0.0178108583841307,0.1276246040440715,-0.1098137456599408,False,40.47251071936509,Красный,0.14872492566806983,Выше
2021-03-04 13:00:00+05:00,39.71,39.84986935219927,Вниз,0.35099074218558396,True,-0.0524549125959055,0.0916087007160761,-0.1440636133119816,False,40.19400964742858,Красный,-0.13986935219926977,Ниже
2021-03-04 13:30:00+05:00,39.81,39.849472642227134,Вниз,0.09905436536518691,True,-0.0989314578070974,0.0535006690114414,-0.1524321268185388,False,40.12385868268572,Красный,-0.03947264222713187,Ниже
2021-03-04 14:00:00+05:00,39.735,39.8483336109612,Вниз,0.28441242253107385,True,-0.140200187441998,0.0147604977207535,-0.1549606851627515,False,40.01572281441715,Красный,-0.11333361096119887,Ниже
2021-03-04 14:30:00+05:00,39.48,39.84466859990686,Вниз,0.9152255815417075,True,-0.1912773951338167,-0.0264470808501605,-0.1648303142836562,False,40.01572281441715,Красный,-0.36466859990686373,Ниже
2021-03-04 15:00:00+05:00,39.5,39.84123906159933,Вниз,0.8564971111258242,True,-0.2275199094777278,-0.0666616465756739,-0.1608582629020539,False,39.90816047967789,Красный,-0.3412390615993317,Ниже
2021-03-04 15:30:00+05:00,39.885,39.84167449382223,Вверх,0.10874418991722781,True,-0.2226099716049816,-0.0978513115815355,-0.12475866002344611,False,39.90816047967789,Красный,0.04332550617776576,Выше
2021-03-04 16:00:00+05:00,39.815,39.84140907597325,Вниз,0.06628549688816507,True,-0.2218103339940853,-0.1226431160640454,-0.09916721793003991,False,39.90816047967789,Красный,-0.02640907597325537,Ниже
2021-03-04 16:30:00+05:00,39.905,39.84204182148596,Вверх,0.15801945792871616,True,-0.2114765970169543,-0.1404098122546272,-0.07106678476232708,False,39.90816047967789,Красный,0.0629581785140445,Выше
2021-03-04 17:00:00+05:00,39.885,39.84246926604829,Вверх,0.10674723413277523,True,-0.2025658162284145,-0.1528410130493847,-0.0497248031790298,False,39.90816047967789,Красный,0.04253073395170759,Выше
2021-03-04 17:30:00+05:00,39.845,39.842494447480654,Вверх,0.0062886437059002384,True,-0.1964668761094259,-0.1615661856613929,-0.034900690448032984,False,39.90816047967789,Красный,0.0025055525193451444,Выше
2021-03-04 18:00:00+05:00,39.875,39.84281788581418,Вверх,0.08077268600341783,True,-0.1870564030690857,-0.1666642291429315,-0.020392173926154195,False,39.90816047967789,Красный,0.032182114185822286,Выше
2021-03-04 18:30:00+05:00,39.83,39.84269034466181,Вниз,0.03185112388755452,True,-0.1811415720196052,-0.1695596977182662,-0.011581874301339001,False,39.90816047967789,Красный,-0.012690344661812958,Ниже
2021-03-04 19:00:00+05:00,39.95,39.84375810242637,Вверх,0.26664627694133675,True,-0.1648705041373119,-0.1686218590020754,0.0037513548647634953,Ниже,39.5025918842808,Зелёный,0.10624189757363212,Выше
2021-03-04 19:30:00+05:00,39.85,39.84382021085994,Вверх,0.015510031687118765,True,-0.1582208583134274,-0.1665416588643458,0.008320800550918411,False,39.52883269585273,Зелёный,0.006179789140063008,Выше
2021-03-04 20:00:00+05:00,39.92,39.84457821871208,Вверх,0.18928994774125074,True,-0.1456238895532635,-0.1623581050021294,0.016734215448865913,False,39.52883269585273,Зелёный,0.07542178128792187,Выше
2021-03-04 20:30:00+05:00,40.0,39.84612470409803,Вверх,0.3861738049676469,True,-0.1277131716978274,-0.155429118341269,0.027715946643441597,False,39.5410544836407,Зелёный,0.1538752959019689,Выше
2021-03-04 21:00:00+05:00,40.095,39.848601075201536,Вверх,0.6183377035832784,True,-0.1046467896549856,-0.1452726526040123,0.04062586294902669,False,39.59144903527663,Зелёный,0.24639892479846282,Выше
2021-03-04 21:30:00+05:00,40.18,39.851898576940826,Вверх,0.8233018620824764,True,-0.0786016551239328,-0.1319384531079964,0.0533367979840636,False,39.82805413174897,Зелёный,0.32810142305917367,Выше
2021-03-04 22:00:00+05:00,40.135,39.85471550652351,Вверх,0.7032655732559645,True,-0.0608899211736755,-0.1177287467211322,0.05683882554745671,False,39.82805413174897,Зелёный,0.2802844934764863,Выше
2021-03-04 22:30:00+05:00,40.17,39.85785266566258,Вверх,0.7831514079691975,True,-0.0435272815126737,-0.1028884536794405,0.05936117216676679,False,39.82805413174897,Зелёный,0.3121473343374248,Выше
2021-03-04 23:00:00+05:00,39.91,39.85837154461122,Вверх,0.12952976598904756,True,-0.0501687771456431,-0.0923445183726811,0.042175741227037995,False,39.82805413174897,Зелёный,0.051628455388780026,Выше
2021-03-04 23:30:00+05:00,39.555,39.85535292227678,Вниз,0.7536074836986328,True,-0.0831195925031522,-0.0904995331987753,0.007379940695623088,False,40.191755684159496,Красный,-0.30035292227677957,Ниже
2021-03-05 00:00:00+05:00,39.55,39.85231458474169,Вниз,0.7585872687491073,True,-0.1083873869570055,-0.0940771039504213,-0.014310283006584198,Ниже,39.93783011574355,Красный,-0.30231458474169415,Ниже
2021-03-05 00:30:00+05:00,39.14,39.84522687743083,Вниз,1.7699155775927753,True,-0.1596554608230462,-0.1071927753249463,-0.05246268549809992,False,39.7952971041692,Красный,-0.7052268774308317,Ниже
2021-03-05 01:00:00+05:00,39.145,39.83825944581461,Вниз,1.740185077005009,True,-0.1976044593127,-0.1252751121224971,-0.0723293471902029,False,39.56251739375227,Красный,-0.6932594458146042,Ниже
2021-03-05 01:30:00+05:00,39.1,39.83091358068212,Вниз,1.8350409643544088,True,-0.2286744215560219,-0.145954974009202,-0.08271944754681992,False,39.51501565437705,Красный,-0.7309135806821203,Ниже
2021-03-05 12:00:00+05:00,38.58,39.8184666793818,Вниз,3.110282194826667,True,-0.2918924897346215,-0.1751424771542859,-0.1167500125803356,False,39.35726408893935,Красный,-1.2384666793818013,Ниже
2021-03-05 12:30:00+05:00,38.7,39.807337657696415,Вниз,2.7817425702226477,True,-0.328523255518597,-0.2058186328271481,-0.12270462269144891,False,39.15378768004541,Красный,-1.1073376576964122,Ниже
2021-03-05 13:00:00+05:00,38.74,39.79671738249546,Вниз,2.655287802607188,True,-0.3502878354858865,-0.2347124733588958,-0.11557536212699068,False,39.15378768004541,Красный,-1.0567173824954565,Ниже
2021-03-05 13:30:00+05:00,38.78,39.78660079162486,Вниз,2.5299994761974065,True,-0.3601570894718193,-0.2598013965814805,-0.1003556928903388,False,39.15378768004541,Красный,-1.0066007916248623,Ниже
2021-03-05 14:00:00+05:00,38.615,39.77494307230522,Вниз,2.9162658264440644,True,-0.376947449837175,-0.2832306072326194,-0.0937168426045556,False,39.15378768004541,Красный,-1.159943072305218,Ниже
2021-03-05 14:30:00+05:00,38.755,39.76479438501861,Вниз,2.5394180974290377,True,-0.3746385019771381,-0.3015121861815232,-0.0731263157956149,False,39.1285053468778,Красный,-1.0097943850186084,Ниже
2021-03-05 15:00:00+05:00,38.995,39.75713473939653,Вниз,1.9169760205111246,True,-0.349414813460271,-0.3110927116372728,-0.03832210182299817,False,39.1285053468778,Красный,-0.7621347393965294,Ниже
2021-03-05 15:30:00+05:00,39.06,39.75019807532294,Вниз,1.7363387070803475,True,-0.3204855439560603,-0.3129712781010303,-0.007514265855030011,False,39.1285053468778,Красный,-0.6901980753229395,Ниже
2021-03-05 16:00:00+05:00,39.08,39.743529437757545,Вниз,1.6695282153959217,True,-0.2925724633592494,-0.3088915151526741,0.016319051793424688,Ниже,39.1285053468778,Красный,-0.6635294377575462,Ниже
2021-03-05 16:30:00+05:00,39.14,39.73752416972016,Вниз,1.5036773986424419,True,-0.2625827567565153,-0.2996297634734424,0.03704700671692707,False,38.72770464191348,Зелёный,-0.5975241697201596,Ниже
2021-03-05 17:00:00+05:00,39.195,39.732125919275184,Вниз,1.3518680585239176,True,-0.2317066874038644,-0.2860451482595268,0.05433846085566241,False,38.72770464191348,Зелёный,-0.5371259192751836,Ниже
2021-03-05 17:30:00+05:00,39.355,39.72837342256598,Вниз,0.9398155282992393,True,-0.1921119699634346,-0.2672585126003083,0.0751465426368737,False,38.85136575994992,Зелёный,-0.37337342256598305,Ниже
2021-03-05 18:00:00+05:00,39.185,39.72296672184393,Вниз,1.354296434128365,True,-0.1724624110575163,-0.24829929229175,0.07583688123423368,False,38.85136575994992,Зелёный,-0.5379667218439295,Ниже
2021-03-05 18:30:00+05:00,39.29,39.718658595258425,Вниз,1.0792373418914982,True,-0.1467260055208967,-0.2279846349375793,0.0812586294166826,False,38.85136575994992,Зелёный,-0.4286585952584261,Ниже
2021-03-05 19:00:00+05:00,39.325,39.71474159431058,Вниз,0.9813524617428497,True,-0.122098041006204,-0.2068073161513043,0.0847092751451003,False,38.89699813900349,Зелёный,-0.3897415943105784,Ниже
2021-03-05 19:30:00+05:00,39.335,39.71096307098411,Вниз,0.9467488116872538,True,-0.1006134757481902,-0.1855685480706815,0.08495507232249129,False,38.90804832510314,Зелёный,-0.3759630709841062,Ниже
2021-03-05 20:00:00+05:00,39.46,39.70846592599919,Вниз,0.6257253213010879,True,-0.0726627368623056,-0.1629873858290063,0.0903246489667007,False,39.07949349259283,Зелёный,-0.24846592599919148,Ниже
2021-03-05 20:30:00+05:00,39.55,39.70688915061612,Вниз,0.3951182124114833,True,-0.0427564572581218,-0.1389412001148294,0.09618474285670761,False,39.12554414333354,Зелёный,-0.15688915061612363,Ниже
2021-03-05 21:00:00+05:00,39.105,39.70090020384382,Вниз,1.5009740353094836,True,-0.0543369338387975,-0.122020346859623,0.0676834130208255,False,39.77101027099981,Красный,-0.5959002038438257,Ниже
2021-03-05 21:30:00+05:00,39.2,39.69591612221354,Вниз,1.249287510298888,True,-0.0552123849052677,-0.108658754468752,0.05344636956348431,False,39.66565924389983,Красный,-0.4959161222135364,Ниже
2021-03-05 22:00:00+05:00,39.47,39.69366820059948,Вниз,0.5634858422989127,True,-0.0337306171094127,-0.0936731269968841,0.0599425098874714,False,39.66565924389983,Красный,-0.22366820059948367,Ниже
2021-03-05 22:30:00+05:00,39.29,39.68965160158854,Вниз,1.0069415715721275,True,-0.0308747521171213,-0.0811134520209315,0.05023869990381019,False,39.66565924389983,Красный,-0.39965160158853763,Ниже
2021-03-05 23:00:00+05:00,39.385,39.68662024236875,Вниз,0.7600048593877095,True,-0.0207070544494669,-0.0690321725066386,0.0483251180571717,False,39.66565924389983,Красный,-0.30162024236874885,Ниже
2021-03-05 23:30:00+05:00,39.565,39.685410090703385,Вниз,0.3034114815197401,True,0.0018540426343136,-0.0548549294784482,0.0567089721127618,False,39.66565924389983,Красный,-0.1204100907033876,Ниже
2021-03-06 00:00:00+05:00,39.54,39.68396322412922,Вниз,0.36277431091279816,True,0.0175146851628014,-0.0403810065501982,0.057895691712999596,False,39.66565924389983,Красный,-0.14396322412922302,Ниже
2021-03-06 00:30:00+05:00,39.59,39.6830282666752,Вниз,0.23442834566463916,True,0.033573425774442,-0.0255901200852702,0.0591635458597122,False,39.66565924389983,Красный,-0.09302826667519781,Ниже
2021-03-06 01:00:00+05:00,39.59,39.68210261228042,Вниз,0.23210113934817206,True,0.0457724570140527,-0.0113176046654056,0.0570900616794583,False,39.66565924389983,Красный,-0.09210261228041361,Ниже
2021-03-06 01:30:00+05:00,39.6,39.6812856708647,Вниз,0.20484636394829422,True,0.0556061999281141,0.0020671562532983,0.0535390436748158,False,39.66565924389983,Красный,-0.08128567086470184,Ниже
2021-03-09 12:00:00+05:00,38.615,39.67067586319441,Вниз,2.6610987592824005,True,-0.0158984881013566,-0.0015259726176326,-0.014372515483723999,Ниже,39.03384455102654,Красный,-1.0556758631944092,Ниже
2021-03-09 12:30:00+05:00,39.175,39.66574376505318,Вниз,1.2371979407721159,True,-0.0270671355534943,-0.006634205204805,-0.0204329303486893,False,38.37228990407612,Зелёный,-0.49074376505318185,Ниже
2021-03-09 13:00:00+05:00,39.235,39.66145775744071,Вниз,1.075244788148773,True,-0.0307227181948732,-0.0114519078028186,-0.0192708103920546,False,38.6068109136685,Зелёный,-0.42645775744070846,Ниже
2021-03-09 13:30:00+05:00,39.28,39.65766215786419,Вниз,0.9523056512026276,True,-0.0296469186324728,-0.0150909099687494,-0.014556008663723401,False,38.73662982230165,Зелёный,-0.37766215786418655,Ниже
2021-03-09 14:00:00+05:00,39.27,39.65380482296007,Вниз,0.9678890201674617,True,-0.0292639199025899,-0.0179255119555175,-0.011338407947072401,False,38.73871684007149,Зелёный,-0.3838048229600659,Ниже
2021-03-09 14:30:00+05:00,39.225,39.64953810830375,Вниз,1.0707264915523433,True,-0.0322201012976748,-0.020784429823949,-0.011435671473725803,False,38.73871684007149,Зелёный,-0.42453810830375005,Ниже
2021-03-09 15:00:00+05:00,39.455,39.647602405733565,Вниз,0.48578575764196485,True,-0.0158214388431332,-0.0197918316277858,0.0039703927846525995,Ниже,38.9096856404579,Зелёный,-0.19260240573356668,Ниже
2021-03-09 15:30:00+05:00,39.67,39.64782526736806,Вверх,0.05592925332575456,True,0.014357814519748,-0.012961902398279,0.027319716918027,False,39.14346707641211,Зелёный,0.02217473263193881,Выше
2021-03-09 16:00:00+05:00,39.69,39.64824491644898,Вверх,0.10531382571664334,True,0.0394343484705004,-0.0024826522245231,0.04191700069502349,False,39.23962036877091,Зелёный,0.04175508355101698,Выше
2021-03-09 16:30:00+05:00,39.715,39.64890914613606,Вверх,0.1666902199511868,True,0.0606261132641634,0.0101391008732141,0.0504870123909493,False,39.35040833189381,Зелёный,0.06609085386394042,Выше
2021-03-09 17:00:00+05:00,39.735,39.64976577154765,Вверх,0.21496779815409042,True,0.0781338935068944,0.0237380593999502,0.054395834106944194,False,39.35040833189381,Зелёный,0.08523422845235018,Выше
2021-03-09 17:30:00+05:00,39.795,39.65121088824867,Вверх,0.36263485661656325,True,0.0957467253949957,0.0381397925989593,0.057606932796036396,False,39.37270574883399,Зелёный,0.1437891117513317,Выше
2021-03-09 18:00:00+05:00,39.75,39.65219386448501,Вверх,0.2466600860705329,True,0.1048650782942814,0.0514848497380237,0.05338022855625771,False,39.37443517395059,Зелёный,0.09780613551499329,Выше
2021-03-09 18:30:00+05:00,39.785,39.65351531856974,Вверх,0.33158392231793915,True,0.1136060661407967,0.0639090930185783,0.049696973122218394,False,39.39324165655553,Зелёный,0.13148468143025838,Выше
2021-03-09 19:00:00+05:00,39.9,39.65596790246457,Вверх,0.615372944964142,True,0.128333551591588,0.0767939847331802,0.051539566858407784,False,39.49091749089997,Зелёный,0.2440320975354311,Выше
2021-03-09 19:30:00+05:00,39.955,39.658943346221136,Вверх,0.7465066610431307,True,0.1427971535648069,0.0899946184995056,0.052802535065301304,False,39.57107574180998,Зелёный,0.29605665377886226,Выше
2021-03-09 20:00:00+05:00,39.7,39.65935187013934,Вверх,0.10249317738162209,True,0.1321598371214349,0.0984276622238914,0.03373217489754349,False,39.57107574180998,Зелёный,0.04064812986066357,Выше
2021-03-09 20:30:00+05:00,39.84,39.6611493639688,Вверх,0.4509466793054701,True,0.1334877534450456,0.1054396804681223,0.0280480729769233,False,39.57107574180998,Зелёный,0.17885063603119988,Выше
2021-03-09 21:00:00+05:00,39.905,39.66357573845667,Вверх,0.6086800220315272,True,0.1381921009527786,0.1119901645650535,0.026201936387725097,False,39.57107574180998,Зелёный,0.24142426154332952,Выше
2021-03-09 21:30:00+05:00,39.815,39.66508244752676,Вверх,0.37795850461566005,True,0.1331235173653624,0.1162168351251153,0.016906682240247106,False,39.57107574180998,Зелёный,0.1499175524732408,Выше
2021-03-09 22:00:00+05:00,39.79,39.666325408247886,Вверх,0.31178736744391633,True,0.1256410257528202,0.1181016732506563,0.007539352502163907,False,39.57107574180998,Зелёный,0.12367459175211337,Выше
2021-03-09 22:30:00+05:00,39.665,39.66631222010612,Вниз,0.00330814747496758,True,0.1083753582415241,0.1161564102488298,-0.007781052007305708,Выше,39.57107574180998,Зелёный,-0.0013122201061221972,Ниже
2021-03-09 23:00:00+05:00,39.63,39.665950904483175,Вниз,0.09063416775194268,True,0.0908210562512934,0.1110893394493226,-0.020268283198029202,False,39.57107574180998,Зелёный,-0.03595090448317251,Ниже
2021-03-09 23:30:00+05:00,39.795,39.667234975085336,Вверх,0.32209208681904394,True,0.0891950811164861,0.1067104877827553,-0.017515406666269204,False,39.57107574180998,Зелёный,0.12776502491466601,Выше
2021-03-10 00:00:00+05:00,39.91,39.66965054747255,Вверх,0.6058774131116212,True,0.0960784899867519,0.1045840882235546,-0.008505598236802692,False,39.57107574180998,Зелёный,0.24034945252744677,Выше
2021-03-10 00:30:00+05:00,39.925,39.67219133804496,Вверх,0.6372440075237217,True,0.1015731437741394,0.1039818993336715,-0.0024087555595320997,False,39.62091286838476,Зелёный,0.2528086619550365,Выше
2021-03-10 01:00:00+05:00,39.95,39.67495560333805,Вверх,0.6932443716176797,True,0.1067148452454631,0.1045284885160299,0.002186356729433195,Выше,39.65382158154628,Зелёный,0.27504439666195424,Выше
2021-03-10 01:30:00+05:00,39.86,39.67679684111578,Вверх,0.46173878304200944,True,0.1023476330620809,0.1040923174252401,-0.0017446843631591935,Выше,39.65382158154628,Зелёный,0.18320315888421845,Выше
2021-03-10 12:00:00+05:00,40.0,39.68001279294548,Вверх,0.8064191126254018,True,0.1089277644504704,0.1050594068302862,0.0038683576201841985,Выше,39.65382158154628,Зелёный,0.3199872070545169,Выше
2021-03-10 12:30:00+05:00,39.9,39.682201720378856,Вверх,0.548856339060672,True,0.1048645880231333,0.1050204430688556,-0.00015585504572231124,Выше,39.69612343294724,Зелёный,0.2177982796211424,Выше
2021-03-10 13:00:00+05:00,40.17,39.68705543460394,Вверх,1.2168818273551516,True,0.1220246111866245,0.1084212766924094,0.013603334494215094,Выше,39.69612343294724,Зелёный,0.48294456539606045,Выше
2021-03-10 13:30:00+05:00,40.515,39.69529368898599,Вверх,2.064996211985322,True,0.1615998474408044,0.1190569908420884,0.04254285659871601,False,40.00603498068726,Зелёный,0.8197063110140093,Выше
2021-03-10 14:00:00+05:00,40.71,39.705390269195085,Вверх,2.5301595677409296,True,0.206320048523807,0.1365096023784321,0.0698104461453749,False,40.28193148261854,Зелёный,1.0046097308049156,Выше
2021-03-10 14:30:00+05:00,40.665,39.71493862472549,Вверх,2.3922015447432283,True,0.2354162738905643,0.1562909366808585,0.0791253372097058,False,40.28193148261854,Зелёный,0.9500613752745082,Выше
2021-03-10 15:00:00+05:00,40.58,39.72354620059887,Вверх,2.156035604364593,True,0.2487490285352791,0.1747825550517427,0.07396647348353641,False,40.28193148261854,Зелёный,0.8564537994011303,Выше
2021-03-10 15:30:00+05:00,40.82,39.734456188652615,Вверх,2.7319961450923174,True,0.2755054713078024,0.1949271383029546,0.08057833300484779,False,40.31834555082891,Зелёный,1.0855438113473852,Выше
2021-03-10 16:00:00+05:00,41.05,39.747546176825225,Вверх,3.276815674055792,True,0.3116764111289285,0.2182769928681494,0.09339941826077913,False,40.55751099574602,Зелёный,1.3024538231747727,Выше
2021-03-10 16:30:00+05:00,41.0,39.760008403921496,Вверх,3.118690477832506,True,0.3324749946226362,0.2411165932190468,0.09135840140358939,False,40.62600989617143,Зелёный,1.2399915960785037,Выше
2021-03-10 17:00:00+05:00,41.145,39.77378941482775,Вверх,3.447523118481287,True,0.3565482438599048,0.2642029233472184,0.0923453205126864,False,40.73440890655428,Зелёный,1.3712105851722498,Выше
2021-03-10 17:30:00+05:00,41.42,39.790169619655344,Вверх,4.096062911829263,True,0.3932831457539407,0.2900189678285629,0.10326417792537779,False,40.93771801589885,Зелёный,1.6298303803446572,Выше
2021-03-10 18:00:00+05:00,41.185,39.8040485289125,Вверх,3.4693744031701104,True,0.3988357538389664,0.3117823250306436,0.08705342880832279,False,40.93771801589885,Зелёный,1.3809514710874993,Выше
2021-03-10 18:30:00+05:00,41.31,39.81903312066462,Вверх,3.7443573147978437,True,0.4086124609843367,0.3311483522213823,0.0774641087629544,False,40.93771801589885,Зелёный,1.4909668793353816,Выше
2021-03-10 19:00:00+05:00,41.5,39.835759159264974,Вверх,4.177756056013202,True,0.4267724171696443,0.3502731652110347,0.07649925195860963,False,40.93771801589885,Зелёный,1.664240840735026,Выше
2021-03-10 19:30:00+05:00,41.335,39.85067697857577,Вверх,3.724712185497431,True,0.4229744065778504,0.3648134134843978,0.05816099309345263,False,40.93771801589885,Зелёный,1.4843230214242311,Выше
2021-03-10 20:00:00+05:00,41.16,39.86370506834119,Вверх,3.251817485194805,True,0.4012184221360968,0.3720944152147376,0.029124006921359247,False,40.93771801589885,Зелёный,1.2962949316588066,Выше
2021-03-10 20:30:00+05:00,41.05,39.87550899800944,Вверх,2.945394382424536,True,0.3708259166944287,0.3718407155106759,-0.0010147988162471644,Выше,40.93771801589885,Зелёный,1.1744910019905603,Выше
2021-03-10 21:00:00+05:00,40.925,39.885951694546655,Вверх,2.605048297231439,True,0.3328166783376289,0.3640359080760665,-0.031219229738437604,False,41.50500007617144,Красный,1.039048305453342,Выше
2021-03-10 21:30:00+05:00,41.02,39.89723575728748,Вверх,2.814140432040935,True,0.306822925455954,0.352593311552044,-0.045770386096089966,False,41.42700006855429,Красный,1.1227642427125204,Выше
2021-03-10 22:00:00+05:00,41.01,39.9083080383095,Вверх,2.7605579285219073,True,0.2821631711987322,0.3385072834813817,-0.05634411228264952,False,41.42700006855429,Красный,1.1016919616904985,Выше
2021-03-10 22:30:00+05:00,41.065,39.91981741106264,Вверх,2.8687069811597006,True,0.2640147805846737,0.3236087829020401,-0.05959400231736639,False,41.40032005552897,Красный,1.1451825889373595,Выше
2021-03-10 23:00:00+05:00,41.235,39.93290380498241,Вверх,3.260710018426279,True,0.260348494142498,0.3109567251501317,-0.050608231007633675,False,41.40032005552897,Красный,1.3020961950175902,Выше
2021-03-10 23:30:00+05:00,41.305,39.9465565034403,Вверх,3.4006523101502095,True,0.260093158677634,0.3007840118556322,-0.0406908531779982,False,41.40032005552897,Красный,1.3584434965597012,Выше
2021-03-11 00:00:00+05:00,41.24,39.95942658798319,Вверх,3.2046841543064453,True,0.2517438997387486,0.2909759894322555,-0.03923208969350689,False,41.40032005552897,Красный,1.280573412016814,Выше
2021-03-11 00:30:00+05:00,41.28,39.9725666219336,Вверх,3.2708266907959547,True,0.2455244643907477,0.2818856844239539,-0.03636122003320619,False,41.40032005552897,Красный,1.3074333780663991,Выше
2021-03-11 01:00:00+05:00,41.295,39.985725163008894,Вверх,3.2743556147940724,True,0.2390502690110878,0.2733186013413807,-0.03426833233029289,False,41.40032005552897,Красный,1.3092748369911078,Выше
2021-03-11 01:30:00+05:00,41.315,39.99895177830234,Вверх,3.290206775897447,True,0.2328491157191976,0.2652247042169441,-0.032375588497746494,False,41.40032005552897,Красный,1.3160482216976561,Выше
2021-03-11 12:00:00+05:00,42.38,40.02264380040879,Вверх,5.890056167571664,False,0.3102943760663521,0.2742386385868257,0.036055737479526395,Выше,41.63331462443267,Зелёный,2.357356199591216,Выше
2021-03-11 12:30:00+05:00,42.225,40.04455779244452,Вверх,5.445040044784509,False,0.3550700714828849,0.2904049251660376,0.06466514631684728,False,41.8194831619894,Зелёный,2.1804422075554797,Выше
2021-03-11 13:00:00+05:00,42.415,40.06814428207194,Вверх,5.857160994047167,False,0.4012610571057209,0.3125761515539743,0.08868490555174663,False,41.824034845790464,Зелёный,2.346855717928058,Выше
2021-03-11 13:30:00+05:00,42.38,40.09114782155381,Вверх,5.709121097340242,False,0.4300857773845123,0.3360780767200819,0.09400770066443043,False,41.89913136121142,Зелёный,2.2888521784461915,Выше
2021-03-11 14:00:00+05:00,42.375,40.11387271885179,Вверх,5.63677134091713,False,0.4473691248692191,0.3583362863499093,0.08903283851930976,False,41.89913136121142,Зелёный,2.2611272811482124,Выше
2021-03-11 14:30:00+05:00,42.46,40.13721726891296,Вверх,5.787104560649444,False,0.4625926122162767,0.3791875515231828,0.08340506069309389,False,41.92667140258124,Зелёный,2.322782731087038,Выше
2021-03-11 15:00:00+05:00,42.39,40.159633017481,Вверх,5.553753395973887,False,0.4636640896281676,0.3960828591441798,0.06758123048398779,False,42.01150426232312,Зелёный,2.2303669825190013,Выше
2021-03-11 15:30:00+05:00,42.43,40.18222373372497,Вверх,5.59395687299524,False,0.4624105281744874,0.4093483929502414,0.05306213522424602,False,42.01150426232312,Зелёный,2.2477762662750322,Выше
2021-03-11 16:00:00+05:00,42.5,40.20528618413567,Вверх,5.707492804191959,False,0.4617428030677715,0.4198272749737474,0.0419155280940241,False,42.09986845248173,Зелёный,2.294713815864327,Выше
2021-03-11 16:30:00+05:00,42.465,40.22777089872138,Вверх,5.561404600098613,False,0.4531656075788319,0.4264949414947644,0.026670666084067485,False,42.117381607233554,Зелёный,2.237229101278622,Выше
2021-03-11 17:00:00+05:00,42.695,40.25232044201768,Вверх,6.068419239335367,False,0.4596288805424322,0.433121729304298,0.02650715123813424,False,42.1786434465102,Зелёный,2.4426795579823235,Выше
2021-03-11 17:30:00+05:00,42.845,40.27811824856477,Вверх,6.372893926162231,False,0.4714205743966246,0.4407814983227633,0.030639076073861293,False,42.38277910185918,Зелёный,2.5668817514352256,Выше
2021-03-11 18:00:00+05:00,42.88,40.30400761922583,Вверх,6.391405056070338,False,0.4780787895314304,0.4482409565644968,0.029837832966933597,False,42.42750119167327,Зелёный,2.5759923807741743,Выше
2021-03-11 18:30:00+05:00,42.925,40.330087145402686,Вверх,6.434186083560474,False,0.4814368921067711,0.4548801436729516,0.0265567484338195,False,42.54400107250593,Зелёный,2.594912854597311,Выше
2021-03-11 19:00:00+05:00,42.81,40.35476289519968,Вверх,6.08413215356144,False,0.4694076346702829,0.4577856418724179,0.011621992797865022,False,42.54400107250593,Зелёный,2.455237104800325,Выше
2021-03-11 19:30:00+05:00,43.08,40.381879682312125,Вверх,6.68151244794504,False,0.4761720895599808,0.4614629314099305,0.014709158150050305,False,42.57676586872981,Зелёный,2.6981203176878736,Выше
2021-03-11 20:00:00+05:00,43.28,40.410716700398574,Вверх,7.100302924281291,False,0.4919998295497976,0.467570311037904,0.024429518511893622,False,42.77533928185682,Зелёный,2.8692832996014275,Выше
2021-03-11 20:30:00+05:00,43.3,40.4394657879568,Вверх,7.073620178472013,False,0.5003890864700296,0.474134066124329,0.02625502034570054,False,42.90480535367115,Зелёный,2.8605342120431985,Выше
2021-03-11 21:00:00+05:00,43.3,40.467928814942304,Вверх,6.998310187824547,False,0.5012594263765351,0.4795591381747703,0.021700288201764784,False,42.94082481830403,Зелёный,2.8320711850576927,Выше
2021-03-11 21:30:00+05:00,43.18,40.49491459787821,Вверх,6.630673082744276,False,0.4866563089086781,0.4809785723215519,0.005677736587126225,False,42.94082481830403,Зелёный,2.6850854021217927,Выше
2021-03-11 22:00:00+05:00,43.245,40.52227863173017,Вверх,6.719072718032834,False,0.4748543643522822,0.479753730727698,-0.004899366375415826,Выше,42.94082481830403,Зелёный,2.7227213682698306,Выше
2021-03-11 22:30:00+05:00,43.165,40.54857436673783,Вверх,6.452571204102388,False,0.4538146144650525,0.4745659074751689,-0.02075129301011641,False,42.94082481830403,Зелёный,2.6164256332621676,Выше
2021-03-11 23:00:00+05:00,43.245,40.57540447254144,Вверх,6.579344216433252,False,0.438540569801674,0.46736083994047,-0.02882027013879601,False,42.94082481830403,Зелёный,2.6695955274585543,Выше
2021-03-11 23:30:00+05:00,43.335,40.602863134506194,Вверх,6.728926618901195,False,0.4287555995405938,0.4596397918604948,-0.030884192319901027,False,42.97202319696035,Зелёный,2.732136865493807,Выше
2021-03-12 00:00:00+05:00,43.3,40.62970031724743,Вверх,6.572284958791618,False,0.4134111858085134,0.4503940706500985,-0.03698288484158513,False,43.01157087726431,Зелёный,2.670299682752564,Выше
2021-03-12 00:30:00+05:00,43.305,40.656320214588256,Вверх,6.514804516079514,False,0.3970768310519474,0.4397306227304683,-0.0426537916785209,False,43.01157087726431,Зелёный,2.648679785411744,Выше
2021-03-12 01:00:00+05:00,43.47,40.68431702837345,Вверх,6.8470682933765366,False,0.392916560732111,0.4303678103307969,-0.0374512495986859,False,43.099147410584095,Зелёный,2.7856829716265494,Выше
2021-03-12 01:30:00+05:00,43.77,40.71502034152397,Вверх,7.5033234242556865,False,0.4091110320116371,0.426116454666965,-0.017005422655327895,False,43.29448266952568,Зелёный,3.054979658476036,Выше
2021-03-12 12:00:00+05:00,42.87,40.7364629251904,Вверх,5.237413662368487,False,0.3453419023074389,0.4099615441950598,-0.06461964188762093,False,43.53621559742689,Красный,2.1335370748095954,Выше
2021-03-12 12:30:00+05:00,43.185,40.76082647817358,Вверх,5.947311993598832,False,0.3165730183248598,0.3912838390210199,-0.07471082069616009,False,43.53621559742689,Красный,2.4241735218264253,Выше
2021-03-12 13:00:00+05:00,43.325,40.78634064256986,Вверх,6.224288125472258,False,0.3015937158504798,0.3733458143869119,-0.07175209853643211,False,43.53621559742689,Красный,2.5386593574301415,Выше
2021-03-12 13:30:00+05:00,43.335,40.811700437171154,Вверх,6.182784681352395,False,0.2872185504833666,0.3561203616062028,-0.06890181112283622,False,43.53621559742689,Красный,2.5232995628288464,Выше
2021-03-12 14:00:00+05:00,44.03,40.84372331839334,Вверх,7.801141577540198,False,0.3281244061019137,0.350521170505345,-0.022396764403431302,False,43.22246694652822,Зелёный,3.186276681606664,Выше
2021-03-12 14:30:00+05:00,44.38,40.87891015104614,Вверх,8.564538134743456,False,0.3843540718303799,0.3572877507703521,0.02706632106002782,Выше,43.5799702518754,Зелёный,3.5010898489538604,Выше
2021-03-12 15:00:00+05:00,44.23,40.91225432864768,Вверх,8.1094178890777,False,0.4120627378930734,0.3682427481948964,0.04381998969817702,False,43.605473226687856,Зелёный,3.31774567135232,Выше
2021-03-12 15:30:00+05:00,44.34,40.94636125075069,Вверх,8.288010571848055,False,0.4378508638636376,0.3821643713286446,0.05568649253499297,False,43.67692590401907,Зелёный,3.3936387492493125,Выше
2021-03-12 16:00:00+05:00,44.15,40.97823825323079,Вверх,7.740112513302447,False,0.4379087874717626,0.3933132545572683,0.04459553291449431,False,43.67692590401907,Зелёный,3.1717617467692065,Выше
2021-03-12 16:30:00+05:00,44.13,41.00959906663147,Вверх,7.608952548642507,False,0.4313683140881394,0.4009242664634425,0.030444047624696935,False,43.67692590401907,Зелёный,3.120400933368529,Выше
2021-03-12 17:00:00+05:00,43.98,41.0391552948242,Вверх,7.165948431562123,False,0.4093623213905673,0.4026118774488675,0.006750443941699769,False,43.67692590401907,Зелёный,2.940844705175799,Выше
2021-03-12 17:30:00+05:00,43.805,41.06667613766177,Вверх,6.667994880225872,False,0.3734959473808885,0.3967886914352717,-0.023292744054383197,Выше,43.67692590401907,Зелёный,2.738323862338227,Выше
2021-03-12 18:00:00+05:00,43.8,41.09387339002336,Вверх,6.585231292978142,False,0.3407402874316432,0.385579010634546,-0.04483872320290283,False,43.67692590401907,Зелёный,2.7061266099766357,Выше
2021-03-12 18:30:00+05:00,43.78,41.12060101798332,Вверх,6.467315448170723,False,0.3095984992955536,0.3703829083667476,-0.06078440907119398,False,43.67692590401907,Зелёный,2.6593989820166826,Выше
2021-03-12 19:00:00+05:00,43.96,41.14885374417254,Вверх,6.831651431421881,False,0.2960304487696064,0.3555124164473193,-0.05948196767771291,False,43.67692590401907,Зелёный,2.8111462558274596,Выше
2021-03-12 19:30:00+05:00,43.94,41.17662634373301,Вверх,6.711024922729164,False,0.280431201790364,0.3404961735159283,-0.0600649717255643,False,43.67692590401907,Зелёный,2.7633736562669853,Выше
2021-03-12 20:00:00+05:00,43.9,41.203724589069004,Вверх,6.543766219732215,False,0.2618228891793848,0.3247615166486196,-0.06293862746923479,False,43.67692590401907,Зелёный,2.696275410930994,Выше
2021-03-12 20:30:00+05:00,43.835,41.22990643395389,Вверх,6.31845616778006,False,0.2390748050633249,0.3076241743315607,-0.0685493692682358,False,43.67692590401907,Зелёный,2.605093566046108,Выше
2021-03-12 21:00:00+05:00,43.98,41.257270549038935,Вверх,6.599393063883829,False,0.2300946844018767,0.2921182763456239,-0.06202359194374718,False,43.67692590401907,Зелёный,2.7227294509610616,Выше
2021-03-12 21:30:00+05:00,44.125,41.28580517044154,Вверх,6.876927355146199,False,0.2320037672522872,0.2800953745269566,-0.04809160727466941,False,43.70238514175433,Зелёный,2.8391948295584584,Выше
2021-03-12 22:00:00+05:00,44.075,41.3135583528252,Вверх,6.684105066892565,False,0.2268669658701085,0.269449692795587,-0.042582726925478515,False,43.76339662757889,Зелёный,2.761441647174806,Выше
2021-03-12 22:30:00+05:00,44.0,41.340289115483664,Вверх,6.433701702197732,False,0.2142741218713055,0.2584145786107307,-0.04414045673942518,False,43.76339662757889,Зелёный,2.659710884516336,Выше
2021-03-12 23:00:00+05:00,43.925,41.36600763174751,Вверх,6.18622031652994,False,0.1959831572355241,0.2459282943356894,-0.04994513710016532,False,43.76339662757889,Зелёный,2.5589923682524898,Выше
2021-03-12 23:30:00+05:00,43.835,41.39057471998883,Вверх,5.9057534149934945,False,0.172239715914209,0.2311905786513933,-0.058950862737184306,False,43.76339662757889,Зелёный,2.444425280011174,Выше
2021-03-13 00:00:00+05:00,43.845,41.41499686207849,Вверх,5.867447354913444,False,0.1524721796549002,0.2154468988520947,-0.0629747191971945,False,43.76339662757889,Зелёный,2.43000313792151,Выше
2021-03-13 00:30:00+05:00,43.96,41.44032027638617,Вверх,6.080261220977137,False,0.1444210081736159,0.201241720716399,-0.05682071254278312,False,43.76339662757889,Зелёный,2.5196797236138337,Выше
2021-03-13 01:00:00+05:00,44.045,41.46623748756641,Вверх,6.218945022940241,False,0.1432479136150846,0.1896429592961361,-0.04639504568105149,False,43.76339662757889,Зелёный,2.578762512433592,Выше
2021-03-13 01:30:00+05:00,43.99,41.49134955236674,Вверх,6.022099725822806,False,0.1363089031932602,0.1789761480755609,-0.0426672448823007,False,43.76339662757889,Зелёный,2.49865044763326,Выше
2021-03-15 12:00:00+05:00,44.49,41.52118687025364,Вверх,7.150116250345574,False,0.1692050186383511,0.177021922188119,-0.007816903549767884,False,43.83807392822229,Зелёный,2.9688131297463585,Выше
2021-03-15 12:30:00+05:00,44.47,41.55052829443023,Вверх,7.0263166929723955,False,0.1914546245438941,0.179908462659274,0.011546161884620099,Выше,44.05626653540006,Зелёный,2.9194717055697694,Выше
2021-03-15 13:00:00+05:00,45.0,41.58485139597819,Вверх,8.212482404956,False,0.2489840351588483,0.1937235771591889,0.055260457999659396,False,44.31963988186006,Зелёный,3.415148604021809,Выше
2021-03-15 13:30:00+05:00,45.245,41.62127078507294,Вверх,8.706435787699867,False,0.3107636698553691,0.2171315956984249,0.09363207415694416,False,44.68092589367405,Зелёный,3.62372921492706,Выше
2021-03-15 14:00:00+05:00,45.66,41.66145714542047,Вверх,9.597702837475177,False,0.3887304643343512,0.2514513694256102,0.13727909490874102,False,45.01058330430665,Зелёный,3.998542854579526,Выше
2021-03-15 14:30:00+05:00,45.705,41.70169140267997,Вверх,9.599871042791216,False,0.4489753265120697,0.2909561608429021,0.15801916566916757,False,45.36402497387598,Зелёный,4.003308597320029,Выше
2021-03-15 15:00:00+05:00,45.905,41.74351536882246,Вверх,9.969176276624005,False,0.5070136051241079,0.3341676496991433,0.17284595542496456,False,45.44087247648838,Зелёный,4.161484631177544,Выше
2021-03-15 15:30:00+05:00,46.13,41.78716198206801,Вверх,10.392756559528078,False,0.5646559760580487,0.3802653149709244,0.18439066108712432,False,45.44087247648838,Зелёный,4.342838017931996,Выше
2021-03-15 16:00:00+05:00,45.93,41.82838425090316,Вверх,9.805819236272017,False,0.5874281358945197,0.4216978791556435,0.1657302567388762,False,45.44087247648838,Зелёный,4.101615749096837,Выше
2021-03-15 16:30:00+05:00,45.985,41.86974361159069,Вверх,9.82871169832072,False,0.6029626983203045,0.4579508429885757,0.14501185533172878,False,45.44087247648838,Зелёный,4.115256388409307,Выше
2021-03-15 17:00:00+05:00,45.945,41.91029342640074,Вверх,9.627006264426814,False,0.6050713988154897,0.4873749541539585,0.11769644466153117,False,45.44087247648838,Зелёный,4.034706573599259,Выше
2021-03-15 17:30:00+05:00,45.75,41.94849946195895,Вверх,9.062303984170978,False,0.584272558476215,0.5067544750184099,0.07751808345780509,False,45.44087247648838,Зелёный,3.801500538041047,Выше
2021-03-15 18:00:00+05:00,45.81,41.986922352884726,Вверх,9.105400998395899,False,0.5661051187975659,0.5186246037742411,0.04748051502332473,False,45.44087247648838,Зелёный,3.8230776471152765,Выше
2021-03-15 18:30:00+05:00,45.68,42.02366939414955,Вверх,8.700645751699817,False,0.5350496590060558,0.5219096148206042,0.013140044185451671,False,45.44087247648838,Зелёный,3.6563306058504494,Выше
2021-03-15 19:00:00+05:00,45.845,42.06169258425752,Вверх,8.994662799562327,False,0.517783419465637,0.5210843757496108,-0.003300956283973755,Выше,45.44087247648838,Зелёный,3.7833074157424775,Выше
2021-03-15 19:30:00+05:00,45.94,42.10028270779724,Вверх,9.120407382660204,False,0.5059334207434745,0.5180541847483835,-0.012120764004909024,False,45.44087247648838,Зелёный,3.8397172922027565,Выше
2021-03-15 20:00:00+05:00,46.005,42.13913561617737,Вверх,9.174047657348037,False,0.4960687958672096,0.5136571069721487,-0.017588311104939136,False,45.53353889045524,Зелёный,3.8658643838226325,Выше
2021-03-15 20:30:00+05:00,45.67,42.174268595120886,Вверх,8.288777781634215,False,0.4559632487890255,0.5021183353355241,-0.04615508654649858,False,45.53353889045524,Зелёный,3.495731404879116,Выше
2021-03-15 21:00:00+05:00,45.765,42.209997265816206,Вверх,8.42218186321186,False,0.4269237090692073,0.4870794100822607,-0.0601557010130534,False,45.53353889045524,Зелёный,3.5550027341837946,Выше
2021-03-15 21:30:00+05:00,45.68,42.244524656206096,Вверх,8.132356492947784,False,0.3925260787010458,0.4681687438060178,-0.07564266510497203,False,45.53353889045524,Зелёный,3.435475343793904,Выше
2021-03-15 22:00:00+05:00,45.82,42.280101525298576,Вверх,8.372492844141593,False,0.3722712278006099,0.4489892406049362,-0.07671801280432633,False,45.53353889045524,Зелёный,3.539898474701424,Выше
2021-03-15 22:30:00+05:00,45.72,42.314329370818,Вверх,8.048504324236584,False,0.344182427490594,0.4280278779820678,-0.0838454504914738,False,45.53353889045524,Зелёный,3.405670629181998,Выше
2021-03-15 23:00:00+05:00,45.75,42.3485151482228,Вверх,8.032123062335858,False,0.3206463881879742,0.4065515800232491,-0.0859051918352749,False,45.53353889045524,Зелёный,3.401484851777198,Выше
2021-03-15 23:30:00+05:00,45.78,42.38265927610117,Вверх,8.015874373920017,False,0.3009455438547235,0.385430372789544,-0.08448482893482051,False,45.53353889045524,Зелёный,3.3973407238988287,Выше
2021-03-16 00:00:00+05:00,45.74,42.41606565146335,Вверх,7.836498500001681,False,0.2788899473673609,0.3641222877051074,-0.08523234033774651,False,45.53353889045524,Зелёный,3.3239343485366533,Выше
2021-03-16 00:30:00+05:00,45.75,42.4492391275682,Вверх,7.7757833597732455,False,0.2592294094086895,0.3431437120458238,-0.08391430263713429,False,45.53353889045524,Зелёный,3.300760872431802,Выше
2021-03-16 01:00:00+05:00,45.78,42.482381026796375,Вверх,7.762321445974521,False,0.2432648351173227,0.3231679366601236,-0.07990310154280092,False,45.53353889045524,Зелёный,3.297618973203626,Выше
2021-03-16 01:30:00+05:00,45.81,42.515491663345664,Вверх,7.748959750345939,False,0.2303778913264551,0.3046099275933899,-0.07423203626693481,False,45.53353889045524,Зелёный,3.2945083366543386,Выше
2021-03-16 12:00:00+05:00,45.055,42.54076040301386,Вверх,5.910189599732711,False,0.1574279736404307,0.275173536802798,-0.11774556316236728,False,45.69937760540802,Красный,2.514239596986137,Выше
2021-03-16 12:30:00+05:00,44.91,42.56433492636696,Вверх,5.510869787325133,False,0.0869124771782665,0.2375213248778917,-0.1506088476996252,False,45.45118984486722,Красный,2.345665073633036,Выше
2021-03-16 13:00:00+05:00,44.745,42.58603308630361,Вверх,5.069659597833613,False,0.0175124445976138,0.1935195488218362,-0.1760071042242224,False,45.18807086038049,Красный,2.158966913696389,Выше
2021-03-16 13:30:00+05:00,44.665,42.60671932425083,Вверх,4.830882800632898,True,-0.0434421387017209,0.1461272113171247,-0.1895693500188456,False,45.18807086038049,Красный,2.0582806757491667,Выше
2021-03-16 14:00:00+05:00,44.81,42.62864251505431,Вверх,5.117116934172478,False,-0.0791365599339499,0.1010744570669098,-0.1802110170008597,False,45.18807086038049,Красный,2.1813574849456927,Выше
2021-03-16 14:30:00+05:00,45.07,42.65293462933238,Вверх,5.666820798317143,False,-0.0854596926949966,0.0637676271145285,-0.1492273198095251,False,45.18807086038049,Красный,2.417065370667622,Выше
2021-03-16 15:00:00+05:00,45.445,42.680716374314144,Вверх,6.476657049152626,False,-0.0595252845426017,0.0391090447831024,-0.0986343293257041,False,44.80906845850436,Зелёный,2.764283625685856,Выше
2021-03-16 15:30:00+05:00,45.375,42.70752516660953,Вверх,6.245912922802681,False,-0.0441119985594582,0.0224648361145903,-0.0665768346740485,False,44.91916161265392,Зелёный,2.6674748333904716,Выше
2021-03-16 16:00:00+05:00,45.3,42.733320936096,Вверх,6.006271002766775,False,-0.0375162673925046,0.0104686154131713,-0.047984882805675894,False,44.91916161265392,Зелёный,2.5666790639039974,Выше
2021-03-16 16:30:00+05:00,44.96,42.75547694668211,Вверх,5.1561184922975505,False,-0.0590436430606473,-0.0034338362815924,-0.0556098067790549,False,44.91916161265392,Зелёный,2.2045230533178923,Выше
2021-03-16 17:00:00+05:00,45.135,42.77915379298378,Вверх,5.506995810194366,False,-0.0612768445891305,-0.0150024379431,-0.0462744066460305,False,44.91916161265392,Зелёный,2.3558462070162207,Выше
2021-03-16 17:30:00+05:00,44.77,42.79896320797896,Вверх,4.605337709801316,True,-0.0914450014038763,-0.0302909506352552,-0.061154050768621106,False,45.65242656593776,Красный,1.9710367920210459,Выше
2021-03-16 18:00:00+05:00,44.91,42.81996854919311,Вверх,4.880973811098857,True,-0.1028708222541325,-0.0448069249590307,-0.05806389729510179,False,45.38868390934398,Красный,2.090031450806883,Выше
2021-03-16 18:30:00+05:00,44.86,42.84026736959915,Вверх,4.714565884885491,True,-0.1146389631225162,-0.0587733325917278,-0.0558656305307884,False,45.36356551840959,Красный,2.0197326304008527,Выше
2021-03-16 19:00:00+05:00,45.0,42.86175724651856,Вверх,4.988695963124846,True,-0.1113844984111693,-0.0692955657556161,-0.042088932655553205,False,45.36356551840959,Красный,2.1382427534814425,Выше
2021-03-16 19:30:00+05:00,45.13,42.8843268261552,Вверх,5.236582546692003,False,-0.0971949947380537,-0.0748754515521036,-0.0223195431859501,False,45.36356551840959,Красный,2.2456731738448,Выше
2021-03-16 20:00:00+05:00,45.145,42.90682108659146,Вверх,5.216370863018762,False,-0.0837736457663709,-0.0766550903949571,-0.007118555371413801,False,45.36356551840959,Красный,2.2381789134085466,Выше
2021-03-16 20:30:00+05:00,45.15,42.92914127478458,Вверх,5.17331271781086,False,-0.0719047980447697,-0.0757050319249196,0.0038002338801499114,Ниже,45.36356551840959,Красный,2.2208587252154217,Выше
2021-03-16 21:00:00+05:00,45.085,42.95059260538375,Вверх,4.969448068450425,True,-0.0669716005643792,-0.0739583456528115,0.006986745088432292,False,45.36356551840959,Красный,2.134407394616254,Выше
2021-03-16 21:30:00+05:00,45.045,42.971432479957045,Вверх,4.825455890980876,True,-0.065534233871034,-0.072273523296456,0.006739289425421999,False,45.36356551840959,Красный,2.073567520042957,Выше
2021-03-16 22:00:00+05:00,45.09,42.99251275378832,Вверх,4.87872681046507,True,-0.0600715194090568,-0.0698331225189762,0.009761603109919408,False,45.36356551840959,Красный,2.097487246211685,Выше
2021-03-16 22:30:00+05:00,45.04,43.01288576121331,Вверх,4.712806878478795,True,-0.0590956431848965,-0.0676856266521603,0.0085899834672638,False,45.36356551840959,Красный,2.0271142387866874,Выше
2021-03-16 23:00:00+05:00,45.045,43.0331058033903,Вверх,4.67522424665709,True,-0.0572587527735493,-0.0656002518764381,0.008341499102888804,False,45.36356551840959,Красный,2.0118941966097026,Выше
2021-03-16 23:30:00+05:00,44.88,43.05148286007299,Вверх,4.247280275734306,True,-0.0683294653826322,-0.0661460945776769,-0.0021833708049553008,Ниже,45.27415347842095,Красный,1.8285171399270155,Выше
2021-03-17 00:00:00+05:00,44.885,43.069726811714055,Вверх,4.214731141020906,True,-0.0758255568526209,-0.0680819870326657,-0.007743569819955207,False,45.230738130578864,Красный,1.8152731882859428,Выше
2021-03-17 00:30:00+05:00,44.89,43.08783898274178,Вверх,4.182528202400801,True,-0.0804355936812086,-0.0705527083623743,-0.0098828853188343,False,45.173664317520974,Красный,1.8021610172582214,Выше
2021-03-17 01:00:00+05:00,44.91,43.105969938137385,Вверх,4.185104904150463,True,-0.0815353593596697,-0.0727492385618334,-0.008786120797836305,False,45.16029788576888,Красный,1.804030061862612,Выше
2021-03-17 01:30:00+05:00,44.68,43.121631928802685,Вверх,3.6138893671053696,True,-0.0998153995993718,-0.0781624707693411,-0.0216529288300307,False,45.09026809719199,Красный,1.5583680711973145,Выше
2021-03-17 12:00:00+05:00,44.09,43.13126743199868,Вверх,2.22282493671876,True,-0.1600653980823381,-0.0945430562319405,-0.06552234185039761,False,44.44474128747279,Красный,0.9587325680013237,Выше
2021-03-17 12:30:00+05:00,43.78,43.13772248242656,Вверх,1.4888999247354586,True,-0.2301750504768804,-0.1216694550809285,-0.10850559539595189,False,44.33601715872551,Красный,0.6422775175734401,Выше
2021-03-17 13:00:00+05:00,44.135,43.1476456418054,Вверх,2.2883157203784057,True,-0.2541620994985152,-0.1481679839644458,-0.1059941155340694,False,44.33601715872551,Красный,0.9873543581946009,Выше
2021-03-17 13:30:00+05:00,44.35,43.15960936676256,Вверх,2.758112621274482,True,-0.2529079401906884,-0.1691159752096943,-0.08379196498099412,False,43.744276101432334,Зелёный,1.1903906332374419,Выше
2021-03-17 14:00:00+05:00,44.165,43.16961325366045,Вверх,2.30575784983468,True,-0.2638010297336706,-0.1880529861144896,-0.075748043619181,False,43.745848491289095,Зелёный,0.9953867463395483,Выше
2021-03-17 14:30:00+05:00,44.155,43.1794180969076,Вверх,2.2593678796293766,True,-0.2701269428544322,-0.2044677774624781,-0.06565916539195407,False,43.745848491289095,Зелёный,0.9755819030924044,Выше
2021-03-17 15:00:00+05:00,44.195,43.18952338947569,Вверх,2.3280567406523494,True,-0.268813889682896,-0.2173369999065617,-0.0514768897763343,False,43.74841227794417,Зелёный,1.0054766105243118,Выше
2021-03-17 15:30:00+05:00,44.57,43.20325947515255,Вверх,3.163512525330417,True,-0.234807208255809,-0.2208310415764111,-0.013976166679397911,False,43.94557105014976,Зелёный,1.366740524847451,Выше
2021-03-17 16:00:00+05:00,44.12,43.21238127141969,Вверх,2.100367306489082,True,-0.2413853671576049,-0.2249419066926499,-0.016443460464954984,False,43.94557105014976,Зелёный,0.9076187285803101,Выше
2021-03-17 16:30:00+05:00,44.01,43.22031777618169,Вверх,1.8271087869083116,True,-0.2525632937369835,-0.2304661841015166,-0.022097109635466905,False,43.94557105014976,Зелёный,0.7896822238183105,Выше
2021-03-17 17:00:00+05:00,43.785,43.2259365047769,Вверх,1.293351955859459,True,-0.2763914322964709,-0.2396512337405075,-0.03674019855596339,False,44.42505620444084,Красный,0.5590634952231,Выше
2021-03-17 17:30:00+05:00,43.78,43.2314495743811,Вверх,1.2688689160771724,True,-0.2923093023097891,-0.2501828474543638,-0.042126454855425266,False,44.35955058399674,Красный,0.5485504256188989,Выше
2021-03-17 18:00:00+05:00,43.98,43.23889783732259,Вверх,1.7139709838711683,True,-0.2854949918950353,-0.2572452763424981,-0.02824971555253719,False,44.35955058399674,Красный,0.7411021626774073,Выше
2021-03-17 18:30:00+05:00,44.13,43.24776452550844,Вверх,2.0399562478453768,True,-0.2649368285570403,-0.2587835867854066,-0.006153241771633733,False,44.35955058399674,Красный,0.8822354744915657,Выше
2021-03-17 19:00:00+05:00,44.435,43.25957781381184,Вверх,2.71713744236514,True,-0.2214802979810386,-0.251322929024533,0.02984263104349441,Ниже,43.71251262426637,Зелёный,1.1754221861881646,Выше
2021-03-17 19:30:00+05:00,44.395,43.27087554700774,Вверх,2.597877761384927,True,-0.1881000498319736,-0.2386783531860211,0.050578303354047505,False,43.85076136183974,Зелёный,1.1241244529922625,Выше
2021-03-17 20:00:00+05:00,44.195,43.28007081519672,Вверх,2.1139734006211994,True,-0.1757582594037074,-0.2260943344295584,0.050336075025850996,False,43.85076136183974,Зелёный,0.9149291848032775,Выше
2021-03-17 20:30:00+05:00,44.4,43.29121438917486,Вверх,2.561225473735829,True,-0.1477325459980392,-0.2104219767432546,0.06268943074521541,False,43.85076136183974,Зелёный,1.1087856108251373,Выше
2021-03-17 21:00:00+05:00,44.495,43.30319235545173,Вверх,2.7522396842371024,True,-0.1165131688739649,-0.1916402151693967,0.07512704629543179,False,43.948800032781165,Зелёный,1.1918076445482697,Выше
2021-03-17 21:30:00+05:00,44.49,43.31500138674077,Вверх,2.712682848069618,True,-0.0911246179206344,-0.1715370957196443,0.0804124777990099,False,44.03617002950305,Зелёный,1.174998613259234,Выше
2021-03-17 22:00:00+05:00,44.45,43.32629490528066,Вверх,2.593586867226864,True,-0.0733857290777635,-0.1519068223912681,0.0785210933135046,False,44.06230302655275,Зелёный,1.123705094719341,Выше
2021-03-17 22:30:00+05:00,44.49,43.337874060452,Вверх,2.658473597345591,True,-0.055460551447851,-0.1326175682025847,0.07715701675473369,False,44.10557272389747,Зелёный,1.1521259395480001,Выше
2021-03-17 23:00:00+05:00,44.84,43.35282058721368,Вверх,3.4304098156532605,True,-0.0128643518637616,-0.1086669249348201,0.0958025730710585,False,44.32101545150772,Зелёный,1.4871794127863254,Выше
2021-03-17 23:30:00+05:00,44.875,43.3679666510225,Вверх,3.4749919476383133,True,0.0234473640709396,-0.0822440671336681,0.1056914312046077,False,44.48741390635696,Зелёный,1.507033348977501,Выше
2021-03-18 00:00:00+05:00,44.765,43.38186748036557,Вверх,3.1882733500590508,True,0.0428545789591439,-0.0572243379151057,0.10007891687424961,False,44.48741390635696,Зелёный,1.3831325196344295,Выше
2021-03-18 00:30:00+05:00,44.79,43.39587874921765,Вверх,3.2125660107930902,True,0.0595655925728735,-0.0338663518175098,0.0934319443903833,False,44.48741390635696,Зелёный,1.394121250782348,Выше
2021-03-18 01:00:00+05:00,44.945,43.41129289101649,Вверх,3.532968052423286,True,0.0843441292494731,-0.0102242556041132,0.0945683848535863,False,44.48741390635696,Зелёный,1.5337071089835135,Выше
2021-03-18 01:30:00+05:00,44.905,43.426155648319806,Вверх,3.4054231363613985,True,0.0996054428365482,0.011741684084019,0.08786375875252919,False,44.5937647639608,Зелёный,1.4788443516801948,Выше
2021-03-18 12:00:00+05:00,45.8,43.44977599012758,Вверх,5.409058979743476,False,0.181823219090397,0.0457579910852946,0.1360652280051024,False,45.08763828756472,Зелёный,2.35022400987242,Выше
2021-03-18 12:30:00+05:00,45.685,43.47201702505168,Вверх,5.090591894259349,False,0.2349930071059205,0.0836049942894198,0.15138801281650072,False,45.22737445880824,Зелёный,2.212982974948325,Выше
2021-03-18 13:00:00+05:00,45.69,43.49408650738948,Вверх,5.048763335304071,False,0.2743711258405241,0.1217582205996406,0.1526129052408835,False,45.22737445880824,Зелёный,2.195913492610515,Выше
2021-03-18 13:30:00+05:00,45.31,43.51215529836073,Вверх,4.13182176178481,True,0.2717828014777126,0.151763136775255,0.12001966470245762,False,45.22737445880824,Зелёный,1.7978447016392707,Выше
2021-03-18 14:00:00+05:00,45.2,43.52894977300391,Вверх,3.8389399140349987,True,0.2578827433418595,0.1729870580885759,0.08489568525328361,False,45.67956151952879,Красный,1.671050226996094,Выше
2021-03-18 14:30:00+05:00,45.42,43.54776619317303,Вверх,4.299264854417443,True,0.2616034072714086,0.1907103279251425,0.07089307934626607,False,45.67956151952879,Красный,1.8722338068269693,Выше
2021-03-18 15:00:00+05:00,45.425,43.56644513652454,Вверх,4.266023674071376,True,0.2619360823470202,0.2049554788095181,0.05698060353750212,False,45.67956151952879,Красный,1.8585548634754545,Выше
2021-03-18 15:30:00+05:00,45.57,43.58638100581286,Вверх,4.55100641166468,True,0.2707786502000289,0.2181201130876202,0.0526585371124087,False,45.67956151952879,Красный,1.9836189941871396,Выше
2021-03-18 16:00:00+05:00,45.76,43.608009055506265,Вверх,4.9348525445281854,True,0.2897774865498235,0.2324515877800609,0.0573258987697626,False,45.12772843703716,Зелёный,2.1519909444937326,Выше
2021-03-18 16:30:00+05:00,45.75,43.62932239823755,Вверх,4.86067049679442,True,0.3005625864073593,0.2460737875055206,0.054488798901838664,False,45.24270559333344,Зелёный,2.120677601762452,Выше
2021-03-18 17:00:00+05:00,45.99,43.65281172760832,Вверх,5.354038330854014,False,0.3247325354534922,0.2618055370951149,0.06292699835837728,False,45.3596850340001,Зелёный,2.3371882723916855,Выше
2021-03-18 17:30:00+05:00,46.11,43.67726136215949,Вверх,5.569805802769839,False,0.3495410991169407,0.2793526494994801,0.07018844961746062,False,45.619466530600086,Зелёный,2.432738637840508,Выше
2021-03-18 18:00:00+05:00,45.76,43.697985129700186,Вверх,4.718787065764101,True,0.3370744057009318,0.2908970007397705,0.046177404961161295,False,45.619466530600086,Зелёный,2.0620148702998122,Выше
2021-03-18 18:30:00+05:00,45.95,43.720393237862375,Вверх,5.099695123983382,False,0.3386224446974992,0.3004420895313162,0.03818035516618301,False,45.619466530600086,Зелёный,2.229606762137628,Выше
2021-03-18 19:00:00+05:00,45.995,43.74302614096823,Вверх,5.148189454873224,False,0.3395660941142111,0.3082668904478952,0.031299203666315945,False,45.619466530600086,Зелёный,2.2519738590317644,Выше
2021-03-18 19:30:00+05:00,46.16,43.76707563210287,Вверх,5.467407482308296,False,0.3495981146644595,0.3165331352912081,0.033064979373251424,False,45.619466530600086,Зелёный,2.3929243678971233,Выше
2021-03-18 20:00:00+05:00,46.235,43.79163209347499,Вверх,5.57953149887071,False,0.3594568417090826,0.325117876574783,0.03433896513429957,False,45.77912241665405,Зелёный,2.443367906525012,Выше
2021-03-18 20:30:00+05:00,46.45,43.81808351543046,Вверх,6.00646188380813,False,0.3802355384909504,0.3361414089580165,0.0440941295329339,False,45.88496017498864,Зелёный,2.631916484569544,Выше
2021-03-18 21:00:00+05:00,46.3,43.84277920184409,Вверх,5.6046191479863,False,0.380216163736101,0.3449563599136334,0.03525980382246763,False,45.88496017498864,Зелёный,2.457220798155909,Выше
2021-03-18 21:30:00+05:00,46.6,43.87021423466156,Вверх,6.222412661895906,False,0.3997996602816087,0.3559250199872285,0.04387464029438021,False,46.138092741740806,Зелёный,2.729785765338441,Выше
2021-03-18 22:00:00+05:00,46.36,43.89498822237638,Вверх,5.615702105068642,False,0.3914414349507993,0.3630283029799426,0.02841313197085671,False,46.138092741740806,Зелёный,2.465011777623623,Выше
2021-03-18 22:30:00+05:00,46.42,43.92011271767611,Вверх,5.691896326390309,False,0.3852184215440246,0.3674663266927591,0.0177520948512655,False,46.138092741740806,Зелёный,2.49988728232389,Выше
2021-03-18 23:00:00+05:00,46.355,43.944340451828594,Вверх,5.485711068559435,False,0.3707677025325182,0.3681266018607109,0.002641100671807284,False,46.138092741740806,Зелёный,2.4106595481714024,Выше
2021-03-18 23:30:00+05:00,45.915,43.96394900454672,Вверх,4.437842913637042,True,0.3201209260701461,0.358525466702598,-0.03840454063245191,Выше,46.39230385214386,Красный,1.9510509954532793,Выше
2021-03-19 00:00:00+05:00,45.4,43.9782380691781,Вверх,3.2328760615317496,True,0.2357096803965532,0.333962309441389,-0.09825262904483578,False,46.28882346692947,Красный,1.4217619308219014,Выше
2021-03-19 00:30:00+05:00,45.5,43.99337997893752,Вверх,3.4246516675549774,True,0.1748665713315205,0.3021431618194153,-0.1272765904878948,False,45.92769112023653,Красный,1.5066200210624814,Выше
2021-03-19 01:00:00+05:00,45.275,44.006132416958046,Вверх,2.8833880946851544,True,0.1072559693993042,0.2631657233353931,-0.1559097539360889,False,45.92769112023653,Красный,1.2688675830419527,Выше
2021-03-19 01:30:00+05:00,45.275,44.01875796504802,Вверх,2.8538788757953335,True,0.0530624098296215,0.2211450606342388,-0.16808265080461732,False,45.7700048073916,Красный,1.2562420349519812,Выше
2021-03-19 12:00:00+05:00,46.0,44.03847181614207,Вверх,4.454124094149292,True,0.0678331262940687,0.1904826737662048,-0.12264954747213612,False,45.18324567334757,Зелёный,1.9615281838579293,Выше
2021-03-19 12:30:00+05:00,45.965,44.05764125080733,Вверх,4.329234827472121,True,0.0758405750762563,0.1675542540282151,-0.09171367895195881,False,45.29717110601282,Зелёный,1.9073587491926745,Выше
2021-03-19 13:00:00+05:00,46.3,44.07995327816248,Вверх,5.036408972187696,False,0.1079735839503115,0.1556381200126344,-0.04766453606232292,False,45.533453995411534,Зелёный,2.2200467218375195,Выше
2021-03-19 13:30:00+05:00,46.365,44.10269006146434,Вверх,5.12964160549564,False,0.1371037352453612,0.1519312430591798,-0.014827507813818586,False,45.66435859587038,Зелёный,2.2623099385356653,Выше
2021-03-19 14:00:00+05:00,46.175,44.123310060852766,Вверх,4.649900327780572,True,0.1432073724680336,0.1501864689409505,-0.00697909647291689,False,45.66435859587038,Зелёный,2.0516899391472307,Выше
2021-03-19 14:30:00+05:00,46.64,44.14835175178956,Вверх,5.643808090999545,False,0.1834514486684924,0.1568394648864589,0.0266119837820335,Выше,45.79505546265501,Зелёный,2.4916482482104385,Выше
2021-03-19 15:00:00+05:00,46.57,44.17244775425932,Вверх,5.4277097322719525,False,0.2073070474162364,0.1669329813924144,0.040374066023822014,False,46.0077999163895,Зелёный,2.397552245740677,Выше
2021-03-19 15:30:00+05:00,46.63,44.19690101043584,Вверх,5.5051348260586375,False,0.2284211826469047,0.1792306216433125,0.049190561003592204,False,46.03426992475056,Зелёный,2.433098989564165,Выше
2021-03-19 16:00:00+05:00,46.36,44.21842438346633,Вверх,4.843174867475438,True,0.2208220443501574,0.1875489061846814,0.033273138165476,False,46.03426992475056,Зелёный,2.1415756165336717,Выше
2021-03-19 16:30:00+05:00,46.535,44.24147488711343,Вверх,5.184106358883221,False,0.2263119269455913,0.1953015103368634,0.031010416608727887,False,46.03426992475056,Зелёный,2.29352511288657,Выше
2021-03-19 17:00:00+05:00,46.495,44.26389802256504,Вверх,5.040455262881682,False,0.2248431805238269,0.2012098443742561,0.023633336149570805,False,46.04636277514316,Зелёный,2.2311019774349603,Выше
2021-03-19 17:30:00+05:00,46.44,44.28555077855942,Вверх,4.864903300431894,True,0.2167426734352773,0.2043164101864604,0.012426263248816904,False,46.04636277514316,Зелёный,2.1544492214405793,Выше
2021-03-19 18:00:00+05:00,46.57,44.308281616583706,Вверх,5.10450484852425,False,0.2182964906914293,0.2071124262874542,0.011184064403975125,False,46.04636277514316,Зелёный,2.2617183834162944,Выше
2021-03-19 18:30:00+05:00,46.43,44.32939324228934,Вверх,4.738631873956536,True,0.2058580684198503,0.2068615547139334,-0.001003486294083089,Выше,46.04636277514316,Зелёный,2.1006067577106577,Выше
2021-03-19 19:00:00+05:00,46.485,44.35084206574915,Вверх,4.8119896598288,True,0.1981543692792087,0.2051201176269885,-0.006965748347779799,False,46.04636277514316,Зелёный,2.134157934250851,Выше
2021-03-19 19:30:00+05:00,46.5,44.372226721811344,Вверх,4.795281723246808,True,0.1910571193054409,0.2023075179626789,-0.011250398657238009,False,46.06669438009428,Зелёный,2.1277732781886556,Выше
2021-03-19 20:00:00+05:00,46.49,44.3932990927386,Вверх,4.723012143975479,True,0.1825215859151043,0.1983503315531641,-0.015828745638059777,False,46.12527494208485,Зелёный,2.0967009072614005,Выше
2021-03-19 20:30:00+05:00,46.05,44.40978367888051,Вверх,3.6933670584383167,True,0.1386544690318985,0.1864111590489109,-0.04775669001701241,False,46.72700255212363,Красный,1.640216321119489,Выше
2021-03-19 21:00:00+05:00,46.525,44.43083060744886,Вверх,4.713324878063496,True,0.140597275245554,0.1772483822882395,-0.03665110704268551,False,46.72700255212363,Красный,2.0941693925511373,Выше
2021-03-19 21:30:00+05:00,46.62,44.45261338747425,Вверх,4.875723714224791,True,0.1480955162933384,0.1714178090892593,-0.023322292795920907,False,46.72700255212363,Красный,2.167386612525746,Выше
2021-03-19 22:00:00+05:00,46.565,44.47363215973819,Вверх,4.7024894048458625,True,0.1478950439940973,0.1667132560702269,-0.018818212076129603,False,46.72700255212363,Красный,2.0913678402618103,Выше
2021-03-19 22:30:00+05:00,46.57,44.49449154123334,Вверх,4.664641367669694,True,0.1464514255944848,0.1626608899750785,-0.016209464380593702,False,46.72700255212363,Красный,2.075508458766663,Выше
2021-03-19 23:00:00+05:00,46.6,44.51544187415639,Вверх,4.682775320385649,True,0.146044585815936,0.15933762914325,-0.013293043327314014,False,46.72700255212363,Красный,2.084558125843614,Выше
2021-03-19 23:30:00+05:00,46.675,44.53693001471205,Вверх,4.800667636008302,True,0.1500444169203021,0.1574789866986604,-0.0074345697783582965,False,46.72700255212363,Красный,2.138069985287949,Выше
2021-03-20 00:00:00+05:00,46.73,44.55875160660546,Вверх,4.872776536837862,True,0.1558557442309052,0.1571543382051094,-0.001298593974204204,False,46.41475406377717,Зелёный,2.171248393394535,Выше
2021-03-20 00:30:00+05:00,46.705,44.58010731201237,Вверх,4.766459338277681,True,0.1566383426169153,0.1570511390874706,-0.00041279647055528224,False,46.41475406377717,Зелёный,2.124892687987625,Выше
2021-03-20 01:00:00+05:00,46.72,44.601399776569465,Вверх,4.7500756344949995,True,0.156663018359616,0.1569735149418997,-0.0003104965822837147,False,46.43227579165951,Зелёный,2.1186002234305334,Выше
2021-03-20 01:30:00+05:00,46.69,44.622181868344896,Вверх,4.6340587686995605,True,0.1525038552707371,0.1560795830076672,-0.003575727736930101,False,46.48204821249356,Зелёный,2.067818131655102,Выше
2021-03-22 12:00:00+05:00,47.225,44.64808055622207,Вверх,5.771624248287685,False,0.1901853787165421,0.1629007421494422,0.027284636567099896,Выше,46.6688433912442,Зелёный,2.576919443777932,Выше
2021-03-22 12:30:00+05:00,46.945,44.670935476060656,Вверх,5.0907027124113515,False,0.1952044027414103,0.1693614742678358,0.0258429284735745,False,46.72545905211978,Зелёный,2.2740645239393444,Выше
2021-03-22 13:00:00+05:00,47.21,44.69619979968195,Вверх,5.624192239126199,False,0.2180517360629821,0.1790995266268651,0.03895220943611699,False,46.72545905211978,Зелёный,2.5138002003180517,Выше
2021-03-22 13:30:00+05:00,46.895,44.71807840864034,Вверх,4.8681018255450015,True,0.2083389432401361,0.1849474099495193,0.0233915332906168,False,46.72545905211978,Зелёный,2.1769215913596653,Выше
2021-03-22 14:00:00+05:00,46.955,44.740336334922524,Вверх,4.950038033909002,True,0.2031412970884361,0.1885861873773027,0.014555109711133385,False,46.72545905211978,Зелёный,2.214663665077474,Выше
2021-03-22 14:30:00+05:00,46.75,44.76033298830639,Вверх,4.4451568584474375,True,0.1804007903076154,0.1869491079633652,-0.006548317655749786,Выше,46.72545905211978,Зелёный,1.9896670116936122,Выше
2021-03-22 15:00:00+05:00,46.575,44.77838937648245,Вверх,4.012226988363117,True,0.1465681905185647,0.1788729244744052,-0.03230473395584049,False,47.011704909313785,Красный,1.7966106235175516,Выше
2021-03-22 15:30:00+05:00,46.5,44.7955198304478,Вверх,3.805023752383497,True,0.1124079691394683,0.1655799334074178,-0.05317196426794951,False,46.88828441838241,Красный,1.7044801695521983,Выше
2021-03-22 16:00:00+05:00,46.8,44.81546490676176,Вверх,4.428237210898172,True,0.1082948843650868,0.1541229235989516,-0.045828039233864803,False,46.88828441838241,Красный,1.984535093238236,Выше
2021-03-22 16:30:00+05:00,46.55,44.83272396241586,Вверх,3.8304075367442776,True,0.083895232369592,0.1400773853530797,-0.05618215298348771,False,46.88828441838241,Красный,1.717276037584135,Выше
2021-03-22 17:00:00+05:00,46.745,44.85175158468038,Вверх,4.221124813253177,True,0.0793781804372883,0.1279375443699215,-0.0485593639326332,False,46.88828441838241,Красный,1.8932484153196185,Выше
2021-03-22 17:30:00+05:00,46.7,44.870142116176105,Вверх,4.078119206946344,True,0.0713448413970212,0.1166190037753414,-0.0452741623783202,False,46.88828441838241,Красный,1.8298578838238981,Выше
2021-03-22 18:00:00+05:00,46.795,44.88929493094052,Вверх,4.245344178364333,True,0.0718162157512622,0.1076584461705256,-0.035842230419263404,False,46.88828441838241,Красный,1.9057050690594792,Выше
2021-03-22 18:30:00+05:00,46.645,44.90676463312022,Вверх,3.8707650864648993,True,0.059401295763827,0.0980070160891859,-0.038605720325358896,False,46.88828441838241,Красный,1.7382353668797847,Выше
2021-03-22 19:00:00+05:00,46.91,44.926697323337926,Вверх,4.4145303234471465,True,0.0701371698960287,0.0924330468505544,-0.0222958769545257,False,46.41167154761939,Зелёный,1.9833026766620705,Выше
2021-03-22 19:30:00+05:00,47.13,44.94862073305596,Вверх,4.853050508265806,True,0.0952990408554868,0.0930062456515409,0.002292795203945888,Выше,46.57475439285745,Зелёный,2.1813792669440417,Выше
2021-03-22 20:00:00+05:00,46.72,44.96624639740367,Вверх,3.9001556569720415,True,0.0812201757569965,0.090649031672632,-0.009428855915635498,Выше,46.57475439285745,Зелёный,1.7537536025963263,Выше
2021-03-22 20:30:00+05:00,46.615,44.98265190588721,Вверх,3.628839174551101,True,0.0608880714689235,0.0846968396318903,-0.0238087681629668,False,46.57475439285745,Зелёный,1.6323480941127926,Выше
2021-03-22 21:00:00+05:00,46.915,45.00187925010725,Вверх,4.251201909280685,True,0.0681961029074003,0.0813966922869923,-0.013200589379591995,False,46.57475439285745,Зелёный,1.913120749892748,Выше
2021-03-22 21:30:00+05:00,46.835,45.02011925756887,Вверх,4.031265959221126,True,0.0667628386166612,0.0784699215529261,-0.011707082936264906,False,46.57475439285745,Зелёный,1.8148807424311286,Выше
2021-03-22 22:00:00+05:00,46.96,45.039421553513456,Вверх,4.264216502435794,True,0.0748505906553518,0.0777460553734112,-0.002895464718059404,False,46.57475439285745,Зелёный,1.9205784464865445,Выше
2021-03-22 22:30:00+05:00,46.965,45.05858153805561,Вверх,4.23097753384506,True,0.0807330107351802,0.078343446445765,0.002389564289415197,Выше,46.58391365429456,Зелёный,1.9064184619443907,Выше
2021-03-22 23:00:00+05:00,46.92,45.07710311479138,Вверх,4.088321471137095,True,0.0808319665158308,0.0788411504597782,0.0019908160560525995,False,46.5960222888651,Зелёный,1.8428968852086243,Выше
2021-03-22 23:30:00+05:00,46.925,45.09549014847504,Вверх,4.056968547190362,True,0.0803871943608882,0.0791503592400002,0.0012368351208879996,False,46.5960222888651,Зелёный,1.8295098515249606,Выше
2021-03-23 00:00:00+05:00,46.945,45.11389323157479,Вверх,4.058853353723933,True,0.0807180743607531,0.0794639022641508,0.0012541720966022935,False,46.64370305398073,Зелёный,1.831106768425208,Выше
2021-03-23 00:30:00+05:00,46.8,45.130670413350174,Вверх,3.6988805425678235,True,0.0684904951656406,0.0772692208444487,-0.008778725678808108,Выше,46.64370305398073,Зелёный,1.6693295866498232,Выше
2021-03-23 01:00:00+05:00,46.805,45.14733040923724,Вверх,3.671689058327124,True,0.0585288249111783,0.0735211416577947,-0.014992316746616406,False,46.64370305398073,Зелёный,1.657669590762758,Выше
2021-03-23 01:30:00+05:00,46.805,45.16382463402096,Вверх,3.6338272484185823,True,0.0500571023481555,0.0688283337958668,-0.018771231447711298,False,46.64370305398073,Зелёный,1.6411753659790378,Выше
2021-03-23 12:00:00+05:00,46.245,45.17458259786154,Вверх,2.3695125457321464,True,-0.0018231031054796,0.0546980464155975,-0.0565211495210771,False,46.41685317628325,Красный,1.0704174021384603,Выше
2021-03-23 12:30:00+05:00,46.17,45.18448724862909,Вверх,2.1810864997716948,True,-0.0484321175992903,0.0340720136126199,-0.08250413121191019,False,46.41685317628325,Красный,0.9855127513709121,Выше
2021-03-23 13:00:00+05:00,46.34,45.19598488794622,Вверх,2.5312317341687036,True,-0.0708359652215122,0.0130904178457935,-0.0839263830673057,False,46.41685317628325,Красный,1.1440151120537863,Выше
2021-03-23 13:30:00+05:00,46.26,45.20657210299153,Вверх,2.330253872398253,True,-0.0939633562050659,-0.0083203369643783,-0.08564301924068761,False,46.41685317628325,Красный,1.0534278970084685,Выше
2021-03-23 14:00:00+05:00,46.14,45.21585994276276,Вверх,2.0438404984602223,True,-0.1205849490701851,-0.0307732593855397,-0.0898116896846454,False,46.41685317628325,Красный,0.9241400572372385,Выше
2021-03-23 14:30:00+05:00,45.945,45.2231150677104,Вверх,1.5962742310182614,True,-0.1556236904993184,-0.0557433456082954,-0.099880344891023,False,46.41685317628325,Красный,0.7218849322895977,Выше
2021-03-23 15:00:00+05:00,46.175,45.23258655957398,Вверх,2.0834834178337376,True,-0.1629546281945195,-0.0771856021255402,-0.0857690260689793,False,46.41685317628325,Красный,0.9424134404260158,Выше
2021-03-23 15:30:00+05:00,46.175,45.24196380773743,Вверх,2.0623246953373826,True,-0.1668412075489413,-0.0951167232102205,-0.0717244843387208,False,46.41685317628325,Красный,0.9330361922625698,Выше
2021-03-23 16:00:00+05:00,46.105,45.25055123253606,Вверх,1.888261566302356,True,-0.1735689696351841,-0.1108071724952132,-0.06276179713997089,False,46.41685317628325,Красный,0.8544487674639356,Выше
2021-03-23 16:30:00+05:00,46.285,45.26084425509789,Вверх,2.2627853319080513,True,-0.1625030399918046,-0.1211463459945315,-0.0413566939972731,False,46.41685317628325,Красный,1.024155744902103,Выше
2021-03-23 17:00:00+05:00,46.48,45.272975158032246,Вверх,2.666104530913743,True,-0.1364257100433832,-0.1242022188043018,-0.012223491239081397,False,45.97541890337507,Зелёный,1.2070248419677512,Выше
2021-03-23 17:30:00+05:00,46.47,45.2848858529772,Вверх,2.617019176928957,True,-0.1152377653824459,-0.1224093281199306,0.007171562737484705,Ниже,46.06662701303757,Зелёный,1.1851141470228015,Выше
2021-03-23 18:00:00+05:00,46.53,45.29727504846997,Вверх,2.7214108358857434,True,-0.092537948165102,-0.1164350521289649,0.02389710396386291,False,46.19321431173381,Зелёный,1.232724951530031,Выше
2021-03-23 18:30:00+05:00,46.63,45.31053599326131,Вверх,2.9120467851780107,True,-0.0657214195969189,-0.1062923256225557,0.04057090602563679,False,46.252142880560434,Зелёный,1.3194640067386914,Выше
2021-03-23 19:00:00+05:00,46.87,45.32605304805473,Вверх,3.4063123703014058,True,-0.0248170576748805,-0.0899972720330207,0.0651802143581402,False,46.39642859250439,Зелёный,1.5439469519452658,Выше
2021-03-23 19:30:00+05:00,46.88,45.34151520678056,Вверх,3.393104059719149,True,0.0083110555993641,-0.0703356065065437,0.0786466621059078,False,46.50778573325395,Зелёный,1.538484793219446,Выше
2021-03-23 20:00:00+05:00,46.58,45.35383843855389,Вверх,2.703545286706721,True,0.0102397932860256,-0.0542205265480298,0.0644603198340554,False,46.50778573325395,Зелёный,1.226161561446105,Выше
2021-03-23 20:30:00+05:00,46.695,45.36718332971256,Вверх,2.926821929052418,True,0.0208080089290163,-0.0392148194526206,0.0600228283816369,False,46.50778573325395,Зелёный,1.32781667028744,Выше
2021-03-23 21:00:00+05:00,46.535,45.378803396083576,Вверх,2.5478781223574662,True,0.0160872888894374,-0.028154397784209,0.044241686673646405,False,46.50778573325395,Зелёный,1.1561966039164204,Выше
2021-03-23 21:30:00+05:00,46.53,45.39025808865986,Вверх,2.510983544340955,True,0.0118065277314798,-0.0201622126810712,0.031968740412551,False,46.50778573325395,Зелёный,1.1397419113401384,Выше
2021-03-23 22:00:00+05:00,46.635,45.402643580314994,Вверх,2.714283404015953,True,0.0166941760808683,-0.0127909349286833,0.0294851110095516,False,46.50778573325395,Зелёный,1.2323564196850043,Выше
2021-03-23 22:30:00+05:00,46.475,45.41331379344619,Вверх,2.337830292197319,True,0.0075697504163585,-0.0087187978596749,0.016288548276033397,False,46.926225712133785,Красный,1.0616862065538086,Выше
2021-03-23 23:00:00+05:00,46.42,45.42333057162086,Вверх,2.1941795457020756,True,-0.0040527454793846,-0.0077855873836168,0.0037328419042322,False,46.79635314092041,Красный,0.9966694283791426,Выше
2021-03-23 23:30:00+05:00,46.01,45.4291680783709,Вверх,1.2785440416322214,True,-0.0458190571301244,-0.0153922813329184,-0.030426775797206,Ниже,46.61446782682837,Красный,0.5808319216290982,Выше
2021-03-24 00:00:00+05:00,45.93,45.43415148057617,Вверх,1.091356398800171,True,-0.0844015627581384,-0.0291941376179624,-0.055207425140176,False,46.39052104414554,Красный,0.4958485194238307,Выше
2021-03-24 00:30:00+05:00,45.985,45.43963256037144,Вверх,1.200202133905852,True,-0.1092807160250117,-0.0452114532993722,-0.06406926272563951,False,46.26371893973098,Красный,0.5453674396285564,Выше
2021-03-24 01:00:00+05:00,46.18,45.446999400566746,Вверх,1.6128690762895845,True,-0.1119720102822441,-0.0585635646959466,-0.0534084455862975,False,46.26371893973098,Красный,0.7330005994332538,Выше
2021-03-24 01:30:00+05:00,45.98,45.45230288911833,Вверх,1.1609909230979876,True,-0.1287589558082018,-0.0726026429183977,-0.05615631288980409,False,46.26371893973098,Красный,0.5276971108816682,Выше
2021-03-24 12:00:00+05:00,44.98,45.44760335788333,Вниз,1.028884524891506,True,-0.2202158623506633,-0.1021252868048508,-0.11809057554581248,False,45.69961110706388,Красный,-0.46760335788333407,Ниже
2021-03-24 12:30:00+05:00,44.9,45.44215456825265,Вниз,1.193065279152532,True,-0.2957423177631213,-0.1408486929965049,-0.15489362476661642,False,45.51939999635749,Красный,-0.5421545682526485,Ниже
2021-03-24 13:00:00+05:00,44.905,45.436809746678,Вниз,1.1704381307644123,True,-0.3511463233681837,-0.1829082190708407,-0.16823810429734298,False,45.46595999672175,Красный,-0.5318097466780003,Ниже
2021-03-24 13:30:00+05:00,45.25,45.43495094322847,Вниз,0.407067553477873,True,-0.3630309850431672,-0.218932772265306,-0.14409821277786122,False,45.46595999672175,Красный,-0.18495094322847194,Ниже
2021-03-24 14:00:00+05:00,44.95,45.43012556070878,Вниз,1.056844009966869,True,-0.3921368483492813,-0.253573587482101,-0.1385632608671803,False,45.46595999672175,Красный,-0.4801255607087782,Ниже
2021-03-24 14:30:00+05:00,45.105,45.42689048050272,Вниз,0.7085901700467027,True,-0.3981071190495271,-0.2824802937955863,-0.1156268252539408,False,45.46595999672175,Красный,-0.3218904805027236,Ниже
2021-03-24 15:00:00+05:00,45.11,45.42373734139325,Вниз,0.6906902860838582,True,-0.3978489878995788,-0.3055540326163848,-0.09229495528319398,False,45.46595999672175,Красный,-0.3137373413932494,Ниже
2021-03-24 15:30:00+05:00,45.065,45.420167815608245,Вниз,0.7819605974379449,True,-0.3967026003843799,-0.3237837461699838,-0.07291885421439609,False,45.46595999672175,Красный,-0.3551678156082474,Ниже
2021-03-24 16:00:00+05:00,44.995,45.41593729007981,Вниз,0.9268492850675091,True,-0.3968676517569776,-0.3384005272873825,-0.058467124469595066,False,45.46595999672175,Красный,-0.42093729007981295,Ниже
2021-03-24 16:30:00+05:00,45.21,45.41388816281534,Вниз,0.4489555311458261,True,-0.3753232600773089,-0.3457850738453678,-0.0295381862319411,False,45.46595999672175,Красный,-0.20388816281533906,Ниже
2021-03-24 17:00:00+05:00,45.255,45.412307186070905,Вниз,0.3463976966119708,True,-0.3505768191878005,-0.3467434229138544,-0.003833396273946077,False,45.46595999672175,Красный,-0.1573071860709021,Ниже
2021-03-24 17:30:00+05:00,45.11,45.40929915436871,Вниз,0.6591142341819569,True,-0.3387603561639736,-0.3451468095638782,0.006386453399904624,Ниже,45.46595999672175,Красный,-0.29929915436871113,Ниже
2021-03-24 18:00:00+05:00,45.05,45.40572403840485,Вниз,0.7834343487265493,True,-0.3304282514454257,-0.3422030979401877,0.011774846494762015,False,45.46595999672175,Красный,-0.35572403840485123,Ниже
2021-03-24 18:30:00+05:00,45.25,45.4041745454854,Вниз,0.33956028719550074,True,-0.3041802690996107,-0.3345985321720723,0.030418263072461593,False,45.46595999672175,Красный,-0.15417454548539666,Ниже
2021-03-24 19:00:00+05:00,45.205,45.40219270921191,Вниз,0.43432419767669533,True,-0.2837389123431961,-0.3244266082062971,0.040687695863101,False,45.46595999672175,Красный,-0.19719270921191168,Ниже
2021-03-24 19:30:00+05:00,45.27,45.40087735887149,Вниз,0.28827055000934515,True,-0.2593049272794232,-0.3114022720209223,0.052097344741499074,False,45.46595999672175,Красный,-0.1308773588714871,Ниже
2021-03-24 20:00:00+05:00,45.255,45.39942584286282,Вниз,0.3181226197941466,True,-0.2384030309784179,-0.2968024238124214,0.0583993928340035,False,45.46595999672175,Красный,-0.144425842862816,Ниже
2021-03-24 20:30:00+05:00,45.25,45.397939018555725,Вниз,0.32587166235730913,True,-0.219708918138842,-0.2813837226777055,0.06167480453886351,False,45.46595999672175,Красный,-0.147939018555725,Ниже
2021-03-24 21:00:00+05:00,45.495,45.39890479946562,Вверх,0.21166854345682273,True,-0.1830145685563877,-0.261709891853442,0.07869532329705431,False,44.79699747212914,Зелёный,0.09609520053437848,Выше
2021-03-24 21:30:00+05:00,45.355,45.39846793578935,Вниз,0.09574758304802627,True,-0.1633478893273263,-0.2420374913482189,0.07868960202089259,False,44.95904772491623,Зелёный,-0.043467935789351486,Ниже
2021-03-24 22:00:00+05:00,45.32,45.397687160308855,Вниз,0.1711258109571206,True,-0.1488700307937094,-0.223403999237317,0.0745339684436076,False,44.95904772491623,Зелёный,-0.07768716030885514,Ниже
2021-03-24 22:30:00+05:00,45.385,45.397560919907775,Вниз,0.0276687109466909,True,-0.130645269483395,-0.2048522532865326,0.07420698380313759,False,44.98150365718214,Зелёный,-0.01256091990777719,Ниже
2021-03-24 23:00:00+05:00,45.425,45.39783394558034,Вверх,0.059839979264702275,True,-0.1116868921663893,-0.186219181062504,0.07453228889611471,False,45.00435329146393,Зелёный,0.027166054419659247,Выше
2021-03-24 23:30:00+05:00,45.37,45.39755699089795,Вниз,0.060701484230691626,True,-0.0999481419360606,-0.1689649732372153,0.0690168313011547,False,45.04141796231754,Зелёный,-0.027556990897949163,Ниже
2021-03-25 00:00:00+05:00,45.415,45.39773055317757,Вверх,0.03804033067733027,True,-0.0860223616480766,-0.1523764509193876,0.06635408927131099,False,45.04152616608578,Зелёный,0.017269446822432144,Выше
2021-03-25 00:30:00+05:00,45.25,45.39626059742456,Вниз,0.3221864433319765,True,-0.0872939313751786,-0.1393599470105458,0.0520660156353672,False,45.04152616608578,Зелёный,-0.14626059742455766,Ниже
2021-03-25 01:00:00+05:00,45.205,45.39435750690292,Вниз,0.41713886329182603,True,-0.0908851164163522,-0.1296649808917071,0.038779864475354905,False,45.04152616608578,Зелёный,-0.18935750690292252,Ниже
2021-03-25 01:30:00+05:00,45.215,45.39257285509294,Вниз,0.391193633504334,True,-0.091865274309967,-0.1221050395753591,0.030239765265392113,False,45.04152616608578,Зелёный,-0.17757285509294007,Ниже
2021-03-25 12:00:00+05:00,44.7,45.38568158290297,Вниз,1.5107883345333866,True,-0.1326689276532846,-0.1242178171909442,-0.008451110462340414,Ниже,45.27551993243112,Красный,-0.6856815829029657,Ниже
2021-03-25 12:30:00+05:00,44.645,45.378311616903936,Вниз,1.6159958155665843,True,-0.167513169701138,-0.132876887692983,-0.034636282008154995,False,44.89321793918801,Красный,-0.7333116169039329,Ниже
2021-03-25 13:00:00+05:00,44.755,45.37210951126311,Вниз,1.3601076033502892,True,-0.1841288787733788,-0.1431272859090621,-0.041001592864316705,False,44.89321793918801,Красный,-0.6171095112631093,Ниже
2021-03-25 13:30:00+05:00,44.71,45.36552135692218,Вниз,1.4449770162779254,True,-0.1986382932456649,-0.1542294873763827,-0.0444088058692822,False,44.89321793918801,Красный,-0.6555213569221792,Ниже
2021-03-25 14:00:00+05:00,44.9,45.36088930361947,Вниз,1.0160499732149182,True,-0.1925856887069059,-0.1619007276424874,-0.03068496106441851,False,44.448921622331945,Зелёный,-0.46088930361947433,Ниже
2021-03-25 14:30:00+05:00,44.78,45.35510931054864,Вниз,1.2680143853492647,True,-0.1952215604932732,-0.1685648942126445,-0.026656666280628682,False,44.448921622331945,Зелёный,-0.5751093105486405,Ниже
2021-03-25 15:00:00+05:00,44.85,45.3500833472596,Вниз,1.102717592446974,True,-0.1894779094940659,-0.1727474972689288,-0.016730412225137103,False,44.44972651408887,Зелёный,-0.5000833472595971,Ниже
2021-03-25 15:30:00+05:00,44.795,45.34456012987393,Вниз,1.2119648493665067,True,-0.1872060699990214,-0.1756392118149473,-0.011566858184074102,False,44.44972651408887,Зелёный,-0.5495601298739317,Ниже
2021-03-25 16:00:00+05:00,44.68,45.33794759126823,Вниз,1.4512072694595215,True,-0.1924665254373962,-0.1790046745394371,-0.013461850897959093,False,44.44972651408887,Зелёный,-0.6579475912682327,Ниже
2021-03-25 16:30:00+05:00,44.5,45.32960980429044,Вниз,1.8301719513409962,True,-0.2087535885251554,-0.1849544573365808,-0.0237991311885746,False,44.44972651408887,Зелёный,-0.8296098042904418,Ниже
2021-03-25 17:00:00+05:00,44.375,45.320111199272624,Вниз,2.0854123572578365,True,-0.2291066597360682,-0.1937848978164783,-0.035321761919589884,False,44.76059543410629,Красный,-0.945111199272624,Ниже
2021-03-25 17:30:00+05:00,44.185,45.30881656047389,Вниз,2.480348518867024,True,-0.257598591200626,-0.2065476364933078,-0.051050954707318213,False,44.66278589069567,Красный,-1.123816560473891,Ниже
2021-03-25 18:00:00+05:00,43.705,45.29285818673784,Вниз,3.505758413812753,True,-0.3152763313372375,-0.2282933754620938,-0.08698295587514368,False,44.392007301626094,Красный,-1.58785818673784,Ниже
2021-03-25 18:30:00+05:00,43.795,45.277954125178255,Вниз,3.2752233483835984,True,-0.3496930641355789,-0.2525733131967909,-0.097119750938788,False,44.209056571463485,Красный,-1.482954125178253,Ниже
2021-03-25 19:00:00+05:00,43.875,45.26399438263917,Вниз,3.0686518094212034,True,-0.3662908683036789,-0.2753168242181685,-0.09097404408551041,False,44.209056571463485,Красный,-1.3889943826391686,Ниже
2021-03-25 19:30:00+05:00,43.475,45.24619344350843,Вниз,3.91456895864584,True,-0.4070294229276427,-0.3016593439600633,-0.10537007896757944,False,43.99158582288542,Красный,-1.7711934435084302,Ниже
2021-03-25 20:00:00+05:00,43.45,45.22832087193123,Вниз,3.9318746255620054,True,-0.4363028839814262,-0.3285880519643359,-0.10771483201709031,False,43.81717724059688,Красный,-1.7783208719312285,Ниже
2021-03-25 20:30:00+05:00,43.47,45.210825141862266,Вниз,3.850460893823362,True,-0.4526703775821801,-0.3534045170879047,-0.09926586049427538,False,43.81717724059688,Красный,-1.740825141862267,Ниже
2021-03-25 21:00:00+05:00,43.68,45.19559305089846,Вниз,3.35340892460826,True,-0.4435831389208715,-0.3714402414544981,-0.07214289746637337,False,43.81717724059688,Красный,-1.5155930508984596,Ниже
2021-03-25 21:30:00+05:00,43.79,45.18160705039201,Вниз,3.0800299972507,True,-0.4226335002099191,-0.3816788932055823,-0.040954607004336785,False,43.81717724059688,Красный,-1.391607050392011,Ниже
2021-03-25 22:00:00+05:00,43.68,45.16666568670652,Вниз,3.2915108168900753,True,-0.4101785581975221,-0.3873788262039703,-0.022799731993551786,False,43.81717724059688,Красный,-1.486665686706523,Ниже
2021-03-25 22:30:00+05:00,43.605,45.151126724649735,Вниз,3.42433696965894,True,-0.401728919205496,-0.3902488448042755,-0.011480074401220508,False,43.81717724059688,Красный,-1.5461267246497385,Ниже
2021-03-25 23:00:00+05:00,43.66,45.13628964281243,Вниз,3.2707377024011075,True,-0.3861432599472962,-0.3894277278328797,0.0032844678855835086,Ниже,43.81717724059688,Красный,-1.4762896428124321,Ниже
2021-03-25 23:30:00+05:00,43.9,45.12398825333171,Вниз,2.7125001594719165,True,-0.3503864812128441,-0.3816194785088726,0.03123299729602852,False,43.37865707182196,Зелёный,-1.2239882533317115,Ниже
2021-03-26 00:00:00+05:00,43.895,45.1117595144926,Вниз,2.6972113869814764,True,-0.3187777630452473,-0.3690511354161476,0.05027337237090029,False,43.512541364639766,Зелёный,-1.216759514492594,Ниже
2021-03-26 00:30:00+05:00,43.745,45.09815991733347,Вниз,3.0004770035271093,True,-0.3023461147595796,-0.355710131284834,0.053364016525254354,False,43.512541364639766,Зелёный,-1.3531599173334712,Ниже
2021-03-26 01:00:00+05:00,43.85,45.08574041566846,Вниз,2.7408675210289055,True,-0.2776507080997561,-0.3400982466478184,0.06244753854806229,False,43.512541364639766,Зелёный,-1.2357404156684595,Ниже
2021-03-26 01:30:00+05:00,43.92,45.074141008547386,Вниз,2.5605391089505734,True,-0.249554298801037,-0.3219894570784622,0.07243515827742522,False,43.512541364639766,Зелёный,-1.1541410085473842,Ниже
2021-03-26 12:00:00+05:00,44.59,45.06932368507925,Вниз,1.0635253558018887,True,-0.1712502254325159,-0.291841610749273,0.12059138531675712,False,43.89504913934015,Зелёный,-0.47932368507924394,Ниже
2021-03-26 12:30:00+05:00,44.43,45.06296225537697,Вниз,1.404617503372069,True,-0.1207128434437052,-0.2576158572881594,0.1369030138444542,False,44.003794225406125,Зелёный,-0.6329622553769738,Ниже
2021-03-26 13:00:00+05:00,44.4,45.05636561601999,Вниз,1.4567655580871264,True,-0.0821355459488444,-0.2225197950202964,0.140384249071452,False,44.003794225406125,Зелёный,-0.6563656160199898,Ниже
2021-03-26 13:30:00+05:00,44.39,45.049735112378,Вниз,1.4644594706989316,True,-0.051772870749744,-0.1883704101661859,0.13659753941644187,False,44.04114832257896,Зелёный,-0.6597351123780015,Ниже
2021-03-26 14:00:00+05:00,44.41,45.04336958887176,Вниз,1.406132788583036,True,-0.0257990041891957,-0.1558561289707879,0.1300571247815922,False,44.04114832257896,Зелёный,-0.6333695888717656,Ниже
2021-03-26 14:30:00+05:00,44.405,45.03701765266408,Вниз,1.4033292735730167,True,-0.0055539633888912,-0.1257956958544085,0.1202417324655173,False,44.10535514128897,Зелёный,-0.6320176526640822,Ниже
2021-03-26 15:00:00+05:00,44.48,45.03147518845847,Вниз,1.2246438433352014,True,0.0163537348266089,-0.097365809718205,0.1137195445448139,False,44.10535514128897,Зелёный,-0.5514751884584754,Ниже
2021-03-26 15:30:00+05:00,44.405,45.02524160449372,Вниз,1.3775419795455757,True,0.0273486125187858,-0.0724229252708069,0.0997715377895927,False,44.10631266444406,Зелёный,-0.6202416044937209,Ниже
2021-03-26 16:00:00+05:00,44.355,45.01857253380224,Вниз,1.4739972781322668,True,0.0316625638443568,-0.0516058274477741,0.0832683912921309,False,44.10631266444406,Зелёный,-0.6635725338022453,Ниже
2021-03-26 16:30:00+05:00,44.3,45.01142255834152,Вниз,1.5805378233034402,True,0.0302941489131711,-0.035225832175585,0.0655199810887561,False,44.10631266444406,Зелёный,-0.7114225583415248,Ниже
2021-03-26 17:00:00+05:00,44.545,45.00678153786051,Вниз,1.026026572177909,True,0.0484209560307533,-0.0184964745343174,0.0669174305650707,False,44.10631266444406,Зелёный,-0.4617815378605101,Ниже
2021-03-26 17:30:00+05:00,45.15,45.008206597185286,Вверх,0.3150389974071538,True,0.1103331729344958,0.0072694549594452,0.1030637179750506,False,44.46801673914175,Зелёный,0.14179340281471298,Выше
2021-03-26 18:00:00+05:00,45.35,45.01160752656653,Вверх,0.7517893539655262,True,0.1735369534381661,0.0405229546551894,0.1330139987829767,False,44.81446506522757,Зелёный,0.3383924734334727,Выше
2021-03-26 18:30:00+05:00,45.43,45.015770635754926,Вверх,0.9201872108262023,True,0.2274597221696765,0.0779103081580868,0.1495494140115897,False,44.83226855870481,Зелёный,0.41422936424507384,Выше
2021-03-26 19:00:00+05:00,45.435,45.01994207221507,Вверх,0.9219423852637293,True,0.2675136324616574,0.1158309730188009,0.15168265944285647,False,44.97429170283433,Зелёный,0.4150579277849289,Выше
2021-03-26 19:30:00+05:00,45.835,45.028052101347264,Вверх,1.7921003929650177,True,0.3277551447136488,0.1582158073577705,0.1695393373558783,False,45.1568625325509,Зелёный,0.8069478986527372,Выше
2021-03-26 20:00:00+05:00,45.665,45.03438989138361,Вверх,1.4002856708780278,True,0.3576565557975257,0.1981039570457216,0.1595525987518041,False,45.20692627929581,Зелёный,0.6306101086163878,Выше
2021-03-26 20:30:00+05:00,45.84,45.04240591236487,Вверх,1.770762621310556,True,0.3909678430478891,0.2366767342461551,0.15429110880173402,False,45.22623365136623,Зелёный,0.7975940876351331,Выше
2021-03-26 21:00:00+05:00,45.555,45.04750635104781,Вверх,1.1265743435327522,True,0.3898759131950626,0.2673165700359367,0.12255934315912592,False,45.2368602862296,Зелёный,0.5074936489521917,Выше
2021-03-26 21:30:00+05:00,45.53,45.05230728287818,Вверх,1.060306887552822,True,0.3825830802540224,0.2903698720795538,0.0922132081744686,False,45.2368602862296,Зелёный,0.47769271712181904,Выше
2021-03-26 22:00:00+05:00,45.825,45.05999576762567,Вверх,1.6977459037489844,True,0.39604216464204,0.311504330592051,0.08453783404998899,False,45.25295683184598,Зелёный,0.7650042323743307,Выше
2021-03-26 22:30:00+05:00,45.78,45.06715998884332,Вверх,1.5817282725007467,True,0.3984839867165135,0.3289002618169435,0.06958372489957004,False,45.31491114866138,Зелёный,0.712840011156679,Выше
2021-03-26 23:00:00+05:00,45.86,45.07504894417821,Вверх,1.7414313998724464,True,0.4022377335074338,0.3435677561550416,0.05866997735239221,False,45.372920033795246,Зелёный,0.7849510558217929,Выше
2021-03-26 23:30:00+05:00,45.9,45.08325741239535,Вверх,1.8116317109333202,True,0.4037856806113495,0.3556113410463032,0.0481743395650463,False,45.47862803041572,Зелёный,0.8167425876046508,Выше
2021-03-27 00:00:00+05:00,45.98,45.09218022421231,Вверх,1.968899643736825,True,0.4067786798453383,0.3658448088061102,0.040933871039228076,False,45.53376522737416,Зелёный,0.8878197757876833,Выше
2021-03-27 00:30:00+05:00,45.94,45.100616241881845,Вверх,1.8611358958298998,True,0.4012970846030796,0.3729352639655041,0.02836182063757553,False,45.56688870463674,Зелёный,0.8393837581181529,Выше
2021-03-27 01:00:00+05:00,45.8,45.10757528425118,Вверх,1.5350519538800536,True,0.3812611101585332,0.37460043320411,0.006660676954423184,False,45.63844983417306,Зелёный,0.6924247157488139,Выше
2021-03-27 01:30:00+05:00,45.79,45.11436557993028,Вверх,1.4976037264065725,True,0.3604208326289466,0.3717645130890773,-0.011343680460130734,Выше,45.63844983417306,Зелёный,0.67563442006972,Выше
2021-03-29 12:00:00+05:00,46.26,45.12576492739366,Вверх,2.513497720052604,True,0.3774784974404852,0.3729073099593589,0.004571187481126282,Выше,45.77839436568017,Зелёный,1.1342350726063373,Выше
2021-03-29 12:30:00+05:00,47.58,45.150185176872334,Вверх,5.381627591579202,False,0.4918401607835392,0.396693880124195,0.09514628065934422,False,46.33280492911216,Зелёный,2.429814823127664,Выше
2021-03-29 13:00:00+05:00,47.71,45.17565597113232,Вверх,5.609977264053784,False,0.5862051088638935,0.4345961258721347,0.15160898299175884,False,46.99052443620095,Зелёный,2.534344028867679,Выше
2021-03-29 13:30:00+05:00,47.595,45.19972904604642,Вверх,5.299303788997137,False,0.6442835712189989,0.4765336149415076,0.16774995627749134,False,46.99052443620095,Зелёный,2.3952709539535775,Выше
2021-03-29 14:00:00+05:00,47.825,45.225851145090736,Вверх,5.7470424306020025,False,0.7007919554434423,0.5213852830418946,0.17940667240154773,False,47.08552479332276,Зелёный,2.5991488549092665,Выше
2021-03-29 14:30:00+05:00,47.725,45.25071829787591,Вверх,5.467939063058435,False,0.7291014649589584,0.5629285194253074,0.16617294553365103,False,47.115222313990486,Зелёный,2.474281702124088,Выше
2021-03-29 15:00:00+05:00,47.83,45.27638279242441,Вверх,5.64006453272336,False,0.7513484998789934,0.6006125155160447,0.15073598436294877,False,47.19520008259144,Зелёный,2.5536172075755914,Выше
2021-03-29 15:30:00+05:00,47.84,45.30189142135551,Вверх,5.6026547656418915,False,0.7610138577237038,0.6326927839575764,0.12832107376612734,False,47.325180074332295,Зелёный,2.53810857864449,Выше
2021-03-29 16:00:00+05:00,47.79,45.3266487206455,Вверх,5.4346644829986825,False,0.755925304949912,0.6573392881560436,0.09858601679386836,False,47.325180074332295,Зелёный,2.463351279354498,Выше
2021-03-29 16:30:00+05:00,47.89,45.352154703524654,Вверх,5.595864878010111,False,0.7513012216661821,0.6761316748580712,0.07516954680811083,False,47.37707086020916,Зелёный,2.5378452964753464,Выше
2021-03-29 17:00:00+05:00,47.895,45.37745664677316,Вверх,5.548004536313885,False,0.7395153875075167,0.6888084173879604,0.05070697011955627,False,47.47061377418824,Зелёный,2.5175433532268414,Выше
2021-03-29 17:30:00+05:00,47.83,45.40186006322318,Вверх,5.348106737027013,False,0.7166687608873943,0.6943804860878472,0.022288274799547092,False,47.47061377418824,Зелёный,2.428139936776816,Выше
2021-03-29 18:00:00+05:00,47.845,45.42616991334037,Вверх,5.324750229381084,False,0.6917983980267479,0.6938640684756273,-0.0020656704488793975,Выше,47.47061377418824,Зелёный,2.418830086659632,Выше
2021-03-29 18:30:00+05:00,48.2,45.45377021271012,Вверх,6.041808577018686,False,0.6927484168906233,0.6936409381586266,-0.0008925212680033212,False,47.58521744138323,Зелёный,2.7462297872898844,Выше
2021-03-29 19:00:00+05:00,48.39,45.48298642949908,Вверх,6.3914307276346936,False,0.700754859967553,0.6950637225204119,0.005691137447141115,Выше,47.86669569724491,Зелёный,2.907013570500922,Выше
2021-03-29 19:30:00+05:00,48.48,45.51280746005133,Вверх,6.51946716878125,False,0.7062213910395911,0.6972952562242478,0.008926134815343323,False,47.91802612752041,Зелёный,2.9671925399486696,Выше
2021-03-29 20:00:00+05:00,48.41,45.54163524651848,Вверх,6.298335002585997,False,0.6968721331497036,0.6972106316093389,-0.0003384984596352947,Выше,48.01972351476837,Зелёный,2.868364753481515,Выше
2021-03-29 20:30:00+05:00,48.5,45.57107171172725,Вверх,6.427165695817992,False,0.6887851404080578,0.6955255333690827,-0.00674039296102491,False,48.06350116329154,Зелёный,2.9289282882727505,Выше
2021-03-29 21:00:00+05:00,48.445,45.5996680131031,Вверх,6.239808557551984,False,0.6702123097368755,0.6904628886426414,-0.02025057890576587,False,48.11240104696238,Зелёный,2.845331986896902,Выше
2021-03-29 21:30:00+05:00,48.19,45.62544246073392,Вверх,5.6208935211383,False,0.6276813192140196,0.6779065747569171,-0.05022525554289747,False,48.11240104696238,Зелёный,2.564557539266076,Выше
2021-03-29 22:00:00+05:00,48.305,45.652104724806215,Вверх,5.811112743181517,False,0.5963800437990869,0.6616012685653511,-0.06522122476626413,False,48.11240104696238,Зелёный,2.652895275193785,Выше
2021-03-29 22:30:00+05:00,48.3,45.67845194147481,Вверх,5.739135078141494,False,0.5646610383452355,0.642213222521328,-0.07755218417609244,False,48.11240104696238,Зелёный,2.6215480585251854,Выше
2021-03-29 23:00:00+05:00,48.24,45.70393998185815,Вверх,5.54888707439342,False,0.5285887572820158,0.6194883294734655,-0.09089957219144973,False,48.11240104696238,Зелёный,2.5360600181418533,Выше
2021-03-29 23:30:00+05:00,48.175,45.7285276437302,Вверх,5.349991531173271,False,0.4891180099272745,0.5934142655642274,-0.10429625563695288,False,48.11240104696238,Зелёный,2.446472356269794,Выше
2021-03-30 00:00:00+05:00,48.325,45.75436318956374,Вверх,5.618342451376543,False,0.4645854527698319,0.5676485030053483,-0.10306305023551643,False,48.11240104696238,Зелёный,2.5706368104362625,Выше
2021-03-30 00:30:00+05:00,48.32,45.77989191404569,Вверх,5.548523554235348,False,0.4396715068171914,0.542053103767717,-0.10238159695052557,False,48.11240104696238,Зелёный,2.5401080859543086,Выше
2021-03-30 01:00:00+05:00,48.335,45.80531587509997,Вверх,5.522686781154106,False,0.4163381131868746,0.5169101056515486,-0.10057199246467402,False,48.11240104696238,Зелёный,2.5296841249000295,Выше
2021-03-30 01:30:00+05:00,48.33,45.8304371101736,Вверх,5.453936395626344,False,0.3929135100498726,0.4921107865312134,-0.09919727648134075,False,48.11240104696238,Зелёный,2.4995628898264,Выше
2021-03-30 12:00:00+05:00,48.33,45.85530838270919,Вверх,5.396739667819896,False,0.3700832539163272,0.4677052800082362,-0.09762202609190901,False,48.11240104696238,Зелёный,2.4746916172908087,Выше
2021-03-30 12:30:00+05:00,48.265,45.87928541372701,Вверх,5.199982006605507,False,0.3427936429408547,0.4427229525947599,-0.09992930965390523,False,48.11240104696238,Зелёный,2.3857145862729894,Выше
2021-03-30 13:00:00+05:00,48.525,45.90561093199839,Вверх,5.70603247581609,False,0.3382471540804062,0.4218277928918892,-0.08358063881148303,False,48.11240104696238,Зелёный,2.6193890680016096,Выше
2021-03-30 13:30:00+05:00,48.43,45.93072923118249,Вверх,5.441391440222876,False,0.3232520741574873,0.4021126491450089,-0.07886057498752158,False,48.11240104696238,Зелёный,2.49927076881751,Выше
2021-03-30 14:00:00+05:00,48.395,45.95524933833491,Вверх,5.3089705676559245,False,0.305027985053691,0.3826957163267453,-0.07766773127305432,False,48.11240104696238,Зелёный,2.4397506616650944,Выше
2021-03-30 14:30:00+05:00,48.35,45.9790777031276,Вверх,5.156524261275309,False,0.2836840065814385,0.362893374377684,-0.07920936779624549,False,48.11240104696238,Зелёный,2.3709222968724006,Выше
2021-03-30 15:00:00+05:00,48.58,46.00495752697708,Вверх,5.597315183940614,False,0.2820762285011113,0.3467299452023695,-0.06465371670125819,False,48.16693389869001,Зелёный,2.5750424730229184,Выше
2021-03-30 15:30:00+05:00,48.7,46.03177386999223,Вверх,5.796487742452982,False,0.2871746789680713,0.3348188919555098,-0.04764421298743848,False,48.294990508821016,Зелёный,2.668226130007774,Выше
2021-03-30 16:00:00+05:00,48.565,46.05698010014156,Вверх,5.445471879409503,False,0.2771273147587934,0.3232805765161666,-0.04615326175737322,False,48.29549145793891,Зелёный,2.5080198998584393,Выше
2021-03-30 16:30:00+05:00,48.64,46.08268179068742,Вверх,5.549412729337678,False,0.2720802081588331,0.3130405028447,-0.04096029468586687,False,48.33819231214502,Зелёный,2.5573182093125837,Выше
2021-03-30 17:00:00+05:00,48.6,46.10772973306864,Вверх,5.405319848450266,False,0.2618344100174496,0.3027992842792499,-0.04096487426180029,False,48.34262308093052,Зелёный,2.4922702669313637,Выше
2021-03-30 17:30:00+05:00,48.595,46.13247869094855,Вверх,5.337934095300643,False,0.2504243469720109,0.2923242968178021,-0.04189994984579121,False,48.35586077283747,Зелёный,2.4625213090514464,Выше
2021-03-30 18:00:00+05:00,48.595,46.15698139054111,Вверх,5.282014845880944,False,0.2386310001760421,0.2815856374894501,-0.042954637313407984,False,48.35827469555372,Зелёный,2.4380186094588865,Выше
2021-03-30 18:30:00+05:00,48.53,46.18059351600836,Вверх,5.0874324150408095,False,0.2214865717726297,0.269565824346086,-0.0480792525734563,False,48.35827469555372,Зелёный,2.3494064839916433,Выше
2021-03-30 19:00:00+05:00,48.63,46.20496571982917,Вверх,5.248427831059107,False,0.2135074717782572,0.2583541538325203,-0.04484668205426309,False,48.35827469555372,Зелёный,2.4250342801708342,Выше
2021-03-30 19:30:00+05:00,48.63,46.229095414159225,Вверх,5.193492462552964,False,0.2048229065772133,0.2476479043814589,-0.04282499780424559,False,48.42505475305866,Зелёный,2.4009045858407774,Выше
2021-03-30 20:00:00+05:00,48.665,46.25333327073476,Вверх,5.214038770241762,False,0.1984766186666817,0.2378136472385035,-0.03933702857182181,False,48.42505475305866,Зелёный,2.4116667292652423,Выше
2021-03-30 20:30:00+05:00,48.7,46.27767821331451,Вверх,5.234320044147267,False,0.1940346367576708,0.229057845142337,-0.035023208384666216,False,48.47756934997752,Зелёный,2.422321786685494,Выше
2021-03-30 21:00:00+05:00,48.55,46.3002883803462,Вверх,4.858958115277668,True,0.1763774186037991,0.2185217598346294,-0.0421443412308303,False,48.47756934997752,Зелёный,2.2497116196537945,Выше
2021-03-30 21:30:00+05:00,48.565,46.322822824322856,Вверх,4.840329321424332,True,0.1617299979008706,0.2071634074478777,-0.045433409547007114,False,48.47756934997752,Зелёный,2.242177175677142,Выше
2021-03-30 22:00:00+05:00,48.585,46.34533204995148,Вверх,4.832564254010703,True,0.150006463186024,0.1957320185955069,-0.04572555540948289,False,48.47756934997752,Зелёный,2.2396679500485206,Выше
2021-03-30 22:30:00+05:00,48.515,46.36692078577286,Вверх,4.632783842066672,True,0.1335278366922168,0.1832911822148489,-0.04976334552263212,False,48.47756934997752,Зелёный,2.1480792142271383,Выше
2021-03-30 23:00:00+05:00,48.53,46.38844396203383,Вверх,4.616572264676315,True,0.1202921283373257,0.1706913714393443,-0.0503992431020186,False,48.47756934997752,Зелёный,2.1415560379661684,Выше
2021-03-30 23:30:00+05:00,48.555,46.41000173355589,Вверх,4.62184483154891,True,0.1105457228930433,0.1586622417300841,-0.04811651883704081,False,48.47756934997752,Зелёный,2.1449982664441123,Выше
2021-03-31 00:00:00+05:00,48.65,46.43229027352051,Вверх,4.776222997865368,True,0.1092282175119834,0.1487754368864639,-0.03954721937448051,False,48.47756934997752,Зелёный,2.217709726479491,Выше
2021-03-31 00:30:00+05:00,48.55,46.45336201209244,Вверх,4.513425717952928,True,0.0989740099625891,0.138815151501689,-0.0398411415390999,False,48.47756934997752,Зелёный,2.096637987907556,Выше
2021-03-31 01:00:00+05:00,48.54,46.4741245791363,Вверх,4.4452164286514275,True,0.0890144569257387,0.1288550125864989,-0.039840555660760196,False,48.47756934997752,Зелёный,2.065875420863698,Выше
2021-03-31 01:30:00+05:00,48.57,46.49497906093595,Вверх,4.462892512209861,True,0.082590140934748,0.1196020382561487,-0.0370118973214007,False,48.47756934997752,Зелёный,2.0750209390640535,Выше
2021-03-31 12:00:00+05:00,48.655,46.51647180659828,Вверх,4.597356829411065,True,0.0833962735237463,0.1123608853096682,-0.028964611785921898,False,48.47756934997752,Зелёный,2.1385281934017186,Выше
2021-03-31 12:30:00+05:00,48.49,46.53610890305004,Вверх,4.198655931935682,True,0.0699150808396495,0.1038717244156645,-0.03395664357601501,False,48.47756934997752,Зелёный,1.9538910969499597,Выше
2021-03-31 13:00:00+05:00,48.475,46.55540135177591,Вверх,4.123256577082142,True,0.0573595585847073,0.0945692912494731,-0.03720973266476579,False,48.6883683153937,Красный,1.9195986482240883,Выше
2021-03-31 13:30:00+05:00,48.395,46.57370581593735,Вверх,3.910563164676089,True,0.0404871743840047,0.0837528678763794,-0.0432656934923747,False,48.6883683153937,Красный,1.8212941840626513,Выше
2021-03-31 14:00:00+05:00,48.715,46.59501222572902,Вверх,4.549816971826779,True,0.0523337431796449,0.0774690429370325,-0.025135299757387597,False,48.2711216645311,Зелёный,2.1199877742709816,Выше
2021-03-31 14:30:00+05:00,48.735,46.61630563641829,Вверх,4.544964116432496,True,0.0626142886100709,0.0744980920716402,-0.011883803461569295,False,48.453509498078,Зелёный,2.11869436358171,Выше
2021-03-31 15:00:00+05:00,48.705,46.63708866491165,Вверх,4.43404893891711,True,0.0675621314560217,0.0731108999485165,-0.0055487684924947905,False,48.453509498078,Зелёный,2.067911335088347,Выше
2021-03-31 15:30:00+05:00,48.71,46.65771464834536,Вверх,4.398598103491595,True,0.0710675680851196,0.0727022335758371,-0.0016346654907175018,False,48.46214269344318,Зелёный,2.052285351654639,Выше
2021-03-31 16:00:00+05:00,48.75,46.67853340806332,Вверх,4.437728524647366,True,0.0761949891696218,0.0734007846945941,0.0027942044750276923,Выше,48.49317842409886,Зелёный,2.0714665919366766,Выше
2021-03-31 16:30:00+05:00,48.73,46.69894601096816,Вверх,4.349250170560181,True,0.0777484388606737,0.07427031552781,0.0034781233328637085,False,48.50186058168897,Зелёный,2.0310539890318395,Выше
2021-03-31 17:00:00+05:00,48.73,46.71915550339634,Вверх,4.304111396999627,True,0.0780795069791864,0.0750321538180853,0.0030473531611011073,False,48.52617452352008,Зелёный,2.01084449660366,Выше
2021-03-31 17:30:00+05:00,48.75,46.73936291132275,Вверх,4.301806792899539,True,0.0790445374768324,0.0758346305498347,0.0032099069269976993,False,48.52617452352008,Зелёный,2.0106370886772496,Выше
2021-03-31 18:00:00+05:00,48.8,46.75986676295138,Вверх,4.3630005350337004,True,0.0828884270407783,0.0772453898480234,0.005643037192754899,False,48.553876364051256,Зелёный,2.0401332370486145,Выше
2021-03-31 18:30:00+05:00,49.06,46.78275366083246,Вверх,4.867704786420258,True,0.1056961647100749,0.0829355448204337,0.022760619889641204,False,48.721988727646135,Зелёный,2.27724633916754,Выше
2021-03-31 19:00:00+05:00,49.33,46.80809939555055,Вверх,5.387744080651935,False,0.1438994216907403,0.095128320194495,0.04877110149624529,False,48.97978985488152,Зелёный,2.521900604449449,Выше
2021-03-31 19:30:00+05:00,49.42,46.83408845629134,Вверх,5.521430284955807,False,0.1793703561150224,0.1119767273786005,0.06739362873642189,False,48.97978985488152,Зелёный,2.5859115437086615,Выше
2021-03-31 20:00:00+05:00,49.445,46.860067675631726,Вверх,5.516279537326612,False,0.2071111696256053,0.1310036158280015,0.07610755379760381,False,49.01105478245403,Зелёный,2.5849323243682747,Выше
2021-03-31 20:30:00+05:00,49.5,46.88633565895877,Вверх,5.574469201544065,False,0.2308726483632313,0.1509774223350475,0.0798952260281838,False,49.06844930420863,Зелёный,2.613664341041229,Выше
2021-03-31 21:00:00+05:00,49.755,46.91487958275023,Вверх,6.053773221862927,False,0.2672000445438485,0.1742219467768077,0.0929780977670408,False,49.256604373787766,Зелёный,2.8401204172497714,Выше
2021-03-31 21:30:00+05:00,49.58,46.94139819386714,Вверх,5.621054991237123,False,0.278656551015338,0.1951088676245138,0.08354768339082419,False,49.28694393640899,Зелёный,2.6386018061328613,Выше
2021-03-31 22:00:00+05:00,49.46,46.96645890835603,Вверх,5.309195433510384,False,0.2748842235954001,0.211063938818691,0.06382028477670909,False,49.28694393640899,Зелёный,2.4935410916439693,Выше
2021-03-31 22:30:00+05:00,49.43,46.990971755039055,Вверх,5.190418826993924,False,0.2664029502766922,0.2221317411102913,0.0442712091664009,False,49.28694393640899,Зелёный,2.4390282449609444,Выше
2021-03-31 23:00:00+05:00,49.625,47.01718099130733,Вверх,5.546523533971153,False,0.2722777025167247,0.232160933391578,0.04011676912514667,False,49.28694393640899,Зелёный,2.6078190086926725,Выше
2021-03-31 23:30:00+05:00,49.645,47.04332844413014,Вверх,5.530373045265442,False,0.2753729904253887,0.2408033447983401,0.03456964562704862,False,49.30084491667794,Зелёный,2.6016715558698635,Выше
2021-04-01 00:00:00+05:00,49.64,47.06916597204925,Вверх,5.46182192707084,False,0.2742610594088006,0.2474948877204322,0.026766171688368368,False,49.33201042501015,Зелёный,2.5708340279507524,Выше
2021-04-01 00:30:00+05:00,49.635,47.09469665889453,Вверх,5.39403270713221,False,0.2698655458270451,0.2519690193417548,0.017896526485290276,False,49.33855938250913,Зелёный,2.5403033411054707,Выше
2021-04-01 01:00:00+05:00,49.495,47.11858027422892,Вверх,5.043487541306164,False,0.2521782853760754,0.252010872548619,0.00016741282745641461,False,49.33855938250913,Зелёный,2.376419725771079,Выше
2021-04-01 01:30:00+05:00,49.445,47.14172872921172,Вверх,4.885843885824748,True,0.2314583145341373,0.2479003609457226,-0.01644204641158531,Выше,49.33855938250913,Зелёный,2.3032712707882794,Выше
2021-04-01 12:00:00+05:00,49.015,47.16036824434395,Вверх,3.932606603169349,True,0.1782850232530179,0.2339772934071817,-0.05569227015416381,False,49.43696271015085,Красный,1.854631755656051,Выше
2021-04-01 12:30:00+05:00,49.0,47.17867303793257,Вверх,3.8604878958826347,True,0.1333967178532589,0.2138611782963971,-0.08046446044313818,False,49.37826643913576,Красный,1.821326962067431,Выше
2021-04-01 13:00:00+05:00,49.19,47.19868624153523,Вверх,4.219002512642815,True,0.1118643222511366,0.193461807087345,-0.0815974848362084,False,49.37826643913576,Красный,1.99131375846477,Выше
2021-04-01 13:30:00+05:00,49.25,47.21909732370901,Вверх,4.301019696264425,True,0.0985057294317925,0.1744705915562345,-0.075964862124442,False,49.37826643913576,Красный,2.0309026762909923,Выше
2021-04-01 14:00:00+05:00,49.17,47.23850929063728,Вверх,4.088805380117156,True,0.08053525665958,0.1556835245769036,-0.0751482679173236,False,49.37826643913576,Красный,1.9314907093627198,Выше
2021-04-01 14:30:00+05:00,49.2,47.25802661112845,Вверх,4.109298521606595,True,0.067931208115425,0.1381330612846079,-0.0702018531691829,False,49.37826643913576,Красный,1.9419733888715527,Выше
2021-04-01 15:00:00+05:00,49.1,47.27635470455006,Вверх,3.857415206495242,True,0.0493048885082885,0.120367426729344,-0.0710625382210555,False,49.37826643913576,Красный,1.8236452954499427,Выше
2021-04-01 15:30:00+05:00,49.09,47.29440092639533,Вверх,3.7966419669828904,True,0.0333520182917794,0.1029643450418311,-0.0696123267500517,False,49.34177090718075,Красный,1.79559907360467,Выше
2021-04-01 16:00:00+05:00,49.13,47.31266559379439,Вверх,3.841116080434865,True,0.0236641340105592,0.0871043028355767,-0.0634401688250175,False,49.34177090718075,Красный,1.8173344062056103,Выше
2021-04-01 16:30:00+05:00,49.135,47.33079827445316,Вверх,3.8118979424030948,True,0.0162030949411047,0.0729240612566823,-0.0567209663155776,False,49.34177090718075,Красный,1.8042017255468394,Выше
2021-04-01 17:00:00+05:00,48.965,47.3470589881402,Вверх,3.417194323020313,True,-0.0033883527052225,0.0576615784643013,-0.0610499311695238,False,49.31980349133477,Красный,1.6179410118598057,Выше
2021-04-01 17:30:00+05:00,49.155,47.36504845094478,Вверх,3.7790556699399325,True,-0.003542468636617,0.0454207690441177,-0.048963237680734704,False,49.31980349133477,Красный,1.7899515490552247,Выше
2021-04-01 18:00:00+05:00,49.105,47.38236140168164,Вверх,3.635611538468441,True,-0.0076114487123675,0.0348143254928206,-0.042425774205188095,False,49.31980349133477,Красный,1.7226385983183548,Выше
2021-04-01 18:30:00+05:00,49.16,47.40004934793357,Вверх,3.712972193652696,True,-0.0063251915214408,0.0265864220899683,-0.032911613611409096,False,49.31980349133477,Красный,1.7599506520664292,Выше
2021-04-01 19:00:00+05:00,49.13,47.41726278725762,Вверх,3.6120541593190487,True,-0.0076385205995279,0.0197414335520691,-0.027379954151597,False,49.31980349133477,Красный,1.7127372127423826,Выше
2021-04-01 19:30:00+05:00,49.0,47.43301141624013,Вверх,3.3035823300549856,True,-0.0189508038304992,0.0120029860755554,-0.030953789906054602,False,49.23763958859827,Красный,1.5669885837598727,Выше
2021-04-01 20:00:00+05:00,49.005,47.44865309369048,Вверх,3.2800655125792764,True,-0.0271988798225208,0.0041626128959401,-0.0313614927184609,False,49.23763958859827,Красный,1.5563469063095212,Выше
2021-04-01 20:30:00+05:00,48.95,47.46359186887764,Вверх,3.1316806684767844,True,-0.0377385532655836,-0.0042176203363645,-0.0335209329292191,False,49.2132880667646,Красный,1.48640813112236,Выше
2021-04-01 21:00:00+05:00,48.865,47.4775362283913,Вверх,2.9223584074251208,True,-0.0523466899715074,-0.0138434342633931,-0.038503255708114296,False,49.14695926008813,Красный,1.3874637716087008,Выше
2021-04-01 21:30:00+05:00,48.82,47.49089407686503,Вверх,2.7986542451354595,True,-0.0667850114365862,-0.0244317496980317,-0.0423532617385545,False,49.13176333407933,Красный,1.3291059231349678,Выше
2021-04-01 22:00:00+05:00,48.915,47.50506428505543,Вверх,2.967969281094346,True,-0.069757656328754,-0.0334969310241762,-0.036260725304577794,False,49.12908700067138,Красный,1.4099357149445666,Выше
2021-04-01 22:30:00+05:00,48.855,47.518496481224034,Вверх,2.8125963945514463,True,-0.076078017354483,-0.0420131482902376,-0.0340648690642454,False,49.12908700067138,Красный,1.336503518775963,Выше
2021-04-01 23:00:00+05:00,48.815,47.53139701374917,Вверх,2.7005370489731777,True,-0.0833537643990922,-0.0502812715120085,-0.0330724928870837,False,49.09551047054383,Красный,1.283602986250827,Выше
2021-04-01 23:30:00+05:00,48.705,47.54307465540341,Вверх,2.443942368091108,True,-0.0968791643411748,-0.0596008500778418,-0.037278314263333,False,48.96595942348944,Красный,1.1619253445965896,Выше
2021-04-02 00:00:00+05:00,48.735,47.554934609081,Вверх,2.481478316855165,True,-0.1039787892035875,-0.0684764379029909,-0.03550235130059659,False,48.96595942348944,Красный,1.1800653909189975,Выше
2021-04-02 00:30:00+05:00,48.67,47.56602978710009,Вверх,2.320921501838916,True,-0.1135414150735343,-0.0774894333370996,-0.0360519817364347,False,48.93905213302644,Красный,1.1039702128999096,Выше
2021-04-02 01:00:00+05:00,48.7,47.577313072800585,Вверх,2.359710657643769,True,-0.1173464192158206,-0.0854608305128438,-0.03188558870297681,False,48.9328969197238,Красный,1.1226869271994175,Выше
2021-04-02 01:30:00+05:00,48.83,47.58977761933989,Вверх,2.606068871723612,True,-0.1086198963162843,-0.0900926436735319,-0.0185272526427524,False,48.9328969197238,Красный,1.2402223806601071,Выше
2021-04-02 12:00:00+05:00,49.035,47.60415794153551,Вверх,3.0057081573037316,True,-0.084191767021025,-0.0889124683430305,0.004720701322005499,Ниже,48.80300349502372,Зелёный,1.430842058464485,Выше
2021-04-02 12:30:00+05:00,49.245,47.6204847281869,Вверх,3.4113791178012374,True,-0.0473413321940157,-0.0805982411132276,0.033256908919211896,False,48.91145314552135,Зелёный,1.6245152718130953,Выше
2021-04-02 13:00:00+05:00,49.19,47.63610179556812,Вверх,3.2620179776684473,True,-0.0223178709227767,-0.0689421670751374,0.046624296152360696,False,48.92305783096921,Зелёный,1.5538982044318743,Выше
2021-04-02 13:30:00+05:00,49.235,47.65201123043809,Вверх,3.3219768246649815,True,0.0011314833030908,-0.0549274369994917,0.0560589203025825,False,48.92305783096921,Зелёный,1.5829887695619078,Выше
2021-04-02 14:00:00+05:00,49.245,47.6678618649611,Вверх,3.3085984420840937,True,0.020288310878314,-0.0398842874239306,0.0601725983022446,False,48.96962684308506,Зелёный,1.5771381350389007,Выше
2021-04-02 14:30:00+05:00,49.23,47.68340552799632,Вверх,3.243464796354835,True,0.0338694343531642,-0.0251335430685116,0.059002977421675804,False,48.99191415877655,Зелёный,1.546594472003676,Выше
2021-04-02 15:00:00+05:00,49.285,47.69934179139933,Вверх,3.3242769167237856,True,0.0485114036357074,-0.0104045537276678,0.058915957363375196,False,49.003972742898895,Зелёный,1.5856582086006696,Выше
2021-04-02 15:30:00+05:00,49.26,47.71487072879835,Вверх,3.2382551762192686,True,0.0574358934880052,0.0031635357154668,0.0542723577725384,False,49.04032546860901,Зелёный,1.5451292712016453,Выше
2021-04-02 16:00:00+05:00,49.225,47.72989689070086,Вверх,3.1324247624562394,True,0.0609814522784049,0.0147271190280544,0.0462543332503505,False,49.04032546860901,Зелёный,1.4951031092991443,Выше
2021-04-02 16:30:00+05:00,49.24,47.74492279228592,Вверх,3.1313847007741735,True,0.0642609476010349,0.0246338847426505,0.0396270628583844,False,49.04032546860901,Зелёный,1.4950772077140826,Выше
2021-04-02 17:00:00+05:00,49.275,47.7601474411189,Вверх,3.1717920484828515,True,0.0688900570691828,0.0334851192079569,0.0354049378612259,False,49.063064766615966,Зелёный,1.5148525588810955,Выше
2021-04-02 17:30:00+05:00,49.37,47.7761658745406,Вверх,3.336044440327791,True,0.0793101279394576,0.0426501209542571,0.036660006985200506,False,49.16025828995437,Зелёный,1.593834125459395,Выше
2021-04-02 18:00:00+05:00,49.385,47.79217417429642,Вверх,3.332817251407305,True,0.0877667632031702,0.0516734494040397,0.0360933137991305,False,49.16025828995437,Зелёный,1.592825825703578,Выше
2021-04-02 18:30:00+05:00,49.45,47.808669953656654,Вверх,3.433122167871167,True,0.0985773262935154,0.0610542247819348,0.0375231015115806,False,49.23685921486304,Зелёный,1.6413300463433487,Выше
2021-04-02 19:00:00+05:00,49.48,47.82530010337152,Вверх,3.4598839799268264,True,0.1083169147398734,0.0705067627735226,0.037810151966350805,False,49.304423293376736,Зелёный,1.654699896628479,Выше
2021-04-02 19:30:00+05:00,49.475,47.84171502771608,Вверх,3.4139348293381944,True,0.1143144052349924,0.0792682912658166,0.0350461139691758,False,49.304423293376736,Зелёный,1.6332849722839242,Выше
2021-04-02 20:00:00+05:00,49.34,47.85662333589802,Вверх,3.0996266779843564,True,0.106941334765537,0.0848028999657606,0.022138434799776396,False,49.304423293376736,Зелёный,1.483376664101982,Выше
2021-04-02 20:30:00+05:00,49.4,47.87198031763038,Вверх,3.1918873466926025,True,0.104732332719486,0.0887887865165057,0.015943546202980302,False,49.304423293376736,Зелёный,1.5280196823696173,Выше
2021-04-02 21:00:00+05:00,49.375,47.88693573735546,Вверх,3.1074535042419487,True,0.0998138002592554,0.0909937892650556,0.008820010994199809,False,49.304423293376736,Зелёный,1.4880642626445422,Выше
2021-04-02 21:30:00+05:00,49.215,47.90015030713302,Вверх,2.744980306817922,True,0.0820592372176562,0.0892068788555758,-0.007147641637919588,Выше,49.49993886449398,Красный,1.3148496928669857,Выше
2021-04-02 22:00:00+05:00,49.14,47.912487119997365,Вверх,2.5619894807971777,True,0.0612309130429835,0.0836116856930573,-0.0223807726500738,False,49.391194978044574,Красный,1.2275128800026351,Выше
2021-04-02 22:30:00+05:00,49.225,47.92554694964913,Вверх,2.711399520836107,True,0.0509952640395425,0.0770884013623544,-0.026093137322811898,False,49.391194978044574,Красный,1.2994530503508699,Выше
2021-04-02 23:00:00+05:00,49.155,47.937780313334216,Вверх,2.5391657242152443,True,0.0368106927230087,0.0690328596344852,-0.0322221669114765,False,49.391194978044574,Красный,1.2172196866657856,Выше
2021-04-02 23:30:00+05:00,49.2,47.95033971320154,Вверх,2.606155231168078,True,0.0288676731134955,0.0609998223302873,-0.0321321492167918,False,49.391194978044574,Красный,1.2496602867984663,Выше
2021-04-03 00:00:00+05:00,49.295,47.96371941754779,Вверх,2.7755991374704614,True,0.0298938808483342,0.0547786340338967,-0.0248847531855625,False,49.391194978044574,Красный,1.3312805824522087,Выше
2021-04-03 00:30:00+05:00,49.26,47.976617731801056,Вверх,2.6750161409320405,True,0.0275651959585516,0.0493359464188277,-0.0217707504602761,False,49.391194978044574,Красный,1.2833822681989417,Выше
2021-04-03 01:00:00+05:00,49.23,47.98908919715628,Вверх,2.5858186175311864,True,0.023033432059627,0.0440754435469875,-0.021042011487360502,False,49.391194978044574,Красный,1.2409108028437146,Выше
2021-04-03 01:30:00+05:00,49.245,48.0015858220602,Вверх,2.5903606238116383,True,0.0204169967307237,0.0393437541837348,-0.0189267574530111,False,49.391194978044574,Красный,1.2434141779397976,Выше
2021-04-05 12:00:00+05:00,49.09,48.012415813880494,Вверх,2.2443865151396465,True,0.0057697383194152,0.0326289510108709,-0.0268592126914557,False,49.391194978044574,Красный,1.077584186119509,Выше
2021-04-05 12:30:00+05:00,49.035,48.02259078090656,Вверх,2.1081936701673363,True,-0.010159250331263,0.0240713107424441,-0.0342305610737071,False,49.32870958112087,Красный,1.0124092190934348,Выше
2021-04-05 13:00:00+05:00,48.975,48.03206748955426,Вверх,1.9631312157254253,True,-0.0273097770481101,0.0137950931843332,-0.0411048702324433,False,49.22833862300878,Красный,0.9429325104457433,Выше
2021-04-05 13:30:00+05:00,48.97,48.04140015134974,Вверх,1.9329158719870665,True,-0.0408344372729985,0.0028691870928669,-0.0437036243658654,False,49.22833862300878,Красный,0.9285998486502578,Выше
2021-04-05 14:00:00+05:00,49.045,48.05138621949552,Вверх,2.0678150177930785,True,-0.0449824253435267,-0.0067011353944118,-0.0382812899491149,False,49.22833862300878,Красный,0.9936137805044822,Выше
2021-04-05 14:30:00+05:00,49.0,48.06082516258512,Вверх,1.954137978775321,True,-0.0513093969048341,-0.0156227876964962,-0.0356866092083379,False,49.22833862300878,Красный,0.9391748374148818,Выше
2021-04-05 15:00:00+05:00,48.985,48.07002093211164,Вверх,1.903429726358072,True,-0.0568782846305921,-0.0238738870833154,-0.0330043975472767,False,49.22541972055606,Красный,0.9149790678883605,Выше
2021-04-05 15:30:00+05:00,49.1,48.08026948005083,Вверх,2.120891856424122,True,-0.0514193985509976,-0.0293829893768519,-0.0220364091741457,False,49.22541972055606,Красный,1.0197305199491709,Выше
2021-04-05 16:00:00+05:00,49.1,48.09041605238863,Вверх,2.099345421573292,True,-0.0465565174510231,-0.0328176949916861,-0.013738822459336997,False,49.22541972055606,Красный,1.0095839476113682,Выше
2021-04-05 16:30:00+05:00,49.1,48.10046166380766,Вверх,2.0780223341274695,True,-0.0422160092678396,-0.0346973578469168,-0.007518651420922805,False,49.22541972055606,Красный,0.9995383361923444,Выше
2021-04-05 17:00:00+05:00,49.05,48.10990980645634,Вверх,1.9540468841566891,True,-0.0423228360842244,-0.0362224534943783,-0.006100382589846104,False,49.22541972055606,Красный,0.9400901935436536,Выше
2021-04-05 17:30:00+05:00,49.0,48.11876642529758,Вверх,1.8313719161327624,True,-0.0459128247741631,-0.0381605277503353,-0.007752297023827799,False,49.22541972055606,Красный,0.8812335747024207,Выше
2021-04-05 18:00:00+05:00,49.06,48.128131933503575,Вверх,1.936223221345775,True,-0.0434159461150045,-0.0392116114232691,-0.004204334691735402,False,49.22541972055606,Красный,0.9318680664964276,Выше
2021-04-05 18:30:00+05:00,49.0,48.13680723764782,Вверх,1.7932073435835896,True,-0.0457512583209123,-0.0405195408027978,-0.0052317175181144995,False,49.22541972055606,Красный,0.8631927623521776,Выше
2021-04-05 19:00:00+05:00,48.945,48.1448489566762,Вверх,1.661966047590736,True,-0.0514470014073538,-0.042705032923709,-0.0087419684836448,False,49.15429181696175,Красный,0.800151043323801,Выше
2021-04-05 19:30:00+05:00,48.945,48.15281065859982,Вверх,1.645157012779068,True,-0.0553231875701527,-0.0452286638529977,-0.010094523717154996,False,49.112112635265575,Красный,0.7921893414001815,Выше
2021-04-05 20:00:00+05:00,48.985,48.16109114955903,Вверх,1.7107354313929741,True,-0.0545387386940561,-0.0470906788212094,-0.007448059872846698,False,49.112112635265575,Красный,0.8239088504409722,Выше
2021-04-05 20:30:00+05:00,49.04,48.16983651125496,Вверх,1.8064489144399054,True,-0.0489151535211078,-0.0474555737611891,-0.0014595797599187,False,49.112112635265575,Красный,0.8701634887450425,Выше
2021-04-05 21:00:00+05:00,48.91,48.17720132208824,Вверх,1.5210486657633777,True,-0.0543221434451979,-0.0488288876979908,-0.005493255747207104,False,49.0670076111086,Красный,0.7327986779117595,Выше
2021-04-05 21:30:00+05:00,48.92,48.18459235370926,Вверх,1.5262298804819643,True,-0.0571416125487473,-0.0504914326681421,-0.006650179880605199,False,49.0670076111086,Красный,0.7354076462907386,Выше
2021-04-05 22:00:00+05:00,49.045,48.193153623821615,Вверх,1.7675672001620648,True,-0.0487279018743294,-0.0501387265093796,0.0014108246350502049,Ниже,49.0670076111086,Красный,0.8518463761783863,Выше
2021-04-05 22:30:00+05:00,49.005,48.20123169721643,Вверх,1.6675264811334496,True,-0.0447715427775747,-0.0490652897630186,0.004293746985443901,False,49.0670076111086,Красный,0.803768302783574,Выше
2021-04-05 23:00:00+05:00,49.08,48.20997566042821,Вверх,1.804656251436193,True,-0.0351787082399113,-0.0462879734583971,0.011109265218485799,False,48.849637056351646,Зелёный,0.8700243395717848,Выше
2021-04-05 23:30:00+05:00,49.075,48.218582867787134,Вверх,1.7761142722943979,True,-0.0276609181236295,-0.0425625623914436,0.0149016442678141,False,48.91517335071648,Зелёный,0.8564171322128686,Выше
2021-04-06 00:00:00+05:00,49.025,48.22660691885393,Вверх,1.6555033251446498,True,-0.0254442914727093,-0.0391389082076968,0.013694616734987498,False,48.91517335071648,Зелёный,0.7983930811460667,Выше
2021-04-06 00:30:00+05:00,49.06,48.23489938732305,Вверх,1.7105884394024586,True,-0.0206256319430906,-0.0354362529547755,0.014810621011684903,False,48.91517335071648,Зелёный,0.8251006126769553,Выше
2021-04-06 01:00:00+05:00,49.035,48.24286058744919,Вверх,1.6419826745449924,True,-0.0186095809504536,-0.0320709185539111,0.013461337603457503,False,48.91517335071648,Зелёный,0.7921394125508101,Выше
2021-04-06 01:30:00+05:00,49.025,48.25064306916611,Вверх,1.6048634413511702,True,-0.0176156996205989,-0.0291798747672487,0.0115641751466498,False,48.91517335071648,Зелёный,0.7743569308338891,Выше
2021-04-06 12:00:00+05:00,49.19,48.259989904298784,Вверх,1.927083071391965,True,-0.0034738757909948,-0.0240386749719979,0.0205647991810031,False,48.97211113686458,Зелёный,0.9300100957012134,Выше
2021-04-06 12:30:00+05:00,49.05,48.26785070127094,Вверх,1.6204353153608824,True,-0.0035226021263099,-0.0199354604028603,0.0164128582765504,False,48.97211113686458,Зелёный,0.7821492987290597,Выше
2021-04-06 13:00:00+05:00,48.995,48.2750860176762,Вверх,1.4912743647110127,True,-0.0079080988035258,-0.0175299880829934,0.0096218892794676,False,48.97211113686458,Зелёный,0.7199139823237957,Выше
2021-04-06 13:30:00+05:00,48.86,48.28090605730132,Вверх,1.1994264192378443,True,-0.022023139233795,-0.0184286183131537,-0.0035945209206412997,Ниже,49.14440098122572,Красный,0.5790939426986768,Выше
2021-04-06 14:00:00+05:00,48.845,48.28651893235304,Вверх,1.1565983218408482,True,-0.0340275368445901,-0.021548402019441,-0.012479134825149105,False,49.01771088310316,Красный,0.5584810676469587,Выше
2021-04-06 14:30:00+05:00,48.8,48.29162819670774,Вверх,1.05271207924796,True,-0.0466346570599398,-0.0265656530275408,-0.020069004032398998,False,49.01771088310316,Красный,0.5083718032922562,Выше
2021-04-06 15:00:00+05:00,48.77,48.29638811514847,Вверх,0.9806362407937184,True,-0.0583737437578975,-0.0329272711736121,-0.025446472584285403,False,49.01767081531355,Красный,0.47361188485153605,Выше
2021-04-06 15:30:00+05:00,48.8,48.30139917867933,Вверх,1.0322699337884842,True,-0.0645126436636118,-0.0392443456716121,-0.0252682979919997,False,48.978403733782194,Красный,0.4986008213206645,Выше
2021-04-06 16:00:00+05:00,48.76,48.30596237093128,Вверх,0.9399204710637081,True,-0.071778019445432,-0.045751080426376,-0.026026939019056,False,48.965563360403976,Красный,0.4540376290687149,Выше
2021-04-06 16:30:00+05:00,48.78,48.310679163260325,Вверх,0.9714639596633721,True,-0.075056840705308,-0.0516122324821624,-0.023444608223145605,False,48.95400702436358,Красный,0.4693208367396764,Выше
2021-04-06 17:00:00+05:00,48.61,48.31365748004381,Вверх,0.613372150677263,True,-0.0903316227099964,-0.0593561105277292,-0.030975512182267198,False,48.77635632192722,Красный,0.2963425199561911,Выше
2021-04-06 17:30:00+05:00,48.465,48.31516337576477,Вверх,0.31012339349843493,True,-0.112836575873672,-0.0700522035969178,-0.042784372276754204,False,48.77635632192722,Красный,0.1498366242352347,Выше
2021-04-06 18:00:00+05:00,48.575,48.317748814811885,Вверх,0.5324155025808168,True,-0.1204078460061879,-0.0801233320787718,-0.040284513927416096,False,48.76294862076104,Красный,0.2572511851881174,Выше
2021-04-06 18:30:00+05:00,48.7,48.321552309191866,Вверх,0.7831861203187133,True,-0.1149960736484061,-0.0870978803926987,-0.0278981932557074,False,48.76294862076104,Красный,0.37844769080813734,Выше
2021-04-06 19:00:00+05:00,48.675,48.32506920163772,Вверх,0.7241185664984436,True,-0.1114398864889167,-0.0919662816119423,-0.0194736048769744,False,48.76294862076104,Красный,0.3499307983622799,Выше
2021-04-06 19:30:00+05:00,48.43,48.32611328918361,Вверх,0.21497013466556164,True,-0.1269278892957075,-0.0989586031486953,-0.027969286147012204,False,48.76294862076104,Красный,0.1038867108163899,Выше
2021-04-06 20:00:00+05:00,48.9,48.33182360471413,Вверх,1.1755740895124207,True,-0.1001230152634704,-0.0991914855716503,-0.0009315296918200877,False,48.248335409918674,Зелёный,0.5681763952858674,Выше
2021-04-06 20:30:00+05:00,49.0,48.33847212606025,Вверх,1.3685328576678444,True,-0.0700038345799285,-0.093353955373306,0.023350120793377505,Ниже,48.4245018689268,Зелёный,0.6615278739397468,Выше
2021-04-06 21:00:00+05:00,48.94,48.34445747803976,Вверх,1.231873420506917,True,-0.0503947461859368,-0.0847621135358321,0.0343673673498953,False,48.58530168203413,Зелёный,0.5955425219602404,Выше
2021-04-06 21:30:00+05:00,48.745,48.34844297577071,Вверх,0.8202064013271713,True,-0.0500127567469235,-0.0778122421780504,0.027799485431126897,False,48.58530168203413,Зелёный,0.3965570242292884,Выше
2021-04-06 22:00:00+05:00,48.775,48.352687324270505,Вверх,0.873400630035954,True,-0.0467503689329191,-0.0715998675290242,0.0248494985961051,False,48.58530168203413,Зелёный,0.4223126757294935,Выше
2021-04-06 22:30:00+05:00,48.69,48.35604366930264,Вверх,0.6906196317077042,True,-0.0504422261278421,-0.0673683392487877,0.0169261131209456,False,48.58530168203413,Зелёный,0.33395633069735453,Выше
2021-04-06 23:00:00+05:00,48.765,48.36011288652351,Вверх,0.8372335987439775,True,-0.0467769606694119,-0.0632500635329126,0.016473102863500698,False,48.58530168203413,Зелёный,0.40488711347649087,Выше
2021-04-06 23:30:00+05:00,48.72,48.36369385282676,Вверх,0.7367223609046355,True,-0.0469619867556119,-0.0599924481774524,0.0130304614218405,False,48.58530168203413,Зелёный,0.3563061471732354,Выше
2021-04-07 00:00:00+05:00,48.615,48.36619441150511,Вверх,0.5144204366753001,True,-0.0549478392532805,-0.058983526392618,0.004035687139337503,False,48.58530168203413,Зелёный,0.2488055884948892,Выше
2021-04-07 00:30:00+05:00,48.66,48.3691178501966,Вверх,0.6013798943042169,True,-0.0569886315035574,-0.0585845474148059,0.0015959159112484966,False,48.58530168203413,Зелёный,0.29088214980339444,Выше
2021-04-07 01:00:00+05:00,48.72,48.37260921487127,Вверх,0.7181559786978203,True,-0.0531517749303702,-0.0574979929179188,0.004346217987548598,False,48.58530168203413,Зелёный,0.3473907851287308,Выше
2021-04-07 01:30:00+05:00,48.625,48.37512056596708,Вверх,0.5165453462636231,True,-0.0571183200661309,-0.0574220583475612,0.0003037382814303005,False,48.58530168203413,Зелёный,0.2498794340329198,Выше
2021-04-07 12:00:00+05:00,48.63,48.37765667973855,Вверх,0.5216112924443046,True,-0.0591762306988101,-0.057772892817811,-0.0014033378809991046,Ниже,48.58530168203413,Зелёный,0.2523433202614527,Выше
2021-04-07 12:30:00+05:00,48.895,48.38280437446752,Вверх,1.0586315368746577,True,-0.038974579705048,-0.0540132301952584,0.0150386504902104,Ниже,48.58530168203413,Зелёный,0.5121956255324847,Выше
2021-04-07 13:00:00+05:00,48.975,48.38869686825391,Вверх,1.2116530712583515,True,-0.0163211542289687,-0.0464748150020005,0.0301536607730318,False,48.6269621172636,Зелёный,0.5863031317460923,Выше
2021-04-07 13:30:00+05:00,48.995,48.39472973523645,Вверх,1.240362882585714,True,0.0032086936993493,-0.0365381132617305,0.0397468069610798,False,48.69426590553723,Зелёный,0.6002702647635445,Выше
2021-04-07 14:00:00+05:00,48.99,48.40065282244803,Вверх,1.2176430341010493,True,0.0180744298973181,-0.0256156046299208,0.0436900345272389,False,48.73683931498351,Зелёный,0.5893471775519714,Выше
2021-04-07 14:30:00+05:00,48.975,48.40636771973711,Вверх,1.1747055336916685,True,0.0283188166063013,-0.0148287203826763,0.0431475369889776,False,48.73683931498351,Зелёный,0.5686322802628894,Выше
2021-04-07 15:00:00+05:00,48.995,48.41222475735166,Вверх,1.2037770327004875,True,0.0376177655480347,-0.0043394231965341,0.0419571887445688,False,48.73683931498351,Зелёный,0.5827752426483386,Выше
2021-04-07 15:30:00+05:00,48.98,48.41787426225364,Вверх,1.1609880572237083,True,0.0432779931741933,0.0051840600776113,0.038093933096582,False,48.73683931498351,Зелёный,0.5621257377463564,Выше
2021-04-07 16:00:00+05:00,48.965,48.42331829944515,Вверх,1.1186381263777632,True,0.0460228667482596,0.013351821411741,0.0326710453365186,False,48.73683931498351,Зелёный,0.5416817005548538,Выше
2021-04-07 16:30:00+05:00,49.0,48.42905642581884,Вверх,1.1789277271088272,True,0.0504409544003294,0.0207696480094586,0.0296713063908708,False,48.752615122104615,Зелёный,0.5709435741811575,Выше
2021-04-07 17:00:00+05:00,48.955,48.43428969521368,Вверх,1.0750860765441907,True,0.0497378498040745,0.0265632883683818,0.0231745614356927,False,48.752615122104615,Зелёный,0.52071030478632,Выше
2021-04-07 17:30:00+05:00,48.995,48.43986890222648,Вверх,1.1460210573526193,True,0.0518110544673717,0.0316128415881798,0.0201982128791919,False,48.766818248904734,Зелёный,0.5551310977735184,Выше
2021-04-07 18:00:00+05:00,49.04,48.44584035593567,Вверх,1.2264409899776445,True,0.0564346643378428,0.0365772061381124,0.0198574581997304,False,48.848636424014266,Зелёный,0.5941596440643266,Выше
2021-04-07 18:30:00+05:00,48.855,48.44991159617511,Вверх,0.8360973023052196,True,0.0446561858678364,0.0381930020840572,0.006463183783779199,False,48.848636424014266,Зелёный,0.40508840382488387,Выше
2021-04-07 19:00:00+05:00,48.89,48.4542905852679,Вверх,0.8992174056606161,True,0.0377111536093721,0.0380966323891202,-0.000385478779748101,Выше,48.848636424014266,Зелёный,0.4357094147321021,Выше
2021-04-07 19:30:00+05:00,48.86,48.45832749486722,Вверх,0.8289029479511554,True,0.0294469698899462,0.0363666998892854,-0.006919729999339198,False,48.848636424014266,Зелёный,0.40167250513277963,Выше
2021-04-07 20:00:00+05:00,48.785,48.46157796755512,Вверх,0.6673782530593706,True,0.016653698088227,0.0324240995290737,-0.0157704014408467,False,49.05234889220424,Красный,0.3234220324448742,Выше
2021-04-07 20:30:00+05:00,48.875,48.46569161961924,Вверх,0.8445322179516088,True,0.0136201808864484,0.0286633158005487,-0.015043134914100299,False,48.995864002983815,Красный,0.40930838038075734,Выше
2021-04-07 21:00:00+05:00,48.805,48.4690678224091,Вверх,0.6930856991550884,True,0.0055042322994651,0.0240314991003319,-0.0185272668008668,False,48.995864002983815,Красный,0.3359321775908981,Выше
2021-04-07 21:30:00+05:00,48.785,48.47221142616623,Вверх,0.6452946226936834,True,-0.0025125847678353,0.0187226823266985,-0.0212352670945338,False,48.995864002983815,Красный,0.3127885738337639,Выше
2021-04-07 22:00:00+05:00,48.715,48.47462723287104,Вверх,0.49587336891569,True,-0.0143489789400135,0.0121083500733561,-0.0264573290133696,False,48.9928398581752,Красный,0.24037276712896016,Выше
2021-04-07 22:30:00+05:00,48.77,48.47756626537979,Вверх,0.6032351810306371,True,-0.0190715216225996,0.0058723757341649,-0.0249438973567645,False,48.96280587235768,Красный,0.29243373462021083,Выше
2021-04-07 23:00:00+05:00,48.7,48.47977953637103,Вверх,0.454252196967507,True,-0.0281382257571394,-0.0009297445640959,-0.027208481193043497,False,48.93402528512191,Красный,0.2202204636289693,Выше
2021-04-07 23:30:00+05:00,48.71,48.48207028725292,Вверх,0.4701319712557988,True,-0.0341233845433706,-0.0075684725599508,-0.026554911983419797,False,48.904372756609725,Красный,0.22792971274708407,Выше
2021-04-08 00:00:00+05:00,48.745,48.48468650330015,Вверх,0.5368983806508174,True,-0.0356317182414898,-0.0131811216962586,-0.0224505965452312,False,48.904372756609725,Красный,0.26031349669984394,Выше
2021-04-08 00:30:00+05:00,48.66,48.48643091620264,Вверх,0.3579745518850971,True,-0.0431880284808627,-0.0191825030531794,-0.024005525427683302,False,48.89956693285387,Красный,0.17356908379735358,Выше
2021-04-08 01:00:00+05:00,48.685,48.488406727981726,Вверх,0.4054438685130608,True,-0.0466217413068008,-0.0246703507039037,-0.0219513906028971,False,48.86211023956849,Красный,0.19659327201827637,Выше
2021-04-08 01:30:00+05:00,48.765,48.4911588998426,Вверх,0.5647237689720112,True,-0.0423989038763252,-0.028216061338388,-0.014182842537937203,False,48.86211023956849,Красный,0.27384110015739793,Выше
2021-04-08 12:00:00+05:00,49.095,48.4971672689984,Вверх,1.2327168052632995,True,-0.0122824482954584,-0.0250293387298021,0.012746890434343698,Ниже,48.66591570594952,Зелёный,0.5978327310015956,Выше
2021-04-08 12:30:00+05:00,48.845,48.50062829119742,Вверх,0.7100355622920411,True,-0.0084899836860046,-0.0217214677210426,0.013231484035037998,False,48.68982413535457,Зелёный,0.3443717088025764,Выше
2021-04-08 13:00:00+05:00,48.83,48.50390562163327,Вверх,0.6723054034256659,True,-0.0066185087505488,-0.0187008759269438,0.012082367176395003,False,48.68982413535457,Зелёный,0.32609437836672583,Выше
2021-04-08 13:30:00+05:00,48.815,48.50700108808468,Вверх,0.6349576453015913,True,-0.0062734100546748,-0.01621538275249,0.009941972697815202,False,48.68982413535457,Зелёный,0.3079989119153197,Выше
2021-04-08 14:00:00+05:00,48.815,48.51006575387488,Вверх,0.6285999439214465,True,-0.0059315417310727,-0.0141586145482066,0.0082270728171339,False,48.68982413535457,Зелёный,0.3049342461251143,Выше
2021-04-08 14:30:00+05:00,48.83,48.51324917920946,Вверх,0.6529161129168056,True,-0.0043995190646413,-0.0122067954514935,0.0078072763868522,False,48.68982413535457,Зелёный,0.3167508207905385,Выше
2021-04-08 15:00:00+05:00,48.87,48.51679893862031,Вверх,0.7279974547095084,True,4.1803754520231e-05,-0.0097570756102907,0.009798879364810931,False,48.68982413535457,Зелёный,0.35320106137968565,Выше
2021-04-08 15:30:00+05:00,48.845,48.52006462082309,Вверх,0.6696927997030243,True,0.0015266942395655,-0.0075003216403195,0.009027015879885,False,48.68982413535457,Зелёный,0.32493537917690674,Выше
2021-04-08 16:00:00+05:00,48.88,48.52364606738207,Вверх,0.7343923251832447,True,0.0054646945427805,-0.0049073184036995,0.01037201294648,False,48.68982413535457,Зелёный,0.35635393261793524,Выше
2021-04-08 16:30:00+05:00,48.9,48.527390882632,Вверх,0.7678325798912004,True,0.0100831882898333,-0.0019092170649929,0.011992405354826199,False,48.696855343561744,Зелёный,0.3726091173680004,Выше
2021-04-08 17:00:00+05:00,48.94,48.53149644598889,Вверх,0.8417287409749091,True,0.016777641358999,0.0018281546198054,0.0149494867391936,False,48.745669809205566,Зелёный,0.40850355401110505,Выше
2021-04-08 17:30:00+05:00,48.76,48.533770113192986,Вверх,0.4661288135650429,True,0.0074724106712054,0.0029570058300854,0.00451540484112,False,48.745669809205566,Зелёный,0.22622988680701184,Выше
2021-04-08 18:00:00+05:00,48.68,48.53522513694231,Вверх,0.2982882280842589,True,-0.0062849342912585,0.0011086178058166,-0.0073935520970751,Ниже,48.901132454543486,Красный,0.14477486305769105,Выше
2021-04-08 18:30:00+05:00,48.615,48.53601891667422,Вверх,0.16272674415545335,True,-0.0221770429166525,-0.0035485143386771,-0.018628528577975402,False,48.81576920908914,Красный,0.07898108332577891,Выше
2021-04-08 19:00:00+05:00,48.58,48.53645653939388,Вверх,0.08971289564736783,True,-0.0371674181312329,-0.0102722950971883,-0.0268951230340446,False,48.80919228818023,Красный,0.04354346060611647,Выше
2021-04-08 19:30:00+05:00,48.56,48.536690802683495,Вверх,0.04802387004764375,True,-0.0500838953719267,-0.018234615152136,-0.0318492802197907,False,48.79277305936221,Красный,0.02330919731650738,Выше
2021-04-08 20:00:00+05:00,48.53,48.536624227532414,Вниз,0.013647895043873447,True,-0.0620260482485832,-0.0269929017714254,-0.0350331464771578,False,48.746745753425984,Красный,-0.006624227532412874,Ниже
2021-04-08 20:30:00+05:00,48.615,48.53740408596493,Вверх,0.15986828199060976,True,-0.063894959496686,-0.0343733133164775,-0.0295216461802085,False,48.746745753425984,Красный,0.07759591403507216,Выше
2021-04-08 21:00:00+05:00,48.555,48.53757916968668,Вверх,0.03589142806734735,True,-0.069417383300788,-0.0413821273133396,-0.028035255987448403,False,48.746745753425984,Красный,0.01742083031331987,Выше
2021-04-08 21:30:00+05:00,48.57,48.53790176501319,Вверх,0.06613024836180416,True,-0.0717564061296371,-0.0474569830765991,-0.024299423053037998,False,48.746745753425984,Красный,0.03209823498681175,Выше
2021-04-08 22:00:00+05:00,48.58,48.5383206529235,Вверх,0.08586895161562497,True,-0.0719735162533226,-0.0523602897119438,-0.0196132265413788,False,48.746745753425984,Красный,0.04167934707649579,Выше
2021-04-08 22:30:00+05:00,48.635,48.53928263647651,Вверх,0.1971956698254968,True,-0.0669359413786807,-0.0552754200452912,-0.011660521333389497,False,48.746745753425984,Красный,0.09571736352349092,Выше
2021-04-08 23:00:00+05:00,48.65,48.5403843017852,Вверх,0.22582371316488442,True,-0.061029739509621,-0.0564262839381572,-0.004603455571463799,False,48.746745753425984,Красный,0.109615698214796,Выше
2021-04-08 23:30:00+05:00,48.64,48.54137550276246,Вверх,0.20317614862793648,True,-0.0565045985636629,-0.0564419468632583,-6.265170040459928e-05,False,48.746745753425984,Красный,0.09862449723753741,Выше
2021-04-09 00:00:00+05:00,48.77,48.54365037338175,Вверх,0.4662806049344141,True,-0.0419449627961583,-0.0535425500498383,0.01159758725368,Ниже,48.49685610059337,Зелёный,0.22634962661825142,Выше
2021-04-09 00:30:00+05:00,48.77,48.54590260847248,Вверх,0.4616195795861283,True,-0.0300598354820635,-0.0488460071362834,0.018786171654219898,False,48.54517049053403,Зелёный,0.22409739152752195,Выше
2021-04-09 01:00:00+05:00,49.015,48.55057024420907,Вверх,0.9565897031792878,True,-0.0008614042760726,-0.0392490865642412,0.0383876822881686,False,48.70515344148063,Зелёный,0.46442975579093115,Выше
2021-04-09 01:30:00+05:00,49.01,48.5551416845652,Вверх,0.9367871241932536,True,0.0216258156633912,-0.0270741061187147,0.0486999217821059,False,48.79813809733257,Зелёный,0.45485831543479804,Выше
2021-04-09 12:00:00+05:00,48.895,48.55852335934564,Вверх,0.6929301333245796,True,0.0298237707081199,-0.0156945307533478,0.045518301461467695,False,48.79813809733257,Зелёный,0.3364766406543609,Выше
2021-04-09 12:30:00+05:00,48.94,48.56231914681484,Вверх,0.7777240869476186,True,0.0394965415185737,-0.0046563162989635,0.0441528578175372,False,48.79813809733257,Зелёный,0.3776808531851543,Выше
2021-04-09 13:00:00+05:00,49.025,48.566922936398775,Вверх,0.9431873297822511,True,0.0534054469510536,0.0069560363510399,0.0464494106000137,False,48.79813809733257,Зелёный,0.45807706360122324,Выше
2021-04-09 13:30:00+05:00,48.765,48.56889385245451,Вверх,0.4037690216730807,True,0.0429533877092538,0.0141555066226827,0.028797881086571095,False,49.17578109434011,Красный,0.1961061475454926,Выше
2021-04-09 14:00:00+05:00,48.615,48.56935262009178,Вверх,0.09398391670005832,True,0.0223091431441986,0.0157862339269858,0.0065229092172128,False,48.9512029849061,Красный,0.04564737990822465,Выше
2021-04-09 14:30:00+05:00,48.57,48.56935906168291,Вверх,0.0013196351145512452,True,0.0022908986200818,0.013087166865605,-0.0107962682455232,Выше,48.939832686415485,Красный,0.0006409383170904448,Выше
2021-04-09 15:00:00+05:00,48.48,48.56846991679054,Вниз,0.1821550420305891,True,-0.0205985054785244,0.0063500323967791,-0.0269485378753035,False,48.77359941777394,Красный,-0.08846991679054383,Ниже
2021-04-09 15:30:00+05:00,48.47,48.56749011662347,Вниз,0.2007312224481212,True,-0.0390947792825286,-0.0027389299390824,-0.0363558493434462,False,48.77359941777394,Красный,-0.09749011662346874,Ниже
2021-04-09 16:00:00+05:00,48.36,48.56542553834861,Вниз,0.4229872096691584,True,-0.0619155661172072,-0.0145742571747073,-0.0473413089424999,False,48.73331552839689,Красный,-0.20542553834861366,Ниже
2021-04-09 16:30:00+05:00,48.97,48.56945115488246,Вверх,0.8246929615083279,True,-0.030428540804003,-0.0177451139005665,-0.0126834269034365,False,48.3272660244428,Зелёный,0.40054884511754096,Выше
2021-04-09 17:00:00+05:00,48.94,48.57313820806771,Вверх,0.7552771047256597,True,-0.0078056173728171,-0.0157572145950166,0.0079515972221995,Ниже,48.65578942199852,Зелёный,0.36686179193228696,Выше
2021-04-09 17:30:00+05:00,48.72,48.57459951943022,Вверх,0.29933438877167695,True,-0.0075420093583886,-0.014114173547691,0.006572164189302399,False,48.65578942199852,Зелёный,0.1454004805697764,Выше
2021-04-09 18:00:00+05:00,48.79,48.576742807794105,Вверх,0.4390108926193326,True,-0.0016654844541079,-0.0116244357289744,0.0099589512748665,False,48.65578942199852,Зелёный,0.21325719220589434,Выше
2021-04-09 18:30:00+05:00,48.95,48.58045680970661,Вверх,0.76068282301445,True,0.0157211431427413,-0.0061553199546312,0.0218764630973725,False,48.65578942199852,Зелёный,0.3695431902933919,Выше
2021-04-09 19:00:00+05:00,48.965,48.584283110107535,Вверх,0.7836215037477087,True,0.0303605676913605,0.001147857574567,0.0292127101167935,False,48.65578942199852,Зелёный,0.38071688989246866,Выше
2021-04-09 19:30:00+05:00,48.975,48.58817084035522,Вверх,0.796138551738811,True,0.0422819337315374,0.0093746728059611,0.032907260925576304,False,48.65578942199852,Зелёный,0.38682915964478326,Выше
2021-04-09 20:00:00+05:00,48.945,48.59172137925716,Вверх,0.7270345867879651,True,0.0487470275381554,0.0172491437524,0.031497883785755396,False,48.65578942199852,Зелёный,0.35327862074284155,Выше
2021-04-09 20:30:00+05:00,48.8,48.59379380334416,Вверх,0.42434677459088155,True,0.041689798725244,0.0221372747469688,0.019552523978275196,False,48.65578942199852,Зелёный,0.20620619665583462,Выше
2021-04-09 21:00:00+05:00,48.865,48.59649237246512,Вверх,0.5525247079087905,True,0.0408707186156931,0.0258839635207136,0.014986755094979501,False,48.65578942199852,Зелёный,0.26850762753488056,Выше
2021-04-09 21:30:00+05:00,48.855,48.59906458766447,Вверх,0.5266262108272902,True,0.0389655052123103,0.028500271859033,0.010465233353277297,False,48.65578942199852,Зелёный,0.25593541233552486,Выше
2021-04-09 22:00:00+05:00,48.875,48.60181021365786,Вверх,0.562097965366249,True,0.0386242069023836,0.0305250588677031,0.008099148034680499,False,48.65578942199852,Зелёный,0.27318978634213664,Выше
2021-04-09 22:30:00+05:00,48.82,48.60398125630804,Вверх,0.4444466031554267,True,0.0335291816521277,0.031125883424588,0.002403298227539697,False,48.65578942199852,Зелёный,0.2160187436919614,Выше
2021-04-09 23:00:00+05:00,48.715,48.60508592042438,Вверх,0.22613699265046885,True,0.0207791854400909,0.0290565438276886,-0.008277358387597699,Выше,48.65578942199852,Зелёный,0.10991407957562416,Выше
2021-04-09 23:30:00+05:00,48.685,48.60588108539529,Вверх,0.16277642301290599,True,0.0081599099413054,0.0248772170504119,-0.016717307109106502,False,48.65578942199852,Зелёный,0.0791189146047131,Выше
2021-04-10 00:00:00+05:00,48.81,48.607912119371456,Вверх,0.41575099982130204,True,0.0081515327278296,0.0215320801858955,-0.013380547458065899,False,48.65578942199852,Зелёный,0.20208788062854666,Выше
2021-04-10 00:30:00+05:00,48.84,48.61022145151701,Вверх,0.47269595081389887,True,0.0104452368172474,0.0193147115121659,-0.008869474694918498,False,48.65578942199852,Зелёный,0.22977854848299017,Выше
2021-04-10 01:00:00+05:00,48.85,48.61260730772083,Вверх,0.4883356508250256,True,0.0129209851856799,0.0180359662468687,-0.0051149810611888,False,48.65578942199852,Зелёный,0.23739269227917248,Выше
2021-04-10 01:30:00+05:00,48.89,48.61536743401216,Вверх,0.5649089587991183,True,0.0179043095747815,0.0180096349124512,-0.00010532533766970109,False,48.65578942199852,Зелёный,0.2746325659878437,Выше
2021-04-12 12:00:00+05:00,48.78,48.61700556899712,Вверх,0.3352621764653065,True,0.0128296570639676,0.0169736393427545,-0.004143982278786901,False,48.65578942199852,Зелёный,0.16299443100287903,Выше
2021-04-12 12:30:00+05:00,48.6,48.61683635935536,Вниз,0.03463071770222147,True,-0.0056513915648892,0.0124486331612257,-0.0181000247261149,False,48.94447215789136,Красный,-0.01683635935535932,Ниже
2021-04-12 13:00:00+05:00,49.2,48.62263898264536,Вверх,1.1874324994180485,True,0.0277968055670854,0.0155182676423977,0.0122785379246877,Выше,48.51697505789779,Зелёный,0.5773610173546402,Выше
2021-04-12 13:30:00+05:00,49.765,48.63400575893744,Вверх,2.3255214605774426,True,0.0987571103791253,0.0321660361897432,0.0665910741893821,False,48.98177755210801,Зелёный,1.1309942410625595,Выше
2021-04-12 14:00:00+05:00,49.75,48.64511017924653,Вверх,2.2713276148048482,True,0.1520307724355163,0.0561389834388978,0.09589178899661849,False,49.336849796897205,Зелёный,1.1048898207534705,Выше
2021-04-12 14:30:00+05:00,50.43,48.66287027696547,Вверх,3.63137174806353,True,0.2462818663835619,0.0941675600278307,0.1521143063557312,False,49.695664817207486,Зелёный,1.7671297230345289,Выше
2021-04-12 15:00:00+05:00,50.675,48.68289146823945,Вверх,4.092009475361986,True,0.3368628446461912,0.1427066169515028,0.1941562276946884,False,50.01684833548673,Зелёный,1.9921085317605502,Выше
2021-04-12 15:30:00+05:00,50.45,48.7004746377097,Вверх,3.592419530415846,True,0.3860432367933057,0.1913739409198634,0.1946692958734423,False,50.02816350193807,Зелёный,1.7495253622902993,Выше
2021-04-12 16:00:00+05:00,50.5,48.71838036270762,Вверх,3.656976328088594,True,0.42416413392516,0.2379319795209227,0.1862321544042373,False,50.02816350193807,Зелёный,1.7816196372923798,Выше
2021-04-12 16:30:00+05:00,50.28,48.73391886656128,Вверх,3.1724949878790896,True,0.4316472968184968,0.2766750429804376,0.15497225383805918,False,50.02816350193807,Зелёный,1.5460811334387188,Выше
2021-04-12 17:00:00+05:00,50.235,48.74885499724227,Вверх,3.048574172340667,True,0.4290013726258834,0.3071403089095268,0.12186106371635658,False,50.02816350193807,Зелёный,1.4861450027577305,Выше
2021-04-12 17:30:00+05:00,50.45,48.76578181319011,Вверх,3.453688476197767,True,0.4391904477157098,0.3335503366707634,0.10564011104494642,False,50.02816350193807,Зелёный,1.6842181868098933,Выше
2021-04-12 18:00:00+05:00,50.395,48.78199293942703,Вверх,3.306562449336293,True,0.4377808575699475,0.3543964408506003,0.08338441671934721,False,50.02816350193807,Зелёный,1.6130070605729756,Выше
2021-04-12 18:30:00+05:00,50.49,48.79898803455711,Вверх,3.4652603128683643,True,0.4392658697626359,0.3713703266330074,0.06789554312962848,False,50.02816350193807,Зелёный,1.6910119654428897,Выше
2021-04-12 19:00:00+05:00,50.38,48.81471949689983,Вверх,3.2065748184819096,True,0.4266485332211545,0.3824259679506368,0.044222565270517655,False,50.02816350193807,Зелёный,1.565280503100169,Выше
2021-04-12 19:30:00+05:00,50.27,48.82919989991576,Вверх,2.950693648549281,True,0.4031261352673283,0.3865660014139751,0.0165601338533532,False,50.02816350193807,Зелёный,1.440800100084246,Выше
2021-04-12 20:00:00+05:00,50.25,48.84333721434446,Вверх,2.8799481482654063,True,0.3785074344742583,0.3849542880260318,-0.006446853551773546,Выше,50.02816350193807,Зелёный,1.4066627856555414,Выше
2021-04-12 20:30:00+05:00,50.26,48.85743336146541,Вверх,2.8707333603832175,True,0.3557035243432267,0.3791041352894708,-0.02340061094624407,False,50.02816350193807,Зелёный,1.4025666385345872,Выше
2021-04-12 21:00:00+05:00,50.35,48.87228477080407,Вверх,3.0236262456849685,True,0.3409630987494694,0.3714759279814705,-0.030512829232001104,False,50.02816350193807,Зелёный,1.4777152291959297,Выше
2021-04-12 21:30:00+05:00,50.32,48.88668989746273,Вверх,2.9319025394101392,True,0.3231355505065068,0.3618078524864778,-0.03867230197997101,False,50.02816350193807,Зелёный,1.4333101025372699,Выше
2021-04-12 22:00:00+05:00,50.305,48.90080243579644,Вверх,2.8715225400384305,True,0.3042890605667949,0.3503040941025412,-0.04601503353574632,False,50.02816350193807,Зелёный,1.4041975642035567,Выше
2021-04-12 22:30:00+05:00,50.3,48.91472479961936,Вверх,2.8320208404636062,True,0.2856567500947378,0.3373746253009806,-0.051717875206242825,False,50.02816350193807,Зелёный,1.3852752003806401,Выше
2021-04-12 23:00:00+05:00,50.295,48.92845888121519,Вверх,2.792937178140833,True,0.2674045780713996,0.3233806158550644,-0.05597603778366478,False,50.02816350193807,Зелёный,1.3665411187848093,Выше
2021-04-12 23:30:00+05:00,50.235,48.94145929035732,Вверх,2.643036657261131,True,0.2452707728899028,0.3077586472620321,-0.062487874372129326,False,50.02816350193807,Зелёный,1.2935407096426772,Выше
2021-04-13 00:00:00+05:00,50.15,48.95348457105029,Вверх,2.444188476947144,True,0.2183537372304371,0.2898776652557131,-0.07152392802527602,False,50.02816350193807,Зелёный,1.1965154289497093,Выше
2021-04-13 00:30:00+05:00,50.15,48.965390197209,Вверх,2.419279817887623,True,0.1947765299504595,0.2708574381946624,-0.07608090824420291,False,50.02816350193807,Зелёный,1.1846098027910017,Выше
2021-04-13 01:00:00+05:00,50.235,48.9780231305701,Вверх,2.5664099714252138,True,0.1808653102302386,0.2528590126017777,-0.07199370237153907,False,50.02816350193807,Зелёный,1.2569768694298986,Выше
2021-04-13 01:30:00+05:00,50.235,48.99053036310174,Вверх,2.5402248713673,True,0.1679050633243051,0.2358682227462832,-0.06796315942197809,False,50.02816350193807,Зелёный,1.244469636898259,Выше
2021-04-13 12:00:00+05:00,50.8,49.008535036105705,Вверх,3.655414230550819,True,0.2009088007817752,0.2288763383533816,-0.027967537571606388,False,50.21526722012111,Зелёный,1.7914649638942919,Выше
2021-04-13 12:30:00+05:00,50.9,49.02735558301013,Вверх,3.819590909444879,True,0.2324540788378399,0.2295918864502733,0.0028621923875665756,Выше,50.465240498109,Зелёный,1.8726444169898713,Выше
2021-04-13 13:00:00+05:00,51.265,49.04962070158715,Вверх,4.516608419647093,True,0.2836368000630997,0.2404008691728386,0.04323593089026112,False,50.7104664482981,Зелёный,2.2153792984128486,Выше
2021-04-13 13:30:00+05:00,51.445,49.07345532147186,Вверх,4.832642541660359,True,0.3348638688286129,0.2592934691039935,0.07557039972461943,False,50.958419803468296,Зелёный,2.3715446785281387,Выше
2021-04-13 14:00:00+05:00,51.385,49.09645576603433,Вверх,4.661322692765362,True,0.3663965994132283,0.2807140951658404,0.08568250424738788,False,50.99332782312146,Зелёный,2.2885442339656663,Выше
2021-04-13 14:30:00+05:00,51.405,49.119426355427024,Вверх,4.6530951482100384,True,0.3885217119862076,0.3022756185299139,0.0862460934562937,False,50.99332782312146,Зелёный,2.2855736445729775,Выше
2021-04-13 15:00:00+05:00,51.29,49.14102410313421,Вверх,4.373079186049627,True,0.3922548148626319,0.3202714577964575,0.07198335706617442,False,50.99332782312146,Зелёный,2.1489758968657924,Выше
2021-04-13 15:30:00+05:00,50.995,49.159471624496064,Вверх,3.733824459149178,True,0.3671767066904507,0.3296525075752562,0.0375241991151945,False,50.99332782312146,Зелёный,1.8355283755039338,Выше
2021-04-13 16:00:00+05:00,51.14,49.17917837450108,Вверх,3.9870971624763656,True,0.3549112178753262,0.3347042496352702,0.020206968240056022,False,50.99332782312146,Зелёный,1.960821625498923,Выше
2021-04-13 16:30:00+05:00,51.25,49.19978356480456,Вверх,4.167124907155233,True,0.3500318609076274,0.3377697718897417,0.012262089017885669,False,50.99332782312146,Зелёный,2.0502164351954377,Выше
2021-04-13 17:00:00+05:00,51.285,49.220531987045305,Вверх,4.194322835637073,True,0.345012058600652,0.3392182292319238,0.005793829368728187,False,50.99332782312146,Зелёный,2.0644680129546913,Выше
2021-04-13 17:30:00+05:00,51.425,49.24246699214934,Вверх,4.432217029659819,True,0.3483154948718194,0.3410376823599029,0.007277812511916504,False,50.99332782312146,Зелёный,2.182533007850658,Выше
2021-04-13 18:00:00+05:00,51.485,49.26478075342148,Вверх,4.50670684538532,True,0.3517205746298941,0.3431742608139012,0.008546313815992912,False,51.02612301903447,Зелёный,2.220219246578516,Выше
2021-04-13 18:30:00+05:00,51.63,49.288315273287935,Вверх,4.75099364571131,True,0.3619471120514035,0.3469288310614017,0.015018280990001798,False,51.168760717131015,Зелёный,2.3416847267120673,Выше
2021-04-13 19:00:00+05:00,51.685,49.31216288250896,Вверх,4.811869889269634,True,0.3702220674437413,0.3515874783378696,0.018634589105871735,False,51.28163464541792,Зелёный,2.372837117491045,Выше
2021-04-13 19:30:00+05:00,51.685,49.33577320208599,Вверх,4.7617107130180445,True,0.3724862397033277,0.3557672306109612,0.01671900909236651,False,51.33522118087613,Зелёный,2.349226797914014,Выше
2021-04-13 20:00:00+05:00,51.85,49.36079038415479,Вверх,5.042888487953119,False,0.3831776995682148,0.361249324402412,0.021928375165802816,False,51.33522118087613,Зелёный,2.489209615845212,Выше
2021-04-13 20:30:00+05:00,51.995,49.38700142510847,Вверх,5.280738857665515,False,0.398754453598336,0.3687503502415968,0.030004103356739198,False,51.54880415650966,Зелёный,2.607998574891525,Выше
2021-04-13 21:00:00+05:00,52.08,49.4137974308288,Вверх,5.395664182465318,False,0.4131948796493034,0.3776392561231381,0.035555623526165314,False,51.634673740858695,Зелёный,2.6662025691711975,Выше
2021-04-13 21:30:00+05:00,52.11,49.4406253170892,Вверх,5.39915234847996,False,0.4221929925992143,0.3865500034183534,0.035642989180860896,False,51.756706366772825,Зелёный,2.6693746829107994,Выше
2021-04-13 22:00:00+05:00,52.11,49.46718625920772,Вверх,5.342559261292832,False,0.4244314800374695,0.3941262987421766,0.030305181295292916,False,51.797285730095545,Зелёный,2.6428137407922776,Выше
2021-04-13 22:30:00+05:00,52.15,49.4938809232952,Вверх,5.366560526585513,False,0.424539337944509,0.4002089065826432,0.0243304313618658,False,51.82255715708599,Зелёный,2.6561190767047975,Выше
2021-04-13 23:00:00+05:00,51.925,49.5180711628644,Вверх,4.860707981171625,True,0.4018370689207415,0.4005345390502628,0.0013025298704786858,False,51.82255715708599,Зелёный,2.4069288371355952,Выше
2021-04-13 23:30:00+05:00,51.99,49.54266746970158,Вверх,4.9398481254468605,True,0.384656236279099,0.3973588784960301,-0.01270264221693107,Выше,51.82255715708599,Зелёный,2.447332530298425,Выше
2021-04-14 00:00:00+05:00,51.88,49.56592450980405,Вверх,4.668682190600992,True,0.3580369943373043,0.389494501664285,-0.031457507326980716,False,51.82255715708599,Зелёный,2.314075490195954,Выше
2021-04-14 00:30:00+05:00,51.96,49.58974615647266,Вверх,4.779725703875112,True,0.3394830356155367,0.3794922084545354,-0.040009172838998686,False,51.82255715708599,Зелёный,2.370253843527344,Выше
2021-04-14 01:00:00+05:00,51.97,49.61343027431871,Вверх,4.749862512330892,True,0.3218754265245067,0.3679688520685297,-0.046093425544023015,False,51.82255715708599,Зелёный,2.3565697256812896,Выше
2021-04-14 01:30:00+05:00,52.015,49.63732649049465,Вверх,4.7900918071416765,True,0.308001938757755,0.3559754694063748,-0.04797353064861981,False,51.82255715708599,Зелёный,2.3776735095053496,Выше
2021-04-14 12:00:00+05:00,52.0,49.66083567964396,Вверх,4.7102798177737215,True,0.2924258222594886,0.3432655399769976,-0.050839717717509,False,51.82255715708599,Зелёный,2.3391643203560406,Выше
2021-04-14 12:30:00+05:00,52.7,49.69107612064253,Вверх,6.055260047200943,False,0.3327302800200016,0.3411584879855984,-0.00842820796559679,False,51.879975098601335,Зелёный,3.008923879357475,Выше
2021-04-14 13:00:00+05:00,52.795,49.7219609353625,Вверх,6.180446239102244,False,0.368094396156934,0.3465456696198655,0.02154872653706852,Выше,52.19747758874121,Зелёный,3.0730390646374985,Выше
2021-04-14 13:30:00+05:00,52.875,49.75333445839373,Вверх,6.27428407681251,False,0.3979882832026007,0.3568341923364126,0.0411540908661881,False,52.29147982986708,Зелёный,3.1216655416062693,Выше
2021-04-14 14:00:00+05:00,52.97,49.78534108069827,Вверх,6.396780357775677,False,0.4244522883443338,0.3703578115379968,0.054094476806337,False,52.37858184688037,Зелёный,3.1846589193017323,Выше
2021-04-14 14:30:00+05:00,52.99,49.81722823412416,Вверх,6.368824357238196,False,0.4419445739870653,0.3846751640278105,0.057269409959254836,False,52.49897366219234,Зелёный,3.1727717658758436,Выше
2021-04-14 15:00:00+05:00,53.155,49.85043989348611,Вверх,6.628948738616231,False,0.4637753439466223,0.4004952000115729,0.06328014393504938,False,52.58557629597311,Зелёный,3.3045601065138897,Выше
2021-04-14 15:30:00+05:00,53.995,49.89167929753103,Вверх,8.22445898843904,False,0.5426025814482998,0.4289166762989184,0.11368590514938137,False,52.99626866637579,Зелёный,4.10332070246897,Выше
2021-04-14 16:00:00+05:00,53.745,49.93002079705808,Вверх,7.640652140819261,False,0.5782352879644463,0.458780398632024,0.11945488933242232,False,53.28339179973821,Зелёный,3.8149792029419203,Выше
2021-04-14 16:30:00+05:00,53.98,49.97031909758487,Вверх,8.024125070293818,False,0.6183095134347667,0.4906862215925726,0.12762329184219412,False,53.32130261976439,Зелёный,4.009680902415127,Выше
2021-04-14 17:00:00+05:00,54.14,50.01180845979796,Вверх,8.254433637448823,False,0.655423969134489,0.5236337711009559,0.1317901980335331,False,53.52842235778795,Зелёный,4.128191540202039,Выше
2021-04-14 17:30:00+05:00,54.24,50.05388001741191,Вверх,8.363227748042492,False,0.685010235347832,0.5559090639503311,0.12910117139750088,False,53.70808012200915,Зелёный,4.186119982588089,Выше
2021-04-14 18:00:00+05:00,54.445,50.09757275355707,Вверх,8.67791992204703,False,0.7167372503543206,0.588074701231129,0.12866254912319153,False,53.85827210980824,Зелёный,4.347427246442933,Выше
2021-04-14 18:30:00+05:00,54.465,50.14102974108386,Вверх,8.623616788973175,False,0.7350220940163368,0.6174641797881706,0.1175579142281662,False,53.96494489882742,Зелёный,4.323970258916141,Выше
2021-04-14 19:00:00+05:00,54.37,50.18310904714273,Вверх,8.34322749697322,False,0.7333931584920848,0.6406499755289534,0.09274318296313133,False,53.96494489882742,Зелёный,4.186890952857269,Выше
2021-04-14 19:30:00+05:00,54.485,50.22591393224579,Вверх,8.479857775210764,False,0.7329329593378517,0.6591065722907331,0.07382638704711864,False,54.00383036805021,Зелёный,4.259086067754211,Выше
2021-04-14 20:00:00+05:00,54.27,50.2661535946115,Вверх,7.9652929835827155,False,0.7070688949368105,0.6686990368199486,0.03836985811686189,False,54.00383036805021,Зелёный,4.003846405388501,Выше
2021-04-14 20:30:00+05:00,54.0,50.30330629516264,Вверх,7.34880861139906,False,0.6572088000934002,0.6664009894746389,-0.009192189381238669,Выше,54.551822401879335,Красный,3.696693704837358,Выше
2021-04-14 21:00:00+05:00,53.89,50.33899478973813,Вверх,7.054183789513734,False,0.6018801354714327,0.6534968186739977,-0.05161668320256496,False,54.5456401616914,Красный,3.55100521026187,Выше
2021-04-14 21:30:00+05:00,53.695,50.3723878764074,Вверх,6.596098107846084,False,0.5361168781696577,0.6300208305731297,-0.09390395240347205,False,54.39607614552226,Красный,3.3226121235925987,Выше
2021-04-14 22:00:00+05:00,53.72,50.40569744977649,Вверх,6.575253826268017,False,0.4804776665723054,0.6001121977729649,-0.11963453120065948,False,54.13846853097004,Красный,3.314302550223509,Выше
2021-04-14 22:30:00+05:00,53.585,50.437332301022494,Вверх,6.240749768824898,False,0.4206409319410795,0.5642179446065878,-0.14357701266550832,False,54.13837167787303,Красный,3.147667698977507,Выше
2021-04-14 23:00:00+05:00,53.37,50.46651307414665,Вверх,5.753294113241935,False,0.3518156733902202,0.5217374903633143,-0.1699218169730941,False,53.92778451008573,Красный,2.9034869258533504,Выше
2021-04-14 23:30:00+05:00,53.585,50.4975427948019,Вверх,6.114074139694407,False,0.3110344517519081,0.479596882641033,-0.16856243088912493,False,53.92778451008573,Красный,3.087457205198099,Выше
2021-04-15 00:00:00+05:00,53.63,50.52871152321183,Вверх,6.137675755621639,False,0.27912854361076,0.4395032148349784,-0.1603746712242184,False,53.92778451008573,Красный,3.10128847678817,Выше
2021-04-15 00:30:00+05:00,53.47,50.55797807521967,Вверх,5.759767371329304,False,0.2381865524048976,0.3992398823489623,-0.16105332994406468,False,53.92778451008573,Красный,2.9120219247803263,Выше
2021-04-15 01:00:00+05:00,53.4,50.586256900341866,Вверх,5.562267841246656,False,0.1978110715181955,0.358954120182809,-0.1611430486646135,False,53.91139566706725,Красный,2.813743099658133,Выше
2021-04-15 01:30:00+05:00,53.31,50.6133588217315,Вверх,5.327923775552043,False,0.1567441155925095,0.3185121192647491,-0.1617680036722396,False,53.80925610036053,Красный,2.6966411782685,Выше
2021-04-15 12:00:00+05:00,54.585,50.65287763942572,Вверх,7.762880499238826,False,0.2244922941055236,0.299708154232904,-0.07521586012738038,False,52.83066950967553,Зелёный,3.932122360574283,Выше
2021-04-15 12:30:00+05:00,54.11,50.68727686689412,Вверх,6.752627769083,False,0.2371212967113791,0.287190782728599,-0.05006948601721989,False,53.37185255870798,Зелёный,3.422723133105876,Выше
2021-04-15 13:00:00+05:00,54.49,50.72511490801956,Вверх,7.422132209670394,False,0.2746269677363528,0.2846780197301498,-0.010051051993796967,False,53.47191730283718,Зелёный,3.764885091980439,Выше
2021-04-15 13:30:00+05:00,54.44,50.76207893878553,Вверх,7.2454106256162385,False,0.296893496684838,0.2871211151210875,0.009772381563750487,Выше,53.70547557255347,Зелёный,3.6779210612144695,Выше
2021-04-15 14:00:00+05:00,54.36,50.79787914834986,Вверх,7.012341679162123,False,0.3045736148446636,0.2906116150658027,0.013961999778860923,False,53.70547557255347,Зелёный,3.5621208516501426,Выше
2021-04-15 14:30:00+05:00,54.31,50.832825624485686,Вверх,6.840411353877984,False,0.3031312730628173,0.2931155466652057,0.010015726397611613,False,53.70547557255347,Зелёный,3.4771743755143163,Выше
2021-04-15 15:00:00+05:00,54.38,50.86812089190374,Вверх,6.90388999341868,False,0.3041307913469779,0.2953185956015601,0.008812195745417806,False,53.70547557255347,Зелёный,3.5118791080962595,Выше
2021-04-15 15:30:00+05:00,54.29,50.90216944024301,Вверх,6.655572045380427,False,0.2942685245741998,0.2951085813960881,-0.0008400568218883131,Выше,53.70547557255347,Зелёный,3.387830559756992,Выше
2021-04-15 16:00:00+05:00,54.11,50.93408815228039,Вверх,6.235336614301244,False,0.268829215569049,0.2898527082306803,-0.021023492661631338,False,53.70547557255347,Зелёный,3.175911847719611,Выше
2021-04-15 16:30:00+05:00,54.2,50.96658478758109,Вверх,6.344186540838794,False,0.2530140393904361,0.2824849744626315,-0.029470935072195392,False,53.70547557255347,Зелёный,3.2334152124189117,Выше
2021-04-15 17:00:00+05:00,54.29,50.99965359566485,Вверх,6.451703437873619,False,0.2449193681463271,0.2749718531993706,-0.03005248505304353,False,53.70547557255347,Зелёный,3.2903464043351462,Выше
2021-04-15 17:30:00+05:00,54.335,51.03284112207615,Вверх,6.470654592842921,False,0.2393760289306143,0.2678526883456193,-0.028476659415005018,False,53.70547557255347,Зелёный,3.3021588779238513,Выше
2021-04-15 18:00:00+05:00,54.22,51.06455414573709,Вверх,6.179327141988425,False,0.2231312357681005,0.2589083978301156,-0.03577716206201509,False,53.70547557255347,Зелёный,3.155445854262908,Выше
2021-04-15 18:30:00+05:00,54.29,51.09664813433672,Вверх,6.249630811922795,False,0.2134450731961195,0.2498157329033163,-0.0363706597071968,False,53.70547557255347,Зелёный,3.1933518656632813,Выше
2021-04-15 19:00:00+05:00,54.64,51.131905366830885,Вверх,6.8608721071536785,False,0.2313440048198316,0.2461213872866194,-0.01477738246678778,False,53.86636263930234,Зелёный,3.508094633169115,Выше
2021-04-15 19:30:00+05:00,55.095,51.17133914427535,Вверх,7.667692347589456,False,0.2790272816780614,0.2527025661649078,0.026324715513153574,Выше,54.2982263753721,Зелёный,3.9236608557246484,Выше
2021-04-15 20:00:00+05:00,55.11,51.21052979955619,Вверх,7.6145867182135705,False,0.3144027574880468,0.2650426044295356,0.049360153058511214,False,54.54315373783489,Зелёный,3.899470200443808,Выше
2021-04-15 20:30:00+05:00,55.195,51.25017626921235,Вверх,7.697190561971648,False,0.3453162754874554,0.2810973386411196,0.06421893684633584,False,54.5598383640514,Зелёный,3.944823730787647,Выше
2021-04-15 21:00:00+05:00,55.18,51.289278992901785,Вверх,7.585836813258134,False,0.3644044588147679,0.2977587626758493,0.06664569613891863,False,54.58085452764627,Зелёный,3.8907210070982146,Выше
2021-04-15 21:30:00+05:00,55.19,51.32809213725102,Вверх,7.523965341283794,False,0.3760045516345727,0.3134079204675939,0.06259663116697878,False,54.71401907488164,Зелёный,3.8619078627489785,Выше
2021-04-15 22:00:00+05:00,55.205,51.36666833489031,Вверх,7.4724170158073795,False,0.3820045724861742,0.32712725087131,0.054877321614864194,False,54.72986716739347,Зелёный,3.838331665109685,Выше
2021-04-15 22:30:00+05:00,55.225,51.40505969474215,Вверх,7.431058981239867,False,0.3839475566578016,0.3384913120286084,0.04545624462919323,False,54.72986716739347,Зелёный,3.8199403052578518,Выше
2021-04-15 23:00:00+05:00,55.16,51.44242228484422,Вверх,7.226677030430265,False,0.3759091817876197,0.3459748859804106,0.029934295807209077,False,54.75554240558871,Зелёный,3.7175777151557767,Выше
2021-04-15 23:30:00+05:00,55.3,51.48080614270647,Вверх,7.4186753150418765,False,0.3764955355869119,0.3520790159017109,0.024416519685200977,False,54.80948816502985,Зелёный,3.819193857293527,Выше
2021-04-16 00:00:00+05:00,55.255,51.518360310440734,Вверх,7.25302526525092,False,0.3690746385853671,0.3554781404384421,0.013596498146924985,False,54.88478934852685,Зелёный,3.7366396895592686,Выше
2021-04-16 00:30:00+05:00,55.26,51.55559055610799,Вверх,7.185272060574109,False,0.3594534271045475,0.3562731977716632,0.0031802293328842546,False,54.88478934852685,Зелёный,3.704409443892011,Выше
2021-04-16 01:00:00+05:00,55.225,51.59210209286313,Вверх,7.041577605420773,False,0.3450270827579871,0.354023974768928,-0.008996892010940893,Выше,54.90640437230675,Зелёный,3.632897907136872,Выше
2021-04-16 01:30:00+05:00,55.215,51.62815082825753,Вверх,6.947467833341977,False,0.3289947379536144,0.3490181274058653,-0.020023389452250906,False,54.90640437230675,Зелёный,3.5868491717424718,Выше
2021-04-16 12:00:00+05:00,54.3,51.65473639215547,Вверх,5.121047541046495,False,0.239693103272657,0.3271531225792237,-0.08746001930656669,False,55.11336245843153,Красный,2.6452636078445266,Выше
2021-04-16 12:30:00+05:00,54.345,51.68150518427333,Вверх,5.153671136763202,False,0.1705856333286206,0.2958396247291031,-0.1252539914004825,False,54.725026212588375,Красный,2.663494815726672,Выше
2021-04-16 13:00:00+05:00,54.695,51.71149020731539,Вверх,5.769529713267755,False,0.1424178362690114,0.2651552670370847,-0.12273743076807331,False,54.725026212588375,Красный,2.9835097926846075,Выше
2021-04-16 13:30:00+05:00,54.8,51.74222164803862,Вверх,5.9096386946061585,False,0.1271021224899016,0.2375446381276481,-0.11044251563774649,False,54.343178767803415,Зелёный,3.0577783519613746,Выше
2021-04-16 14:00:00+05:00,55.575,51.780358746068096,Вверх,7.328340988406247,False,0.175477536224335,0.2251312177469855,-0.049653681522650484,False,54.76111089102307,Зелёный,3.794641253931907,Выше
2021-04-16 14:30:00+05:00,55.645,51.81881288789827,Вверх,7.383779941812022,False,0.2169628029823727,0.2234975347940629,-0.006534731811690203,False,55.13774980192077,Зелёный,3.826187112101735,Выше
2021-04-16 15:00:00+05:00,55.73,51.8577301725958,Вверх,7.467102425262909,False,0.253773621063651,0.2295527520479806,0.024220869015670388,Выше,55.156724821728695,Зелёный,3.872269827404196,Выше
2021-04-16 15:30:00+05:00,55.59,51.89486718580381,Вверх,7.120420601455978,False,0.26855390735453,0.2373529831092904,0.031200924245239597,False,55.156724821728695,Зелёный,3.6951328141961923,Выше
2021-04-16 16:00:00+05:00,55.5,51.93073915410427,Вверх,6.873117741120454,False,0.2698939731681236,0.2438611811210571,0.02603279204706649,False,55.156724821728695,Зелёный,3.5692608458957267,Выше
2021-04-16 16:30:00+05:00,55.41,51.96535866500872,Вверх,6.628726181218009,False,0.2606886803079149,0.2472266809584286,0.013461999349486331,False,55.156724821728695,Зелёный,3.4446413349912746,Выше
2021-04-16 17:00:00+05:00,55.42,51.9997332056554,Вверх,6.577469889735157,False,0.2513034658982604,0.248042037946395,0.0032614279518654032,False,55.156724821728695,Зелёный,3.420266794344599,Выше
2021-04-16 17:30:00+05:00,55.555,52.03510899465385,Вверх,6.764453987610156,False,0.2518557512935686,0.2488047806158297,0.003050970677738879,False,55.156724821728695,Зелёный,3.519891005346153,Выше
2021-04-16 18:00:00+05:00,55.345,52.068043233513016,Вверх,6.293604604633588,False,0.2326661657623177,0.2455770576451273,-0.01291089188280961,Выше,55.156724821728695,Зелёный,3.2769567664869825,Выше
2021-04-16 18:30:00+05:00,55.08,52.098012952582536,Вверх,5.723801884980803,False,0.1938405227875606,0.235229750673614,-0.041389227886053426,False,55.60593990511411,Красный,2.981987047417462,Выше
2021-04-16 19:00:00+05:00,55.46,52.13146556001953,Вверх,6.384885604545866,False,0.1915259532456588,0.226488991188023,-0.03496303794236419,False,55.60593990511411,Красный,3.328534439980473,Выше
2021-04-16 19:30:00+05:00,55.26,52.16259525593973,Вверх,5.937980518152172,False,0.1715754961601661,0.2155062921824516,-0.0439307960222855,False,55.60593990511411,Красный,3.0974047440602703,Выше
2021-04-16 20:00:00+05:00,54.925,52.19008187030849,Вверх,5.2403024323428635,False,0.1272658731312503,0.1978582083722113,-0.07059233524096101,False,55.60593990511411,Красный,2.7349181296915077,Выше
2021-04-16 20:30:00+05:00,54.855,52.21659846861388,Вверх,5.052802382315259,False,0.0855159875885789,0.1753897642154848,-0.0898737766269059,False,55.43833492174537,Красный,2.6384015313861156,Выше
2021-04-16 21:00:00+05:00,55.11,52.2453885336028,Вверх,5.482993900131033,False,0.0721733024757895,0.1547464718675458,-0.08257316939175631,False,55.43833492174537,Красный,2.8646114663972,Выше
2021-04-16 21:30:00+05:00,55.1,52.27379262779581,Вверх,5.40654739235699,False,0.0600994232281522,0.1358170621396671,-0.0757176389115149,False,55.43833492174537,Красный,2.8262073722041947,Выше
2021-04-16 22:00:00+05:00,55.08,52.30171508921079,Вверх,5.312034043339311,False,0.0483594959175803,0.1183255488952497,-0.06996605297766939,False,55.43833492174537,Красный,2.7782849107892105,Выше
2021-04-16 22:30:00+05:00,54.95,52.328066182850485,Вверх,5.010568913415734,False,0.028240071433025,0.1003084534028048,-0.0720683819697798,False,55.43833492174537,Красный,2.621933817149518,Выше
2021-04-16 23:00:00+05:00,54.955,52.35420482779725,Вверх,4.96769109712821,True,0.0125540257948983,0.0827575678812235,-0.0702035420863252,False,55.43833492174537,Красный,2.6007951722027514,Выше
2021-04-16 23:30:00+05:00,55.08,52.381327167819165,Вверх,5.151974908033222,False,0.0100928330494127,0.0682246209148614,-0.058131787865448696,False,55.43833492174537,Красный,2.698672832180833,Выше
2021-04-17 00:00:00+05:00,55.085,52.4082293850548,Вверх,5.107538732664244,False,0.008448390493271,0.0562693748305433,-0.0478209843372723,False,55.43833492174537,Красный,2.676770614945198,Выше
2021-04-17 00:30:00+05:00,55.095,52.434963421024406,Вверх,5.073020758338167,False,0.0078614524165914,0.0465877903477529,-0.0387263379311615,False,55.43833492174537,Красный,2.6600365789755926,Выше
2021-04-17 01:00:00+05:00,55.045,52.46093393424805,Вверх,4.925695888278878,True,0.0033234074571808,0.0379349137696385,-0.0346115063124577,False,55.43374515804088,Красный,2.584066065751955,Выше
2021-04-17 01:30:00+05:00,55.14,52.48759130803663,Вверх,5.053401434249565,False,0.0073084331162505,0.0318096176389609,-0.024501184522710405,False,55.43374515804088,Красный,2.652408691963373,Выше
2021-04-19 12:00:00+05:00,54.47,52.50731676765815,Вверх,3.7379233089106525,True,-0.0430999762177108,0.0168276988676265,-0.0599276750853373,False,55.18558357801311,Красный,1.9626832323418455,Выше
2021-04-19 12:30:00+05:00,54.27,52.52485590429837,Вверх,3.3225109629645253,True,-0.098056992348674,-0.0061492393756335,-0.0919077529730405,False,54.8510252202118,Красный,1.745144095701633,Выше
2021-04-19 13:00:00+05:00,54.195,52.541474253509335,Вверх,3.14708669671602,True,-0.1459799310000136,-0.0341153777005095,-0.11186455329950411,False,54.75017269819062,Красный,1.653525746490665,Выше
2021-04-19 13:30:00+05:00,54.32,52.55917102710626,Вверх,3.350184065851478,True,-0.1718912939775592,-0.0616705609559194,-0.1102207330216398,False,54.75017269819062,Красный,1.7608289728937407,Выше
2021-04-19 14:00:00+05:00,54.495,52.57843300693605,Вверх,3.645158068539462,True,-0.1762732302821561,-0.0845910948211668,-0.0916821354609893,False,54.75017269819062,Красный,1.9165669930639453,Выше
2021-04-19 14:30:00+05:00,54.4,52.59655805164316,Вверх,3.428821229301906,True,-0.1852759070987844,-0.1047280572766903,-0.08054784982209409,False,54.75017269819062,Красный,1.8034419483568414,Выше
2021-04-19 15:00:00+05:00,54.36,52.61410473769647,Вверх,3.3183027080049206,True,-0.1934087632132488,-0.122464198464002,-0.07094456474924679,False,54.75017269819062,Красный,1.7458952623035273,Выше
2021-04-19 15:30:00+05:00,54.21,52.62998429254525,Вверх,3.002120803745991,True,-0.2095423825255693,-0.1398798352763155,-0.0696625472492538,False,54.64665815155457,Красный,1.5800157074547485,Выше
2021-04-19 16:00:00+05:00,54.185,52.64545708565426,Вверх,2.924360428366888,True,-0.2217890371716819,-0.1562616756553888,-0.06552736151629313,False,54.60874233639911,Красный,1.5395429143457449,Выше
2021-04-19 16:30:00+05:00,54.11,52.66002965196616,Вверх,2.7534552441705653,True,-0.2348393901032963,-0.1719772185449703,-0.06286217155832599,False,54.576618102759205,Красный,1.4499703480338368,Выше
2021-04-19 17:00:00+05:00,53.965,52.67301443154859,Вверх,2.452841521212766,True,-0.2539547447921322,-0.1883727237944027,-0.0655820209977295,False,54.41095629248328,Красный,1.291985568451416,Выше
2021-04-19 17:30:00+05:00,53.92,52.6854222481501,Вверх,2.343300478897184,True,-0.2696268347074024,-0.2046235459770027,-0.0650032887303997,False,54.41095629248328,Красный,1.2345777518499048,Выше
2021-04-19 18:00:00+05:00,53.77,52.69621406657647,Вверх,2.0376908520731947,True,-0.2907986791172945,-0.2218585726050611,-0.06894010651223342,False,54.25564959691146,Красный,1.0737859334235367,Выше
2021-04-19 18:30:00+05:00,53.715,52.70635124004337,Вверх,1.9137138812035996,True,-0.3084598258302549,-0.2391788232500998,-0.0692810025801551,False,54.16608463722032,Красный,1.0086487599566354,Выше
2021-04-19 19:00:00+05:00,53.84,52.71763132720712,Вверх,2.1290195415392947,True,-0.3088101849263864,-0.2531050955853572,-0.05570508934102919,False,54.16608463722032,Красный,1.1223686727928808,Выше
2021-04-19 19:30:00+05:00,53.19,52.72233151300605,Вверх,0.8870406022893388,True,-0.3574173302589543,-0.2739675425200766,-0.08344978773887768,False,54.022203556148455,Красный,0.4676684869939507,Выше
2021-04-19 20:00:00+05:00,53.08,52.725890403423904,Вверх,0.6716047730378384,True,-0.4002016483370738,-0.2992143636834761,-0.10098728465359769,False,53.60348320053362,Красный,0.35410959657609453,Выше
2021-04-19 20:30:00+05:00,53.25,52.73110542428536,Вверх,0.9840388733357799,True,-0.4156001693573969,-0.3224915248182602,-0.0931086445391367,False,53.576134880480254,Красный,0.5188945757146399,Выше
2021-04-19 21:00:00+05:00,53.29,52.73666656434222,Вверх,1.0492385501511996,True,-0.4197374702211007,-0.3419407138988283,-0.0777967563222724,False,53.576134880480254,Красный,0.5533334356577768,Выше
2021-04-19 21:30:00+05:00,53.16,52.74087883733384,Вверх,0.7946798989808904,True,-0.4285659826331596,-0.3592657676456946,-0.06930021498746497,False,53.576134880480254,Красный,0.4191211626661584,Выше
2021-04-19 22:00:00+05:00,53.13,52.74475068969869,Вверх,0.7304031306693669,True,-0.43299212788326,-0.3740110396932077,-0.05898108819005232,False,53.576134880480254,Красный,0.3852493103013117,Выше
2021-04-19 22:30:00+05:00,53.255,52.74982779726387,Вверх,0.9576755485869791,True,-0.4215540123056058,-0.3835196342156873,-0.0380343780899185,False,53.576134880480254,Красный,0.5051722027361336,Выше
2021-04-19 23:00:00+05:00,53.34,52.7557001574901,Вверх,1.1075577440269262,True,-0.4010078646330299,-0.3870172802991559,-0.013990584333874012,False,53.576134880480254,Красный,0.5842998425099069,Выше
2021-04-19 23:30:00+05:00,53.475,52.762857369853386,Вверх,1.3497044429468408,True,-0.3695713345233642,-0.3835280911439976,0.013956756620633393,Ниже,53.576134880480254,Красный,0.7121426301466158,Выше
2021-04-20 00:00:00+05:00,53.43,52.76949560497923,Вверх,1.251678431731019,True,-0.3443196789158165,-0.3756864086983614,0.0313667297825449,False,53.576134880480254,Красный,0.660504395020773,Выше
2021-04-20 00:30:00+05:00,53.485,52.77661505169585,Вверх,1.3422326301341454,True,-0.3162242828823736,-0.3637939835351638,0.0475697006527902,False,53.576134880480254,Красный,0.7083849483041504,Выше
2021-04-20 01:00:00+05:00,53.5,52.78381291187798,Вверх,1.3568309082136343,True,-0.2894119437349971,-0.3489175755751305,0.059505631840133355,False,53.576134880480254,Красный,0.7161870881220196,Выше
2021-04-20 01:30:00+05:00,53.575,52.79168542021751,Вверх,1.483783996565692,True,-0.2591240775228343,-0.3309588759646713,0.07183479844183699,False,53.576134880480254,Красный,0.7833145797824912,Выше
2021-04-20 12:00:00+05:00,52.57,52.78947959514071,Вниз,0.4157638923966865,True,-0.3126122270429619,-0.3272895461803294,0.014677319137367528,False,53.29074366106995,Красный,-0.21947959514071158,Ниже
2021-04-20 12:30:00+05:00,52.15,52.78311661409454,Вниз,1.1994680396069686,True,-0.3844606378972699,-0.3387237645237175,-0.04573687337355242,Ниже,52.80391929496295,Красный,-0.6331166140945399,Ниже
2021-04-20 13:00:00+05:00,52.6,52.7812945582329,Вниз,0.34348259122913216,True,-0.4004733741746165,-0.3510736864538973,-0.049399687720719176,False,52.80391929496295,Красный,-0.1812945582328993,Ниже
2021-04-20 13:30:00+05:00,52.765,52.78113242332511,Вниз,0.03056475407864026,True,-0.3952927729768092,-0.3599175037584797,-0.03537526921832951,False,52.80391929496295,Красный,-0.01613242332511078,Ниже
2021-04-20 14:00:00+05:00,52.575,52.77908135443631,Вниз,0.3866709105181324,True,-0.4018858316055755,-0.3683111693278989,-0.03357466227767658,False,52.80391929496295,Красный,-0.2040813544363047,Ниже
2021-04-20 14:30:00+05:00,52.48,52.77610542056132,Вниз,0.5610596276510466,True,-0.4100497854417213,-0.3766588925506634,-0.0333908928910579,False,52.80391929496295,Красный,-0.29610542056132516,Ниже
2021-04-20 15:00:00+05:00,52.66,52.77495014274479,Вниз,0.21781194000919124,True,-0.3974141391829562,-0.380809941877122,-0.01660419730583418,False,52.80391929496295,Красный,-0.11495014274479587,Ниже
2021-04-20 15:30:00+05:00,52.6,52.773209345304544,Вниз,0.32821453812142165,True,-0.3877718050579091,-0.3822023145132794,-0.005569490544629685,False,52.80391929496295,Красный,-0.17320934530454224,Ниже
2021-04-20 16:00:00+05:00,52.555,52.77103810803784,Вниз,0.4093876409926772,True,-0.3793879614549951,-0.3816394439016226,0.002251482446627484,Ниже,52.80391929496295,Красный,-0.21603810803784285,Ниже
2021-04-20 16:30:00+05:00,53.11,52.774410863181735,Вверх,0.635893667649427,True,-0.3242224092139167,-0.3701560369640815,0.045933627750164796,False,52.31500119218213,Зелёный,0.33558913681826397,Выше
2021-04-20 17:00:00+05:00,53.11,52.77775005857296,Вверх,0.6295265354402271,True,-0.2773066926807246,-0.3515861681074101,0.0742794754266855,False,52.48425107296392,Зелёный,0.3322499414270368,Выше
2021-04-20 17:30:00+05:00,52.855,52.77851871470657,Вверх,0.1449098746155494,True,-0.2577310550244505,-0.3328151454908182,0.07508409046636771,False,52.48425107296392,Зелёный,0.07648128529342557,Выше
2021-04-20 18:00:00+05:00,52.505,52.77579713545576,Вниз,0.5131085652021957,True,-0.2673771388547266,-0.3197275441635999,0.052350405308873305,False,52.48425107296392,Зелёный,-0.27079713545575856,Ниже
2021-04-20 18:30:00+05:00,52.385,52.77190860674476,Вниз,0.7331715243198736,True,-0.2814602285923584,-0.3120740810493516,0.030613852456993162,False,53.1238484678093,Красный,-0.38690860674476113,Ниже
2021-04-20 19:00:00+05:00,52.48,52.76900404349357,Вниз,0.5476776542065591,True,-0.281708116807394,-0.3060008882009601,0.024292771393566115,False,52.95646362102837,Красный,-0.2890040434935699,Ниже
2021-04-20 19:30:00+05:00,52.16,52.76294430176726,Вниз,1.1427419560190673,True,-0.3042190478384654,-0.3056445201284612,0.0014254722899958439,False,52.81031725892554,Красный,-0.6029443017672662,Ниже
2021-04-20 20:00:00+05:00,52.19,52.75724336344122,Вниз,1.0751952287073052,True,-0.3159957710355883,-0.3077147703098866,-0.008281000725701704,Ниже,52.76053553303298,Красный,-0.5672433634412215,Ниже
2021-04-20 20:30:00+05:00,52.05,52.7502061160438,Вниз,1.3273997726254123,True,-0.3327895482295062,-0.3127297258938105,-0.0200598223356957,False,52.64148197972968,Красный,-0.7002061160438018,Ниже
2021-04-20 21:00:00+05:00,52.215,52.744880682053314,Вниз,1.0046106374710304,True,-0.3289921993275371,-0.3159822205805558,-0.013009978746981288,False,52.62433378175671,Красный,-0.5298806820533102,Ниже
2021-04-20 21:30:00+05:00,52.34,52.74085201855029,Вниз,0.7600408472910127,True,-0.312296359597191,-0.3152450483838829,0.002948688786691911,Ниже,52.62433378175671,Красный,-0.40085201855028885,Ниже
2021-04-20 22:00:00+05:00,52.34,52.73686344125128,Вниз,0.7525351629859098,True,-0.2956566406107725,-0.3113273668292609,0.015670726218488362,False,52.62433378175671,Красный,-0.39686344125127704,Ниже
2021-04-20 22:30:00+05:00,52.38,52.73331256123883,Вниз,0.6699987997691799,True,-0.2760596341044845,-0.3042738202843056,0.028214186179821132,False,52.62433378175671,Красный,-0.35331256123883037,Ниже
2021-04-20 23:00:00+05:00,52.325,52.72924974968422,Вниз,0.7666518139424877,True,-0.2619473397294243,-0.2958085241733293,0.03386118444390501,False,52.62433378175671,Красный,-0.4042497496842188,Ниже
2021-04-20 23:30:00+05:00,52.14,52.72338656809532,Вниз,1.1065043542714073,True,-0.2626633787264012,-0.2891794950839437,0.026516116357542474,False,52.59855000478952,Красный,-0.583386568095321,Ниже
2021-04-21 00:00:00+05:00,52.2,52.71817874154711,Вниз,0.9829223124104907,True,-0.2554447382969513,-0.2824325437265453,0.026987805429594003,False,52.54419500431057,Красный,-0.5181787415471106,Ниже
2021-04-21 00:30:00+05:00,52.155,52.71257497297451,Вниз,1.0577646287633893,True,-0.2504678007719292,-0.2760395951356221,0.02557179436369289,False,52.50577550387952,Красный,-0.557574972974507,Ниже
2021-04-21 01:00:00+05:00,52.12,52.70667870458671,Вниз,1.1131012596619092,True,-0.2465061796252854,-0.2701329120335548,0.023626732408269374,False,52.45319795349157,Красный,-0.5866787045867099,Ниже
2021-04-21 01:30:00+05:00,51.84,52.69805503588435,Вниз,1.6282480165540494,True,-0.2629293404975641,-0.2686921977263566,0.005762857228792495,False,52.18862815814241,Красный,-0.8580550358843482,Ниже
2021-04-21 12:00:00+05:00,52.03,52.69140772209446,Вниз,1.2552477731907687,True,-0.2576434484117769,-0.2664824478634407,0.008838999451663831,False,52.18862815814241,Красный,-0.6614077220944594,Ниже
2021-04-21 12:30:00+05:00,51.445,52.67900565520795,Вниз,2.3424999007853433,True,-0.2972326389609492,-0.2726324860829424,-0.02460015287800682,Ниже,52.31526380809535,Красный,-1.2340056552079517,Ниже
2021-04-21 13:00:00+05:00,51.835,52.67060758898698,Вниз,1.5864779755487395,True,-0.2937514333916624,-0.2768562755446864,-0.016895157846975983,False,52.20323742728581,Красный,-0.8356075889869814,Ниже
2021-04-21 13:30:00+05:00,51.88,52.662740846808006,Вниз,1.486327589908278,True,-0.2840866548585552,-0.2783023514074602,-0.005784303451095041,False,52.20323742728581,Красный,-0.7827408468080037,Ниже
2021-04-21 14:00:00+05:00,51.93,52.655449893108425,Вниз,1.3777299302942105,True,-0.2692884761803782,-0.2764995763620438,0.007211100181665597,Ниже,52.20323742728581,Красный,-0.7254498931084257,Ниже
2021-04-21 14:30:00+05:00,52.195,52.650868302132224,Вниз,0.8658324484152189,True,-0.2334860458635148,-0.267896870262338,0.0344108243988232,False,52.20323742728581,Красный,-0.45586830213222385,Ниже
2021-04-21 15:00:00+05:00,52.53,52.64966563245927,Вниз,0.22728659531218576,True,-0.1760512523575528,-0.249527746681381,0.07347649432382819,False,51.666411923957774,Зелёный,-0.11966563245926665,Ниже
2021-04-21 15:30:00+05:00,52.52,52.64837542716116,Вниз,0.24383549562467854,True,-0.1298439212362723,-0.2255909815923592,0.0957470603560869,False,51.959020731562,Зелёный,-0.1283754271611599,Ниже
2021-04-21 16:00:00+05:00,52.375,52.64565527365708,Вниз,0.5141075217891875,True,-0.103728845044543,-0.201218554282796,0.09748970923825301,False,51.959020731562,Зелёный,-0.2706552736570771,Ниже
2021-04-21 16:30:00+05:00,52.46,52.64380795750129,Вниз,0.3491539929058189,True,-0.0753055933838524,-0.1760359621030073,0.10073036871915489,False,51.959020731562,Зелёный,-0.18380795750128698,Ниже
2021-04-21 17:00:00+05:00,52.235,52.63974021663063,Вниз,0.7688871847865952,True,-0.0701271985683931,-0.1548542093960845,0.08472701082769139,False,51.959020731562,Зелёный,-0.4047402166306284,Ниже
2021-04-21 17:30:00+05:00,52.325,52.636608473181575,Вниз,0.591999526983842,True,-0.0580913940996623,-0.1355016463368,0.07741025223713771,False,51.959020731562,Зелёный,-0.3116084731815718,Ниже
2021-04-21 18:00:00+05:00,52.325,52.63350789135888,Вниз,0.5861435114597942,True,-0.0479996225745864,-0.1180012415843573,0.07000161900977091,False,51.959020731562,Зелёный,-0.3085078913588788,Ниже
2021-04-21 18:30:00+05:00,52.485,52.6320302008976,Вниз,0.27935498656689844,True,-0.0267824269629244,-0.0997574786600707,0.0729750516971463,False,51.959020731562,Зелёный,-0.14703020089760344,Ниже
2021-04-21 19:00:00+05:00,52.87,52.63439805959514,Вверх,0.4476197108554289,True,0.0208581955472126,-0.075634343818614,0.09649253936582661,False,52.13069057544183,Зелёный,0.23560194040485527,Выше
2021-04-21 19:30:00+05:00,53.12,52.63922991969868,Вверх,0.9133303831282019,True,0.0778887893024773,-0.0449297171943958,0.12281850649687309,False,52.45812151789765,Зелёный,0.48077008030131907,Выше
2021-04-21 20:00:00+05:00,53.255,52.64535698517432,Вверх,1.158018578917358,True,0.1324524876656951,-0.0094532762223776,0.1419057638880727,False,52.76055936610789,Зелёный,0.6096430148256857,Выше
2021-04-21 20:30:00+05:00,53.0,52.64888577139149,Вверх,0.666897738601903,True,0.1533505135894088,0.0231074817399796,0.1302430318494292,False,52.76055936610789,Зелёный,0.35111422860850894,Выше
2021-04-21 21:00:00+05:00,53.305,52.65541427117864,Вверх,1.2336541983621103,True,0.1923065109531165,0.056947287582607,0.13535922337050948,False,52.76055936610789,Зелёный,0.6495857288213571,Выше
2021-04-21 21:30:00+05:00,53.435,52.663171343107216,Вверх,1.4655947167788763,True,0.2310064346887514,0.0917591170038359,0.1392473176849155,False,52.76055936610789,Зелёный,0.7718286568927866,Выше
2021-04-21 22:00:00+05:00,53.47,52.67119948894695,Вверх,1.5165793048261234,True,0.2614863585877387,0.1257045653206165,0.13578179326712222,False,52.86153400010338,Зелёный,0.7988005110530523,Выше
2021-04-21 22:30:00+05:00,53.475,52.67919750398231,Вверх,1.510657970743639,True,0.2827855997212722,0.1571207722007476,0.1256648275205246,False,52.92088060009305,Зелёный,0.7958024960176928,Выше
2021-04-21 23:00:00+05:00,53.475,52.68711593677851,Вверх,1.4954017679899305,True,0.2962504114387627,0.1849467000483506,0.11130371139041209,False,52.955792540083735,Зелёный,0.7878840632214903,Выше
2021-04-21 23:30:00+05:00,53.48,52.695005330442406,Вверх,1.4896946392452342,True,0.3038225526825044,0.2087218705751814,0.095100682107323,False,53.03721328607536,Зелёный,0.7849946695575909,Выше
2021-04-22 00:00:00+05:00,53.655,52.70455751620916,Вверх,1.8033402206223594,True,0.3202528906634114,0.2310280745928274,0.089224816070584,False,53.133241957467824,Зелёный,0.9504424837908445,Выше
2021-04-22 00:30:00+05:00,53.795,52.71540769017722,Вверх,2.0479635027539507,True,0.3406441481622622,0.2529512893067144,0.08769285885554778,False,53.30841776172105,Зелёный,1.0795923098227789,Выше
2021-04-22 01:00:00+05:00,53.93,52.72749318579735,Вверх,2.2806068362957115,True,0.3635074507820235,0.2750625216017762,0.08844492918024732,False,53.45282598554894,Зелёный,1.2025068142026498,Выше
2021-04-22 01:30:00+05:00,53.895,52.73911016902325,Вверх,2.191712805301891,True,0.3744857368712004,0.2949471646556611,0.07953857221553928,False,53.45282598554894,Зелёный,1.1558898309767542,Выше
2021-04-22 12:00:00+05:00,53.865,52.75031305291356,Вверх,2.113138069850512,True,0.3764261520479621,0.3112429621341213,0.06518318991384081,False,53.45282598554894,Зелёный,1.1146869470864402,Выше
2021-04-22 12:30:00+05:00,53.27,52.75548406731243,Вверх,0.9752842605540027,True,0.3261922761659619,0.3142328249404894,0.01195945122547254,False,53.95511235653482,Красный,0.5145159326875728,Выше
2021-04-22 13:00:00+05:00,53.085,52.75876283281181,Вверх,0.6183563633249101,True,0.2683601252479661,0.3050582850019848,-0.03669815975401869,Выше,53.70135112088134,Красный,0.3262371671881894,Выше
2021-04-22 13:30:00+05:00,53.175,52.76290449616692,Вверх,0.7810326360312798,True,0.2271712876313287,0.2894808855278535,-0.06230959789652479,False,53.70135112088134,Красный,0.41209550383307914,Выше
2021-04-22 14:00:00+05:00,53.34,52.76864673998615,Вверх,1.082751397490169,True,0.2054743773888745,0.2726795839000577,-0.0672052065111832,False,53.70135112088134,Красный,0.5713532600138507,Выше
2021-04-22 14:30:00+05:00,53.47,52.77562537938928,Вверх,1.3157108335885186,True,0.1965041556617208,0.2574444982523903,-0.060940342590669494,False,53.70135112088134,Красный,0.6943746206107164,Выше
2021-04-22 15:00:00+05:00,53.585,52.78367885820132,Вверх,1.5181229484806456,True,0.1964106297425942,0.2452377245504311,-0.048827094807836896,False,53.70135112088134,Красный,0.801321141798681,Выше
2021-04-22 15:30:00+05:00,53.485,52.79065717802021,Вверх,1.3152759580891955,True,0.1861218486977804,0.233414549379901,-0.0472927006821206,False,53.70135112088134,Красный,0.694342821979788,Выше
2021-04-22 16:00:00+05:00,53.695,52.799655614059816,Вверх,1.6957390640664833,True,0.1926919279510102,0.2252700250941228,-0.032578097143112605,False,53.70135112088134,Красный,0.8953443859401844,Выше
2021-04-22 16:30:00+05:00,53.885,52.81045506068609,Вверх,2.034720091086353,True,0.2108002016912777,0.2223760604135538,-0.011575858722276094,False,53.26132271932093,Зелёный,1.0745449393139097,Выше
2021-04-22 17:00:00+05:00,53.985,52.822142075007626,Вверх,2.2014592352977864,True,0.2305625221237903,0.2240133527556011,0.006549169368189195,Выше,53.39694044738884,Зелёный,1.1628579249923732,Выше
2021-04-22 17:30:00+05:00,53.975,52.83361329814188,Вверх,2.1603419312195067,True,0.2426206076806067,0.2277348037406023,0.01488580394000441,False,53.52049640264995,Зелёный,1.1413867018581243,Выше
2021-04-22 18:00:00+05:00,53.88,52.84402510612056,Вверх,1.9604390312793398,True,0.2417245709210718,0.2305327571766962,0.011191813744375612,False,53.52049640264995,Зелёный,1.035974893879441,Выше
2021-04-22 18:30:00+05:00,53.945,52.854980080189016,Вверх,2.062284231603643,True,0.2434530370391456,0.2331168131491861,0.0103362238899595,False,53.52049640264995,Зелёный,1.0900199198109846,Выше
2021-04-22 19:00:00+05:00,54.005,52.86642306446574,Вверх,2.1536863467117313,True,0.2468191795870424,0.2358572864367573,0.01096189315028509,False,53.54502687753182,Зелёный,1.1385769355342603,Выше
2021-04-22 19:30:00+05:00,53.895,52.87665766083922,Вверх,1.9258825807270574,True,0.2378687877987957,0.236259586709165,0.0016092010896306963,False,53.54502687753182,Зелёный,1.0183423391607818,Выше
2021-04-22 20:00:00+05:00,54.145,52.88927798262192,Вверх,2.3742468516788637,True,0.2480886371065835,0.2386253967886487,0.009463240317934801,False,53.62089677080077,Зелёный,1.2557220173780834,Выше
2021-04-22 20:30:00+05:00,54.2,52.902319992745085,Вверх,2.452973721063423,True,0.2576558850017889,0.2424314944312768,0.015224390570512086,False,53.71780709372069,Зелёный,1.2976800072549182,Выше
2021-04-22 21:00:00+05:00,54.13,52.91453571421032,Вверх,2.29703288403468,True,0.2566312970564226,0.2452714549563059,0.01135984210011673,False,53.71780709372069,Зелёный,1.215464285789686,Выше
2021-04-22 21:30:00+05:00,54.025,52.925585110088825,Вверх,2.0772843372903966,True,0.2445279156512825,0.2451227470953012,-0.0005948314440187008,Выше,53.71780709372069,Зелёный,1.0994148899111735,Выше
2021-04-22 22:00:00+05:00,53.88,52.93508177566008,Вверх,1.7850510335367085,True,0.2206916149418276,0.2402365206646065,-0.019544905722778894,False,53.71780709372069,Зелёный,0.9449182243399221,Выше
2021-04-22 22:30:00+05:00,53.705,52.942742653514216,Вверх,1.4397768386772183,True,0.1855413324493255,0.2292974830215504,-0.0437561505722249,False,54.24597951580985,Красный,0.7622573464857823,Выше
2021-04-22 23:00:00+05:00,53.535,52.94863576143945,Вверх,1.1074208619886223,True,0.1423262526338433,0.211903236944009,-0.06957698431016571,False,53.98463156422886,Красный,0.5863642385605488,Выше
2021-04-22 23:30:00+05:00,53.63,52.95541550510672,Вверх,1.2738725368479606,True,0.1144246800988213,0.1924075255749714,-0.0779828454761501,False,53.98463156422886,Красный,0.6745844948932813,Выше
2021-04-23 00:00:00+05:00,53.68,52.96262530107581,Вверх,1.3544923327462346,True,0.0952490927269522,0.1729758390053676,-0.07772674627841539,False,53.98463156422886,Красный,0.7173746989241891,Выше
2021-04-23 00:30:00+05:00,53.665,52.96961410405018,Вверх,1.3128015140602058,True,0.0779434434444183,0.1539693598931778,-0.07602591644875951,False,53.98463156422886,Красный,0.6953858959498191,Выше
2021-04-23 01:00:00+05:00,53.5,52.97489157565168,Вверх,0.9912402059349716,True,0.050334248782093,0.1332423376709608,-0.0829080888888678,False,53.94363026929056,Красный,0.5251084243483177,Выше
2021-04-23 01:30:00+05:00,53.5,52.98011653509793,Вверх,0.9812803347793004,True,0.0281295036901596,0.1122197708748006,-0.08409026718464101,False,53.8990172423615,Красный,0.5198834649020725,Выше
2021-04-23 12:00:00+05:00,53.62,52.98648353474869,Вверх,1.195619001279529,True,0.0199847090604095,0.0937727585119224,-0.0737880494515129,False,53.8990172423615,Красный,0.6335164652513043,Выше
2021-04-23 12:30:00+05:00,53.795,52.99452847470145,Вверх,1.5104795690005701,True,0.0273358276945359,0.0804853723484451,-0.053149544653909205,False,53.8990172423615,Красный,0.8004715252985548,Выше
2021-04-23 13:00:00+05:00,53.695,53.00149834062482,Вверх,1.3084567061071584,True,0.0248065237447008,0.0693496026276962,-0.0445430788829954,False,53.8990172423615,Красный,0.6935016593751797,Выше
2021-04-23 13:30:00+05:00,53.65,53.00795109345442,Вверх,1.2112313215306627,True,0.0189524363339117,0.0592701693689393,-0.0403177330350276,False,53.8990172423615,Красный,0.6420489065455754,Выше
2021-04-23 14:00:00+05:00,53.51,53.012946604962345,Вверх,0.9376075597939432,True,0.0029818272646764,0.0480125009480867,-0.0450306736834103,False,53.8990172423615,Красный,0.49705339503765344,Выше
2021-04-23 14:30:00+05:00,53.565,53.01843967356969,Вверх,1.0308872343196787,True,-0.0051772747384504,0.0373745458107793,-0.0425518205492297,False,53.8990172423615,Красный,0.5465603264303098,Выше
2021-04-23 15:00:00+05:00,53.53,53.02352982607148,Вверх,0.955180040992839,True,-0.0143027560829054,0.0270390854320423,-0.0413418415149477,False,53.8990172423615,Красный,0.5064701739285198,Выше
2021-04-23 15:30:00+05:00,53.52,53.02846982780211,Вверх,0.926917510148837,True,-0.022087076155266,0.0172138531145807,-0.0393009292698467,False,53.88485350283625,Красный,0.49153017219789064,Выше
2021-04-23 16:00:00+05:00,53.47,53.032863162848855,Вверх,0.8242753852621925,True,-0.0319228018398121,0.0073865221237021,-0.039309323963514206,False,53.84661815255262,Красный,0.4371368371511437,Выше
2021-04-23 16:30:00+05:00,53.855,53.041043628890165,Вверх,1.5345783480521293,True,-0.0085528114007544,0.0041986554188108,-0.0127514668195652,False,53.26479366270263,Зелёный,0.8139563711098319,Выше
2021-04-23 17:00:00+05:00,53.785,53.048446179846486,Вверх,1.3884550315694877,True,0.0042704325204496,0.0042130108391385,5.742168131110063e-05,Выше,53.36606429643237,Зелёный,0.7365538201535102,Выше
2021-04-23 17:30:00+05:00,53.945,53.05736711338035,Вверх,1.6729682132979415,True,0.0270320004641817,0.0087768087641472,0.0182551917000345,False,53.476957866789135,Зелёный,0.8876328866196488,Выше
2021-04-23 18:00:00+05:00,53.985,53.06659729135667,Вверх,1.7306606330926633,True,0.0477479639475788,0.0165710398008335,0.031176924146745298,False,53.596762080110224,Зелёный,0.9184027086433275,Выше
2021-04-23 18:30:00+05:00,54.095,53.07683015412924,Вверх,1.9182943723543893,True,0.072209212101832,0.0276986742610332,0.044510537840798794,False,53.6543358720992,Зелёный,1.0181698458707586,Выше
2021-04-23 19:00:00+05:00,54.145,53.08745870980955,Вверх,1.9920736759528415,True,0.0945397146488673,0.0410668823386,0.0534728323102673,False,53.75640228488928,Зелёный,1.05754129019045,Выше
2021-04-23 19:30:00+05:00,54.3,53.09952379727414,Вверх,2.260804084249595,True,0.1233224193264774,0.0575179897361755,0.0658044295903019,False,53.869762056400354,Зелёный,1.2004762027258593,Выше
2021-04-23 20:00:00+05:00,54.26,53.11107082416693,Вверх,2.1632574113159757,True,0.141276704537411,0.0742697326964226,0.0670069718409884,False,53.94503585076032,Зелёный,1.148929175833068,Выше
2021-04-23 20:30:00+05:00,54.5,53.12489101497124,Вверх,2.5884457525592617,True,0.1728787604201969,0.0939915382411775,0.0788872221790194,False,54.02528226568428,Зелёный,1.37510898502876,Выше
2021-04-23 21:00:00+05:00,54.22,53.13578762178745,Вверх,2.0404560217114107,True,0.1733318952523461,0.1098596096434112,0.0634722856089349,False,54.02528226568428,Зелёный,1.0842123782125483,Выше
2021-04-23 21:30:00+05:00,54.095,53.14533202356071,Вверх,1.7869264153214321,True,0.1617401131948881,0.1202357103537066,0.041504402841181495,False,54.02528226568428,Зелёный,0.9496679764392866,Выше
2021-04-23 22:00:00+05:00,54.11,53.15493070989344,Вверх,1.7967651868818924,True,0.1520116216889491,0.1265908926207551,0.02542072906819401,False,54.02528226568428,Зелёный,0.9550692901065574,Выше
2021-04-23 22:30:00+05:00,54.23,53.16562791676018,Вверх,2.0019928757472263,True,0.1522299075838589,0.1317186956133758,0.020511211970483112,False,54.02528226568428,Зелёный,1.0643720832398174,Выше
2021-04-23 23:00:00+05:00,54.205,53.17596992753869,Вверх,1.9351411433840116,True,0.148671813540453,0.1351093191987913,0.013562494341661707,False,54.02528226568428,Зелёный,1.0290300724613104,Выше
2021-04-23 23:30:00+05:00,54.265,53.186806047662685,Вверх,2.0271831163749625,True,0.1489761921270727,0.1378826937844476,0.011093498342625102,False,54.02528226568428,Зелёный,1.0781939523373154,Выше
2021-04-24 00:00:00+05:00,54.2,53.19688757952674,Вверх,1.8856599814672632,True,0.1423317458102957,0.1387725041896172,0.0035592416206784994,False,54.02528226568428,Зелёный,1.0031124204732649,Выше
2021-04-24 00:30:00+05:00,54.2,53.2068687976409,Вверх,1.8665469793688285,True,0.1355039688292265,0.1381187971175391,-0.0026148282883126095,Выше,54.02528226568428,Зелёный,0.9931312023591019,Выше
2021-04-24 01:00:00+05:00,54.185,53.2166014464206,Вверх,1.8197301730258095,True,0.1274137849400176,0.1359777946820348,-0.008564009742017209,False,54.02528226568428,Зелёный,0.9683985535794051,Выше
2021-04-24 01:30:00+05:00,54.2,53.22638650665522,Вверх,1.8291932953649763,True,0.1208198940303546,0.1329462145516988,-0.0121263205213442,False,54.02528226568428,Зелёный,0.9736134933447858,Выше
2021-04-26 12:00:00+05:00,54.295,53.23701947673826,Вверх,1.9873023201909743,True,0.1218552228728739,0.1307280162159338,-0.008872793343059904,False,54.03042576620021,Зелёный,1.0579805232617403,Выше
2021-04-26 12:30:00+05:00,54.295,53.24754664612396,Вверх,1.9671391826505704,True,0.1212777144404029,0.1288379558608276,-0.007560241420424704,False,54.03042576620021,Зелёный,1.047453353876044,Выше
2021-04-26 13:00:00+05:00,54.435,53.25936210238143,Вверх,2.207382610701611,True,0.1306112595210393,0.1291926165928699,0.0014186429281694002,Выше,54.03644487062218,Зелёный,1.1756378976185715,Выше
2021-04-26 13:30:00+05:00,54.245,53.269169444646295,Вверх,1.8318861839355685,True,0.1212787235070607,0.1276098379757081,-0.0063311144686473975,Выше,54.03644487062218,Зелёный,0.9758305553537028,Выше
2021-04-26 14:00:00+05:00,54.365,53.280073231266734,Вверх,2.036271166565501,True,0.1221574633991622,0.1265193630603989,-0.004361899661236707,False,54.03644487062218,Зелёный,1.0849267687332684,Выше
2021-04-26 14:30:00+05:00,54.465,53.29186354737354,Вверх,2.2013425212342437,True,0.1294310349568022,0.1271016974396796,0.0023293375171225816,Выше,54.104293310683566,Зелёный,1.1731364526264656,Выше
2021-04-26 15:00:00+05:00,54.645,53.30532759167828,Вверх,2.513205469036208,True,0.1480136789412043,0.1312840937399845,0.016729585201219782,False,54.24311397961521,Зелёный,1.339672408321725,Выше
2021-04-26 15:30:00+05:00,54.675,53.318956172855614,Вверх,2.543267769061723,True,0.1632791273171179,0.1376831004554112,0.0255960268617067,False,54.365302581653694,Зелёный,1.3560438271443829,Выше
2021-04-26 16:00:00+05:00,54.675,53.33244914626004,Вверх,2.517324584247234,True,0.1733785056479106,0.1448221814939111,0.0285563241539995,False,54.41102232348832,Зелёный,1.342550853739958,Выше
2021-04-26 16:30:00+05:00,54.75,53.346554129879344,Вверх,2.630808855439432,True,0.185298206554954,0.1529173865061197,0.0323808200488343,False,54.42642009113949,Зелёный,1.403445870120656,Выше
2021-04-26 17:00:00+05:00,54.705,53.360071004208905,Вверх,2.5204782723864985,True,0.188935599498599,0.1601210291046156,0.028814570393983413,False,54.451028082025545,Зелёный,1.3449289957910935,Выше
2021-04-26 17:30:00+05:00,54.7,53.37340363103269,Вверх,2.4855007901276096,True,0.1892334361410732,0.1659435105119071,0.023289925629166125,False,54.451028082025545,Зелёный,1.3265963689673157,Выше
2021-04-26 18:00:00+05:00,54.7,53.386603594903015,Вверх,2.460161007924434,True,0.1873102775431192,0.1702168639181495,0.017093413624969717,False,54.45828274644069,Зелёный,1.313396405096988,Выше
2021-04-26 18:30:00+05:00,54.725,53.39992097206816,Вверх,2.481425072941494,True,0.185663241290662,0.1733061393926521,0.012357101898009898,False,54.460454471796616,Зелёный,1.3250790279318423,Выше
2021-04-26 19:00:00+05:00,54.685,53.41270782806748,Вверх,2.3820027549023672,True,0.1790661246678979,0.1744581364477013,0.0046079882201965905,False,54.47640902461696,Зелёный,1.27229217193252,Выше
2021-04-26 19:30:00+05:00,54.71,53.42561620788771,Вверх,2.40405985607082,True,0.1738511059501419,0.1743367303481894,-0.0004856243980475017,Выше,54.47640902461696,Зелёный,1.284383792112294,Выше
2021-04-26 20:00:00+05:00,54.695,53.43824689238634,Вверх,2.3517858101604725,True,0.1665874746932232,0.1727868792171962,-0.006199404523973023,False,54.47640902461696,Зелёный,1.2567531076136618,Выше
2021-04-26 20:30:00+05:00,54.705,53.45085140091981,Вверх,2.3463585073195055,True,0.1597958835410082,0.1701886800819586,-0.010392796540950378,False,54.47640902461696,Зелёный,1.2541485990801888,Выше
2021-04-26 21:00:00+05:00,54.935,53.465619048671854,Вверх,2.7482725861464594,True,0.1710013789796818,0.1703512198615032,0.0006501591181785893,Выше,54.59009121105118,Зелёный,1.469380951328148,Выше
2021-04-26 21:30:00+05:00,54.83,53.479194978535816,Вверх,2.525851449346491,True,0.1694558112580821,0.170172138140819,-0.0007163268827369007,Выше,54.63908208994607,Зелёный,1.3508050214641827,Выше
2021-04-26 22:00:00+05:00,54.78,53.49213831208272,Вверх,2.4075718947776257,True,0.1623251720316574,0.1686027449189867,-0.006277572887329302,False,54.63908208994607,Зелёный,1.2878616879172782,Выше
2021-04-26 22:30:00+05:00,54.65,53.5036593239028,Вверх,2.1425463053983447,True,0.1445182589963565,0.1637858477344607,-0.01926758873810419,False,54.63908208994607,Зелёный,1.1463406760971964,Выше
2021-04-26 23:00:00+05:00,54.75,53.51606072366496,Вверх,2.3057363708188476,True,0.1368972501054983,0.1584081282086682,-0.0215108781031699,False,54.63908208994607,Зелёный,1.2339392763350432,Выше
2021-04-26 23:30:00+05:00,54.545,53.52629892541954,Вверх,1.9031786150577348,True,0.1130130152182928,0.1493291056105931,-0.0363160903923003,False,54.87686474078638,Красный,1.0187010745804628,Выше
2021-04-27 00:00:00+05:00,54.41,53.53509197093776,Вверх,1.6342701522530094,True,0.0822431671987544,0.1359119179282254,-0.05366875072947101,False,54.71892826670775,Красный,0.8749080290622331,Выше
2021-04-27 00:30:00+05:00,54.56,53.54529006077917,Вверх,1.8950498504518947,True,0.069164304309389,0.1225623952044581,-0.0533980908950691,False,54.71892826670775,Красный,1.014709939220829,Выше
2021-04-27 01:00:00+05:00,54.58,53.55558568206496,Вверх,1.9128057417138897,True,0.0597245763555136,0.1099948314346692,-0.050270255079155605,False,54.71892826670775,Красный,1.0244143179350402,Выше
2021-04-27 01:30:00+05:00,54.64,53.56637587428322,Вверх,2.0042874064067897,True,0.0564344809346053,0.0992827613346564,-0.0428482804000511,False,54.71892826670775,Красный,1.0736241257167833,Выше
2021-04-27 12:00:00+05:00,54.15,53.57218307951424,Вверх,1.078576394074024,True,0.0141253237708198,0.0822512738218891,-0.06812595005106929,False,54.46978358578695,Красный,0.5778169204857591,Выше
2021-04-27 12:30:00+05:00,53.675,53.57320613344943,Вверх,0.19000891284534943,True,-0.0570755865286827,0.0543859017517747,-0.1114614882804574,False,54.30830522720826,Красный,0.10179386655056533,Выше
2021-04-27 13:00:00+05:00,53.82,53.57566179381312,Вверх,0.45606194679819656,True,-0.1006423899083017,0.0233802434197594,-0.1240226333280611,False,54.23772470448744,Красный,0.24433820618688173,Выше
2021-04-27 13:30:00+05:00,54.04,53.5802820744717,Вверх,0.8579983302240486,True,-0.1160791459475092,-0.0045116344536942,-0.11156751149381501,False,54.23772470448744,Красный,0.4597179255283024,Выше
2021-04-27 14:00:00+05:00,54.095,53.58540364586999,Вверх,0.9509984425941469,True,-0.1224631668221363,-0.0281019409273826,-0.09436122589475371,False,54.23772470448744,Красный,0.5095963541300108,Выше
2021-04-27 14:30:00+05:00,54.07,53.59022550013994,Вверх,0.8952649394222285,True,-0.1280636029282078,-0.0480942733275477,-0.07996932960066008,False,54.23772470448744,Красный,0.4797744998600635,Выше
2021-04-27 15:00:00+05:00,53.87,53.5930093260092,Вверх,0.516841053477415,True,-0.1469464106702531,-0.0678647007960888,-0.0790817098741643,False,54.23772470448744,Красный,0.27699067399079524,Выше
2021-04-27 15:30:00+05:00,53.655,53.593626148635984,Вверх,0.11451707185067793,True,-0.1772170274405695,-0.0897351661249849,-0.0874818613155846,False,54.141843410752784,Красный,0.061373851364017185,Выше
2021-04-27 16:00:00+05:00,53.86,53.59627663471921,Вверх,0.4920553848883442,True,-0.1825604790134321,-0.1083002287026743,-0.07426025031075778,False,54.141843410752784,Красный,0.2637233652807893,Выше
2021-04-27 16:30:00+05:00,53.89,53.59919925526927,Вверх,0.542546808107666,True,-0.1822733202284965,-0.1230948470078388,-0.05917847322065768,False,54.141843410752784,Красный,0.29080074473073125,Выше
2021-04-27 17:00:00+05:00,53.27,53.59592364078898,Вниз,0.6081127418819885,True,-0.2294298388986533,-0.1443618453860017,-0.0850679935126516,False,53.98307884643879,Красный,-0.32592364078897873,Ниже
2021-04-27 17:30:00+05:00,53.35,53.5934766393881,Вниз,0.4543027522292852,True,-0.2573794778692999,-0.1669653718826613,-0.09041410598663857,False,53.8342709617949,Красный,-0.24347663938809916,Ниже
2021-04-27 18:00:00+05:00,52.685,53.58443707083698,Вниз,1.678541606489112,True,-0.3293926767452291,-0.1994508328551749,-0.1299418438900542,False,53.44309386561541,Красный,-0.8994370708369743,Ниже
2021-04-27 18:30:00+05:00,52.73,53.57593520943561,Вниз,1.5789462304834074,True,-0.3784697678674504,-0.23525461985763,-0.1432151480098204,False,53.26103447905387,Красный,-0.8459352094356163,Ниже
2021-04-27 19:00:00+05:00,52.93,53.569507993421325,Вниз,1.1937910527381757,True,-0.3966530185430628,-0.2675342995947166,-0.1291187189483462,False,53.26103447905387,Красный,-0.6395079934213257,Ниже
2021-04-27 19:30:00+05:00,53.365,53.56747308801416,Вниз,0.37797767253550507,True,-0.3716780380918507,-0.2883630472941434,-0.08331499079770727,False,52.596912071966365,Зелёный,-0.20247308801415898,Ниже
2021-04-27 20:00:00+05:00,52.985,53.561677335894615,Вниз,1.0766603373493537,True,-0.3781884888711886,-0.3063281356095524,-0.0718603532616362,False,52.596912071966365,Зелёный,-0.5766773358946153,Ниже
2021-04-27 20:30:00+05:00,52.9,53.55509348180612,Вниз,1.2232141505432523,True,-0.3857600558479177,-0.3222145196572255,-0.06354553619069225,False,52.596912071966365,Зелёный,-0.6550934818061194,Ниже
2021-04-27 21:00:00+05:00,53.31,53.552654740693626,Вниз,0.4531143075326106,True,-0.3545895165180326,-0.328689519029387,-0.025899997488645632,False,52.596912071966365,Зелёный,-0.2426547406936237,Ниже
2021-04-27 21:30:00+05:00,53.255,53.54969300198026,Вниз,0.5503168841124052,True,-0.3305147120114995,-0.3290545576258095,-0.0014601543856900268,False,52.69216626041713,Зелёный,-0.2946930019802565,Ниже
2021-04-27 22:00:00+05:00,53.06,53.54482043479638,Вниз,0.9054478675239197,True,-0.3234416918196459,-0.3279319844645768,0.004490292644930893,Ниже,52.69216626041713,Зелёный,-0.4848204347963758,Ниже
2021-04-27 22:30:00+05:00,53.06,53.53999635086806,Вниз,0.896519207290297,True,-0.3142142065773754,-0.3251884288871365,0.010974222309761084,False,52.69216626041713,Зелёный,-0.47999635086805625,Ниже
2021-04-27 23:00:00+05:00,53.125,53.535867033944,Вниз,0.7674612492658315,True,-0.2982187214835363,-0.3197944874064164,0.02157576592288013,False,52.69216626041713,Зелёный,-0.41086703394400104,Ниже
2021-04-27 23:30:00+05:00,53.11,53.53162955101919,Вниз,0.7876269684959863,True,-0.2834847235156275,-0.3125325346282587,0.029047811112631217,False,52.69216626041713,Зелёный,-0.4216295510191941,Ниже
2021-04-28 00:00:00+05:00,53.105,53.527384480859794,Вниз,0.7890997943507453,True,-0.2691092581730672,-0.3038478793372204,0.034738621164153216,False,52.69216626041713,Зелёный,-0.4223844808597974,Ниже
2021-04-28 00:30:00+05:00,53.18,53.5239279188612,Вниз,0.6425685338014991,True,-0.2487967510451483,-0.292837653678806,0.044040902633657675,False,52.70383818210234,Зелёный,-0.34392791886119767,Ниже
2021-04-28 01:00:00+05:00,53.02,53.51891371071333,Вниз,0.9322194269676531,True,-0.2428106357620834,-0.2828322500954615,0.040021614333378086,False,52.70383818210234,Зелёный,-0.4989137107133246,Ниже
2021-04-28 01:30:00+05:00,53.025,53.51399914642762,Вниз,0.9137779912310425,True,-0.2349547262296312,-0.2732567453222954,0.038302019092664175,False,52.70383818210234,Зелёный,-0.48899914642762354,Ниже
2021-04-28 12:00:00+05:00,52.53,53.50420811014476,Вниз,1.8208065207492377,True,-0.2656094441032905,-0.2717272850784945,0.006117840975203959,False,53.01358946524739,Красный,-0.9742081101447582,Ниже
2021-04-28 12:30:00+05:00,52.505,53.49426574088959,Вниз,1.8492930544767108,True,-0.2885940869490042,-0.2751006454525964,-0.013493441496407799,Ниже,52.951730518722655,Красный,-0.9892657408895857,Ниже
2021-04-28 13:00:00+05:00,52.09,53.4802929474479,Вниз,2.5996359982808244,True,-0.3364185896121796,-0.2873642342845131,-0.0490543553276665,False,52.64180746685039,Красный,-1.3902929474478967,Ниже
2021-04-28 13:30:00+05:00,52.215,53.46770296787131,Вниз,2.3429152522674404,True,-0.3600825892529826,-0.301907905278207,-0.0581746839747756,False,52.56237672016535,Красный,-1.2527029678713077,Ниже
2021-04-28 14:00:00+05:00,52.405,53.45712880898702,Вниз,1.9681730620933404,True,-0.3593625594644081,-0.3133988361154472,-0.04596372334896087,False,52.56237672016535,Красный,-1.052128808987021,Ниже
2021-04-28 14:30:00+05:00,52.05,53.44312752730556,Вниз,2.606747755534664,True,-0.3830222220578108,-0.3273235133039199,-0.05569870875389088,False,52.56237672016535,Красный,-1.393127527305566,Ниже
2021-04-28 15:00:00+05:00,52.025,53.42901680564084,Вниз,2.6278170357284436,True,-0.399188371131757,-0.3416964848694874,-0.05749188626226959,False,52.52437512900054,Красный,-1.4040168056408433,Ниже
2021-04-28 15:30:00+05:00,51.935,53.41415096677874,Вниз,2.769211791269895,True,-0.4144844893961661,-0.3562540857748231,-0.05823040362134302,False,52.45393761610049,Красный,-1.4791509667787395,Ниже
2021-04-28 16:00:00+05:00,52.0,53.40007981288045,Вниз,2.6218683900594857,True,-0.416559972487704,-0.3683152631173993,-0.04824470937030467,False,52.39129385449044,Красный,-1.400079812880449,Ниже
2021-04-28 16:30:00+05:00,51.915,53.385302899319456,Вниз,2.7541342269656757,True,-0.4202195678159768,-0.3786961240571148,-0.04152344375886202,False,52.36316446904139,Красный,-1.4703028993194565,Ниже
2021-04-28 17:00:00+05:00,51.635,53.367886950072496,Вниз,3.2470593255709628,True,-0.4406341274855165,-0.3910837247427952,-0.04955040274272132,False,52.22984802213726,Красный,-1.7328869500724977,Ниже
2021-04-28 17:30:00+05:00,52.1,53.35527115952451,Вниз,2.352665692151452,True,-0.4145129519846122,-0.3957695701911586,-0.018743381793453584,False,52.22984802213726,Красный,-1.2552711595245114,Ниже
2021-04-28 18:00:00+05:00,52.195,53.34372617286258,Вниз,2.153441942057227,True,-0.381745501640772,-0.3929647564810813,0.011219254840309334,Ниже,52.22984802213726,Красный,-1.148726172862581,Ниже
2021-04-28 18:30:00+05:00,52.41,53.33443536517241,Вниз,1.7332804947553146,True,-0.3345716245720638,-0.3812861300992779,0.04671450552721412,False,51.87601579186194,Зелёный,-0.924435365172414,Ниже
2021-04-28 19:00:00+05:00,52.43,53.32543600830503,Вниз,1.6791911615417001,True,-0.2922038106342128,-0.3634696662062649,0.07126585557205212,False,52.04991421267575,Зелёный,-0.8954360083050332,Ниже
2021-04-28 19:30:00+05:00,52.54,53.31762072464031,Вниз,1.458468540178006,True,-0.2469047676842279,-0.3401566865018576,0.0932519188176297,False,52.10817279140817,Зелёный,-0.7776207246403075,Ниже
2021-04-28 20:00:00+05:00,52.525,53.3097339512608,Вниз,1.4720275137337187,True,-0.2097969161686137,-0.3140847324352088,0.10428781626659508,False,52.26360551226736,Зелёный,-0.7847339512608045,Ниже
2021-04-28 20:30:00+05:00,52.74,53.3040649567209,Вниз,1.0582025164101063,True,-0.1611819679308084,-0.2835041795343287,0.1223222116035203,False,52.26449496104062,Зелёный,-0.5640649567208982,Ниже
2021-04-28 21:00:00+05:00,52.6,53.29705933526099,Вниз,1.3078757889364794,True,-0.1324245928962852,-0.25328826220672,0.12086366931043482,False,52.27304546493656,Зелёный,-0.6970593352609882,Ниже
2021-04-28 21:30:00+05:00,52.54,53.28952640655193,Вниз,1.4065172972897266,True,-0.11317109857697,-0.22526482948077,0.11209373090380001,False,52.27304546493656,Зелёный,-0.7495264065519294,Ниже
2021-04-28 22:00:00+05:00,52.595,53.282615696038974,Вниз,1.2905066447218212,True,-0.0924092885139415,-0.1986937212874043,0.1062844327734628,False,52.27304546493656,Зелёный,-0.687615696038975,Ниже
2021-04-28 22:30:00+05:00,52.59,53.27572399757093,Вниз,1.2871228133890589,True,-0.0754886762022906,-0.1740527122703816,0.098564036068091,False,52.29193514393874,Зелёный,-0.6857239975709248,Ниже
2021-04-28 23:00:00+05:00,52.575,53.26875161948565,Вниз,1.3023613251561017,True,-0.062568097596845,-0.1517557893356743,0.0891876917388293,False,52.31899162954488,Зелёный,-0.6937516194856457,Ниже
2021-04-28 23:30:00+05:00,52.615,53.26224662824698,Вниз,1.215207148065955,True,-0.0485412272068543,-0.1311128769099103,0.082571649703056,False,52.38659246659039,Зелёный,-0.6472466282469753,Ниже
2021-04-29 00:00:00+05:00,52.65,53.25615462199577,Вниз,1.138186987585126,True,-0.0342063147678999,-0.1117315644815082,0.0775252497136083,False,52.38659246659039,Зелёный,-0.6061546219957705,Ниже
2021-04-29 00:30:00+05:00,52.615,53.24977497401572,Вниз,1.192070716402972,True,-0.0253774652528377,-0.0944607446357741,0.0690832793829364,False,52.38659246659039,Зелёный,-0.6347749740157198,Ниже
2021-04-29 01:00:00+05:00,52.575,53.24306079516979,Вниз,1.2547377727585358,True,-0.0213619567695033,-0.07984098706252,0.05847903029301671,False,52.38659246659039,Зелёный,-0.6680607951697866,Ниже
2021-04-29 01:30:00+05:00,52.505,53.23571690666064,Вниз,1.372606492633172,True,-0.0235565075957282,-0.0685840911691616,0.0450275835734334,False,52.38659246659039,Зелёный,-0.7307169066606392,Ниже
2021-04-29 12:00:00+05:00,53.22,53.23556051952969,Вниз,0.029229558922338007,True,0.0320296022423676,-0.0484613524868558,0.08049095472922341,False,52.80672651059696,Зелёный,-0.01556051952969284,Ниже
2021-04-29 12:30:00+05:00,53.12,53.23441066361398,Вниз,0.214918625354824,True,0.0672377555087706,-0.0253215308877305,0.0925592863965011,False,52.80672651059696,Зелёный,-0.114410663613981,Ниже
2021-04-29 13:00:00+05:00,53.09,53.23297374158797,Вниз,0.2685811660306857,True,0.0916630863527174,-0.0019246074396409,0.0935876937923583,False,52.80672651059696,Зелёный,-0.14297374158796572,Ниже
2021-04-29 13:30:00+05:00,52.975,53.2304068386866,Вниз,0.4798138016502492,True,0.10058135882187,0.0185765858126612,0.0820047730092088,False,52.80672651059696,Зелёный,-0.2554068386865964,Ниже
2021-04-29 14:00:00+05:00,52.66,53.22473114874942,Вниз,1.0610314727023145,True,0.0812941778923317,0.0311201042285953,0.0501740736637364,False,53.329211736397326,Красный,-0.5647311487494235,Ниже
2021-04-29 14:30:00+05:00,52.225,53.21478357513002,Вниз,1.8599785785704024,True,0.0305558546239765,0.0310072543076716,-0.00045139968369510217,Выше,52.9010405627576,Красный,-0.9897835751300192,Ниже
2021-04-29 15:00:00+05:00,52.49,53.20757179826306,Вниз,1.348627223553328,True,0.0115949933211467,0.0271248021103666,-0.0155298087892199,False,52.883936506481845,Красный,-0.7175717982630587,Ниже
2021-04-29 15:30:00+05:00,52.36,53.1991382480316,Вниз,1.5773530844038646,True,-0.0137628893898593,0.0189472638103214,-0.0327101532001807,False,52.883936506481845,Красный,-0.8391382480316025,Ниже
2021-04-29 16:00:00+05:00,52.4,53.19118662367308,Вниз,1.4874393182290122,True,-0.030282451178941,0.0091013208124689,-0.0393837719914099,False,52.883936506481845,Красный,-0.7911866236730845,Ниже
2021-04-29 16:30:00+05:00,52.33,53.182617602542,Вниз,1.6031884870993096,True,-0.0484640742196305,-0.0024117581939509,-0.0460523160256796,False,52.80480721322526,Красный,-0.8526176025420042,Ниже
2021-04-29 17:00:00+05:00,52.33,53.174133845302784,Вниз,1.5874896011632038,True,-0.0621566384341889,-0.0143607342419985,-0.0477959041921904,False,52.75257649190274,Красный,-0.8441338453027853,Ниже
2021-04-29 17:30:00+05:00,52.515,53.16757529957838,Вниз,1.2273933800843375,True,-0.057418258392218,-0.0229722390720424,-0.0344460193201756,False,52.75257649190274,Красный,-0.6525752995783805,Ниже
2021-04-29 18:00:00+05:00,52.675,53.16267405281641,Вниз,0.9173241593000356,True,-0.0402879804859139,-0.0264353873548167,-0.013852593131097199,False,52.75257649190274,Красный,-0.4876740528164163,Ниже
2021-04-29 18:30:00+05:00,51.92,53.150309136868,Вниз,2.314773247507964,True,-0.0866356205252998,-0.0384754339889133,-0.0481601865363865,False,52.734753262597096,Красный,-1.2303091368680015,Ниже
2021-04-29 19:00:00+05:00,51.66,53.1354801902325,Вниз,2.776826679555875,True,-0.142701314339348,-0.0593206100590003,-0.08338070428034769,False,52.37027793633738,Красный,-1.4754801902325028,Ниже
2021-04-29 19:30:00+05:00,51.72,53.12139581023019,Вниз,2.638100503300986,True,-0.1802148771356613,-0.0834994634743325,-0.09671541366132881,False,52.10750014270365,Красный,-1.4013958102301913,Ниже
2021-04-29 20:00:00+05:00,52.0,53.11023764296422,Вниз,2.090439983394239,True,-0.1852159320087167,-0.1038427571812093,-0.08137317482750739,False,52.10750014270365,Красный,-1.110237642964222,Ниже
2021-04-29 20:30:00+05:00,51.99,53.09909099975065,Вниз,2.0887193714029055,True,-0.1878211353194103,-0.1206384328088495,-0.0671827025105608,False,52.10750014270365,Красный,-1.1090909997506486,Ниже
2021-04-29 21:00:00+05:00,51.75,53.08566720870836,Вниз,2.516059944122263,True,-0.2068671363711658,-0.1378841735213128,-0.068982962849853,False,52.10750014270365,Красный,-1.335667208708358,Ниже
2021-04-29 21:30:00+05:00,51.905,53.073919276283405,Вниз,2.2024363231937665,True,-0.2070670843590463,-0.1517207556888595,-0.055346328670186795,False,52.10750014270365,Красный,-1.168919276283404,Ниже
2021-04-29 22:00:00+05:00,51.985,53.06308425860895,Вниз,2.0317029695348796,True,-0.1984822335306404,-0.1610730512572157,-0.03740918227342471,False,52.10750014270365,Красный,-1.0780842586089534,Ниже
2021-04-29 22:30:00+05:00,52.0,53.05250630578697,Вниз,1.9838955387337895,True,-0.1882977238100451,-0.1665179857677816,-0.02177973804226349,False,52.10750014270365,Красный,-1.0525063057869701,Ниже
2021-04-29 23:00:00+05:00,52.145,53.04347639229656,Вниз,1.693848995966341,True,-0.1666056125040427,-0.1665355111150338,-7.010138900889751e-05,False,51.59996613199528,Зелёный,-0.8984763922965584,Ниже
2021-04-29 23:30:00+05:00,52.19,53.03498408988565,Вниз,1.5932579303758045,True,-0.1441219855548468,-0.1620528060029964,0.017930820448149615,Ниже,51.72171951879576,Зелёный,-0.8449840898856493,Ниже
2021-04-30 00:00:00+05:00,52.18,53.026476785508684,Вниз,1.5963285453277818,True,-0.1256619133233769,-0.1547746274670725,0.029112714143695595,False,51.76554756691618,Зелёный,-0.8464767855086848,Ниже
2021-04-30 00:30:00+05:00,52.175,53.01800437968273,Вниз,1.590034158293939,True,-0.1101657095713832,-0.1458528438879347,0.0356871343165515,False,51.78574281022456,Зелёный,-0.843004379682732,Ниже
2021-04-30 01:00:00+05:00,52.115,53.009019261476936,Вниз,1.6865417884209792,True,-0.101555684300493,-0.1369934119704463,0.03543772766995329,False,51.78741852920211,Зелёный,-0.8940192614769344,Ниже
2021-04-30 01:30:00+05:00,52.09,52.999874791213486,Вниз,1.7167489447811393,True,-0.0956469102643211,-0.1287241116292213,0.033077201364900194,False,51.8021766762819,Зелёный,-0.9098747912134826,Ниже
2021-04-30 12:00:00+05:00,51.885,52.98878150970888,Вниз,2.083047539990404,True,-0.106280811970862,-0.1242354516975494,0.0179546397266874,False,51.8021766762819,Зелёный,-1.103781509708881,Ниже
2021-04-30 12:30:00+05:00,52.005,52.97899263896551,Вниз,1.8384506583636768,True,-0.1038283895247502,-0.1201540392629896,0.01632564973823941,False,51.8021766762819,Зелёный,-0.9739926389655054,Ниже
2021-04-30 13:00:00+05:00,52.0,52.969251418677295,Вниз,1.8298378638885788,True,-0.1011226068159771,-0.1163477527735871,0.01522514595761,False,51.8021766762819,Зелёный,-0.9692514186772954,Ниже
2021-04-30 13:30:00+05:00,51.93,52.9589106085412,Вниз,1.9428470048159574,True,-0.1034343427926742,-0.1137650707774046,0.010330727984730392,False,51.8021766762819,Зелёный,-1.028910608541203,Ниже
2021-04-30 14:00:00+05:00,51.79,52.94727965721244,Вниз,2.1857207106858376,True,-0.1152348841670942,-0.1140590334553425,-0.0011758507117516914,Ниже,52.19641001942231,Красный,-1.1572796572124417,Ниже
2021-04-30 14:30:00+05:00,51.795,52.935814187986445,Вниз,2.1550895277347903,True,-0.1227682441138071,-0.1158008755870354,-0.006967368526771697,False,52.09176901748008,Красный,-1.140814187986443,Ниже
2021-04-30 15:00:00+05:00,51.61,52.922622007011455,Вниз,2.480266391256187,True,-0.1420292156491172,-0.1210465435994518,-0.02098267204966539,False,52.04059211573207,Красный,-1.3126220070114556,Ниже
2021-04-30 15:30:00+05:00,51.59,52.90936208654368,Вниз,2.493626901767594,True,-0.1570965954485856,-0.1282565539692786,-0.028840041479306994,False,51.92028290415887,Красный,-1.319362086543677,Ниже
2021-04-30 16:00:00+05:00,51.03,52.890661966279566,Вниз,3.517940402156112,True,-0.2117836127222574,-0.1449619657198743,-0.0668216470023831,False,51.728004613742975,Красный,-1.8606619662795651,Ниже
2021-04-30 16:30:00+05:00,51.025,52.87209816562007,Вниз,3.4935215921148086,True,-0.2526149383614964,-0.1664925602481988,-0.08612237811329759,False,51.391454152368674,Красный,-1.847098165620075,Ниже
2021-04-30 17:00:00+05:00,50.94,52.85287330825072,Вниз,3.619241847258492,True,-0.2885071172713083,-0.1908954716528207,-0.09761164561848759,False,51.391454152368674,Красный,-1.9128733082507239,Ниже
2021-04-30 17:30:00+05:00,50.855,52.832993971850215,Вниз,3.743861218435031,True,-0.3201205666476951,-0.2167404906517956,-0.10338007599589952,False,51.13737786341864,Красный,-1.9779939718502177,Ниже
2021-04-30 18:00:00+05:00,50.805,52.8128149273542,Вниз,3.801757073763278,True,-0.3452294450292257,-0.2424382815272816,-0.10279116350194409,False,51.13737786341864,Красный,-2.0078149273541968,Ниже
2021-04-30 18:30:00+05:00,50.935,52.79413020170888,Вниз,3.521471410942388,True,-0.3505970341312263,-0.2640700320480706,-0.08652700208315567,False,51.13737786341864,Красный,-1.8591302017088793,Ниже
2021-04-30 19:00:00+05:00,51.05,52.77677567233865,Вниз,3.271847607855459,True,-0.3416332132381399,-0.2795826682860844,-0.062050544952055475,False,51.13737786341864,Красный,-1.726775672338654,Ниже
2021-04-30 19:30:00+05:00,50.965,52.75874805370842,Вниз,3.39990640392449,True,-0.3374976474302968,-0.2911656641149269,-0.04633198331536992,False,51.13737786341864,Красный,-1.7937480537084198,Ниже
2021-04-30 20:00:00+05:00,50.415,52.735427177552125,Вниз,4.400129669452761,True,-0.3742860486072743,-0.3077897410133964,-0.06649630759387792,False,51.13634147957006,Красный,-2.3204271775521264,Ниже
2021-04-30 20:30:00+05:00,50.59,52.714079643447135,Вниз,4.029435129692482,True,-0.384883388006827,-0.3232084704120825,-0.06167491759474447,False,50.96870733161306,Красный,-2.124079643447132,Ниже
2021-04-30 21:00:00+05:00,50.6,52.69304402510438,Вниз,3.972144832071561,True,-0.388002290522067,-0.3361672344340795,-0.0518350560879875,False,50.96870733161306,Красный,-2.0930440251043763,Ниже
2021-04-30 21:30:00+05:00,50.8,52.67420776614812,Вниз,3.558112870854818,True,-0.3700697806348927,-0.3429477436742421,-0.02712203696065063,False,50.96870733161306,Красный,-1.8742077661481247,Ниже
2021-04-30 22:00:00+05:00,50.85,52.65605644509193,Вниз,3.4299120880334524,True,-0.3478141699753081,-0.3439210289344553,-0.00389314104085281,False,50.96870733161306,Красный,-1.8060564450919259,Ниже
2021-04-30 22:30:00+05:00,50.795,52.637538470513896,Вниз,3.500426737367351,True,-0.3308012081197944,-0.3412970647715232,0.010495856651728808,Ниже,50.96870733161306,Красный,-1.8425384705138939,Ниже
2021-04-30 23:00:00+05:00,50.9,52.62024953050879,Вниз,3.2691778276562546,True,-0.305326081787193,-0.3341028681746572,0.02877678638746417,False,50.96870733161306,Красный,-1.720249530508788,Ниже
2021-04-30 23:30:00+05:00,50.855,52.60268485856343,Вниз,3.322425201798265,True,-0.2854771813068026,-0.3243777308010863,0.038900549494283676,False,50.96870733161306,Красный,-1.7476848585634315,Ниже
2021-05-01 00:00:00+05:00,50.89,52.58564321817971,Вниз,3.2245364217461923,True,-0.2638807244483061,-0.3122783295305302,0.04839760508222407,False,50.96870733161306,Красный,-1.6956432181797112,Ниже
2021-05-01 00:30:00+05:00,50.92,52.56906965381972,Вниз,3.1369580338386163,True,-0.241560073354627,-0.2981346782953496,0.05657460494072261,False,50.96870733161306,Красный,-1.6490696538197156,Ниже
2021-05-01 01:00:00+05:00,50.93,52.55276050303544,Вниз,3.0878691956471185,True,-0.2205218416048353,-0.2826121109572468,0.06209026935241152,False,50.96870733161306,Красный,-1.6227605030354368,Ниже
2021-05-01 01:30:00+05:00,50.65,52.53382756270673,Вниз,3.58593243650125,True,-0.2238620094178998,-0.2708620906493774,0.047000081231477586,False,50.96870733161306,Красный,-1.8838275627067347,Ниже
2021-05-04 12:00:00+05:00,52.61,52.53458549740617,Вверх,0.14355210359003112,True,-0.0675745396484401,-0.23020458044919,0.16263004080074991,False,51.6380687509516,Зелёный,0.07541450259382998,Выше
2021-05-04 12:30:00+05:00,52.8,52.53722643773048,Вверх,0.5001664154862967,True,0.0707996835572331,-0.1700037276479054,0.24080341120513848,False,52.03251187585644,Зелёный,0.26277356226951554,Выше
2021-05-04 13:00:00+05:00,52.305,52.53491572690729,Вниз,0.43764365798636945,True,0.1389185230083285,-0.1082192775166586,0.24713780052498707,False,52.03251187585644,Зелёный,-0.22991572690729356,Ниже
2021-05-04 13:30:00+05:00,52.415,52.533722535594784,Вниз,0.225993000047432,True,0.1994797958203378,-0.0466794628492593,0.24615925866959712,False,52.03251187585644,Зелёный,-0.11872253559478452,Ниже
2021-05-04 14:00:00+05:00,52.51,52.53348649046449,Вниз,0.04470765607524517,True,0.2522331600369227,0.013103061727977,0.2391300983089457,False,52.03251187585644,Зелёный,-0.02348649046449225,Ниже
2021-05-04 14:30:00+05:00,52.53,52.53345179901709,Вниз,0.0065706685909225964,True,0.2922851330267093,0.0689394759877235,0.2233456570389858,False,52.03251187585644,Зелёный,-0.0034517990170854773,Ниже
2021-05-04 15:00:00+05:00,52.53,52.533417452758215,Вниз,0.006505293057104135,True,0.3203339992377749,0.1192183806377338,0.2011156186000411,False,52.03251187585644,Зелёный,-0.0034174527582138126,Ниже
2021-05-04 15:30:00+05:00,52.55,52.53358245322829,Вверх,0.03125152712804745,True,0.3402545183576961,0.1634256081817263,0.1768289101759698,False,52.03251187585644,Зелёный,0.016417546771705815,Выше
2021-05-04 16:00:00+05:00,52.655,52.53479058802204,Вверх,0.2288186754576462,True,0.3603602866897404,0.2028125438833291,0.15754774280641132,False,52.13496431168532,Зелёный,0.1202094119779602,Выше
2021-05-04 16:30:00+05:00,52.43,52.53374789560392,Вниз,0.1974880905320015,True,0.3540572814035698,0.2330614913873772,0.1209957900161926,False,52.13496431168532,Зелёный,-0.10374789560392372,Ниже
2021-05-04 17:00:00+05:00,52.04,52.5288349812198,Вниз,0.9306031275861573,True,0.3139730774739036,0.2492438086046825,0.06472926886922106,False,52.76460390753489,Красный,-0.48883498121980296,Ниже
2021-05-04 17:30:00+05:00,52.18,52.5253639863818,Вниз,0.6575185018638624,True,0.2901581247942602,0.2574266718425981,0.03273145295166208,False,52.76460390753489,Красный,-0.3453639863817983,Ниже
2021-05-04 18:00:00+05:00,52.135,52.52147976761183,Вниз,0.7358508734366622,True,0.2646032971985974,0.2588619969137979,0.0057413002847994665,False,52.70820416510326,Красный,-0.38647976761183145,Ниже
2021-05-04 18:30:00+05:00,51.455,52.51086802863062,Вниз,2.010760949628421,True,0.1873212721911841,0.2445538519692752,-0.0572325797780911,Выше,52.42338374859293,Красный,-1.05586802863062,Ниже
2021-05-04 19:00:00+05:00,51.915,52.50493899351987,Вниз,1.1235876182861246,True,0.1613331184424566,0.2279097052639115,-0.0665765868214549,False,52.42338374859293,Красный,-0.5899389935198727,Ниже
2021-05-04 19:30:00+05:00,51.835,52.49827293388287,Вниз,1.2634185789658425,True,0.1327517088849887,0.2088781059881269,-0.0761263971031382,False,52.42338374859293,Красный,-0.6632729338828725,Ниже
2021-05-04 20:00:00+05:00,52.145,52.4947577803119,Вниз,0.6662718242755156,True,0.1335753713811698,0.1938175590667355,-0.06024218768556572,False,52.42338374859293,Красный,-0.3497577803118972,Ниже
2021-05-04 20:30:00+05:00,52.26,52.49242188200034,Вниз,0.4427722586753854,True,0.1418722537199812,0.1834284979973847,-0.04155624427740351,False,52.42338374859293,Красный,-0.2324218820003452,Ниже
2021-05-04 21:00:00+05:00,52.36,52.49110425133368,Вниз,0.24976470433149722,True,0.1547330902678254,0.1776894164514728,-0.022956326183647402,False,52.42338374859293,Красный,-0.13110425133368153,Ниже
2021-05-04 21:30:00+05:00,52.265,52.48885445778807,Вниз,0.426479983418379,True,0.1554675566199179,0.1732450444851618,-0.017777487865243885,False,52.42338374859293,Красный,-0.22385445778807167,Ниже
2021-05-04 22:00:00+05:00,52.155,52.48553252288471,Вниз,0.6297593012714332,True,0.1454963543986878,0.167695306467867,-0.022198952069179212,False,52.42338374859293,Красный,-0.3305325228847096,Ниже
2021-05-04 22:30:00+05:00,52.25,52.48318891569184,Вниз,0.44431163675368834,True,0.1436044283917539,0.1628771308526444,-0.019272702460890495,False,52.42338374859293,Красный,-0.23318891569184075,Ниже
2021-05-04 23:00:00+05:00,52.385,52.4822119115556,Вниз,0.18522830501013965,True,0.1512548632479493,0.1605526773317054,-0.0092978140837561,False,52.42338374859293,Красный,-0.09721191155560405,Ниже
2021-05-04 23:30:00+05:00,52.415,52.48154313631624,Вниз,0.12679340648082926,True,0.1579182539387176,0.1600257926531079,-0.002107538714390289,False,52.42338374859293,Красный,-0.0665431363162412,Ниже
2021-05-05 00:00:00+05:00,52.415,52.48088101555688,Вниз,0.12553336430719197,True,0.1613392209592561,0.1602884783143375,0.0010507426449185842,Выше,52.42338374859293,Красный,-0.06588101555688297,Ниже
2021-05-05 00:30:00+05:00,52.49,52.480971751720496,Вверх,0.017202898456639432,True,0.1681637481581503,0.1618635322831001,0.006300215875050197,False,52.039460092260846,Зелёный,0.009028248279506101,Выше
2021-05-05 01:00:00+05:00,52.585,52.48200685866855,Вверх,0.19624467030921344,True,0.1791725515400983,0.1653253361344997,0.013847215405598606,False,52.15226408303476,Зелёный,0.10299314133145288,Выше
2021-05-05 01:30:00+05:00,52.6,52.48318091977632,Вверх,0.22258384148293692,True,0.1869524111522764,0.1696507511380551,0.017301660014221287,False,52.24178767473128,Зелёный,0.11681908022367793,Выше
2021-05-05 12:00:00+05:00,52.425,52.48260200515169,Вниз,0.10975447662834863,True,0.1769571169891435,0.1711120243082728,0.005845092680870689,False,52.24178767473128,Зелёный,-0.05760200515169345,Ниже
2021-05-05 12:30:00+05:00,52.585,52.48362089067257,Вверх,0.193163329067201,True,0.1798729735053328,0.1728642141476848,0.007008759357647998,False,52.24178767473128,Зелёный,0.1013791093274321,Выше
2021-05-05 13:00:00+05:00,52.25,52.48129630469573,Вниз,0.44072140168351187,True,0.1533839952943054,0.1689681703770089,-0.015584175082703489,Выше,52.24178767473128,Зелёный,-0.23129630469573215,Ниже
2021-05-05 13:30:00+05:00,52.165,52.47814907778334,Вниз,0.5967227946991661,True,0.1241019297979875,0.1599949222612046,-0.0358929924632171,False,53.002191106608805,Красный,-0.31314907778334344,Ниже
2021-05-05 14:00:00+05:00,52.1,52.47438640039247,Вниз,0.7134650370864879,True,0.0945606884000298,0.1469080754889697,-0.05234738708893989,False,52.67047199594793,Красный,-0.37438640039246707,Ниже
2021-05-05 14:30:00+05:00,52.125,52.47090991879652,Вниз,0.6592413192983485,True,0.0723325284626099,0.1319929660836978,-0.059660437621087886,False,52.57117479635314,Красный,-0.3459099187965222,Ниже
2021-05-05 15:00:00+05:00,52.09,52.467119770350784,Вниз,0.7187735328362577,True,0.0513009783297278,0.1158545685329038,-0.064553590203176,False,52.53380731671782,Красный,-0.3771197703507809,Ниже
2021-05-05 15:30:00+05:00,52.06,52.46306882736222,Вниз,0.7682906020777754,True,0.0318454791848239,0.0990527506632878,-0.06720727147846389,False,52.53380731671782,Красный,-0.40306882736221894,Ниже
2021-05-05 16:00:00+05:00,52.055,52.45900844102031,Вниз,0.7701412074430195,True,0.0158407949068006,0.0824103595119904,-0.0665695646051898,False,52.52453392654144,Красный,-0.4040084410203093,Ниже
2021-05-05 16:30:00+05:00,51.855,52.452998406781305,Вниз,1.1400652487847034,True,-0.0128334254809061,0.0633616025134111,-0.0761950279943172,False,52.34183053388729,Красный,-0.5979984067813078,Ниже
2021-05-05 17:00:00+05:00,51.9,52.44749593507204,Вниз,1.0438933743373013,True,-0.0315629893119506,0.0443766841483387,-0.07593967346028929,False,52.30414748049856,Красный,-0.5474959350720425,Ниже
2021-05-05 17:30:00+05:00,51.865,52.44169995561859,Вниз,1.0996972945321142,True,-0.0486694796147659,0.0257674513957178,-0.0744369310104837,False,52.24023273244871,Красный,-0.5766999556185866,Ниже
2021-05-05 18:00:00+05:00,51.775,52.435066125214426,Вниз,1.258825770598241,True,-0.0686968497424445,0.0068745911680853,-0.0755714409105298,False,52.16720945920384,Красный,-0.6600661252144278,Ниже
2021-05-05 18:30:00+05:00,51.87,52.429443576704834,Вниз,1.0670408429690175,True,-0.0760265915833002,-0.0097056453821917,-0.06632094620110851,False,52.16720945920384,Красный,-0.5594435767048367,Ниже
2021-05-05 19:00:00+05:00,51.93,52.424473988876926,Вниз,0.9432121130711593,True,-0.0761165421243319,-0.0229878247306198,-0.0531287173937121,False,52.16720945920384,Красный,-0.4944739888769263,Ниже
2021-05-05 19:30:00+05:00,51.89,52.41915583973388,Вниз,1.0094703572711485,True,-0.0785104744043536,-0.0340923546653665,-0.0444181197389871,False,52.16720945920384,Красный,-0.5291558397338818,Ниже
2021-05-05 20:00:00+05:00,52.27,52.41767170202508,Вниз,0.28172121582304804,True,-0.0491779657986271,-0.0371094768920186,-0.012068488906608499,False,51.72909062381636,Зелёный,-0.14767170202507884,Ниже
2021-05-05 20:30:00+05:00,52.37,52.4171973567313,Вниз,0.09004174032826631,True,-0.0176590150015627,-0.0332193845139274,0.015560369512364697,Ниже,51.99843156143472,Зелёный,-0.047197356731302875,Ниже
2021-05-05 21:00:00+05:00,52.425,52.41727499497279,Вверх,0.014737517408039765,True,0.0116240263921696,-0.024250702332708,0.0358747287248776,False,51.99843156143472,Зелёный,0.00772500502720419,Выше
2021-05-05 21:30:00+05:00,52.49,52.41799862686361,Вверх,0.137360019501956,True,0.0396192978386267,-0.0114767022984411,0.051096000137067804,False,52.07445456476213,Зелёный,0.07200137313639488,Выше
2021-05-05 22:00:00+05:00,52.46,52.41841655097442,Вверх,0.07932984580933018,True,0.0587082507059264,0.0025602883024324,0.056147962403494,False,52.11250910828591,Зелёный,0.04158344902558042,Выше
2021-05-05 22:30:00+05:00,52.395,52.41818355046722,Вниз,0.044228069148744026,True,0.0678097579300995,0.0156101822279658,0.052199575702133696,False,52.11250910828591,Зелёный,-0.023183550467216207,Ниже
2021-05-05 23:00:00+05:00,52.405,52.41805237086058,Вниз,0.024900526193212275,True,0.074965528456957,0.027481251473764,0.047484276983193005,False,52.11250910828591,Зелёный,-0.013052370860577867,Ниже
2021-05-05 23:30:00+05:00,52.5,52.4188677701555,Вверх,0.15477676893031167,True,0.0872959409385956,0.0394441893667303,0.0478517515718653,False,52.15170913994044,Зелёный,0.08113222984449919,Выше
2021-05-06 00:00:00+05:00,52.45,52.41917754358679,Вверх,0.05879996187956742,True,0.0919730909918712,0.0499499696917585,0.0420231213001127,False,52.17628822594639,Зелёный,0.030822456413211796,Выше
2021-05-06 00:30:00+05:00,52.455,52.41953398593916,Вверх,0.0676580109818425,True,0.094988258800079,0.0589576275134226,0.036030631286656394,False,52.18990940335175,Зелёный,0.03546601406083738,Выше
2021-05-06 01:00:00+05:00,52.475,52.42008588657659,Вверх,0.10475777079464278,True,0.097863524076601,0.0667388068260583,0.031124717250542694,False,52.21916846301657,Зелёный,0.05491411342341479,Выше
2021-05-06 01:30:00+05:00,52.49,52.42078154939673,Вверх,0.13204391189407919,True,0.1001975521527711,0.0734305558914008,0.0267669962613703,False,52.230751616714926,Зелёный,0.06921845060327314,Выше
2021-05-06 12:00:00+05:00,52.415,52.42072402154204,Вниз,0.0109193866526744,True,0.0949014481993089,0.0777247343529825,0.017176713846326408,False,52.27817645504343,Зелёный,-0.005724021542043545,Ниже
2021-05-06 12:30:00+05:00,52.745,52.42395064819336,Вверх,0.6124096864830614,True,0.1159953673446096,0.0853788609513079,0.030616506393301712,False,52.27817645504343,Зелёный,0.32104935180663574,Выше
2021-05-06 13:00:00+05:00,52.945,52.42913521885811,Вверх,0.9839276939977887,True,0.1471544735998264,0.0977339834810116,0.04942049011881479,False,52.47682292858517,Зелёный,0.515864781141893,Выше
2021-05-06 13:30:00+05:00,53.05,52.435312977874446,Вверх,1.1722768249422368,True,0.1782659731034854,0.1138403814055064,0.06442559169797901,False,52.71964063572665,Зелёный,0.6146870221255512,Выше
2021-05-06 14:00:00+05:00,53.315,52.44406608257221,Вверх,1.6606910609419854,True,0.2217491596308107,0.1354221370505673,0.08632702258024341,False,52.71964063572665,Зелёный,0.8709339174277844,Выше
2021-05-06 14:30:00+05:00,53.565,52.45521965388991,Вверх,2.1156719072623074,True,0.2732331472561498,0.1629843390916838,0.11024880816446597,False,52.93780891493859,Зелёный,1.1097803461100852,Выше
2021-05-06 15:00:00+05:00,53.54,52.46601348817956,Вверх,2.047013753126874,True,0.3084615347431665,0.1920797782219803,0.11638175652118621,False,53.14077802344473,Зелёный,1.0739865118204364,Выше
2021-05-06 15:30:00+05:00,53.255,52.47386410023748,Вверх,1.4886189785268542,True,0.3098118493299395,0.2156261924435722,0.09418565688636729,False,53.14077802344473,Зелёный,0.7811358997625248,Выше
2021-05-06 16:00:00+05:00,53.285,52.48193510421522,Вверх,1.5301739430722299,True,0.309732331136324,0.2344474201821225,0.07528491095420148,False,53.14077802344473,Зелёный,0.8030648957847788,Выше
2021-05-06 16:30:00+05:00,53.505,52.49211485442203,Вверх,1.9295948513163175,True,0.3236901749318051,0.252295971132059,0.07139420379974609,False,53.14077802344473,Зелёный,1.0128851455779753,Выше
2021-05-06 17:00:00+05:00,53.325,52.500402268805885,Вверх,1.5706503103959415,True,0.3165780562538174,0.2651523881564107,0.05142566809740673,False,53.14077802344473,Зелёный,0.8245977311941175,Выше
2021-05-06 17:30:00+05:00,53.595,52.51129378851926,Вверх,2.0637583523369076,True,0.3289366179020803,0.2779092341055447,0.0510273837965356,False,53.14077802344473,Зелёный,1.083706211480738,Выше
2021-05-06 18:00:00+05:00,53.73,52.52342021848425,Вверх,2.29722241334757,True,0.3456399169951467,0.2914553706834651,0.05418454631168157,False,53.21703512605749,Зелёный,1.2065797815157495,Выше
2021-05-06 18:30:00+05:00,53.5,52.53313743024062,Вверх,1.8404812981963745,True,0.3364400525581459,0.3004523070584012,0.035987745499744705,False,53.21703512605749,Зелёный,0.9668625697593782,Выше
2021-05-06 19:00:00+05:00,53.435,52.54211118715365,Вверх,1.6993774948743576,True,0.3202129217022715,0.3044044299871753,0.015808491715096185,False,53.21703512605749,Зелёный,0.8928888128463512,Выше
2021-05-06 19:30:00+05:00,53.52,52.5518414240974,Вверх,1.842292391030587,True,0.3106308343171662,0.3056497108531735,0.004981123463992709,False,53.21703512605749,Зелёный,0.9681585759026063,Выше
2021-05-06 20:00:00+05:00,53.59,52.56217136017604,Вверх,1.955453158091381,True,0.3051675939519995,0.3055532874729387,-0.00038569352093920095,Выше,53.21703512605749,Зелёный,1.0278286398239658,Выше
2021-05-06 20:30:00+05:00,53.535,52.57185124713946,Вверх,1.8320617022459147,True,0.2930221196607476,0.3030470539105005,-0.010024934249752926,False,53.24530992158569,Зелёный,0.9631487528605334,Выше
2021-05-06 21:00:00+05:00,53.62,52.58228058796394,Вверх,1.9735154132390136,True,0.2869477780404139,0.2998271987364832,-0.012879420696069344,False,53.24530992158569,Зелёный,1.0377194120360542,Выше
2021-05-06 21:30:00+05:00,53.67,52.59310366669067,Вверх,2.04759989091758,True,0.2829072223203255,0.2964432034532517,-0.0135359811329262,False,53.29602603648441,Зелёный,1.0768963333093282,Выше
2021-05-06 22:00:00+05:00,53.83,52.60541109289276,Вверх,2.3278763185498375,True,0.2892810635958014,0.2950107754817617,-0.005729711885960276,False,53.448173432835965,Зелёный,1.2245889071072398,Выше
2021-05-06 22:30:00+05:00,53.87,52.61799406709284,Вверх,2.3794254325064843,True,0.2941690467763536,0.2948424297406801,-0.0006733829643265077,False,53.52135608955237,Зелёный,1.25200593290716,Выше
2021-05-06 23:00:00+05:00,53.85,52.63025283259441,Вверх,2.317578012185023,True,0.2930508678234886,0.2944841173572418,-0.001433249533753178,False,53.52135608955237,Зелёный,1.2197471674055933,Выше
2021-05-06 23:30:00+05:00,53.8,52.64189210789198,Вверх,2.19997391000769,True,0.2848465866743979,0.292556611220673,-0.007710024546275118,False,53.52135608955237,Зелёный,1.1581078921080206,Выше
2021-05-07 00:00:00+05:00,53.86,52.65401258443037,Вверх,2.2903998316098657,True,0.2799589409117189,0.2900370771588822,-0.010078136247163305,False,53.52135608955237,Зелёный,1.2059874155696306,Выше
2021-05-07 00:30:00+05:00,53.88,52.66621146418728,Вверх,2.3046816964195234,True,0.2745346151328576,0.2869365847536773,-0.012401969620819686,False,53.52135608955237,Зелёный,1.213788535812725,Выше
2021-05-07 01:00:00+05:00,53.855,52.67804020583716,Вверх,2.2342512925004687,True,0.265161885646485,0.2825816449322389,-0.0174197592857539,False,53.535580907319776,Зелёный,1.1769597941628334,Выше
2021-05-07 01:30:00+05:00,53.9,52.69019900975918,Вверх,2.296064567941256,True,0.2583865347879666,0.2777426229033845,-0.01935608811541789,False,53.5572728165878,Зелёный,1.209800990240815,Выше
2021-05-07 12:00:00+05:00,54.5,52.70820697981133,Вверх,3.399457357513557,True,0.2979968834339956,0.2817934750095067,0.01620340842448892,Выше,53.90604553492902,Зелёный,1.7917930201886705,Выше
2021-05-07 12:30:00+05:00,54.47,52.725737258619176,Вверх,3.3081808469082805,True,0.3232414941004364,0.2900830788276927,0.03315841527274371,False,54.01594098143611,Зелёный,1.7442627413808225,Выше
2021-05-07 13:00:00+05:00,54.65,52.74488415156824,Вверх,3.6119443223293373,True,0.3536953458294078,0.3028055322280357,0.050889813601372125,False,54.1483468832925,Зелёный,1.9051158484317554,Выше
2021-05-07 13:30:00+05:00,55.915,52.77642759284617,Вверх,5.946920908264096,False,0.4744361658925058,0.3371316589609298,0.13730450693157603,False,54.756012194963255,Зелёный,3.1385724071538306,Выше
2021-05-07 14:00:00+05:00,56.49,52.81337856207158,Вверх,6.961534251415653,False,0.609495940404706,0.391604515249685,0.21789142515502102,False,55.44016097546693,Зелёный,3.676621437928425,Выше
2021-05-07 14:30:00+05:00,56.315,52.84822056642908,Вверх,6.559879209581434,False,0.69440606641394,0.452164825482536,0.24224124093140398,False,55.71364487792024,Зелёный,3.4667794335709203,Выше
2021-05-07 15:00:00+05:00,56.27,52.882268122982026,Вверх,6.406177339329567,False,0.749427890877989,0.5116174385616267,0.23781045231636233,False,55.71364487792024,Зелёный,3.387731877017977,Выше
2021-05-07 15:30:00+05:00,56.25,52.91577789290261,Вверх,6.300998000720302,False,0.7824002275278517,0.5657739963548717,0.21662623117297997,False,55.71407735111539,Зелёный,3.334222107097389,Выше
2021-05-07 16:00:00+05:00,56.34,52.94984975466477,Вверх,6.402568205656845,False,0.8064965000879738,0.6139184971014922,0.19257800298648164,False,55.732919616003855,Зелёный,3.390150245335235,Выше
2021-05-07 16:30:00+05:00,56.32,52.983383587951685,Вверх,6.297477031661403,False,0.8145890612095599,0.6540526099231057,0.16053645128645422,False,55.830627654403465,Зелёный,3.336616412048315,Выше
2021-05-07 17:00:00+05:00,56.425,53.01762852737506,Вверх,6.426865114997702,False,0.8200223890260787,0.6872465657437004,0.13277582328237836,False,55.830627654403465,Зелёный,3.407371472624938,Выше
2021-05-07 17:30:00+05:00,56.4,53.051283964913615,Вверх,6.312224294705317,False,0.8129399833093842,0.7123852492568371,0.10055473405254711,False,55.944683400066815,Зелёный,3.348716035086383,Выше
2021-05-07 18:00:00+05:00,56.275,53.08336074138214,Вверх,6.012504133201497,False,0.7881553066560301,0.7275392607366757,0.06061604591935432,False,55.944683400066815,Зелёный,3.1916392586178617,Выше
2021-05-07 18:30:00+05:00,56.035,53.11273028624401,Вверх,5.50201373193734,False,0.7406099866950768,0.7301534059283561,0.010456580766720736,False,55.944683400066815,Зелёный,2.9222697137559877,Выше
2021-05-07 19:00:00+05:00,55.96,53.14106132817193,Вверх,5.304633745306201,False,0.6889364740567743,0.7219100195540398,-0.0329735454972655,Выше,55.944683400066815,Зелёный,2.8189386718280716,Выше
2021-05-07 19:30:00+05:00,56.09,53.17040400152345,Вверх,5.491017142530833,False,0.6509707707184234,0.7077221697869165,-0.056751399068493136,False,55.944683400066815,Зелёный,2.9195959984765523,Выше
2021-05-07 20:00:00+05:00,55.755,53.19612137464262,Вверх,4.810272928238597,True,0.5870834445049766,0.6835944247305286,-0.09651098022555193,False,56.45546107409455,Красный,2.55887862535738,Выше
2021-05-07 20:30:00+05:00,55.695,53.22098583857653,Вверх,4.648568835097023,True,0.5255525371354111,0.6519860472115051,-0.12643351007609405,False,56.209414966685095,Красный,2.4740141614234687,Выше
2021-05-07 21:00:00+05:00,55.74,53.24605065610314,Вверх,4.683820326890301,True,0.4749451021634101,0.6165778582018862,-0.14163275603847603,False,56.209414966685095,Красный,2.4939493438968654,Выше
2021-05-07 21:30:00+05:00,55.85,53.2719605998235,Вверх,4.839392752113279,True,0.438657851377215,0.5809938568369519,-0.1423360054597369,False,56.209414966685095,Красный,2.5780394001765004,Выше
2021-05-07 22:00:00+05:00,55.9,53.298110245596405,Вверх,4.881767369263466,True,0.4092173232526832,0.5466385501200982,-0.13742122686741504,False,56.209414966685095,Красный,2.6018897544035937,Выше
2021-05-07 22:30:00+05:00,55.915,53.32414894962032,Вверх,4.858682419530905,True,0.3826845183317147,0.5138477437624215,-0.1311632254307068,False,56.209414966685095,Красный,2.5908510503796762,Выше
2021-05-07 23:00:00+05:00,55.995,53.35072458196241,Вверх,4.956400196543164,True,0.3639173974582306,0.4838616745015833,-0.1199442770433527,False,56.209414966685095,Красный,2.644275418037587,Выше
2021-05-07 23:30:00+05:00,55.915,53.37623976025134,Вверх,4.756348988148931,True,0.3386848395378834,0.4548263075088433,-0.11614146797095987,False,56.209414966685095,Красный,2.5387602397486617,Выше
2021-05-08 00:00:00+05:00,55.81,53.40045628004983,Вверх,4.512215602266991,True,0.3066800167850516,0.425197049364085,-0.1185170325790334,False,56.209414966685095,Красный,2.4095437199501717,Выше
2021-05-08 00:30:00+05:00,55.925,53.42557611805929,Вверх,4.678328365458345,True,0.2872838734113543,0.3976144141735389,-0.11033054076218457,False,56.209414966685095,Красный,2.4994238819407073,Выше
2021-05-08 01:00:00+05:00,55.855,53.4497494900189,Вверх,4.50002204487459,True,0.2632295289058959,0.3707374371200103,-0.10750790821411438,False,56.184208803032064,Красный,2.4052505099810944,Выше
2021-05-08 01:30:00+05:00,55.9,53.47413009210827,Вверх,4.536529914022371,True,0.2449735093770542,0.3455846515714191,-0.1006111421943649,False,56.184208803032064,Красный,2.4258699078917303,Выше
2021-05-10 12:00:00+05:00,56.27,53.50194969318182,Вверх,5.1737372613374815,False,0.2573943087846331,0.3279465830140619,-0.07055227422942878,False,55.65249086954403,Зелёный,2.768050306818182,Выше
2021-05-10 12:30:00+05:00,55.79,53.52471636290141,Вверх,4.232219787471279,True,0.2259018375651038,0.3075376339242703,-0.08163579635916651,False,55.65249086954403,Зелёный,2.265283637098591,Выше
2021-05-10 13:00:00+05:00,56.2,53.55133610058399,Вверх,4.946027666688097,True,0.2313604217940792,0.2923021914982321,-0.06094176970415291,False,55.65249086954403,Зелёный,2.6486638994160145,Выше
2021-05-10 13:30:00+05:00,56.17,53.57739245779211,Вверх,4.838995373375686,True,0.2306073419530321,0.2799632215891922,-0.04935587963616009,False,55.65249086954403,Зелёный,2.592607542207894,Выше
2021-05-10 14:00:00+05:00,56.59,53.607368652241945,Вверх,5.563845834528422,False,0.2608935917419188,0.2761492956197375,-0.015255703877818716,False,55.65249086954403,Зелёный,2.9826313477580584,Выше
2021-05-10 14:30:00+05:00,56.82,53.63933513331417,Вверх,5.929724629846115,False,0.2999965670267528,0.2809187499011406,0.01907781712561224,Выше,56.10505175855705,Зелёный,3.180664866685831,Выше
2021-05-10 15:00:00+05:00,56.965,53.67242632601751,Вверх,6.134572068687032,False,0.3387809884946122,0.2924911976198349,0.046289790874777303,False,56.19329658270135,Зелёный,3.2925736739824956,Выше
2021-05-10 15:30:00+05:00,57.225,53.70777531779843,Вверх,6.548818418542809,False,0.3860476322259103,0.31120248454105,0.07484514768486034,False,56.558466924431215,Зелёный,3.5172246822015723,Выше
2021-05-10 16:00:00+05:00,57.295,53.74346909573079,Вверх,6.608302299844161,False,0.4242645453233535,0.3338148966975107,0.09044964862584282,False,56.601870231988094,Зелёный,3.551530904269214,Выше
2021-05-10 16:30:00+05:00,57.38,53.77965348283795,Вверх,6.694625725528311,False,0.4561522744415995,0.3582823722463285,0.09786990219527103,False,56.75368320878928,Зелёный,3.600346517162052,Выше
2021-05-10 17:00:00+05:00,57.3,53.8146818063918,Вверх,6.476519188847509,False,0.4695554550961631,0.3805369888162954,0.0890184662798677,False,56.75368320878928,Зелёный,3.485318193608194,Выше
2021-05-10 17:30:00+05:00,57.385,53.85020736055706,Вверх,6.564120757744794,False,0.4814860900238571,0.4007268090578078,0.08075928096604934,False,56.82643339911932,Зелёный,3.5347926394429408,Выше
2021-05-10 18:00:00+05:00,57.54,53.88692171517839,Вверх,6.779155625422641,False,0.4977111049669318,0.4201236682396326,0.07758743672729923,False,56.97654005920739,Зелёный,3.6530782848216106,Выше
2021-05-10 18:30:00+05:00,57.345,53.92133045433085,Вверх,6.349378839175447,False,0.4891955342816843,0.433938041448043,0.055257492833641286,False,56.97654005920739,Зелёный,3.4236695456691493,Выше
2021-05-10 19:00:00+05:00,56.9,53.95096895727283,Вверх,5.466131748370811,False,0.4414503374851861,0.4354405006554716,0.00600983682971451,False,57.64620255204201,Красный,2.949031042727171,Выше
2021-05-10 19:30:00+05:00,56.995,53.98125782336962,Вверх,5.582941743394628,False,0.406590706519438,0.4296705418282649,-0.0230798353088269,Выше,57.35333229683782,Красный,3.0137421766303802,Выше
2021-05-10 20:00:00+05:00,56.9,54.01030003408236,Вверх,5.350275714251051,False,0.3670671699335202,0.417149867449316,-0.050082697515795804,False,57.35333229683782,Красный,2.889699965917636,Выше
2021-05-10 20:30:00+05:00,56.95,54.03955078001189,Вверх,5.385776117636833,False,0.3359069384780824,0.4009012816550693,-0.06499434317698688,False,57.32494916043864,Красный,2.9104492199881093,Выше
2021-05-10 21:00:00+05:00,56.81,54.06711743891725,Вверх,5.073106707013824,False,0.2964975612582563,0.3800205375757067,-0.08352297631745037,False,57.32494916043864,Красный,2.7428825610827516,Выше
2021-05-10 21:30:00+05:00,57.01,54.096399852460365,Вверх,5.385940941515573,False,0.2781967949320858,0.3596557890469826,-0.08145899411489677,False,57.32494916043864,Красный,2.9136001475396327,Выше
2021-05-10 22:00:00+05:00,56.93,54.12459487880405,Вверх,5.183235324860767,False,0.2543064874693286,0.3385859287314517,-0.08427944126212311,False,57.32494916043864,Красный,2.805405121195953,Выше
2021-05-10 22:30:00+05:00,56.96,54.15280786508461,Вверх,5.183834865791596,False,0.235084092876356,0.3178855615604327,-0.08280146868407667,False,57.32494916043864,Красный,2.8071921349153897,Выше
2021-05-10 23:00:00+05:00,56.58,54.17695903060616,Вверх,4.435540518315704,True,0.1870314008975171,0.2917147294278496,-0.10468332853033249,False,57.2693940797474,Красный,2.4030409693938353,Выше
2021-05-10 23:30:00+05:00,56.535,54.20042212482898,Вверх,4.307305706575954,True,0.1436621248354939,0.2621042085093785,-0.11844208367388459,False,57.10720467177266,Красный,2.3345778751710142,Выше
2021-05-11 00:00:00+05:00,56.625,54.224547277815766,Вверх,4.426874621720082,True,0.1152256592617035,0.2327284986598435,-0.11750283939813999,False,57.0592342045954,Красный,2.400452722184234,Выше
2021-05-11 00:30:00+05:00,56.6,54.24818362331014,Вверх,4.335290547275206,True,0.0896389621966378,0.2041105913672024,-0.11447162917056458,False,57.0592342045954,Красный,2.351816376689861,Выше
2021-05-11 01:00:00+05:00,56.475,54.27034100019263,Вверх,4.062364376519296,True,0.058599368060797,0.1750083467059213,-0.11640897864512431,False,56.95512970572227,Красный,2.2046589998073713,Выше
2021-05-11 01:30:00+05:00,56.66,54.29411870168325,Вверх,4.357527767079118,True,0.0483706334180666,0.1496808040483504,-0.1013101706302838,False,56.95512970572227,Красный,2.3658812983167437,Выше
2021-05-11 12:00:00+05:00,54.75,54.298654834004815,Вверх,0.8312271590796909,True,-0.1125592371244579,0.0972327958137887,-0.2097920329382466,False,55.89680506163504,Красный,0.4513451659951855,Выше
2021-05-11 12:30:00+05:00,55.55,54.31110602968636,Вверх,2.2811061325771247,True,-0.1735435033657424,0.0430775359778825,-0.2166210393436249,False,55.89680506163504,Красный,1.2388939703136401,Выше
2021-05-11 13:00:00+05:00,55.42,54.32213980053525,Вверх,2.021017956023038,True,-0.2297158657671474,-0.0114811443711234,-0.21823472139602398,False,55.89680506163504,Красный,1.0978601994647548,Выше
2021-05-11 13:30:00+05:00,55.41,54.33296428013192,Вверх,1.982287795517759,True,-0.2719054275828796,-0.0635660010134746,-0.20833942656940502,False,55.89680506163504,Красный,1.0770357198680784,Выше
2021-05-11 14:00:00+05:00,56.225,54.35179050620026,Вверх,3.4464540659172074,True,-0.2368470452153346,-0.0982222098538466,-0.138624835361488,False,55.052706949061246,Зелёный,1.8732094937997417,Выше
2021-05-11 14:30:00+05:00,56.365,54.37182244146195,Вверх,3.6658281239036175,True,-0.1955124488280475,-0.1176802576486868,-0.0778321911793607,False,55.65268625415512,Зелёный,1.9931775585380507,Выше
2021-05-11 15:00:00+05:00,56.585,54.393844108711086,Вверх,4.028315937571334,True,-0.1433498738940954,-0.1228141808977685,-0.020535692996326904,False,55.66516762873961,Зелёный,2.191155891288915,Выше
2021-05-11 15:30:00+05:00,56.67,54.416492426037344,Вверх,4.141221665519172,True,-0.0940675160524762,-0.1170648479287101,0.0229973318762339,Ниже,55.81965086586565,Зелёный,2.2535075739626578,Выше
2021-05-11 16:00:00+05:00,56.54,54.437621854634,Вверх,3.8619948369163213,True,-0.0647543580164153,-0.1066027499462511,0.041848391929835804,False,55.909185779279085,Зелёный,2.1023781453659964,Выше
2021-05-11 16:30:00+05:00,56.615,54.45928730881674,Вверх,3.9583931368015897,True,-0.0350673611731622,-0.0922956721916334,0.0572283110184712,False,55.909185779279085,Зелёный,2.155712691183261,Выше
2021-05-11 17:00:00+05:00,56.26,54.47720484803249,Вверх,3.2725525418213395,True,-0.0397277783338836,-0.0817820934200834,0.0420543150861998,False,55.909185779279085,Зелёный,1.7827951519675054,Выше
2021-05-11 17:30:00+05:00,56.29,54.49524261073864,Вверх,3.293420312083697,True,-0.0405332017124067,-0.0735323150785481,0.0329991133661414,False,55.909185779279085,Зелёный,1.7947573892613562,Выше
2021-05-11 18:00:00+05:00,56.53,54.51548895292034,Вверх,3.6953003371562767,True,-0.0215570154509947,-0.0631372551530374,0.04158023970204271,False,55.909185779279085,Зелёный,2.014511047079658,Выше
2021-05-11 18:30:00+05:00,56.655,54.53677762005547,Вверх,3.884025555564864,True,0.003527540912799,-0.0498042959398701,0.053331836852669096,False,55.93764666080651,Зелёный,2.118222379944534,Выше
2021-05-11 19:00:00+05:00,56.815,54.5594464994579,Вверх,4.134120936444086,True,0.0359040162301624,-0.0326626335058636,0.068566649736026,False,56.13288199472586,Зелёный,2.2555535005420992,Выше
2021-05-11 19:30:00+05:00,56.795,54.58169081289613,Вверх,4.055039618854995,True,0.0592655964220441,-0.014276987520282,0.0735425839423261,False,56.17784379525328,Зелёный,2.2133091871038744,Выше
2021-05-11 20:00:00+05:00,56.63,54.60207199883746,Вверх,3.7140129063338843,True,0.0637310441915133,0.001324618822077,0.0624064253694363,False,56.17784379525328,Зелёный,2.027928001162543,Выше
2021-05-11 20:30:00+05:00,56.7,54.62294690432167,Вверх,3.8025284489255515,True,0.0720873802594184,0.0154771711095452,0.05661020914987319,False,56.17784379525328,Зелёный,2.0770530956783304,Выше
2021-05-11 21:00:00+05:00,56.54,54.64202205950255,Вверх,3.473476765612079,True,0.065049325836739,0.025391602054984,0.039657723781755,False,56.17784379525328,Зелёный,1.897977940497448,Выше
2021-05-11 21:30:00+05:00,56.34,54.65891736239308,Вверх,3.0755871479510013,True,0.0428394618208258,0.0288811740081524,0.013958287812673397,False,56.17784379525328,Зелёный,1.6810826376069201,Выше
2021-05-11 22:00:00+05:00,56.415,54.67639082147375,Вверх,3.1798170149947436,True,0.0309332781978639,0.0292915948460947,0.001641683351769202,False,56.17784379525328,Зелёный,1.7386091785262465,Выше
2021-05-11 22:30:00+05:00,56.365,54.69319290285212,Вверх,3.0567004930895214,True,0.0172639516761918,0.0268860662121141,-0.0096221145359223,Выше,56.17784379525328,Зелёный,1.6718070971478838,Выше
2021-05-11 23:00:00+05:00,56.48,54.71097207794812,Вверх,3.233406124701087,True,0.0155314143537879,0.0246151358404489,-0.009083721486661001,False,56.17784379525328,Зелёный,1.769027922051876,Выше
2021-05-11 23:30:00+05:00,56.415,54.72792757966008,Вверх,3.0826535828243666,True,0.0088118319575585,0.0214544750638708,-0.012642643106312301,False,56.17784379525328,Зелёный,1.6870724203399163,Выше
2021-05-12 00:00:00+05:00,56.365,54.74421685747441,Вверх,2.9606472346572583,True,-0.0005418218509731,0.017055215680902,-0.0175970375318751,False,56.17784379525328,Зелёный,1.620783142525589,Выше
2021-05-12 00:30:00+05:00,56.69,54.76357788376821,Вверх,3.517706823904904,True,0.0180619174369454,0.0172565560321107,0.0008053614048347014,Выше,56.17784379525328,Зелёный,1.926422116231791,Выше
2021-05-12 01:00:00+05:00,56.5,54.780855715770514,Вверх,3.138220938258496,True,0.017274967677487,0.0172602383611859,1.4729316301097944e-05,False,56.17784379525328,Зелёный,1.7191442842294862,Выше
2021-05-12 01:30:00+05:00,56.485,54.79781237531509,Вверх,3.0789324455677383,True,0.0152649646730296,0.0168611836235547,-0.0015962189505250995,Выше,56.17784379525328,Зелёный,1.6871876246849098,Выше
2021-05-12 12:00:00+05:00,57.0,54.819724689988576,Вверх,3.977173038246936,True,0.0545988373655745,0.0244087143719586,0.030190122993615898,Выше,56.28515312035914,Зелёный,2.1802753100114245,Выше
2021-05-12 12:30:00+05:00,57.19,54.84330951894391,Вверх,4.278900200662571,True,0.0999504602743712,0.0395170635524412,0.060433396721929995,False,56.54888780832322,Зелёный,2.3466904810560862,Выше
2021-05-12 13:00:00+05:00,57.215,54.86690842920318,Вверх,4.279613410014991,True,0.1363376239747182,0.0588811756368966,0.07745644833782159,False,56.556999027490896,Зелёный,2.348091570796825,Выше
2021-05-12 13:30:00+05:00,57.62,54.894302375181255,Вверх,4.965356160626029,True,0.1956000727544804,0.0862249550604133,0.1093751176940671,False,56.93154912474181,Зелёный,2.725697624818743,Выше
2021-05-12 14:00:00+05:00,57.45,54.91973220229388,Вверх,4.607210735088835,True,0.2262404520234753,0.1142280544530257,0.11201239757044962,False,56.93154912474181,Зелёный,2.5302677977061236,Выше
2021-05-12 14:30:00+05:00,57.43,54.94470999132579,Вверх,4.5232562135036645,True,0.2460727668123041,0.1405969969248814,0.10547576988742272,False,56.93154912474181,Зелёный,2.4852900086742125,Выше
2021-05-12 15:00:00+05:00,57.46,54.969737752606136,Вверх,4.530242182710433,True,0.261199819517941,0.1647175614434934,0.09648225807444763,False,56.93887681193679,Зелёный,2.490262247393865,Выше
2021-05-12 15:30:00+05:00,57.455,54.994466730192144,Вверх,4.47414697533018,True,0.2696760024694384,0.1857092496486824,0.083966752820756,False,56.9817391307431,Зелёный,2.460533269807854,Выше
2021-05-12 16:00:00+05:00,57.4,55.0184023846181,Вверх,4.328729138176031,True,0.2688561913634189,0.2023386379916297,0.06651755337178916,False,56.98531521766879,Зелёный,2.3815976153818994,Выше
2021-05-12 16:30:00+05:00,57.42,55.04229887830349,Вверх,4.319770740232927,True,0.2667454425896096,0.2152199989112257,0.05152544367838388,False,56.98531521766879,Зелёный,2.3777011216965107,Выше
2021-05-12 17:00:00+05:00,57.33,55.065062073544254,Вверх,4.113203256596205,True,0.2548724007572573,0.223150479280432,0.031721921476825315,False,56.98788032631172,Зелёный,2.264937926455744,Выше
2021-05-12 17:30:00+05:00,57.31,55.08739976435476,Вверх,4.034679881702125,True,0.24107018962642,0.2267344213496296,0.014335768276790395,False,56.98788032631172,Зелёный,2.2226002356452454,Выше
2021-05-12 18:00:00+05:00,57.33,55.10971419456018,Вверх,4.028846525317268,True,0.2291046944142039,0.2272084759625445,0.0018962184516593816,False,56.98983306431249,Зелёный,2.220285805439815,Выше
2021-05-12 18:30:00+05:00,57.375,55.13225435182824,Вверх,4.0679374978204415,True,0.2207088825594567,0.225908557281927,-0.005199674722470293,Выше,57.03234975788124,Зелёный,2.2427456481717627,Выше
2021-05-12 19:00:00+05:00,57.395,55.1547692338996,Вверх,4.061717231741216,True,0.2132112079432246,0.2233690874141865,-0.010157879470961917,False,57.06386478209313,Зелёный,2.240230766100403,Выше
2021-05-12 19:30:00+05:00,57.52,55.17830386838816,Вверх,4.243871172983637,True,0.2148787140650654,0.2216710127443623,-0.006792298679296899,False,57.12722830388381,Зелёный,2.3416961316118403,Выше
2021-05-12 20:00:00+05:00,57.43,55.20070880502112,Вверх,4.038519148102131,True,0.2065569172765862,0.2186481936508071,-0.012091276374220888,False,57.18150547349543,Зелёный,2.2292911949788774,Выше
2021-05-12 20:30:00+05:00,57.32,55.22179627959803,Вверх,3.7995933884120334,True,0.1889081372596734,0.2127001823725803,-0.02379204511290689,False,57.18150547349543,Зелёный,2.098203720401969,Выше
2021-05-12 21:00:00+05:00,56.53,55.23481323203985,Вверх,2.344873988292694,True,0.1099080032035786,0.19214174653878,-0.08223374333520139,False,57.09758056646871,Красный,1.2951867679601534,Выше
2021-05-12 21:30:00+05:00,56.645,55.248844941173786,Вверх,2.5270303122405062,True,0.0559345875960559,0.1649003147502352,-0.10896572715417929,False,57.07332250982184,Красный,1.396155058826217,Выше
2021-05-12 22:00:00+05:00,56.705,55.263334046236736,Вверх,2.6087205534090203,True,0.0177966171047359,0.1354795752211353,-0.1176829581163994,False,57.07332250982184,Красный,1.4416659537632626,Выше
2021-05-12 22:30:00+05:00,56.77,55.278325747269214,Вверх,2.6984794357750217,True,-0.0071011844722832,0.1069634232824516,-0.1140646077547348,False,57.07332250982184,Красный,1.491674252730789,Выше
2021-05-12 23:00:00+05:00,56.65,55.29197424729639,Вверх,2.4560992281262495,True,-0.0360997334631392,0.0783507919333334,-0.1144505253964726,False,57.07332250982184,Красный,1.358025752703611,Выше
2021-05-12 23:30:00+05:00,56.61,55.30508893140289,Вверх,2.359477389532165,True,-0.0615988845703512,0.0503608566325965,-0.1119597412029477,False,57.02918914869411,Красный,1.3049110685971073,Выше
2021-05-13 00:00:00+05:00,56.37,55.315685061438685,Вверх,1.9059963505654733,True,-0.1000201695167959,0.020284651402718,-0.1203048209195139,False,56.84702023382469,Красный,1.054314938561312,Выше
2021-05-13 00:30:00+05:00,56.175,55.32423545883731,Вверх,1.5377791199585231,True,-0.1445380404062675,-0.012679886959079,-0.1318581534471885,False,56.62431821044223,Красный,0.8507645411626896,Выше
2021-05-13 01:00:00+05:00,56.07,55.33165600153545,Вверх,1.334397073610198,True,-0.1861456254005133,-0.0473730346473659,-0.1387725907531474,False,56.584886389398,Красный,0.7383439984645506,Выше
2021-05-13 01:30:00+05:00,56.09,55.33920171296296,Вверх,1.3567204870994218,True,-0.2150274013885891,-0.0809039079956105,-0.13412349339297863,False,56.4756477504582,Красный,0.7507982870370427,Выше
2021-05-13 12:00:00+05:00,55.67,55.34249323820711,Вверх,0.5917817261741779,True,-0.2687093922466133,-0.1184650048458111,-0.15024438740080218,False,56.04808297541238,Красный,0.32750676179288973,Выше
2021-05-13 12:30:00+05:00,55.895,55.34799081792645,Вверх,0.9883090135520929,True,-0.2897569988476647,-0.1527234036461818,-0.1370335952014829,False,56.04808297541238,Красный,0.5470091820735519,Выше
2021-05-13 13:00:00+05:00,55.66,55.3510953869023,Вверх,0.5580822040439534,True,-0.3216916536052281,-0.1865170536379911,-0.13517459996723702,False,56.04808297541238,Красный,0.30890461309769535,Выше
2021-05-13 13:30:00+05:00,55.34,55.35098498504258,Вниз,0.019846051602414146,True,-0.3685727460380121,-0.2229281921179953,-0.1456445539200168,False,56.004459989075634,Красный,-0.010984985042576056,Ниже
2021-05-13 14:00:00+05:00,55.595,55.35341299514166,Вверх,0.4364446414163162,True,-0.3807608071059931,-0.2544947151155948,-0.1262660919903983,False,56.004459989075634,Красный,0.24158700485833862,Выше
2021-05-13 14:30:00+05:00,55.37,55.35357803996612,Вверх,0.0296673866719457,True,-0.4039194212520698,-0.2843796563428898,-0.11953976490918,False,56.004459989075634,Красный,0.016421960033873972,Выше
2021-05-13 15:00:00+05:00,55.555,55.35558223857343,Вверх,0.3602486928366302,True,-0.4027027295288761,-0.3080442709800871,-0.09465845854878902,False,56.004459989075634,Красный,0.19941776142656664,Выше
2021-05-13 15:30:00+05:00,55.72,55.359208285950814,Вверх,0.6517284571440439,True,-0.3839978829704904,-0.3232349933781678,-0.06076288959232262,False,56.004459989075634,Красный,0.360791714049185,Выше
2021-05-13 16:00:00+05:00,55.605,55.36165397464783,Вверх,0.43955699998342634,True,-0.3741408335817766,-0.3334161614188896,-0.040724672162887,False,56.004459989075634,Красный,0.24334602535216732,Выше
2021-05-13 16:30:00+05:00,56.25,55.37049323858169,Вверх,1.5884033353805844,True,-0.3107013694329978,-0.3288732030217112,0.018171833588713382,Ниже,55.38796940144567,Зелёный,0.8795067614183125,Выше
2021-05-13 17:00:00+05:00,56.055,55.37730425113312,Вверх,1.2237788712024829,True,-0.2730128847644906,-0.3177011393702671,0.04468825460577652,False,55.54442246130109,Зелёный,0.6776957488668813,Выше
2021-05-13 17:30:00+05:00,55.83,55.381808686445225,Вверх,0.8092753273774322,True,-0.2583223297135077,-0.3058253774389153,0.04750304772540759,False,55.54442246130109,Зелёный,0.4481913135547728,Выше
2021-05-13 18:00:00+05:00,55.88,55.386765813943285,Вверх,0.8905271481523283,True,-0.2398801873833775,-0.2926363394278077,0.05275615204443021,False,55.54442246130109,Зелёный,0.49323418605671776,Выше
2021-05-13 18:30:00+05:00,55.985,55.39271839290903,Вверх,1.0692409115758201,True,-0.2143214697471407,-0.2769733654916744,0.0626518957445337,False,55.54442246130109,Зелёный,0.5922816070909676,Выше
2021-05-13 19:00:00+05:00,55.995,55.39871124472088,Вверх,1.0763585323222498,True,-0.1910567027130838,-0.2597900329359562,0.0687333302228724,False,55.54442246130109,Зелёный,0.5962887552791187,Выше
2021-05-13 19:30:00+05:00,56.105,55.40573899352963,Вверх,1.2620732421816923,True,-0.1618771079973626,-0.2402074479482375,0.0783303399508749,False,55.582928394173685,Зелёный,0.6992610064703655,Выше
2021-05-13 20:00:00+05:00,56.625,55.41787094384277,Вверх,2.178230660251207,True,-0.0956893673169787,-0.2113038318219858,0.1156144645050071,False,55.83088555475632,Зелёный,1.2071290561572283,Выше
2021-05-13 20:30:00+05:00,56.985,55.43346426778464,Вверх,2.798915335185062,True,-0.0140244494925596,-0.1718479553561006,0.157823505863541,False,56.26129699928068,Зелёный,1.5515357322153562,Выше
2021-05-13 21:00:00+05:00,56.83,55.44736014571713,Вверх,2.4936080827820426,True,0.0377531864039752,-0.1299277270040854,0.1676809134080606,False,56.34966729935262,Зелёный,1.3826398542828713,Выше
2021-05-13 21:30:00+05:00,56.6,55.45882919899358,Вверх,2.057690033288935,True,0.0595418961644682,-0.0920338023703747,0.1515756985348429,False,56.34966729935262,Зелёный,1.1411708010064245,Выше
2021-05-13 22:00:00+05:00,56.48,55.46899010248618,Вверх,1.8226578411574528,True,0.0663616329151182,-0.0603547153132761,0.12671634822839428,False,56.34966729935262,Зелёный,1.0110098975138158,Выше
2021-05-13 22:30:00+05:00,56.05,55.47477129549628,Вверх,1.0369194700049442,True,0.0366464792819769,-0.0409544763942255,0.0776009556762024,False,56.75788003877194,Красный,0.575228704503715,Выше
2021-05-13 23:00:00+05:00,56.25,55.48248501394905,Вверх,1.3833464486278582,True,0.0289021682670451,-0.0269831474619713,0.0558853157290164,False,56.74859203489476,Красный,0.7675149860509478,Выше
2021-05-13 23:30:00+05:00,56.48,55.49241053619832,Вверх,1.779683841914671,True,0.0408528970357835,-0.0134159385624203,0.0542688355982038,False,56.74859203489476,Красный,0.987589463801676,Выше
2021-05-14 00:00:00+05:00,56.255,55.49999849106202,Вверх,1.360363116153181,True,0.031801725592075,-0.0043724057315213,0.0361741313235963,False,56.74859203489476,Красный,0.7550015089379798,Выше
2021-05-14 00:30:00+05:00,56.265,55.50761044637484,Вверх,1.3644787580197921,True,0.0251456599243056,0.001531207399644,0.0236144525246616,False,56.74859203489476,Красный,0.7573895536251598,Выше
2021-05-14 01:00:00+05:00,56.235,55.514848153376086,Вверх,1.2972238429514975,True,0.0172510710401567,0.0046751801277466,0.012575890912410102,False,56.74859203489476,Красный,0.7201518466239136,Выше
2021-05-14 01:30:00+05:00,56.48,55.52445165433752,Вверх,1.7209505311482565,True,0.0304134179709265,0.0098228276963826,0.0205905902745439,False,56.74859203489476,Красный,0.9555483456624785,Выше
2021-05-14 12:00:00+05:00,56.49,55.53405910056301,Вверх,1.721359675340745,True,0.0411769271848285,0.0160936475940718,0.0250832795907567,False,56.74859203489476,Красный,0.9559408994369889,Выше
2021-05-14 12:30:00+05:00,56.335,55.542028661751445,Вверх,1.4276960301139108,True,0.0367759509030136,0.0202301082558601,0.016545842647153503,False,56.74859203489476,Красный,0.7929713382485559,Выше
2021-05-14 13:00:00+05:00,56.445,55.55101345118676,Вверх,1.6093073614197757,True,0.0416837221819008,0.0245208310410683,0.017162891140832498,False,56.74859203489476,Красный,0.8939865488132384,Выше
2021-05-14 13:30:00+05:00,56.385,55.55931182480679,Вверх,1.486138233311493,True,0.0402674891704037,0.0276701626669354,0.0125973265034683,False,56.74859203489476,Красный,0.825688175193207,Выше
2021-05-14 14:00:00+05:00,56.205,55.56573658276891,Вверх,1.1504633188455244,True,0.0243400417776911,0.0270041384890865,-0.002664096711395402,Выше,56.74859203489476,Красный,0.6392634172310849,Выше
2021-05-14 14:30:00+05:00,56.35,55.57354019886077,Вверх,1.397175343447257,True,0.0231508446263859,0.0262334797165464,-0.003082635090160501,False,56.74859203489476,Красный,0.7764598011392323,Выше
2021-05-14 15:00:00+05:00,56.425,55.58201243568803,Вверх,1.5166553483239915,True,0.0279382161502752,0.0265744270032922,0.0013637891469829994,Выше,56.74859203489476,Красный,0.8429875643119686,Выше
2021-05-14 15:30:00+05:00,56.405,55.590201366676204,Вверх,1.4657234787644273,True,0.0297751799806746,0.0272145775987687,0.002560602381905898,False,56.74859203489476,Красный,0.8147986333237967,Выше
2021-05-14 16:00:00+05:00,56.34,55.59766204959485,Вверх,1.3351963428659326,True,0.0256898931813509,0.0269096407152851,-0.0012197475339341991,Выше,56.74859203489476,Красный,0.742337950405151,Выше
2021-05-14 16:30:00+05:00,56.38,55.60544650681282,Вверх,1.3929453710839022,True,0.025387290780948,0.0266051707284177,-0.001217879947469698,False,56.74859203489476,Красный,0.7745534931871845,Выше
2021-05-14 17:00:00+05:00,56.455,55.61389977540175,Вверх,1.5123920962116602,True,0.0308438012560685,0.0274528968339478,0.0033909044221206996,Выше,56.74859203489476,Красный,0.8411002245982502,Выше
2021-05-14 17:30:00+05:00,56.5,55.622716693059445,Вверх,1.5772032707097559,True,0.0383570923547367,0.0296337359381056,0.0087233564166311,False,56.74859203489476,Красный,0.877283306940555,Выше
2021-05-14 18:00:00+05:00,56.765,55.63408269611358,Вверх,2.0327778388362328,True,0.0649460572627518,0.0366962002030349,0.028249857059716894,False,56.24230357909392,Зелёный,1.1309173038864202,Выше
2021-05-14 18:30:00+05:00,56.925,55.64692764441096,Вверх,2.296752776282709,True,0.0978012741307168,0.0489172149885712,0.04888405914214561,False,56.43982322118453,Зелёный,1.278072355589039,Выше
2021-05-14 19:00:00+05:00,57.445,55.66481891163075,Вверх,3.1980362519373813,True,0.1639094779545544,0.0719156675817679,0.0919938103727865,False,56.77159089906608,Зелёный,1.7801810883692468,Выше
2021-05-14 19:30:00+05:00,57.345,55.68153713141552,Вверх,2.987458598095986,True,0.2058585324837238,0.0987042405621591,0.1071542919215647,False,56.96743180915947,Зелёный,1.6634628685844817,Выше
2021-05-14 20:00:00+05:00,57.15,55.696148702247214,Вверх,2.6103264437997393,True,0.2208230791093228,0.1231280082715918,0.097695070837731,False,56.96743180915947,Зелёный,1.4538512977527844,Выше
2021-05-14 20:30:00+05:00,57.07,55.70981886441391,Вверх,2.4415465052874903,True,0.2236491702933776,0.143232240675949,0.0804169296174286,False,56.96743180915947,Зелёный,1.3601811355860889,Выше
2021-05-14 21:00:00+05:00,56.625,55.71892514437,Вверх,1.6261527897071346,True,0.1878160603060337,0.1521490046019659,0.03566705570406781,False,57.24883471112274,Красный,0.9060748556300027,Выше
2021-05-14 21:30:00+05:00,56.945,55.73112489417726,Вверх,2.1780918797667437,True,0.1831283979477902,0.1583448832711308,0.0247835146766594,False,57.22495124001047,Красный,1.213875105822737,Выше
2021-05-14 22:00:00+05:00,56.95,55.74325300468297,Вверх,2.1648305943244015,True,0.1777676550979023,0.1622294376364851,0.015538217461417203,False,57.22495124001047,Красный,1.206746995317033,Выше
2021-05-14 22:30:00+05:00,57.06,55.75635496483538,Вверх,2.3381102225689046,True,0.1803167294451668,0.1658468959982215,0.014469833446945302,False,57.22495124001047,Красный,1.303645035164621,Выше
2021-05-14 23:00:00+05:00,56.975,55.7684807860808,Вверх,2.163442856812292,True,0.173478349182254,0.167373186635028,0.006105162547225984,False,57.22495124001047,Красный,1.2065192139192007,Выше
2021-05-14 23:30:00+05:00,57.04,55.78113271855761,Вверх,2.2567976304711785,True,0.1713288677890077,0.1681643228658239,0.0031645449231837985,False,57.22495124001047,Красный,1.2588672814423916,Выше
2021-05-15 00:00:00+05:00,57.145,55.79470353727843,Вверх,2.4201158481277565,True,0.176068403816636,0.1697451390559863,0.006323264760649705,False,57.22495124001047,Красный,1.3502964627215732,Выше
2021-05-15 00:30:00+05:00,57.01,55.80679603939507,Вверх,2.1560169119108124,True,0.167006007213601,0.1691973126875093,-0.0021913054739082782,Выше,57.22495124001047,Красный,1.203203960604931,Выше
2021-05-15 01:00:00+05:00,57.03,55.81896722308268,Вверх,2.1695721672480635,True,0.1595980781688979,0.167277465783787,-0.007679387614889094,False,57.22495124001047,Красный,1.211032776917321,Выше
2021-05-15 01:30:00+05:00,57.015,55.8308680467336,Вверх,2.120926997364999,True,0.1507787824424866,0.1639777291155269,-0.013198946673040307,False,57.22495124001047,Красный,1.1841319532664016,Выше
2021-05-17 12:00:00+05:00,56.445,55.83697881243775,Вверх,1.0889220736756866,True,0.0966807156204581,0.1505183264165132,-0.05383761079605509,False,57.23075365802852,Красный,0.608021187562251,Выше
2021-05-17 12:30:00+05:00,56.675,55.84531733171698,Вверх,1.4856799243431058,True,0.0715419941431321,0.1347230599618369,-0.06318106581870479,False,56.94867829222567,Красный,0.8296826682830201,Выше
2021-05-17 13:00:00+05:00,56.54,55.85222959707304,Вверх,1.231410827980627,True,0.040261890488324,0.1158308260671344,-0.07556893557881039,False,56.94867829222567,Красный,0.687770402926958,Выше
2021-05-17 13:30:00+05:00,56.38,55.85748104386833,Вверх,0.9354502680156723,True,0.0025323290438166,0.0931711266624708,-0.09063879761865419,False,56.89177941670279,Красный,0.5225189561316697,Выше
2021-05-17 14:00:00+05:00,56.33,55.86218272502388,Вверх,0.8374489720154776,True,-0.0310453311083662,0.0683278351083034,-0.0993731662166696,False,56.77885147503251,Красный,0.46781727497612025,Выше
2021-05-17 14:30:00+05:00,56.375,55.867285384476375,Вверх,0.9087869797674144,True,-0.0534090781665312,0.0439804524533365,-0.09738953061986769,False,56.77871632752926,Красный,0.507714615523625,Выше
2021-05-17 15:00:00+05:00,56.66,55.875173092093526,Вверх,1.4046075644596538,True,-0.0475868392159029,0.0256669941194886,-0.0732538333353915,False,56.77871632752926,Красный,0.7848269079064707,Выше
2021-05-17 15:30:00+05:00,56.41,55.88049475286872,Вверх,0.94756721369954,True,-0.0624259757734861,0.0080484001408936,-0.0704743759143797,False,56.77871632752926,Красный,0.5295052471312758,Выше
2021-05-17 16:00:00+05:00,56.38,55.88546495433272,Вверх,0.8849081707943159,True,-0.0757338351758889,-0.0087080469224628,-0.0670257882534261,False,56.77871632752926,Красный,0.4945350456672841,Выше
2021-05-17 16:30:00+05:00,56.495,55.89152997966274,Вверх,1.0797164088312483,True,-0.0761233679250494,-0.0221911111229801,-0.0539322568020693,False,56.77871632752926,Красный,0.6034700203372552,Выше
2021-05-17 17:00:00+05:00,56.505,55.89763415896958,Вверх,1.086568063512508,True,-0.0747633338347881,-0.0327055556653417,-0.0420577781694464,False,56.77871632752926,Красный,0.6073658410304219,Выше
2021-05-17 17:30:00+05:00,56.545,55.90407561012412,Вверх,1.1464716711277028,True,-0.069654893065099,-0.0400954231452932,-0.029559469919805806,False,56.77871632752926,Красный,0.6409243898758845,Выше
2021-05-17 18:00:00+05:00,56.905,55.91403505678955,Вверх,1.7723008940491745,True,-0.0361408167576229,-0.0393045018677591,0.003163685110136198,Ниже,56.32936918431337,Зелёный,0.9909649432104501,Выше
2021-05-17 18:30:00+05:00,56.905,55.92389540448319,Вверх,1.7543566813805322,True,-0.0094714884055235,-0.033337899175312,0.023866410769788498,False,56.55293226588204,Зелёный,0.9811045955168112,Выше
2021-05-17 19:00:00+05:00,56.93,55.93390639548336,Вверх,1.7808404038039294,True,0.0135255237040183,-0.0239652145994459,0.0374907383034642,False,56.60213903929383,Зелёный,0.9960936045166378,Выше
2021-05-17 19:30:00+05:00,57.18,55.94630533682184,Вверх,2.205140546369895,True,0.0513320087048896,-0.0089057699385788,0.0602377786434684,False,56.65042513536445,Зелёный,1.233694663178163,Выше
2021-05-17 20:00:00+05:00,57.275,55.95952617924152,Вверх,2.350759398042328,True,0.0879458415835756,0.010464552365852,0.0774812892177236,False,56.812882621828,Зелёный,1.315473820758477,Выше
2021-05-17 20:30:00+05:00,57.58,55.97565029686101,Вверх,2.86615643521868,True,0.1399601455018313,0.0363636709930479,0.1035964745087834,False,57.0108443596452,Зелёный,1.6043497031389862,Выше
2021-05-17 21:00:00+05:00,57.29,55.98872840335991,Вверх,2.324167084605554,True,0.1559832024690948,0.0602875772882572,0.0956956251808376,False,57.0108443596452,Зелёный,1.3012715966400918,Выше
2021-05-17 21:30:00+05:00,57.32,56.00197488690857,Вверх,2.3535332740551995,True,0.1691524556204484,0.0820605529546955,0.0870919026657529,False,57.0108443596452,Зелёный,1.31802511309143,Выше
2021-05-17 22:00:00+05:00,57.24,56.014293544750274,Вверх,2.188203006203232,True,0.1711608168573093,0.0998806057352182,0.0712802111220911,False,57.0108443596452,Зелёный,1.2257064552497283,Выше
2021-05-17 22:30:00+05:00,57.2,56.026091618931865,Вверх,2.095288725568465,True,0.167592885440527,0.11342306167628,0.054169823764247005,False,57.0108443596452,Зелёный,1.1739083810681379,Выше
2021-05-17 23:00:00+05:00,57.19,56.03767279685295,Вверх,2.0563437873739816,True,0.1620898863482835,0.1231564266106807,0.0389334597376028,False,57.0108443596452,Зелёный,1.1523272031470455,Выше
2021-05-17 23:30:00+05:00,57.115,56.048392470516106,Вверх,1.9030118125956568,True,0.149948335648105,0.1285148084181656,0.02143352722993941,False,57.0108443596452,Зелёный,1.0666075294838961,Выше
2021-05-18 00:00:00+05:00,57.27,56.06054776931694,Вверх,2.1574035196013908,True,0.1510915841234918,0.1330301635592309,0.01806142056426091,False,57.0108443596452,Зелёный,1.2094522306830626,Выше
2021-05-18 00:30:00+05:00,57.16,56.071487592507815,Вверх,1.941293969945658,True,0.1414905214290058,0.1347222351331859,0.006768286295819909,False,57.0108443596452,Зелёный,1.088512407492182,Выше
2021-05-18 01:00:00+05:00,57.205,56.082766322930624,Вверх,2.0010312447988596,True,0.1359456373073584,0.1349669155680204,0.0009787217393379954,False,57.0108443596452,Зелёный,1.1222336770693744,Выше
2021-05-18 01:30:00+05:00,57.25,56.0943805883741,Вверх,2.0601340089766644,True,0.1336418604336202,0.1347019045411404,-0.0010600441075201972,Выше,57.0108443596452,Зелёный,1.1556194116258993,Выше
2021-05-18 12:00:00+05:00,57.2,56.105381776549486,Вверх,1.9510039657337073,True,0.126325318889414,0.1330265874107951,-0.006701268521381087,False,57.0108443596452,Зелёный,1.0946182234505173,Выше
2021-05-18 12:30:00+05:00,57.435,56.11861180862362,Вверх,2.3457247942367965,True,0.1378998197435095,0.134001233877338,0.0038985858661715056,Выше,57.0108443596452,Зелёный,1.316388191376383,Выше
2021-05-18 13:00:00+05:00,58.22,56.1395211438612,Вверх,3.705907734423728,True,0.2080177355722909,0.1488045342163286,0.05921320135596228,False,57.320789948608514,Зелёный,2.0804788561387966,Выше
2021-05-18 13:30:00+05:00,58.425,56.162262227006856,Вверх,4.028929183527536,True,0.2769361284800595,0.1744308530690748,0.1025052754109847,False,57.78046095374766,Зелёный,2.262737772993141,Выше
2021-05-18 14:00:00+05:00,58.385,56.18437902076799,Вверх,3.9167843759892214,True,0.3245851698923587,0.2044617164337315,0.12012345345862718,False,57.8969148583729,Зелёный,2.2006209792320064,Выше
2021-05-18 14:30:00+05:00,58.51,56.20751952802403,Вверх,4.096392246642363,True,0.3681895736211587,0.237207287871217,0.13098228574994167,False,58.0094733725356,Зелёный,2.3024804719759686,Выше
2021-05-18 15:00:00+05:00,58.27,56.22804172177504,Вверх,3.631565702268065,True,0.3790113762734037,0.2655681055516544,0.11344327072174931,False,58.0094733725356,Зелёный,2.0419582782249606,Выше
2021-05-18 15:30:00+05:00,58.265,56.24830996334942,Вверх,3.5853344535411393,True,0.3827719182229074,0.289008868085905,0.09376305013700242,False,58.0094733725356,Зелёный,2.01669003665058,Выше
2021-05-18 16:00:00+05:00,58.4,56.26971981446037,Вверх,3.7858375562626834,True,0.3921253694001763,0.3096321683487593,0.082493201051417,False,58.0094733725356,Зелёный,2.1302801855396254,Выше
2021-05-18 16:30:00+05:00,58.46,56.29151364715232,Вверх,3.8522438150095457,True,0.3997712314974677,0.327659980978501,0.07211125051896666,False,58.0094733725356,Зелёный,2.1684863528476797,Выше
2021-05-18 17:00:00+05:00,58.49,56.3133891332503,Вверх,3.8651746951321795,True,0.403598944177709,0.3428477736183426,0.06075117055936635,False,58.03052475674855,Зелёный,2.176610866749705,Выше
2021-05-18 17:30:00+05:00,58.5,56.33514645530751,Вверх,3.8428116032500936,True,0.4027961669992237,0.3548374522945189,0.04795871470470481,False,58.0462222810737,Зелёный,2.164853544692491,Выше
2021-05-18 18:00:00+05:00,58.32,56.35489624182186,Вверх,3.487015129520908,True,0.3832179664519941,0.3605135551260139,0.022704411325980167,False,58.0462222810737,Зелёный,1.965103758178138,Выше
2021-05-18 18:30:00+05:00,58.48,56.37604155284851,Вверх,3.73200811763127,True,0.3762752968898937,0.3636659034787899,0.012609393411103786,False,58.0462222810737,Зелёный,2.1039584471514843,Выше
2021-05-18 19:00:00+05:00,58.45,56.39667795530774,Вверх,3.640856375120972,True,0.3641546834507636,0.3637636594731847,0.0003910239775789526,False,58.0462222810737,Зелёный,2.0533220446922655,Выше
2021-05-18 19:30:00+05:00,58.45,56.41710902042906,Вверх,3.6033235571053783,True,0.3505085654178117,0.3611126406621101,-0.01060407524429835,Выше,58.07336568861245,Зелёный,2.0328909795709436,Выше
2021-05-18 20:00:00+05:00,58.29,56.43574475156907,Вверх,3.2856042860661954,True,0.323059230031113,0.3535019585359106,-0.030442728504797623,False,58.07336568861245,Зелёный,1.8542552484309311,Выше
2021-05-18 20:30:00+05:00,58.39,56.4551900774241,Вверх,3.427160407966838,True,0.3058489617933162,0.3439713591873918,-0.03812239739407558,False,58.07336568861245,Зелёный,1.9348099225759015,Выше
2021-05-18 21:00:00+05:00,57.795,56.46852151943978,Вверх,2.349058280379392,True,0.2414152876834379,0.3234601448866011,-0.08204485720316318,False,58.25448641300152,Красный,1.326478480560219,Выше
2021-05-18 21:30:00+05:00,57.83,56.4820685689976,Вверх,2.3864767441294914,True,0.1909739158003844,0.2969628990693578,-0.10598898326897341,False,58.25448641300152,Красный,1.3479314310024009,Выше
2021-05-18 22:00:00+05:00,57.645,56.4936400260225,Вверх,2.038034676907274,True,0.1345201467660857,0.2644743486087034,-0.1299542018426177,False,58.25448641300152,Красный,1.151359973977506,Выше
2021-05-18 22:30:00+05:00,57.395,56.50260878198248,Вверх,1.579380558269174,True,0.0688139727732135,0.2253422734416054,-0.1565283006683919,False,58.0686280950781,Красный,0.8923912180175222,Выше
2021-05-18 23:00:00+05:00,57.17,56.50924949061947,Вверх,1.1692785080966595,True,-0.001398146141696,0.1799941895249451,-0.1813923356666411,False,57.8092652855703,Красный,0.6607505093805344,Выше
2021-05-18 23:30:00+05:00,56.72,56.51134651061331,Вверх,0.3692240625473404,True,-0.0922891436261181,0.1255375228947324,-0.21782666652085053,False,57.47258875701326,Красный,0.20865348938669115,Выше
2021-05-19 00:00:00+05:00,56.965,56.51586047568183,Вверх,0.7947141219081851,True,-0.1429041514144771,0.0718491880328905,-0.2147533394473676,False,57.347829881311945,Красный,0.44913952431816995,Выше
2021-05-19 00:30:00+05:00,56.915,56.519832013237234,Вверх,0.6991669520005196,True,-0.1849198509476437,0.0204953802367836,-0.2054152311844273,False,57.347829881311945,Красный,0.39516798676276466,Выше
2021-05-19 01:00:00+05:00,56.885,56.52346552554334,Вверх,0.6396183798979583,True,-0.21812394772207,-0.027228485354987,-0.190895462367083,False,57.347829881311945,Красный,0.3615344744566613,Выше
2021-05-19 01:30:00+05:00,56.89,56.52711263474191,Вверх,0.6419704604460135,True,-0.2412539500641983,-0.0700335782968293,-0.171220371767369,False,57.347829881311945,Красный,0.3628873652580893,Выше
2021-05-19 12:00:00+05:00,57.75,56.539280668227065,Вверх,2.1413773176164828,True,-0.1880224254027283,-0.0936313477180091,-0.09439107768471919,False,56.40001706487124,Зелёный,1.2107193317729354,Выше
2021-05-19 12:30:00+05:00,57.585,56.54968583570739,Вверх,1.8308044492068158,True,-0.1573365023727788,-0.106372378648963,-0.0509641237238158,False,57.09451535838411,Зелёный,1.0353141642926076,Выше
2021-05-19 13:00:00+05:00,57.07,56.55486309107349,Вверх,0.9108622685496618,True,-0.1725844372937715,-0.1196147903779247,-0.05296964691584678,False,57.8506861774543,Красный,0.5151369089265074,Выше
2021-05-19 13:30:00+05:00,56.85,56.557799776734456,Вверх,0.5166400114909437,True,-0.2001139083880758,-0.135714613979955,-0.06439929440812081,False,57.53436755970886,Красный,0.29220022326554584,Выше
2021-05-19 14:00:00+05:00,56.675,56.55896594811024,Вверх,0.20515589340195942,True,-0.2333621959019893,-0.1552441303643618,-0.07811806553762751,False,57.41493080373799,Красный,0.11603405188975557,Выше
2021-05-19 14:30:00+05:00,56.695,56.56031952076586,Вверх,0.2381183139969609,True,-0.2551565841718357,-0.1752266211258566,-0.07992996304597907,False,57.40343772336418,Красный,0.13468047923414161,Выше
2021-05-19 15:00:00+05:00,57.57,56.570366092698535,Вверх,1.7670628216607684,True,-0.1995236224553735,-0.18008602139176,-0.019437601063613502,False,56.39565604897224,Зелёный,0.9996339073014653,Выше
2021-05-19 15:30:00+05:00,57.18,56.57643210172642,Вверх,1.066818595397365,True,-0.1847738818233253,-0.1810235934780731,-0.0037502883452522062,False,56.39565604897224,Зелёный,0.6035678982735817,Выше
2021-05-19 16:00:00+05:00,56.505,56.57572133454506,Вниз,0.12500297455663748,True,-0.2249582858087748,-0.1898105319442134,-0.0351477538645614,False,56.39565604897224,Зелёный,-0.07072133454505547,Ниже
2021-05-19 16:30:00+05:00,56.37,56.57367435609188,Вниз,0.36001613543764643,True,-0.2646473967853069,-0.2047779049124321,-0.0598694918728748,False,57.35773424029925,Красный,-0.20367435609188078,Ниже
2021-05-19 17:00:00+05:00,56.175,56.56970744707604,Вниз,0.6977364120988496,True,-0.3082824849089647,-0.2254788209117386,-0.0828036639972261,False,56.85871081626932,Красный,-0.3947074470760441,Ниже
2021-05-19 17:30:00+05:00,55.76,56.56165065655787,Вниз,1.4173042109847445,True,-0.3720617421578893,-0.2547954051609687,-0.11726633699692057,False,56.82058973464238,Красный,-0.8016506565578752,Ниже
2021-05-19 18:00:00+05:00,55.815,56.55422129679113,Вниз,1.3071018923799989,True,-0.4134037614593779,-0.2865170764206506,-0.1268866850387273,False,56.65878076117814,Красный,-0.7392212967911291,Ниже
2021-05-19 18:30:00+05:00,56.0,56.54870665702207,Вниз,0.9703257412235375,True,-0.4263252436875007,-0.3144787098740206,-0.11184653381348009,False,56.65878076117814,Красный,-0.5487066570220733,Ниже
2021-05-19 19:00:00+05:00,54.86,56.531903605708415,Вниз,2.957451454968503,True,-0.5225306757045516,-0.3560891030401268,-0.16644157266442478,False,56.321462416554304,Красный,-1.6719036057084153,Ниже
2021-05-19 19:30:00+05:00,54.8,56.51467073400983,Вниз,3.0340276458126265,True,-0.5967368611799628,-0.4042186546680941,-0.19251820651186874,False,55.97681617489887,Красный,-1.714670734009836,Ниже
2021-05-19 20:00:00+05:00,54.975,56.49935062720376,Вниз,2.6979967208150577,True,-0.6341150764535186,-0.450197939025179,-0.1839171374283396,False,55.78438455740898,Красный,-1.5243506272037592,Ниже
2021-05-19 20:30:00+05:00,54.95,56.483934203052485,Вниз,2.7157000033641165,True,-0.6581679223065535,-0.4917919356814539,-0.16637598662509961,False,55.76094610166809,Красный,-1.5339342030524818,Ниже
2021-05-19 21:00:00+05:00,55.675,56.47588510650471,Вниз,1.4181010266494645,True,-0.6116774975782278,-0.5157690480608088,-0.09590844951741895,False,55.76094610166809,Красный,-0.8008851065047153,Ниже
2021-05-19 21:30:00+05:00,55.37,56.46488127459919,Вниз,1.9390482187938818,True,-0.5926131762374851,-0.5311378736961441,-0.06147530254134104,False,55.76094610166809,Красный,-1.0948812745991958,Ниже
2021-05-19 22:00:00+05:00,55.63,56.456573998235015,Вниз,1.4640881295079182,True,-0.5501825748880407,-0.5349468139345235,-0.015235760953517197,False,55.76094610166809,Красный,-0.8265739982350127,Ниже
2021-05-19 22:30:00+05:00,55.735,56.44939415745656,Вниз,1.2655479622400763,True,-0.5022932709830528,-0.5284161053442293,0.026122834361176572,Ниже,55.76094610166809,Красный,-0.7143941574565602,Ниже
2021-05-19 23:00:00+05:00,55.74,56.44233550912367,Вниз,1.244341685701757,True,-0.4586501608468651,-0.5144629164447565,0.055812755597891395,False,55.76094610166809,Красный,-0.7023355091236709,Ниже
2021-05-19 23:30:00+05:00,55.61,56.43405356375926,Вниз,1.4602062260656867,True,-0.4296004288501649,-0.4974904189258382,0.06788999007567326,False,55.76094610166809,Красный,-0.8240535637592572,Ниже
2021-05-20 00:00:00+05:00,55.395,56.42371472232882,Вниз,1.8231956676218561,True,-0.4190959330823816,-0.4818115217571469,0.06271558867476534,False,55.76094610166809,Красный,-1.0287147223288144,Ниже
2021-05-20 00:30:00+05:00,55.3,56.41253348131063,Вниз,1.9721388362733527,True,-0.4136682405796179,-0.4681828655216412,0.054514624942023304,False,55.76094610166809,Красный,-1.112533481310635,Ниже
2021-05-20 01:00:00+05:00,55.45,56.4029560337354,Вниз,1.6895498050942945,True,-0.3927357949939249,-0.4530934514160979,0.060357656422173,False,55.76094610166809,Красный,-0.9529560337353971,Ниже
2021-05-20 01:30:00+05:00,55.37,56.3926778642455,Вниз,1.8134940616003403,True,-0.3782418755750001,-0.4381231362478784,0.0598812606728783,False,55.76094610166809,Красный,-1.0226778642455017,Ниже
2021-05-20 12:00:00+05:00,55.5,56.383795497437085,Вниз,1.5674636473829742,True,-0.3522054216077563,-0.4209395933198541,0.06873417171209778,False,55.76094610166809,Красный,-0.8837954974370845,Ниже
2021-05-20 12:30:00+05:00,54.9,56.36903136313423,Вниз,2.606096517200387,True,-0.3756560013016994,-0.4118828749162231,0.0362268736145237,False,55.76094610166809,Красный,-1.4690313631342349,Ниже
2021-05-20 13:00:00+05:00,53.655,56.34202607593888,Вниз,4.769132853542142,True,-0.4890642218448064,-0.4273191443019398,-0.06174507754286662,Ниже,55.00735614226129,Красный,-2.6870260759388813,Ниже
2021-05-20 13:30:00+05:00,53.2,56.31076213488476,Вниз,5.524276385095537,False,-0.608639731138183,-0.4635832616691885,-0.14505646946899453,False,54.25637052803516,Красный,-3.1107621348847587,Ниже
2021-05-20 14:00:00+05:00,53.165,56.27946101911477,Вниз,5.53392119028463,False,-0.6981802044462384,-0.5105026502245985,-0.1876775542216399,False,54.18623347523164,Красный,-3.1144610191147706,Ниже
2021-05-20 14:30:00+05:00,53.665,56.25344648161114,Вниз,4.601400702545911,True,-0.7204904874716789,-0.5525002176740146,-0.1679902697976643,False,54.18623347523164,Красный,-2.588446481611143,Ниже
2021-05-20 15:00:00+05:00,53.49,56.22594950169462,Вниз,4.86599074971986,True,-0.7437194500987729,-0.5907440641589663,-0.15297538593980664,False,54.18623347523164,Красный,-2.73594950169462,Ниже
2021-05-20 15:30:00+05:00,54.065,56.20444751660314,Вниз,3.8065448752452116,True,-0.7075743985946517,-0.6141101310461035,-0.0934642675485482,False,54.18623347523164,Красный,-2.1394475166031413,Ниже
2021-05-20 16:00:00+05:00,54.025,56.18276147166181,Вниз,3.8406112749551724,True,-0.6743829833296644,-0.6261647015028157,-0.04821828182684873,False,54.18623347523164,Красный,-2.1577614716618143,Ниже
2021-05-20 16:30:00+05:00,54.495,56.16596782517762,Вниз,2.975053915884936,True,-0.6032001595940812,-0.6215717931210688,0.018371633526987563,Ниже,53.40633764521046,Зелёный,-1.6709678251776197,Ниже
2021-05-20 17:00:00+05:00,54.475,56.14914227467834,Вниз,2.9815990180019702,True,-0.5421515067004563,-0.6056877358369464,0.06353622913649004,False,53.67570388068943,Зелёный,-1.6741422746783385,Ниже
2021-05-20 17:30:00+05:00,55.69,56.1445736948308,Вниз,0.8096484930166126,True,-0.3912199238726828,-0.5627941734440937,0.17157424957141088,False,54.20038349262048,Зелёный,-0.454573694830799,Ниже
2021-05-20 18:00:00+05:00,56.19,56.1450256978673,Вверх,0.08010380541051085,True,-0.2286242971686078,-0.4959601981889965,0.26733590102038873,False,54.852345143358434,Зелёный,0.04497430213270093,Выше
2021-05-20 18:30:00+05:00,56.495,56.14850802923181,Вверх,0.6170991588730997,True,-0.0742986717204772,-0.4116278928952926,0.3373292211748154,False,55.47386062902258,Зелёный,0.3464919707681844,Выше
2021-05-20 19:00:00+05:00,56.455,56.15155770058274,Вверх,0.5403987206112837,True,0.0442675439066349,-0.3204488055349072,0.3647163494415421,False,55.48922456612033,Зелёный,0.30344229941725587,Выше
2021-05-20 19:30:00+05:00,56.4,56.15402976326352,Вверх,0.4380277564645797,True,0.1322693647665502,-0.2299051714746156,0.3621745362411658,False,55.48922456612033,Зелёный,0.24597023673647556,Выше
2021-05-20 20:00:00+05:00,55.96,56.15209911885294,Вниз,0.3421049646716417,True,0.1646096020241358,-0.1510022167748653,0.31561181879900113,False,55.48922456612033,Зелёный,-0.19209911885293707,Ниже
2021-05-20 20:30:00+05:00,56.12,56.151779724635496,Вниз,0.05659611287717701,True,0.2008350346102787,-0.0806347664978365,0.2814698011081152,False,55.48922456612033,Зелёный,-0.031779724635498496,Ниже
2021-05-20 21:00:00+05:00,56.0,56.15026947861923,Вниз,0.26762022696337834,True,0.2173554158716868,-0.0210367300239318,0.2383921458956186,False,55.48922456612033,Зелёный,-0.15026947861922935,Ниже
2021-05-20 21:30:00+05:00,55.93,56.14807774251357,Вниз,0.3883975218415179,True,0.2222377041434668,0.0276181568095478,0.194619547333919,False,55.48922456612033,Зелёный,-0.2180777425135716,Ниже
2021-05-20 22:00:00+05:00,55.945,56.1460570684587,Вниз,0.35809650571464724,True,0.224726816559901,0.0670398887596185,0.1576869278002825,False,55.48922456612033,Зелёный,-0.2010570684587023,Ниже
2021-05-20 22:30:00+05:00,55.61,56.140723167280015,Вниз,0.945344372744618,True,0.1973923397743746,0.0931103789625697,0.1042819608118049,False,55.48922456612033,Зелёный,-0.5307231672800157,Ниже
2021-05-20 23:00:00+05:00,55.335,56.13270602133693,Вниз,1.421107368373988,True,0.1517896318680556,0.1048462295436669,0.046943402324388706,False,56.24738167058373,Красный,-0.7977060213369285,Ниже
2021-05-20 23:30:00+05:00,55.465,56.1260621803286,Вниз,1.1778167835909437,True,0.1247015885583451,0.1088173013466025,0.015884287211742593,False,56.08189350352535,Красный,-0.6610621803285994,Ниже
2021-05-21 00:00:00+05:00,55.4,56.11883768102185,Вниз,1.2809204729216048,True,0.0968724766939388,0.1064283364160698,-0.009555859722131008,Выше,56.08189350352535,Красный,-0.7188376810218529,Ниже
2021-05-21 00:30:00+05:00,55.1,56.10869999265348,Вниз,1.7977604057580174,True,0.0500334576925496,0.0951493606713657,-0.045115902978816104,False,55.923708737855534,Красный,-1.0086999926534759,Ниже
2021-05-21 01:00:00+05:00,55.0,56.09766815193056,Вниз,1.956709054211886,True,0.0047888307519414,0.0770772546874809,-0.0722884239355395,False,55.63183786406998,Красный,-1.0976681519305629,Ниже
2021-05-21 01:30:00+05:00,54.8,56.08475603101583,Вниз,2.2907401617390284,True,-0.0466682283126544,0.0523281580874538,-0.0989963864001082,False,55.61865407766298,Красный,-1.2847560310158315,Ниже
2021-05-21 12:00:00+05:00,55.94,56.08331567249826,Вниз,0.2555406555046799,True,0.0044884146232035,0.0427602093946038,-0.0382717947714003,False,54.94071133010331,Зелёный,-0.14331567249826094,Ниже
2021-05-21 12:30:00+05:00,56.69,56.0893523324734,Вверх,1.070876454351291,True,0.1043463153322292,0.0550774305821289,0.0492688847501003,Выше,55.51514019709298,Зелёный,0.6006476675265944,Выше
2021-05-21 13:00:00+05:00,56.24,56.09085131423984,Вверх,0.2659055483479451,True,0.1454959946303873,0.0731611433917805,0.07233485123860679,False,55.54687617738368,Зелёный,0.14914868576016005,Выше
2021-05-21 13:30:00+05:00,56.52,56.09512145041656,Вверх,0.7574251353729524,True,0.1984138801815973,0.0982116907497439,0.10020218943185341,False,55.655188559645325,Зелёный,0.42487854958343974,Выше
2021-05-21 14:00:00+05:00,56.545,56.099597853895006,Вверх,0.7939489107658049,True,0.2396069371783227,0.1264907400354597,0.113116197142863,False,55.81741970368079,Зелёный,0.4454021461049962,Выше
2021-05-21 14:30:00+05:00,56.565,56.104228721020434,Вверх,0.8212772717556817,True,0.2707455779913985,0.1553417076266474,0.11540387036475108,False,55.89417773331271,Зелёный,0.46077127897956416,Выше
2021-05-21 15:00:00+05:00,56.385,56.10702246508989,Вверх,0.4954416090839011,True,0.2776975549476077,0.1798128770908395,0.09788467785676822,False,55.89417773331271,Зелёный,0.27797753491010724,Выше
2021-05-21 15:30:00+05:00,56.535,56.11128094802432,Вверх,0.7551405792502993,True,0.2919454280050644,0.2022393872736845,0.08970604073137989,False,55.89417773331271,Зелёный,0.4237190519756737,Выше
2021-05-21 16:00:00+05:00,56.68,56.11693984406388,Вверх,1.0033693168243605,True,0.3113482296540084,0.2240611557497493,0.08728707390425908,False,55.98416056758496,Зелёный,0.563060155936121,Выше
2021-05-21 16:30:00+05:00,56.815,56.12388571626225,Вверх,1.2314084723779062,True,0.333770957673515,0.2460031161345025,0.08776784153901251,False,56.21074451082647,Зелёный,0.6911142837377469,Выше
2021-05-21 17:00:00+05:00,56.825,56.13086197779198,Вверх,1.2366423706136145,True,0.3483326852366701,0.266469029954936,0.08186365528173412,False,56.22417005974383,Зелёный,0.6941380222080227,Выше
2021-05-21 17:30:00+05:00,56.785,56.13737081383385,Вверх,1.1536507263830658,True,0.3525809597065361,0.283691415905256,0.0688895438012801,False,56.24350305376944,Зелёный,0.6476291861661494,Выше
2021-05-21 18:00:00+05:00,57.0,56.14595418882058,Вверх,1.5211172799864359,True,0.3690423603914041,0.3007616048024856,0.0682807555889185,False,56.2709027483925,Зелёный,0.854045811179418,Выше
2021-05-21 18:30:00+05:00,56.925,56.15370588843431,Вверх,1.3735408898890624,True,0.3717509522625448,0.3149594742944975,0.05679147796804729,False,56.38706247355324,Зелёный,0.7712941115656875,Выше
2021-05-21 19:00:00+05:00,56.58,56.1579476208877,Вверх,0.751545234454617,True,0.3421152227910724,0.3203906239938124,0.02172459879726002,False,56.38706247355324,Зелёный,0.4220523791123014,Выше
2021-05-21 19:30:00+05:00,56.345,56.15980883859032,Вверх,0.32975746399339934,True,0.2962511587004144,0.3155627309351329,-0.019311572234718466,Выше,57.09772939642187,Красный,0.1851911614096764,Выше
2021-05-21 20:00:00+05:00,56.18,56.16000974566903,Вверх,0.03559517603629347,True,0.243779300410587,0.3012060448302237,-0.05742674441963666,False,56.86395645677968,Красный,0.01999025433097046,Выше
2021-05-21 20:30:00+05:00,56.275,56.16115392730416,Вверх,0.2027132007351554,True,0.207469106019289,0.2824586570680368,-0.0749895510487478,False,56.79981081110172,Красный,0.11384607269583569,Выше
2021-05-21 21:00:00+05:00,56.095,56.160495679271285,Вниз,0.11662233119402639,True,0.1622976533649236,0.2584264563274142,-0.09612880296249057,False,56.624829729991546,Красный,-0.06549567927128663,Ниже
2021-05-21 21:30:00+05:00,56.22,56.16108776206461,Вверх,0.10489867679376014,True,0.1350288781700186,0.233746940695935,-0.09871806252591639,False,56.624829729991546,Красный,0.058912237935388134,Выше
2021-05-21 22:00:00+05:00,56.7,56.16645007288984,Вверх,0.9499441862851445,True,0.1504162608159447,0.217080804719937,-0.06666454390399229,False,55.89533791870685,Зелёный,0.5335499271101654,Выше
2021-05-21 22:30:00+05:00,56.59,56.17066450002527,Вверх,0.7465382574823323,True,0.1519828282927733,0.2040612094345043,-0.052078381141730995,False,56.06005412683616,Зелёный,0.4193354999747356,Выше
2021-05-21 23:00:00+05:00,56.65,56.1754340074877,Вверх,0.8447927477499166,True,0.1562645227171515,0.1945018720910337,-0.03823734937388221,False,56.103298714152544,Зелёный,0.4745659925122965,Выше
2021-05-21 23:30:00+05:00,56.635,56.180006803433095,Вверх,0.809884552272961,True,0.1566417531326323,0.1869298482993534,-0.030288095166721124,False,56.10746884273729,Зелёный,0.4549931965669032,Выше
2021-05-22 00:00:00+05:00,56.65,56.18468335265267,Вверх,0.8281912784427217,True,0.1563487940207508,0.1808136374436329,-0.024464843422882104,False,56.18272195846357,Зелёный,0.46531664734732914,Выше
2021-05-22 00:30:00+05:00,56.57,56.18851734914369,Вверх,0.6789334704915945,True,0.1479557486308635,0.174242059681079,-0.026286311050215505,False,56.18272195846357,Зелёный,0.38148265085631294,Выше
2021-05-22 01:00:00+05:00,56.52,56.19181568397808,Вверх,0.5840429109243043,True,0.135705291432167,0.1665347060312966,-0.030829414599129606,False,56.18272195846357,Зелёный,0.3281843160219253,Выше
2021-05-22 01:30:00+05:00,56.545,56.19532995577929,Вверх,0.6222403970149613,True,0.1265551578271129,0.1585387963904599,-0.03198363856334699,False,56.18272195846357,Зелёный,0.3496700442207086,Выше
2021-05-24 12:00:00+05:00,55.8,56.1913963243785,Вниз,0.6965413746244609,True,0.058513826280965,0.1385338023685609,-0.0800199760875959,False,56.27936962305206,Красный,-0.3913963243785048,Ниже
2021-05-24 12:30:00+05:00,55.84,56.18789984353892,Вниз,0.6191721785432134,True,0.0077291496988749,0.1123728718346237,-0.1046437221357488,False,56.27936962305206,Красный,-0.3478998435389187,Ниже
2021-05-24 13:00:00+05:00,55.745,56.183492879921616,Вниз,0.7804656803000641,True,-0.0397258436312384,0.0819531287414513,-0.12167897237268971,False,56.27936962305206,Красный,-0.43849287992161834,Ниже
2021-05-24 13:30:00+05:00,55.65,56.178184493056726,Вниз,0.9401950202253471,True,-0.0840313131219971,0.0487562403687616,-0.13278755349075871,False,56.14865545520495,Красный,-0.5281844930567274,Ниже
2021-05-24 14:00:00+05:00,55.585,56.17228215979248,Вниз,1.0455016908906187,True,-0.1229711389267507,0.0144107645096591,-0.1373819034364098,False,56.07728990968445,Красный,-0.5872821597924798,Ниже
2021-05-24 14:30:00+05:00,55.575,56.1663390537249,Вниз,1.0528353168242988,True,-0.152875889754668,-0.0190465663432062,-0.1338293234114618,False,56.027060918716,Красный,-0.5913390537248944,Ниже
2021-05-24 15:00:00+05:00,55.56,56.16030582930973,Вниз,1.0689148152687398,True,-0.1757599436539862,-0.0503892418053622,-0.125370701848624,False,55.98735482684441,Красный,-0.6003058293097254,Ниже
2021-05-24 15:30:00+05:00,55.795,56.156670945436,Вниз,0.6440391485944917,True,-0.172939644644579,-0.0748993223732056,-0.09804032227137341,False,55.98735482684441,Красный,-0.3616709454359963,Ниже
2021-05-24 16:00:00+05:00,55.865,56.153768746973945,Вниз,0.5142464226668751,True,-0.1631751409233004,-0.0925544860832245,-0.0706206548400759,False,55.98735482684441,Красный,-0.2887687469739433,Ниже
2021-05-24 16:30:00+05:00,55.95,56.15174119725282,Вниз,0.35927861354134677,True,-0.1468847161738864,-0.1034205321013569,-0.0434641840725295,False,55.98735482684441,Красный,-0.20174119725281514,Ниже
2021-05-24 17:00:00+05:00,55.785,56.148092031111,Вниз,0.6466685117453621,True,-0.1456100561431625,-0.1118584369097181,-0.0337516192334444,False,55.98735482684441,Красный,-0.36309203111100175,Ниже
2021-05-24 17:30:00+05:00,55.85,56.1451259412492,Вниз,0.5256483733922319,True,-0.1377668318325646,-0.1170401158942874,-0.020726715938277213,False,55.98735482684441,Красный,-0.29512594124919644,Ниже
2021-05-24 18:00:00+05:00,55.87,56.14238836969449,Вниз,0.4851741751719349,True,-0.1284564215398376,-0.1193233770233974,-0.009133044516440203,False,55.98735482684441,Красный,-0.27238836969448954,Ниже
2021-05-24 18:30:00+05:00,55.85,56.1394790326826,Вниз,0.515642534755398,True,-0.1212934912929526,-0.1197173998773085,-0.0015760914156440903,False,55.98735482684441,Красный,-0.2894790326825998,Ниже
2021-05-24 19:00:00+05:00,55.52,56.13331506220815,Вниз,1.0926043856993937,True,-0.1406240332215347,-0.1238987265461537,-0.016725306675380983,False,55.98735482684441,Красный,-0.6133150622081445,Ниже
2021-05-24 19:30:00+05:00,55.32,56.125222375022,Вниз,1.4346889703912418,True,-0.1701209075733203,-0.133143162751587,-0.0369777448217333,False,55.80691994326258,Красный,-0.805222375021998,Ниже
2021-05-24 20:00:00+05:00,55.485,56.11885200313123,Вниз,1.1294814140101523,True,-0.1781299013523707,-0.1421405104717438,-0.03598939088062689,False,55.80691994326258,Красный,-0.6338520031312314,Ниже
2021-05-24 20:30:00+05:00,55.535,56.11304253046326,Вниз,1.0301393479946312,True,-0.1783861796538843,-0.1493896443081719,-0.02899653534571242,False,55.80691994326258,Красный,-0.5780425304632644,Ниже
2021-05-24 21:00:00+05:00,55.45,56.1064450923492,Вниз,1.1699994381549386,True,-0.1833347033413517,-0.1561786561148078,-0.02715604722654391,False,55.80691994326258,Красный,-0.6564450923491947,Ниже
2021-05-24 21:30:00+05:00,55.55,56.100908325261145,Вниз,0.9819953753103214,True,-0.1771452594686593,-0.1603719767855781,-0.016773282683081203,False,55.80691994326258,Красный,-0.5509083252611475,Ниже
2021-05-24 22:00:00+05:00,55.455,56.09448137675109,Вниз,1.1400076461285047,True,-0.177855578263923,-0.1638686970812471,-0.013986881182675909,False,55.80691994326258,Красный,-0.6394813767510925,Ниже
2021-05-24 22:30:00+05:00,55.545,56.0890139003655,Вниз,0.9699116859709207,True,-0.1692057644623261,-0.164936110557463,-0.004269653904863113,False,55.80691994326258,Красный,-0.5440139003654991,Ниже
2021-05-24 23:00:00+05:00,55.48,56.08295406056087,Вниз,1.0751110933097054,True,-0.1656857591823097,-0.1650860402824323,-0.0005997188998774217,False,55.80691994326258,Красный,-0.6029540605608759,Ниже
2021-05-24 23:30:00+05:00,55.54,56.0775515325951,Вниз,0.9585859544574635,True,-0.1562534387015901,-0.1633195199662639,0.007066081264673785,Ниже,55.80691994326258,Красный,-0.5375515325951028,Ниже
2021-05-25 00:00:00+05:00,55.68,56.073595795952365,Вниз,0.7019271554915625,True,-0.1359146868867569,-0.1578385533503625,0.021923866463605612,False,55.80691994326258,Красный,-0.3935957959523648,Ниже
2021-05-25 00:30:00+05:00,55.49,56.06778887260956,Вниз,1.0305183853822764,True,-0.1335875772097665,-0.1529883581222433,0.019400780912476795,False,55.80691994326258,Красный,-0.5777888726095597,Ниже
2021-05-25 01:00:00+05:00,55.525,56.06238798830499,Вниз,0.9585535108085216,True,-0.1274499547880694,-0.1478806774554085,0.020430722667339113,False,55.80110743193318,Красный,-0.5373879883049923,Ниже
2021-05-25 01:30:00+05:00,55.435,56.05614532175469,Вниз,1.1080771219451477,True,-0.1283683422948485,-0.1439782104232965,0.015609868128448001,False,55.75424668873987,Красный,-0.621145321754689,Ниже
2021-05-25 12:00:00+05:00,54.98,56.04543740810539,Вниз,1.9010243427082443,True,-0.1639212858708845,-0.1479668255128141,-0.01595446035807041,Ниже,55.65757201986588,Красный,-1.0654374081053959,Ниже
2021-05-25 12:30:00+05:00,55.02,56.035234050810814,Вниз,1.8117780143297555,True,-0.1867172241612706,-0.1557169052425054,-0.031000318918765202,False,55.3153148178793,Красный,-1.015234050810811,Ниже
2021-05-25 13:00:00+05:00,55.02,56.025132219459465,Вниз,1.7940738015971065,True,-0.2024494581590232,-0.165063415825809,-0.037386042333214214,False,55.3153148178793,Красный,-1.0051322194594619,Ниже
2021-05-25 13:30:00+05:00,55.05,56.01542941130565,Вниз,1.7235062222174018,True,-0.2100750037907701,-0.1740657334188012,-0.03600927037196891,False,55.3153148178793,Красный,-0.9654294113056494,Ниже
2021-05-25 14:00:00+05:00,54.96,56.00492762611853,Вниз,1.8657780134889688,True,-0.220834904171312,-0.1834195675693034,-0.0374153366020086,False,55.3153148178793,Красный,-1.044927626118529,Ниже
2021-05-25 14:30:00+05:00,54.96,55.9945303363064,Вниз,1.8475560560878839,True,-0.2267483884675059,-0.1920853317489439,-0.034663056718561985,False,55.312995552010605,Красный,-1.0345303363063962,Ниже
2021-05-25 15:00:00+05:00,55.0,55.98463451206455,Вниз,1.758758489085726,True,-0.2256065497996573,-0.1987895753590866,-0.026816974440570712,False,55.29969599680955,Красный,-0.9846345120645523,Ниже
2021-05-25 15:30:00+05:00,54.975,55.97458839751665,Вниз,1.7857896344281006,True,-0.2241352340365239,-0.203858707094574,-0.020276526941949924,False,55.23397639712859,Красный,-0.9995883975166464,Ниже
2021-05-25 16:00:00+05:00,55.015,55.96504025425778,Вниз,1.697560208911849,True,-0.2172373628940462,-0.2065344382544685,-0.010702924639577699,False,55.23397639712859,Красный,-0.9500402542577788,Ниже
2021-05-25 16:30:00+05:00,54.96,55.9550398537179,Вниз,1.7782845947732508,True,-0.2137448728206621,-0.2079765251677073,-0.005768347652954808,False,55.23397639712859,Красный,-0.9950398537178984,Ниже
2021-05-25 17:00:00+05:00,55.07,55.94623348701424,Вниз,1.5662063956774201,True,-0.1997978236427116,-0.2063407848627081,0.006542961219996507,Ниже,55.23397639712859,Красный,-0.8762334870142396,Ниже
2021-05-25 17:30:00+05:00,54.9,55.93582320356137,Вниз,1.8518064886464767,True,-0.2001550036469623,-0.205103628619559,0.00494862497259671,False,55.23397639712859,Красный,-1.035823203561371,Ниже
2021-05-25 18:00:00+05:00,54.915,55.925665758749815,Вниз,1.8071591013499793,True,-0.1969572956315275,-0.2034743620219527,0.006517066390425208,False,55.23397639712859,Красный,-1.0106657587498162,Ниже
2021-05-25 18:30:00+05:00,54.9,55.91546012930952,Вниз,1.8160632622197532,True,-0.1934040224498403,-0.2014602941075302,0.008056271657689879,False,55.18147177296641,Красный,-1.015460129309524,Ниже
2021-05-25 19:00:00+05:00,54.9,55.90535604842088,Вниз,1.798317942112948,True,-0.1884160845160423,-0.1988514521892326,0.01043536767319031,False,55.15607459566977,Красный,-1.0053560484208788,Ниже
2021-05-25 19:30:00+05:00,54.9,55.89535250565053,Вниз,1.780742872227004,True,-0.1823609640890993,-0.195553354569206,0.013192390480106703,False,55.1004671361028,Красный,-0.9953525056505299,Ниже
2021-05-25 20:00:00+05:00,54.705,55.88350820211172,Вниз,2.1088658175314565,True,-0.1910942917991605,-0.1946615420151969,0.003567250216036405,False,54.99742042249252,Красный,-1.178508202111722,Ниже
2021-05-25 20:30:00+05:00,54.69,55.87163249860813,Вниз,2.1149059831705617,True,-0.1969555110386807,-0.1951203358198937,-0.0018351752187870107,Ниже,54.99742042249252,Красный,-1.1816324986081312,Ниже
2021-05-25 21:00:00+05:00,54.8,55.86096948867173,Вниз,1.89930375069285,True,-0.1905281983512523,-0.1942019083261654,0.0036737099749131197,Ниже,54.99742042249252,Красный,-1.0609694886717307,Ниже
2021-05-25 21:30:00+05:00,54.855,55.85095984201829,Вниз,1.7832457039869976,True,-0.1789338286006909,-0.1911482923810705,0.012214463780379603,False,54.99742042249252,Красный,-0.9959598420182942,Ниже
2021-05-25 22:00:00+05:00,54.955,55.84204481871463,Вниз,1.5884891421765328,True,-0.1598335807493853,-0.1848853500547335,0.025051769305348193,False,54.99742042249252,Красный,-0.8870448187146351,Ниже
2021-05-25 22:30:00+05:00,54.985,55.83351700957319,Вниз,1.5197269579627355,True,-0.1406543713986536,-0.1760391543235175,0.03538478292486388,False,54.99742042249252,Красный,-0.8485170095731931,Ниже
2021-05-25 23:00:00+05:00,54.98,55.825024303010274,Вниз,1.5137016303362547,True,-0.1244238869056459,-0.1657161008399433,0.041292213934297384,False,54.99742042249252,Красный,-0.8450243030102769,Ниже
2021-05-25 23:30:00+05:00,54.935,55.81616833979625,Вниз,1.5786972950774631,True,-0.1138795029079347,-0.1553487812535415,0.04146927834560682,False,54.99742042249252,Красный,-0.8811683397962469,Ниже
2021-05-26 00:00:00+05:00,54.925,55.80730099313161,Вниз,1.580977716948187,True,-0.1051181820788613,-0.1453026614186055,0.040184479339744214,False,54.99742042249252,Красный,-0.882300993131615,Ниже
2021-05-26 00:30:00+05:00,54.765,55.796929838971096,Вниз,1.849438386572927,True,-0.1098195041406526,-0.1382060299630149,0.0283865258223623,False,54.99742042249252,Красный,-1.0319298389710951,Ниже
2021-05-26 01:00:00+05:00,54.68,55.78581610923009,Вниз,1.982253171782723,True,-0.1190319985863155,-0.1343712236876751,0.0153392251013596,False,54.96591509468682,Красный,-1.1058161092300907,Ниже
2021-05-26 01:30:00+05:00,54.63,55.77431545142681,Вниз,2.051688921979467,True,-0.1288818788661316,-0.1332733547233664,0.004391475857234817,False,54.88157358521814,Красный,-1.144315451426806,Ниже
2021-05-26 12:00:00+05:00,54.91,55.76571529768127,Вниз,1.5344827787349338,True,-0.1127940998390215,-0.1291775037464974,0.01638340390747589,False,54.55108377330368,Зелёный,-0.8557152976812716,Ниже
2021-05-26 12:30:00+05:00,54.805,55.75615594148544,Вниз,1.7059209434804852,True,-0.1072803800902733,-0.1247980790152526,0.0175176989249793,False,54.55108377330368,Зелёный,-0.9511559414854389,Ниже
2021-05-26 13:00:00+05:00,54.94,55.7480349868438,Вниз,1.449441199200101,True,-0.0909687149869498,-0.118032206209592,0.02706349122264219,False,54.55108377330368,Зелёный,-0.8080349868438006,Ниже
2021-05-26 13:30:00+05:00,54.9,55.73959682777073,Вниз,1.5062843571778899,True,-0.0803431230685305,-0.1104943895813797,0.030151266512849204,False,54.57786007073838,Зелёный,-0.839596827770734,Ниже
2021-05-26 14:00:00+05:00,54.895,55.7311928792357,Вниз,1.5004036986031293,True,-0.0715014983681285,-0.1026958113387295,0.031194312970601004,False,54.57786007073838,Зелёный,-0.8361928792356963,Ниже
2021-05-26 14:30:00+05:00,55.04,55.72431533814878,Вниз,1.228037229342676,True,-0.0521925160715994,-0.0925951522853035,0.0404026362137041,False,54.62946665729809,Зелёный,-0.6843153381487781,Ниже
2021-05-26 15:00:00+05:00,55.2,55.7190982701075,Вниз,0.9316343699445463,True,-0.0237060767672403,-0.0788173371816909,0.0551112604144506,False,54.81326999156827,Зелёный,-0.5190982701074986,Ниже
2021-05-26 15:30:00+05:00,55.34,55.71532614801688,Вниз,0.6736497369139673,True,0.0100506044742587,-0.0610437488505009,0.07109435332475961,False,54.95144299241144,Зелёный,-0.3753261480168746,Ниже
2021-05-26 16:00:00+05:00,55.165,55.70985026594706,Вниз,0.9780142350878019,True,0.0224234959942464,-0.0443502998815514,0.06677379587579779,False,54.95144299241144,Зелёный,-0.544850265947062,Ниже
2021-05-26 16:30:00+05:00,55.275,55.70552339762918,Вниз,0.7728558522932814,True,0.0406367472307778,-0.0273528904590856,0.06798963768986341,False,54.95144299241144,Зелёный,-0.43052339762918024,Ниже
2021-05-26 17:00:00+05:00,55.295,55.701438587702526,Вниз,0.7296734124067236,True,0.0560387332738585,-0.0106745657124967,0.0667132989863552,False,54.95144299241144,Зелёный,-0.4064385877025245,Ниже
2021-05-26 17:30:00+05:00,55.285,55.6972949201632,Вниз,0.7402422698520478,True,0.0666694775153118,0.0047942429330649,0.0618752345822469,False,54.95144299241144,Зелёный,-0.41229492016320535,Ниже
2021-05-26 18:00:00+05:00,55.095,55.69130193588297,Вниз,1.0707272323593517,True,0.0590819469065877,0.0156517837277694,0.0434301631788183,False,54.95144299241144,Зелёный,-0.5963019358829698,Ниже
2021-05-26 18:30:00+05:00,55.16,55.68601534945627,Вниз,0.9446094251048062,True,0.0576491870632196,0.0240512643948595,0.033597922668360106,False,54.95144299241144,Зелёный,-0.5260153494562729,Ниже
2021-05-26 19:00:00+05:00,55.3,55.68217440070546,Вниз,0.6863496349033098,True,0.0670377747977468,0.0326485664754369,0.03438920832230989,False,54.95144299241144,Зелёный,-0.38217440070546616,Ниже
2021-05-26 19:30:00+05:00,55.425,55.67961545144472,Вниз,0.457286655772179,True,0.0836010526547355,0.0428390637112967,0.0407619889434388,False,55.0237862659924,Зелёный,-0.254615451444721,Ниже
2021-05-26 20:00:00+05:00,55.55,55.67832574546019,Вниз,0.23047701909509802,True,0.1055967711734027,0.0553906052037179,0.0502061659696848,False,55.19390763939317,Зелёный,-0.12832574546019515,Ниже
2021-05-26 20:30:00+05:00,55.595,55.67749663356507,Вниз,0.1481687190572043,True,0.1252162455550021,0.0693557332739747,0.0558605122810274,False,55.30451687545385,Зелёный,-0.08249663356507142,Ниже
2021-05-26 21:00:00+05:00,55.465,55.67538223920124,Вниз,0.37787300372247223,True,0.1287902924858244,0.0812426451163446,0.047547647369479806,False,55.30451687545385,Зелёный,-0.21038223920123755,Ниже
2021-05-26 21:30:00+05:00,55.56,55.674234157219146,Вниз,0.20518316766883019,True,0.1377011236426213,0.0925343408216,0.045166782821021295,False,55.30451687545385,Зелёный,-0.1142341572191441,Ниже
2021-05-26 22:00:00+05:00,55.545,55.67294824520702,Вниз,0.22982121342573378,True,0.1419167192937536,0.1024108165160307,0.039505902777722895,False,55.30451687545385,Зелёный,-0.12794824520701553,Ниже
2021-05-26 22:30:00+05:00,55.56,55.67182438207063,Вниз,0.200863512758607,True,0.1447988330455558,0.1108884198219357,0.033910413223620095,False,55.30451687545385,Зелёный,-0.11182438207062972,Ниже
2021-05-26 23:00:00+05:00,55.655,55.67165697528387,Вниз,0.0299200278721011,True,0.152985117802153,0.1193077594179792,0.03367735838417378,False,55.31781264478674,Зелёный,-0.01665697528386545,Ниже
2021-05-26 23:30:00+05:00,55.74,55.67233700538055,Вверх,0.12153790959577357,True,0.1644360803003124,0.1283334235944458,0.0361026567058666,False,55.40678138030807,Зелёный,0.0676629946194538,Выше
2021-05-27 00:00:00+05:00,55.695,55.672562507814575,Вверх,0.040302603607073814,True,0.1679439730803551,0.1362555334916277,0.03168843958872741,False,55.40678138030807,Зелёный,0.0224374921854249,Выше
2021-05-27 00:30:00+05:00,55.525,55.671094224154736,Вниз,0.2624238416556026,True,0.1552171771321866,0.1400478622197395,0.015169314912447107,False,55.40678138030807,Зелёный,-0.14609422415473716,Ниже
2021-05-27 01:00:00+05:00,55.63,55.67068532640195,Вниз,0.07308213678960007,True,0.1518532523621587,0.1424089402482233,0.009444312113935427,False,55.40678138030807,Зелёный,-0.040685326401948885,Ниже
2021-05-27 01:30:00+05:00,55.68,55.67077800972134,Вверх,0.01656522615338811,True,0.1514757813615759,0.1442223084708938,0.007253472890682122,False,55.40678138030807,Зелёный,0.009221990278660996,Выше
2021-05-27 12:00:00+05:00,55.88,55.67285982056988,Вверх,0.37206671275325043,True,0.1654082381974504,0.1484594944162051,0.016948743781245307,False,55.40678138030807,Зелёный,0.20714017943011953,Выше
2021-05-27 12:30:00+05:00,56.045,55.6765627079274,Вверх,0.661745758274226,True,0.1876013797275888,0.1562878714784819,0.03131350824910692,False,55.481440348532296,Зелёный,0.3684372920725991,Выше
2021-05-27 13:00:00+05:00,56.22,55.68197004416693,Вверх,0.9662552445725293,True,0.2168113751745295,0.1683925722176914,0.04841880295683809,False,55.75929631367907,Зелёный,0.5380299558330677,Выше
2021-05-27 13:30:00+05:00,56.165,55.686776312384175,Вверх,0.8587742356159186,True,0.2328384499529008,0.1812817477647333,0.05155670218816749,False,55.75929631367907,Зелёный,0.4782236876158237,Выше
2021-05-27 14:00:00+05:00,56.235,55.69223127445001,Вверх,0.974586065469776,True,0.2483258908766643,0.1946905763871195,0.05363531448954478,False,55.809955014080046,Зелёный,0.5427687255499904,Выше
2021-05-27 14:30:00+05:00,56.36,55.69887573938086,Вверх,1.1869615891577214,True,0.2676015110776006,0.2092727633252157,0.05832874775238492,False,55.964959512672046,Зелёный,0.6611242606191396,Выше
2021-05-27 15:00:00+05:00,56.345,55.705304836501455,Вверх,1.1483559157895094,True,0.2784573216501087,0.2231096749901943,0.05534764665991443,False,55.964959512672046,Зелёный,0.6396951634985442,Выше
2021-05-27 15:30:00+05:00,56.37,55.71191871872532,Вверх,1.1812217141490913,True,0.2857835855271347,0.2356444570975824,0.05013912842955229,False,56.00286720526435,Зелёный,0.6580812812746757,Выше
2021-05-27 16:00:00+05:00,56.305,55.71782002500666,Вверх,1.0538459234941506,True,0.2830815576754943,0.2451318772131648,0.03794968046232952,False,56.00633048473792,Зелёный,0.5871799749933402,Выше
2021-05-27 16:30:00+05:00,56.35,55.72411037301654,Вверх,1.1231935741885517,True,0.2813283272199314,0.2523711672145181,0.028957160005413318,False,56.04019743626412,Зелёный,0.625889626983458,Выше
2021-05-27 17:00:00+05:00,56.345,55.73028837925519,Вверх,1.103011734950261,True,0.2763498323932722,0.257166900250269,0.019182932143003206,False,56.06792769263772,Зелёный,0.6147116207448065,Выше
2021-05-27 17:30:00+05:00,56.2,55.73496212672529,Вверх,0.8343737136078921,True,0.2577330648522249,0.2572801331706602,0.00045293168156473884,False,56.06792769263772,Зелёный,0.46503787327471,Выше
2021-05-27 18:00:00+05:00,56.285,55.74043514038972,Вверх,0.9769655694985453,True,0.2469907761536589,0.2552222617672599,-0.008231485613600986,Выше,56.06792769263772,Зелёный,0.5445648596102757,Выше
2021-05-27 18:30:00+05:00,56.285,55.74585369620674,Вверх,0.9671505018676325,True,0.2357597433994698,0.2513297580937019,-0.015570014694232082,False,56.06792769263772,Зелёный,0.5391463037932596,Выше
2021-05-27 19:00:00+05:00,56.24,55.75077057485145,Вверх,0.8775294405872066,True,0.2206840369008986,0.2452006138551412,-0.024516576954242586,False,56.06792769263772,Зелёный,0.48922942514855094,Выше
2021-05-27 19:30:00+05:00,56.495,55.75817584276338,Вверх,1.3214638859679413,True,0.2266995484829195,0.2415004007806969,-0.01480085229777739,False,56.08513362322565,Зелёный,0.7368241572366188,Выше
2021-05-27 20:00:00+05:00,56.5,55.76555717766126,Вверх,1.317018711027867,True,0.2292279458935269,0.2390459098032629,-0.009817963909735994,False,56.18587026090308,Зелёный,0.7344428223387425,Выше
2021-05-27 20:30:00+05:00,56.5,55.77286506644075,Вверх,1.303743196073991,True,0.2285965997520591,0.2369560477930222,-0.008359448040963113,False,56.18587026090308,Зелёный,0.727134933559249,Выше
2021-05-27 21:00:00+05:00,56.53,55.78039874737169,Вверх,1.3438434816919087,True,0.2278900282765263,0.235142843889723,-0.007252815613196711,False,56.2739799113315,Зелёный,0.7496012526283096,Выше
2021-05-27 21:30:00+05:00,56.22,55.78477288918889,Вверх,0.7801898049771439,True,0.2000100645475271,0.2281162880212839,-0.028106223473756797,False,56.69716807980165,Красный,0.43522711081110543,Выше
2021-05-27 22:00:00+05:00,56.305,55.7899492783512,Вверх,0.9231962536461007,True,0.1826680979273973,0.2190266500025066,-0.036358552075109296,False,56.64445127182149,Красный,0.5150507216487981,Выше
2021-05-27 22:30:00+05:00,56.4,55.79601943478552,Вверх,1.0824796667088614,True,0.1745777468953591,0.2101368693810771,-0.03555912248571799,False,56.64445127182149,Красный,0.6039805652144778,Выше
2021-05-27 23:00:00+05:00,56.38,55.8018301866782,Вверх,1.0361126353519294,True,0.1646542211933876,0.2010403397435392,-0.036386118550151586,False,56.64445127182149,Красный,0.5781698133218001,Выше
2021-05-27 23:30:00+05:00,56.37,55.80748361765653,Вверх,1.0079586927755635,True,0.1542052569403509,0.1916733231829016,-0.037468066242550696,False,56.64445127182149,Красный,0.5625163823434676,Выше
2021-05-28 00:00:00+05:00,56.42,55.813578308028106,Вверх,1.086512834968457,True,0.1482500256088812,0.1829886636680975,-0.03473863805921629,False,56.64445127182149,Красный,0.6064216919718959,Выше
2021-05-28 00:30:00+05:00,56.375,55.81916459352036,Вверх,0.9957787984239386,True,0.1383050435046371,0.1740519396354054,-0.03574689613076831,False,56.64445127182149,Красный,0.5558354064796376,Выше
2021-05-28 01:00:00+05:00,56.25,55.82345151298782,Вверх,0.7641026762971409,True,0.1189657550354539,0.1630347027154151,-0.044068947679961196,False,56.59796582084809,Красный,0.42654848701217674,Выше
2021-05-28 01:30:00+05:00,56.5,55.83018333872924,Вверх,1.1997393187962329,True,0.1224011756930991,0.1549079973109519,-0.03250682161785279,False,56.59796582084809,Красный,0.6698166612707581,Выше
2021-05-28 12:00:00+05:00,56.98,55.84162430053293,Вверх,2.0385791311163652,True,0.1619884576819288,0.1563240893851473,0.005664368296781491,Выше,56.334222685113055,Зелёный,1.138375699467069,Выше
2021-05-28 12:30:00+05:00,56.745,55.85061311346295,Вверх,1.6013913485964124,True,0.1724116733975975,0.1595416061876374,0.01287006720996009,False,56.42505041660175,Зелёный,0.894386886537049,Выше
2021-05-28 13:00:00+05:00,56.895,55.861005022781725,Вверх,1.8510139171262403,True,0.1905790170677335,0.1657490883636566,0.02482992870407691,False,56.47379537494157,Зелёный,1.0339949772182777,Выше
2021-05-28 13:30:00+05:00,56.9,55.87134328126151,Вверх,1.8411168558452868,True,0.2030397106318844,0.1732072128173022,0.029832497814582193,False,56.490665837447416,Зелёный,1.028656718738489,Выше
2021-05-28 14:00:00+05:00,56.9,55.881578671497714,Вверх,1.8224634176659877,True,0.2104885194285017,0.1806634741395421,0.0298250452889596,False,56.490665837447416,Зелёный,1.018421328502285,Выше
2021-05-28 14:30:00+05:00,56.995,55.8926574906868,Вверх,1.9722492341626015,True,0.2215040987486034,0.1888315990613543,0.03267249968724911,False,56.6078643283324,Зелёный,1.1023425093131962,Выше
2021-05-28 15:00:00+05:00,56.995,55.90362607286902,Вверх,1.9522417485198573,True,0.2276102751532605,0.1965873342797356,0.03102294087352489,False,56.63707789549917,Зелёный,1.0913739271309808,Выше
2021-05-28 15:30:00+05:00,57.09,55.91543078856186,Вверх,2.100617298075814,True,0.2373788147847975,0.204745630380748,0.0326331844040495,False,56.74712010594925,Зелёный,1.1745692114381399,Выше
2021-05-28 16:00:00+05:00,57.1,55.92721754688464,Вверх,2.09697979723772,True,0.2431247781452867,0.2124214599336557,0.030703318211631025,False,56.81190809535432,Зелёный,1.1727824531153601,Выше
2021-05-28 16:30:00+05:00,56.92,55.93709597925395,Вверх,1.7571595441969248,True,0.2304969741895917,0.2160365627848429,0.014460411404748796,False,56.81190809535432,Зелёный,0.9829040207460551,Выше
2021-05-28 17:00:00+05:00,57.0,55.94767213866436,Вверх,1.8809144708067265,True,0.2243584158289948,0.2177009333936733,0.006657482435321493,False,56.81190809535432,Зелёный,1.052327861335641,Выше
2021-05-28 17:30:00+05:00,57.0,55.95814306265776,Вверх,1.861850448067308,True,0.2169922129444259,0.2175591893038239,-0.0005669763593980082,Выше,56.81190809535432,Зелёный,1.0418569373422386,Выше
2021-05-28 18:00:00+05:00,57.0,55.96850979835271,Вверх,1.8429831442066489,True,0.2087481256366459,0.2157969765703883,-0.007048850933742384,False,56.81190809535432,Зелёный,1.031490201647287,Выше
2021-05-28 18:30:00+05:00,57.035,55.97912164115517,Вверх,1.8862002973418581,True,0.2027022096474979,0.2131780231858102,-0.010475813538312284,False,56.81190809535432,Зелёный,1.0558783588448293,Выше
2021-05-28 19:00:00+05:00,57.1,55.99027465965115,Вверх,1.9819966004713407,True,0.2008405693751243,0.2107105324236731,-0.009869963048548813,False,56.8217817901032,Зелёный,1.1097253403488523,Выше
2021-05-28 19:30:00+05:00,57.145,56.00176446403273,Вверх,2.041427706624346,True,0.2006829814765325,0.208705022234245,-0.008022040757712512,False,56.8217817901032,Зелёный,1.1432355359672712,Выше
2021-05-28 20:00:00+05:00,56.78,56.009508101206535,Вверх,1.3756448233775302,True,0.1691557205135296,0.2007951618901019,-0.03163944137657232,False,57.23245675001641,Красный,0.7704918987934661,Выше
2021-05-28 20:30:00+05:00,56.705,56.01642841860747,Вверх,1.229231496601096,True,0.1365442685281053,0.1879449832177026,-0.05140071468959728,False,56.968961075014775,Красный,0.6885715813925302,Выше
2021-05-28 21:00:00+05:00,56.795,56.02417539951685,Вверх,1.375878529199735,True,0.1166174127728254,0.1736794691287272,-0.057062056355901794,False,56.968961075014775,Красный,0.7708246004831523,Выше
2021-05-28 21:30:00+05:00,56.965,56.03353683832763,Вверх,1.6623315504068692,True,0.1132374840440704,0.1615910721117958,-0.0483535880677254,False,56.968961075014775,Красный,0.9314631616723759,Выше
2021-05-28 22:00:00+05:00,56.94,56.04255637227462,Вверх,1.6013609760481298,True,0.1073046340822969,0.150733784505896,-0.0434291504235991,False,56.968961075014775,Красный,0.8974436277253801,Выше
2021-05-28 22:30:00+05:00,56.91,56.051187652152485,Вверх,1.532192954014117,True,0.099040382584242,0.1403951041215653,-0.04135472153732331,False,56.968961075014775,Красный,0.8588123478475111,Выше
2021-05-28 23:00:00+05:00,56.89,56.05953404367336,Вверх,1.481400033899076,True,0.0898414347429152,0.1302843702458353,-0.04044293550292011,False,56.968961075014775,Красный,0.8304659563266412,Выше
2021-05-28 23:30:00+05:00,56.895,56.067847137766165,Вверх,1.4752713087082037,True,0.0820093082604813,0.1206293578487645,-0.03862004958828319,False,56.968961075014775,Красный,0.827152862233838,Выше
2021-05-29 00:00:00+05:00,56.925,56.0763760219675,Вверх,1.5133359860845095,True,0.0773316102100238,0.1119698083210164,-0.0346381981109926,False,56.968961075014775,Красный,0.8486239780324993,Выше
2021-05-29 00:30:00+05:00,56.84,56.08397427050514,Вверх,1.3480245280913759,True,0.0660048483732254,0.1027768163314582,-0.0367719679582328,False,56.968961075014775,Красный,0.7560257294948656,Выше
2021-05-29 01:00:00+05:00,56.845,56.09154666582349,Вверх,1.3432564779597773,True,0.0567772731635045,0.0935769076978674,-0.036799634534362906,False,56.968961075014775,Красный,0.7534533341765055,Выше
2021-05-29 01:30:00+05:00,56.92,56.09978998258147,Вверх,1.462055415311181,True,0.0548835629773876,0.0858382387537715,-0.030954675776383903,False,56.968961075014775,Красный,0.8202100174185318,Выше
2021-05-31 12:00:00+05:00,56.9,56.107752271312,Вверх,1.4120111688970198,True,0.0511789916010556,0.0789063893232283,-0.027727397722172697,False,56.968961075014775,Красный,0.7922477286879968,Выше
2021-05-31 12:30:00+05:00,56.9,56.115635333289,Вверх,1.3977649224719682,True,0.0476933132680201,0.0726637741121867,-0.024970460844166605,False,56.968961075014775,Красный,0.7843646667109994,Выше
2021-05-31 13:00:00+05:00,57.13,56.1257285140523,Вверх,1.7893246333475443,True,0.0627664335111646,0.0706843059919823,-0.007917872480817711,False,56.59925983217151,Зелёный,1.0042714859477044,Выше
2021-05-31 13:30:00+05:00,57.3,56.13741280744482,Вверх,2.0709668194772943,True,0.087421824772754,0.0740318097481366,0.013390015024617397,Выше,56.750833848954365,Зелёный,1.1625871925551792,Выше
2021-05-31 14:00:00+05:00,57.27,56.14868233174885,Вверх,1.9970507261879429,True,0.1033493042537969,0.0798953086492687,0.023453995604528197,False,56.94000046405893,Зелёный,1.1213176682511516,Выше
2021-05-31 14:30:00+05:00,57.45,56.16163076625882,Вверх,2.2940381469749296,True,0.1290093032289334,0.0897181075652016,0.03929119566373179,False,56.94000046405893,Зелёный,1.2883692337411858,Выше
2021-05-31 15:00:00+05:00,57.46,56.17454986311197,Вверх,2.288314085329493,True,0.1484408203379033,0.101462650119742,0.046978170218161294,False,57.07522537588773,Зелёный,1.2854501368880307,Выше
2021-05-31 15:30:00+05:00,57.48,56.18753941671285,Вверх,2.300261938330593,True,0.1635687517442079,0.1138838704446351,0.0496848812995728,False,57.07522537588773,Зелёный,1.292460583287145,Выше
2021-05-31 16:00:00+05:00,57.5,56.20059872599929,Вверх,2.31207727934682,True,0.1751525298916689,0.1261376023340419,0.049014927557627014,False,57.12798255446906,Зелёный,1.299401274000708,Выше
2021-05-31 16:30:00+05:00,57.75,56.2160156540988,Вверх,2.7287318890401613,True,0.202175119267693,0.1413451057207722,0.0608300135469208,False,57.26143429902216,Зелёный,1.533984345901203,Выше
2021-05-31 17:00:00+05:00,57.74,56.23117967744111,Вверх,2.683245009644,True,0.220244952889729,0.1571250751545635,0.0631198777351655,False,57.36379086911993,Зелёный,1.5088203225588899,Выше
2021-05-31 17:30:00+05:00,57.955,56.248332118461605,Вверх,3.0341662005978627,True,0.2490433131019855,0.1755087227440479,0.07353459035793758,False,57.511661782207945,Зелёный,1.7066678815383938,Выше
2021-05-31 18:00:00+05:00,57.905,56.26481637598936,Вверх,2.915114150644552,True,0.2647794265092784,0.193362863497094,0.07141656301218438,False,57.53024560398715,Зелёный,1.640183624010639,Выше
2021-05-31 18:30:00+05:00,57.865,56.28073860110389,Вверх,2.8149264531241185,True,0.270899977737109,0.208870286345097,0.062029691392012004,False,57.53024560398715,Зелёный,1.5842613988961105,Выше
2021-05-31 19:00:00+05:00,57.44,56.29227354039639,Вверх,2.038870323437871,True,0.2387049682690403,0.2148372227298857,0.023867745539154606,False,58.02250106077041,Красный,1.1477264596036107,Выше
2021-05-31 19:30:00+05:00,57.33,56.30259917681036,Вверх,1.8247840032450904,True,0.2019857446884216,0.2122669271215929,-0.010281182433171304,Выше,57.77475095469337,Красный,1.0274008231896374,Выше
2021-05-31 20:00:00+05:00,57.455,56.31406585166797,Вверх,2.026019842604271,True,0.1808868003481905,0.2059909017669124,-0.025104101418721908,False,57.77475095469337,Красный,1.140934148332029,Выше
2021-05-31 20:30:00+05:00,57.555,56.32641345513396,Вверх,2.1811907939862962,True,0.1702721083397591,0.1988471430814818,-0.02857503474172271,False,57.77475095469337,Красный,1.2285865448660402,Выше
2021-05-31 21:00:00+05:00,57.6,56.33908595806796,Вверх,2.238080402778477,True,0.1636050749047868,0.1917987294461428,-0.028193654541356,False,57.77475095469337,Красный,1.2609140419320397,Выше
2021-05-31 21:30:00+05:00,57.67,56.35232888385832,Вверх,2.338272689416956,True,0.1621012159468478,0.1858592267462838,-0.023758010799436013,False,57.77475095469337,Красный,1.3176711161416819,Выше
2021-05-31 22:00:00+05:00,57.65,56.36524103426769,Вверх,2.279346175333889,True,0.1574802299718527,0.1801834273913976,-0.02270319741954488,False,57.77475095469337,Красный,1.2847589657323084,Выше
2021-05-31 22:30:00+05:00,57.705,56.3785719692501,Вверх,2.3527166162941358,True,0.1564526172567326,0.1754372653644646,-0.01898464810773201,False,57.77475095469337,Красный,1.326428030749895,Выше
2021-05-31 23:00:00+05:00,57.72,56.39191951184463,Вверх,2.3550900548374143,True,0.1550611529670291,0.1713620428849775,-0.016300889917948397,False,57.77475095469337,Красный,1.328080488155372,Выше
2021-05-31 23:30:00+05:00,57.755,56.405482501776525,Вверх,2.3925289499668287,True,0.1549959185182032,0.1680888180116226,-0.01309289949341938,False,57.77475095469337,Красный,1.3495174982234772,Выше
2021-06-01 00:00:00+05:00,57.7,56.41836327290313,Вверх,2.271665912918152,True,0.1487910092660698,0.1642292562625121,-0.015438246996442306,False,57.77475095469337,Красный,1.281636727096874,Выше
2021-06-01 00:30:00+05:00,57.72,56.43131488212797,Вверх,2.2836347523778144,True,0.1438294306865728,0.1601492911473242,-0.0163198604607514,False,57.77475095469337,Красный,1.2886851178720278,Выше
2021-06-01 01:00:00+05:00,57.69,56.44383911215655,Вверх,2.207789029671183,True,0.1359099097973839,0.1553014148773362,-0.019391505079952298,False,57.77475095469337,Красный,1.2461608878434447,Выше
2021-06-01 01:30:00+05:00,57.68,56.456139220493306,Вверх,2.1678081363779094,True,0.1273586052853659,0.1497128529589421,-0.02235424767357619,False,57.77475095469337,Красный,1.223860779506694,Выше
2021-06-01 12:00:00+05:00,57.52,56.46672489989138,Вверх,1.8653022677974498,True,0.1064439524023299,0.1410590728476197,-0.034615120445289804,False,57.77475095469337,Красный,1.0532751001086211,Выше
2021-06-01 12:30:00+05:00,57.625,56.4782500252656,Вверх,2.0304275968561316,True,0.0972208602301236,0.1322914303241205,-0.03507057009399689,False,57.77475095469337,Красный,1.1467499747343979,Выше
2021-06-01 13:00:00+05:00,57.875,56.49214803496446,Вверх,2.4478657886750184,True,0.1088298807763408,0.1275991204145646,-0.018769239638223786,False,57.40323335141187,Зелёный,1.3828519650355418,Выше
2021-06-01 13:30:00+05:00,57.99,56.50705203461656,Вверх,2.6243591056121325,True,0.1258588298564049,0.1272510623029326,-0.001392232446527697,False,57.62391001627068,Зелёный,1.4829479653834454,Выше
2021-06-01 14:00:00+05:00,58.175,56.52364853178455,Вверх,2.9215231343158115,True,0.152524145177189,0.1323056788777839,0.020218466299405102,Выше,57.69051901464361,Зелёный,1.651351468215445,Выше
2021-06-01 14:30:00+05:00,58.245,56.54077640709018,Вверх,3.014149612377999,True,0.1772616526772097,0.1412968736376691,0.035964779039540595,False,57.79121711317925,Зелёный,1.7042235929098197,Выше
2021-06-01 15:00:00+05:00,58.245,56.55773385577584,Вверх,2.983263347373053,True,0.1946228149330338,0.151962061896742,0.0426607530362918,False,57.921595401861325,Зелёный,1.6872661442241608,Выше
2021-06-01 15:30:00+05:00,58.32,56.57526884228554,Вверх,3.0839113864014256,True,0.2119898472994776,0.1639676189772892,0.04802222832218839,False,57.9904358616752,Зелёный,1.7447311577144617,Выше
2021-06-01 16:00:00+05:00,58.41,56.59352487370559,Вверх,3.209687204230629,True,0.2303601450532468,0.1772461241924807,0.05311402086076611,False,58.07139227550767,Зелёный,1.8164751262944066,Выше
2021-06-01 16:30:00+05:00,58.115,56.60866392968863,Вверх,2.6609638273433376,True,0.2185948781075808,0.1855158749755008,0.03307900313208001,False,58.07139227550767,Зелёный,1.5063360703113702,Выше
2021-06-01 17:00:00+05:00,58.165,56.6241498607365,Вверх,2.721189003372449,True,0.2108745706361077,0.1905876141076221,0.02028695652848561,False,58.07139227550767,Зелёный,1.5408501392634975,Выше
2021-06-01 17:30:00+05:00,58.02,56.63803891684858,Вверх,2.439987523544571,True,0.1908558161141726,0.1906412545089323,0.00021456160524030432,False,58.39354503115491,Красный,1.381961083151424,Выше
2021-06-01 18:00:00+05:00,57.92,56.65079474852173,Вверх,2.2404014932401064,True,0.1650194036982526,0.1855168843467963,-0.020497480648543703,Выше,58.34744052803941,Красный,1.2692052514782688,Выше
2021-06-01 18:30:00+05:00,57.93,56.663523158984205,Вверх,2.235083119456525,True,0.1436943580310909,0.1771523790836552,-0.03345802105256429,False,58.18794647523548,Красный,1.2664768410157947,Выше
2021-06-01 19:00:00+05:00,57.46,56.67144830168088,Вверх,1.3914444079872395,True,0.0878562811348189,0.159293159493888,-0.0714368783590691,False,58.06240182771193,Красный,0.7885516983191181,Выше
2021-06-01 19:30:00+05:00,57.675,56.681433890718885,Вверх,1.7528951564575714,True,0.0602582860606943,0.1394861848072492,-0.07922789874655489,False,58.06240182771193,Красный,0.9935661092811117,Выше
2021-06-01 20:00:00+05:00,57.505,56.68962857837342,Вверх,1.4383079269946681,True,0.0243879675717337,0.1164665413601461,-0.0920785737884124,False,57.99637048044666,Красный,0.8153714216265797,Выше
2021-06-01 20:30:00+05:00,57.595,56.69863724923538,Вверх,1.5809246822359995,True,0.003186003313182,0.0938104337507533,-0.0906244304375713,False,57.986483432402,Красный,0.8963627507646166,Выше
2021-06-01 21:00:00+05:00,57.42,56.70581498804896,Вверх,1.2594563927906923,True,-0.0274216439356891,0.0695640182134648,-0.09698566214915391,False,57.986483432402,Красный,0.7141850119510451,Выше
2021-06-01 21:30:00+05:00,57.595,56.71466260010818,Вверх,1.5522218761998643,True,-0.0371293830174508,0.0482253379672817,-0.0853547209847325,False,57.919451580245614,Красный,0.8803373998918218,Выше
2021-06-01 22:00:00+05:00,57.655,56.72401919115189,Вверх,1.6412461989176734,True,-0.039525709841989,0.0306751284054275,-0.07020083824741649,False,57.919451580245614,Красный,0.930980808848112,Выше
2021-06-01 22:30:00+05:00,57.735,56.73407870168769,Вверх,1.7642329288102665,True,-0.0345709720567413,0.0176259083129938,-0.0521968803697351,False,57.919451580245614,Красный,1.0009212983123064,Выше
2021-06-01 23:00:00+05:00,57.79,56.74458538127289,Вверх,1.8423160759795072,True,-0.0259076194095442,0.0089192027684862,-0.0348268221780304,False,57.919451580245614,Красный,1.0454146187271078,Выше
2021-06-01 23:30:00+05:00,57.795,56.7550372680264,Вверх,1.8323708027225234,True,-0.0184259884818516,0.0034501645184186,-0.021876153000270203,False,57.919451580245614,Красный,1.0399627319736027,Выше
2021-06-02 00:00:00+05:00,57.79,56.76533540466296,Вверх,1.805088595059839,True,-0.0127531894532424,0.0002094937240864,-0.0129626831773288,False,57.919451580245614,Красный,1.0246645953370361,Выше
2021-06-02 00:30:00+05:00,57.8,56.77563057476581,Вверх,1.8042413881871875,True,-0.0073656324997273,-0.0013055315206763,-0.006060100979051,False,57.919451580245614,Красный,1.024369425234184,Выше
2021-06-02 01:00:00+05:00,57.785,56.78567405163381,Вверх,1.7598205270179978,True,-0.0042572544592403,-0.0018958761083891,-0.0023613783508511996,False,57.919451580245614,Красный,0.9993259483661845,Выше
2021-06-02 01:30:00+05:00,57.555,56.79332903619467,Вверх,1.3411275174940225,True,-0.0201209781658704,-0.0055408965198853,-0.014580081645985099,False,57.919451580245614,Красный,0.7616709638053294,Выше
2021-06-02 12:00:00+05:00,57.64,56.801753622899206,Вверх,1.4757403136984526,True,-0.0255398958486594,-0.0095406963856401,-0.015999199463019302,False,57.919451580245614,Красный,0.8382463771007949,Выше
2021-06-02 12:30:00+05:00,57.57,56.80939786545742,Вверх,1.3388667423371148,True,-0.0350784792656782,-0.0146482529616478,-0.020430226304030397,False,57.919451580245614,Красный,0.7606021345425802,Выше
2021-06-02 13:00:00+05:00,57.75,56.81875709067675,Вверх,1.638970926162793,True,-0.0277929992731316,-0.0172772022239445,-0.0105157970491871,False,57.919451580245614,Красный,0.9312429093232524,Выше
2021-06-02 13:30:00+05:00,58.1,56.83150577634166,Вверх,2.23202641973003,True,0.0061519551287005,-0.0125913707534155,0.018743325882116,Выше,57.50503054808764,Зелёный,1.2684942236583439,Выше
2021-06-02 14:00:00+05:00,58.045,56.84358034573129,Вверх,2.113553803193773,True,0.0282894327355052,-0.0044152100556313,0.0327046427911365,False,57.55452749327887,Зелёный,1.2014196542687117,Выше
2021-06-02 14:30:00+05:00,58.04,56.8554850189081,Вверх,2.083378553006757,True,0.0449123632509724,0.0054503046056893,0.0394620586452831,False,57.57707474395098,Зелёный,1.1845149810919011,Выше
2021-06-02 15:00:00+05:00,57.925,56.86612695901847,Вверх,1.8620452941073669,True,0.0482504157830305,0.0140103268411576,0.0342400889418729,False,57.57707474395098,Зелёный,1.0588730409815241,Выше
2021-06-02 15:30:00+05:00,57.915,56.876563506689926,Вверх,1.825772214926329,True,0.0495181160200104,0.0211118846769281,0.028406231343082296,False,57.57707474395098,Зелёный,1.0384364933100727,Выше
2021-06-02 16:00:00+05:00,57.945,56.88719471557859,Вверх,1.8594787275241262,True,0.0523401818350848,0.0273575441085595,0.0249826377265253,False,57.57707474395098,Зелёный,1.0578052844214128,Выше
2021-06-02 16:30:00+05:00,57.845,56.8967251164186,Вверх,1.6666598677535407,True,0.0459775247746918,0.0310815402417859,0.014895984532905901,False,57.57707474395098,Зелёный,0.9482748835813979,Выше
2021-06-02 17:00:00+05:00,57.95,56.90720546351892,Вверх,1.8324472762057855,True,0.0488446450290993,0.0346341611992486,0.014210483829850698,False,57.57707474395098,Зелёный,1.0427945364810824,Выше
2021-06-02 17:30:00+05:00,57.83,56.916387498707785,Вверх,1.6051835709231477,True,0.0409616806127033,0.0358996650819396,0.0050620155307637,False,57.57707474395098,Зелёный,0.9136125012922136,Выше
2021-06-02 18:00:00+05:00,58.045,56.92761747384502,Вверх,1.9628127361352457,True,0.051469766262393,0.0390136853180302,0.012456080944362805,False,57.57707474395098,Зелёный,1.1173825261549837,Выше
2021-06-02 18:30:00+05:00,58.1,56.93928297161771,Вверх,2.0385171147323224,True,0.0635035112441997,0.0439116505032641,0.0195918607409356,False,57.73617518656504,Зелёный,1.1607170283822938,Выше
2021-06-02 19:00:00+05:00,58.11,56.95093189727325,Вверх,2.0352048054585814,True,0.0730056930818605,0.0497304590189834,0.023275234062877098,False,57.82105766790854,Зелёный,1.1590681027267493,Выше
2021-06-02 19:30:00+05:00,58.1,56.96236541073322,Вверх,1.997168799195303,True,0.0788207279337953,0.0555485128019458,0.023272215131849495,False,57.82105766790854,Зелёный,1.1376345892667814,Выше
2021-06-02 20:00:00+05:00,58.01,56.972789635502046,Вверх,1.820536384357813,True,0.0752989378270996,0.0594985978069766,0.015800340020122997,False,57.82105766790854,Зелёный,1.0372103644979518,Выше
2021-06-02 20:30:00+05:00,58.1,56.98400565902939,Вверх,1.9584343502425827,True,0.0788610801899096,0.0633710942835632,0.015489985906346398,False,57.82105766790854,Зелёный,1.1159943409706088,Выше
2021-06-02 21:00:00+05:00,57.92,56.99331903555647,Вверх,1.625946655020047,True,0.0663942563409492,0.0639757266950404,0.0024185296459088013,False,57.82105766790854,Зелёный,0.9266809644435341,Выше
2021-06-02 21:30:00+05:00,57.925,57.00258949291412,Вверх,1.6181905336081992,True,0.056269032455404,0.0624343878471131,-0.0061653553917091,Выше,57.82105766790854,Зелёный,0.9224105070858784,Выше
2021-06-02 22:00:00+05:00,57.76,57.0101259158702,Вверх,1.3153349024985295,True,0.0345325290413072,0.0568540160859519,-0.0223214870446447,False,58.14512325190902,Красный,0.7498740841298002,Выше
2021-06-02 22:30:00+05:00,57.88,57.01878137939388,Вверх,1.510412183094045,True,0.0266816214770813,0.0508195371641778,-0.0241379156870965,False,58.14512325190902,Красный,0.8612186206061239,Выше
2021-06-02 23:00:00+05:00,57.87,57.02725121641484,Вверх,1.4778001141716952,True,0.0194288406620728,0.0445413978637568,-0.025112557201684,False,58.14512325190902,Красный,0.8427487835851579,Выше
2021-06-02 23:30:00+05:00,57.84,57.03533826898783,Вверх,1.410812586430645,True,0.011131888847899,0.0378594960605852,-0.026727607212686202,False,58.13473485064167,Красный,0.8046617310121746,Выше
2021-06-03 00:00:00+05:00,57.86,57.043543858351136,Вверх,1.4312857975238422,True,0.0061000104881046,0.0315075989460891,-0.0254075884579845,False,58.0975113655775,Красный,0.8164561416488638,Выше
2021-06-03 00:30:00+05:00,57.85,57.05156829757152,Вверх,1.3994912431924627,True,0.0012904190610427,0.0254641629690798,-0.0241737439080371,False,58.0975113655775,Красный,0.7984317024284806,Выше
2021-06-03 01:00:00+05:00,57.835,57.059363637894194,Вверх,1.3593498291149755,True,-0.0036890661773725,0.0196335171397894,-0.0233225833171619,False,58.05918420611778,Красный,0.7756363621058071,Выше
2021-06-03 01:30:00+05:00,57.9,57.06772817881067,Вверх,1.4583931194554791,True,-0.0023631464504774,0.015234184421736,-0.0175973308722134,False,58.05918420611778,Красный,0.8322718211893303,Выше
2021-06-03 12:00:00+05:00,57.74,57.0744174506633,Вверх,1.1661661722820957,True,-0.0140609227732682,0.0093751629827351,-0.023436085756003297,False,58.05918420611778,Красный,0.6655825493367047,Выше
2021-06-03 12:30:00+05:00,57.535,57.07900036160198,Вверх,0.7988921240897869,True,-0.0394188851598045,-0.0003836466457727,-0.039035238514031796,False,57.927627786259855,Красный,0.45599963839801916,Выше
2021-06-03 13:00:00+05:00,57.695,57.08512971123778,Вверх,1.0683522869216933,True,-0.0460734837799137,-0.0095216140726009,-0.0365518697073128,False,57.79361500763388,Красный,0.6098702887622238,Выше
2021-06-03 13:30:00+05:00,57.645,57.09070055988219,Вверх,0.9709102089865127,True,-0.0547507506899194,-0.0185674413960646,-0.0361833092938548,False,57.79361500763388,Красный,0.5542994401178163,Выше
2021-06-03 14:00:00+05:00,57.595,57.09571846475898,Вверх,0.8744640555651955,True,-0.0649138429904638,-0.0278367217149444,-0.03707712127551939,False,57.79361500763388,Красный,0.4992815352410176,Выше
2021-06-03 14:30:00+05:00,57.65,57.10123370391561,Вверх,0.9610410502334857,True,-0.0677491564112244,-0.0358192086542004,-0.031929947757024006,False,57.79361500763388,Красный,0.5487662960843878,Выше
2021-06-03 15:00:00+05:00,57.6,57.10619655263287,Вверх,0.8647107970358451,True,-0.0731870896450246,-0.0432927848523653,-0.029894304792659303,False,57.79361500763388,Красный,0.493803447367128,Выше
2021-06-03 15:30:00+05:00,57.33,57.10842345260667,Вверх,0.38799275833136715,True,-0.0981519992766877,-0.0542646277372298,-0.0438873715394579,False,57.79361500763388,Красный,0.221576547393326,Выше
2021-06-03 16:00:00+05:00,57.17,57.10903615457079,Вверх,0.10674991128235761,True,-0.1293563928709886,-0.0692829807639815,-0.060073412107007104,False,57.66509085327196,Красный,0.06096384542921385,Выше
2021-06-03 16:30:00+05:00,57.175,57.109692511241725,Вверх,0.11435447449733063,True,-0.151931272264008,-0.0858126390639868,-0.06611863320002119,False,57.51433176794476,Красный,0.06530748875827186,Выше
2021-06-03 17:00:00+05:00,57.04,57.10899905341843,Вниз,0.12081993129294784,True,-0.1786559638424236,-0.1043813040196742,-0.0742746598227494,False,57.43714859115028,Красный,-0.06899905341843038,Ниже
2021-06-03 17:30:00+05:00,56.965,57.10756622701626,Вниз,0.24964507583726897,True,-0.2035410530979717,-0.1242132538353337,-0.07932779926263801,False,57.292433732035256,Красный,-0.14256622701625332,Ниже
2021-06-03 18:00:00+05:00,57.0,57.106495916299686,Вниз,0.18648651889931314,True,-0.2179263389466399,-0.1429558708575949,-0.074970468089045,False,57.28694035883173,Красный,-0.10649591629968569,Ниже
2021-06-03 18:30:00+05:00,56.86,57.10404322061511,Вниз,0.427365921660359,True,-0.2378814621734193,-0.1619409891207598,-0.0759404730526595,False,57.22424632294855,Красный,-0.24404322061511152,Ниже
2021-06-03 19:00:00+05:00,56.895,57.1019631885692,Вниз,0.3624449616307202,True,-0.2480128953320175,-0.1791553703630113,-0.06885752496900621,False,57.1743216906537,Красный,-0.2069631885691976,Ниже
2021-06-03 19:30:00+05:00,56.9,57.09995360460333,Вниз,0.35018172867168473,True,-0.2527254096832578,-0.1938693782270606,-0.058856031456197194,False,57.15188952158833,Красный,-0.1999536046033299,Ниже
2021-06-03 20:00:00+05:00,56.955,57.098511280179416,Вниз,0.2513397932131982,True,-0.2491500245204676,-0.2049255074857421,-0.04422451703472552,False,57.15188952158833,Красный,-0.1435112801794176,Ниже
2021-06-03 20:30:00+05:00,56.93,57.0968345510234,Вниз,0.2921957974295595,True,-0.2455037823043682,-0.2130411624494673,-0.0324626198549009,False,57.15188952158833,Красный,-0.16683455102339906,Ниже
2021-06-03 21:00:00+05:00,56.975,57.09562226693362,Вниз,0.21126359980749854,True,-0.2362595323367244,-0.2176848364269187,-0.018574695909805705,False,57.15188952158833,Красный,-0.12062226693361566,Ниже
2021-06-03 21:30:00+05:00,56.97,57.09437229412831,Вниз,0.21783634556413983,True,-0.2267233304266085,-0.2194925352268567,-0.0072307951997518105,False,57.15188952158833,Красный,-0.12437229412831385,Ниже
2021-06-03 22:00:00+05:00,56.935,57.09278650015689,Вниз,0.2763685394063828,True,-0.2194602282984377,-0.2194860738411729,2.5845542735214444e-05,Ниже,57.15188952158833,Красный,-0.1577865001568881,Ниже
2021-06-03 22:30:00+05:00,57.11,57.0929577787623,Вверх,0.029849953305522002,True,-0.1973086784453315,-0.2150505947620046,0.0177419163166731,False,57.15188952158833,Красный,0.017042221237701938,Выше
2021-06-03 23:00:00+05:00,57.0,57.09203282573979,Вниз,0.16120082117359796,True,-0.1864798723957932,-0.2093364502887623,0.022856577892969104,False,57.15188952158833,Красный,-0.09203282573979266,Ниже
2021-06-03 23:30:00+05:00,56.95,57.09061956379214,Вниз,0.246309402256547,True,-0.1798592423296838,-0.2034410086969467,0.02358176636726289,False,57.15188952158833,Красный,-0.1406195637921357,Ниже
2021-06-04 00:00:00+05:00,57.0,57.08971787659024,Вниз,0.15715242591351364,True,-0.1686338570376619,-0.1964795783650897,0.027845721327427797,False,57.15188952158833,Красный,-0.08971787659024244,Ниже
2021-06-04 00:30:00+05:00,57.015,57.08897441513163,Вниз,0.12957741120678284,True,-0.156720704948043,-0.1885278036816804,0.03180709873363741,False,57.15188952158833,Красный,-0.07397441513163017,Ниже
2021-06-04 01:00:00+05:00,56.93,57.0873925801552,Вниз,0.2757046224071489,True,-0.1523816746220134,-0.181298577869747,0.028916903247733605,False,57.15188952158833,Красный,-0.15739258015520363,Ниже
2021-06-04 01:30:00+05:00,56.92,57.08572698234271,Вниз,0.2903124670619904,True,-0.1480433269349887,-0.1746475276827954,0.0266042007478067,False,57.15188952158833,Красный,-0.16572698234271144,Ниже
2021-06-04 12:00:00+05:00,56.4,57.07890382828956,Вниз,1.1894128701768858,True,-0.1844387146225372,-0.1766057650707437,-0.007832949551793505,Ниже,56.93094099392895,Красный,-0.6789038282895632,Ниже
2021-06-04 12:30:00+05:00,56.36,57.07175055636628,Вниз,1.2471153406505915,True,-0.2140426370031178,-0.1840931394572185,-0.02994949754589929,False,56.72209689453606,Красный,-0.7117505563662831,Ниже
2021-06-04 13:00:00+05:00,57.03,57.07133512794473,Вниз,0.07242712624833508,True,-0.1813500675063792,-0.1835445250670507,0.00219445756067152,Ниже,56.37561279491755,Зелёный,-0.041335127944726935,Ниже
2021-06-04 13:30:00+05:00,57.145,57.07206811174628,Вверх,0.12778911062224066,True,-0.1444957743963399,-0.1757347749329085,0.031239000536568612,False,56.63355151542579,Зелёный,0.07293188825371999,Выше
2021-06-04 14:00:00+05:00,57.12,57.07254504595776,Вверх,0.08314848059434556,True,-0.115968954730107,-0.1637816108923482,0.04781265616224119,False,56.685196363883215,Зелёный,0.04745495404223732,Выше
2021-06-04 14:30:00+05:00,57.125,57.07306698579898,Вверх,0.09099390823685907,True,-0.0918984384134802,-0.1494049763965746,0.05750653798309441,False,56.739676727494896,Зелёный,0.051933014201019034,Выше
2021-06-04 15:00:00+05:00,57.09,57.07323547350248,Вверх,0.029373709687981885,True,-0.0747845189242255,-0.1344808849021048,0.05969636597787931,False,56.739676727494896,Зелёный,0.016764526497524912,Выше
2021-06-04 15:30:00+05:00,57.015,57.07265601605469,Вниз,0.10102213578156831,True,-0.0665068381970428,-0.1208860755610924,0.05437923736404961,False,56.739676727494896,Зелёный,-0.05765601605468618,Ниже
2021-06-04 16:00:00+05:00,57.05,57.07243058305913,Вниз,0.03930195863393185,True,-0.0564715403259299,-0.1080031685140599,0.05153162818813,False,56.739676727494896,Зелёный,-0.02243058305913337,Ниже
2021-06-04 16:30:00+05:00,57.06,57.07230689566551,Вниз,0.021563690579406086,True,-0.0471678563491195,-0.0958361060810718,0.04866824973195231,False,56.7501371509094,Зелёный,-0.012306895665510353,Ниже
2021-06-04 17:00:00+05:00,57.12,57.07278145391759,Вверх,0.08273391427493478,True,-0.0345547950413731,-0.0835798438731321,0.049025048831759,False,56.79162343581847,Зелёный,0.047218546082405055,Выше
2021-06-04 17:30:00+05:00,57.12,57.07325129019702,Вверх,0.08191001694519903,True,-0.0242789801131877,-0.0717196711211432,0.047440691007955504,False,56.79162343581847,Зелёный,0.04674870980297641,Выше
2021-06-04 18:00:00+05:00,57.34,57.07590550621496,Вверх,0.4627074970475726,True,0.0015984131224442,-0.0570560542724257,0.0586544673948699,False,56.95943998301295,Зелёный,0.2640944937850449,Выше
2021-06-04 18:30:00+05:00,57.365,57.07878206834218,Вверх,0.5014436560947043,True,0.0238488105221819,-0.0408750813135042,0.06472389183568611,False,57.03924598471166,Зелёный,0.2862179316578235,Выше
2021-06-04 19:00:00+05:00,57.22,57.080187221891016,Вверх,0.24494099426387753,True,0.0294427251741495,-0.0268115200159734,0.0562542451901229,False,57.03924598471166,Зелёный,0.13981277810898263,Выше
2021-06-04 19:30:00+05:00,57.22,57.0815783938125,Вверх,0.24249786022473405,True,0.0334898922071786,-0.014751237571343,0.0482411297785216,False,57.03924598471166,Зелёный,0.13842160618749944,Выше
2021-06-04 20:00:00+05:00,57.345,57.08419950432183,Вверх,0.45686984829913097,True,0.0462506083475062,-0.0025508683875731,0.0488014767350793,False,57.03924598471166,Зелёный,0.26080049567816843,Выше
2021-06-04 20:30:00+05:00,57.055,57.08390896199028,Вниз,0.05064292637971186,True,0.0325873448295581,0.004476774255853,0.0281105705737051,False,57.03924598471166,Зелёный,-0.028908961990282478,Ниже
2021-06-04 21:00:00+05:00,57.26,57.085661111622215,Вверх,0.30539873758646624,True,0.0378644193402379,0.01115430327273,0.026710116067507898,False,57.03924598471166,Зелёный,0.17433888837778255,Выше
2021-06-04 21:30:00+05:00,57.29,57.08769433439215,Вверх,0.35437701236074354,True,0.0439605384658037,0.0177155503113448,0.0262449881544589,False,57.03924598471166,Зелёный,0.20230566560785235,Выше
2021-06-04 22:00:00+05:00,57.285,57.08965757484596,Вверх,0.34216779965432365,True,0.0478368649776754,0.0237398132446109,0.0240970517330645,False,57.03924598471166,Зелёный,0.19534242515403832,Выше
2021-06-04 22:30:00+05:00,57.29,57.09165103181267,Вверх,0.34742202161364727,True,0.0507275838689977,0.0291373673694883,0.0215902164995094,False,57.03924598471166,Зелёный,0.19834896818733228,Выше
2021-06-04 23:00:00+05:00,57.275,57.093475399655325,Вверх,0.317942810582116,True,0.0512177187967424,0.0335534376549391,0.017664281141803295,False,57.03924598471166,Зелёный,0.1815246003446731,Выше
2021-06-04 23:30:00+05:00,57.325,57.09577912702194,Вверх,0.4014672826656934,True,0.0550066539247851,0.0378440809089083,0.0171625730158768,False,57.060580635807696,Зелёный,0.22922087297806115,Выше
2021-06-05 00:00:00+05:00,57.3,57.09781117550929,Вверх,0.3541095890159596,True,0.0553540343934884,0.0413460716058243,0.0140079627876641,False,57.100272572226935,Зелёный,0.20218882449070463,Выше
2021-06-05 00:30:00+05:00,57.3,57.09982300460871,Вверх,0.35057375812729136,True,0.0549953833715974,0.0440759339589789,0.0109194494126185,False,57.11399531500424,Зелёный,0.20017699539128841,Выше
2021-06-05 01:00:00+05:00,57.375,57.10256108416484,Вверх,0.47710454778657935,True,0.0600705669485108,0.0472748605568853,0.0127957063916255,False,57.163095783503806,Зелёный,0.2724389158351599,Выше
2021-06-05 01:30:00+05:00,57.39,57.105421172879616,Вверх,0.49833942430589406,True,0.0645588667087793,0.0507316617872641,0.013827204921515207,False,57.18953620515343,Зелёный,0.2845788271203844,Выше
2021-06-07 12:00:00+05:00,56.77,57.10208364877137,Вниз,0.5815613503948057,True,0.0178809378405091,0.0441615169979131,-0.026280579157403998,Выше,57.24041741536191,Красный,-0.3320836487713663,Ниже
2021-06-07 12:30:00+05:00,57.02,57.10126689604728,Вниз,0.14232065322687337,True,0.0010491595210311,0.0355390455025367,-0.0344898859815056,False,57.11937567382572,Красный,-0.08126689604727488,Ниже
2021-06-07 13:00:00+05:00,57.305,57.103294091111486,Вверх,0.3532299004794371,True,0.0105849553160695,0.0305482274652433,-0.0199632721491738,False,56.97781189355685,Зелёный,0.20170590888851336,Выше
2021-06-07 13:30:00+05:00,57.175,57.10400758274222,Вверх,0.12432125215539556,True,0.0075650237558875,0.0259515867233721,-0.0183865629674846,False,56.97781189355685,Зелёный,0.07099241725777716,Выше
2021-06-07 14:00:00+05:00,57.17,57.10466422370996,Вверх,0.11441408014253546,True,0.0047139090149386,0.0217040511816854,-0.0169901421667468,False,56.97781189355685,Зелёный,0.06533577629004128,Выше
2021-06-07 14:30:00+05:00,57.21,57.105712340886974,Вверх,0.1826221140373692,True,0.0056172930895215,0.0184866995632526,-0.0128694064737311,False,56.97781189355685,Зелёный,0.10428765911302662,Выше
2021-06-07 15:00:00+05:00,57.235,57.10699878525626,Вверх,0.2241427801609273,True,0.0082553598933756,0.0164404316292772,-0.008185071735901602,False,56.97781189355685,Зелёный,0.12800121474374038,Выше
2021-06-07 15:30:00+05:00,57.27,57.10862068789053,Вверх,0.2825831024556574,True,0.0130201659659832,0.0157563784966184,-0.0027362125306352007,False,56.97781189355685,Зелёный,0.16137931210947443,Выше
2021-06-07 16:00:00+05:00,57.25,57.110027447215,Вверх,0.24509277799659415,True,0.0150094565816587,0.0156069941136265,-0.0005975375319678001,False,56.97781189355685,Зелёный,0.13997255278499665,Выше
2021-06-07 16:30:00+05:00,57.255,57.11146996017804,Вверх,0.25131561124593677,True,0.016795830065952,0.0158447613040916,0.000951068761860397,Выше,56.97781189355685,Зелёный,0.143530039821961,Выше
2021-06-07 17:00:00+05:00,57.25,57.112848368534486,Вверх,0.24014146620828605,True,0.0176051445614362,0.0161968379555605,0.0014083066058756984,False,57.00119459782423,Зелёный,0.1371516314655139,Выше
2021-06-07 17:30:00+05:00,57.27,57.11441206636002,Вверх,0.2724144887619804,True,0.0196340360372531,0.016884277571899,0.0027497584653541005,False,57.02657513804181,Зелёный,0.15558793363998547,Выше
2021-06-07 18:00:00+05:00,57.38,57.11705473236639,Вверх,0.4603620912627501,True,0.0297748024523585,0.0194623825479909,0.010312419904367601,False,57.099917624237634,Зелёный,0.2629452676336115,Выше
2021-06-07 18:30:00+05:00,57.345,57.11932284448216,Вверх,0.395097743249309,True,0.0345885105843919,0.0224876081552711,0.012100902429120798,False,57.102925861813866,Зелёный,0.22567715551783607,Выше
2021-06-07 19:00:00+05:00,57.465,57.1227624181689,Вверх,0.5991264556250734,True,0.0475384128464142,0.0274977690934997,0.0200406437529145,False,57.13763327563248,Зелёный,0.34223758183110675,Выше
2021-06-07 19:30:00+05:00,57.445,57.12596876226673,Вверх,0.5584697198938342,True,0.0555471577771058,0.0331076468302209,0.0224395109468849,False,57.19836994806923,Зелёный,0.31903123773327025,Выше
2021-06-07 20:00:00+05:00,57.475,57.12944170990588,Вверх,0.6048690128092054,True,0.063581961836455,0.0392025098314678,0.024379452004987194,False,57.19836994806923,Зелёный,0.3455582900941181,Выше
2021-06-07 20:30:00+05:00,57.32,57.13133781229487,Вверх,0.33022539805557655,True,0.0567877831155954,0.0427195644882933,0.0140682186273021,False,57.19836994806923,Зелёный,0.18866218770512688,Выше
2021-06-07 21:00:00+05:00,57.26,57.132618033068056,Вверх,0.2229583928014891,True,0.0460312296093263,0.0433818975124999,0.0026493320968263984,False,57.19836994806923,Зелёный,0.12738196693194226,Выше
2021-06-07 21:30:00+05:00,57.235,57.13363675910718,Вверх,0.17741429855094698,True,0.0350848560119914,0.0417224892123982,-0.006637633200406799,Выше,57.19836994806923,Зелёный,0.10136324089281601,Выше
2021-06-07 22:00:00+05:00,57.235,57.13464534856881,Вверх,0.17564588144188611,True,0.0261088099626718,0.0385997533624529,-0.012490943399781101,False,57.19836994806923,Зелёный,0.10035465143118927,Выше
2021-06-07 22:30:00+05:00,57.245,57.13574340480197,Вверх,0.19122284700831207,True,0.0195764797535105,0.0347950986406644,-0.015218618887153899,False,57.19836994806923,Зелёный,0.10925659519802622,Выше
2021-06-07 23:00:00+05:00,57.22,57.13658177888354,Вверх,0.14599792028036554,True,0.0122411614443009,0.0302843112013917,-0.0180431497570908,False,57.19836994806923,Зелёный,0.08341822111646024,Выше
2021-06-07 23:30:00+05:00,57.22,57.13741181093445,Вверх,0.14454310485541044,True,0.0063546167696273,0.0254983723150388,-0.0191437555454115,False,57.19836994806923,Зелёный,0.08258818906554666,Выше
2021-06-08 00:00:00+05:00,57.275,57.13878084764157,Вверх,0.2384005229681955,True,0.0060576986710074,0.0216102375862326,-0.015552538915225202,False,57.19836994806923,Зелёный,0.13621915235842863,Выше
2021-06-08 00:30:00+05:00,57.25,57.13988750587399,Вверх,0.19270687943634326,True,0.0037617349336755,0.0180405370557212,-0.0142788021220457,False,57.19836994806923,Зелёный,0.11011249412600677,Выше
2021-06-08 01:00:00+05:00,57.245,57.14093340133794,Вверх,0.18212267890538422,True,0.0015211737727014,0.0147366643991172,-0.0132154906264158,False,57.19836994806923,Зелёный,0.10406659866205814,Выше
2021-06-08 01:30:00+05:00,57.28,57.14231714858831,Вверх,0.24094726689796284,True,0.0025404358400606,0.0122974186873059,-0.0097569828472453,False,57.19836994806923,Зелёный,0.13768285141168946,Выше
2021-06-08 12:00:00+05:00,57.995,57.15080155507002,Вверх,1.477141915702647,True,0.0603470891880988,0.0219073527874645,0.0384397364006343,Выше,57.53492914107272,Зелёный,0.8441984449299795,Выше
2021-06-08 12:30:00+05:00,57.975,57.15900253462157,Вверх,1.4275922062918707,True,0.1033540444985305,0.0381966911296777,0.06515735336885281,False,57.62743622696544,Зелёный,0.8159974653784303,Выше
2021-06-08 13:00:00+05:00,57.68,57.16418658900344,Вверх,0.9023366582737018,True,0.1123383651035752,0.0530250259244572,0.059313339179118,False,57.62743622696544,Зелёный,0.5158134109965573,Выше
2021-06-08 13:30:00+05:00,57.645,57.168970802048186,Вверх,0.8326705750923936,True,0.1153051306476697,0.0654810468690997,0.049824083778570005,False,57.62743622696544,Зелёный,0.4760291979518172,Выше
2021-06-08 14:00:00+05:00,57.99,57.17714024680393,Вверх,1.4216516420502672,True,0.1438368685452076,0.0811522112043213,0.06268465734088631,False,57.62743622696544,Зелёный,0.8128597531960722,Выше
2021-06-08 14:30:00+05:00,58.015,57.185477159771054,Вверх,1.4505830526015109,True,0.1665459296495939,0.0982309548933758,0.06831497475621809,False,57.63695040851202,Зелёный,0.8295228402289467,Выше
2021-06-08 15:00:00+05:00,57.8,57.19159181489771,Вверх,1.0638070488952565,True,0.1652889726271169,0.111642558440124,0.0536464141869929,False,57.63695040851202,Зелёный,0.6084081851022844,Выше
2021-06-08 15:30:00+05:00,57.98,57.19943667246092,Вверх,1.3646346414367492,True,0.1767795165824139,0.124669950068582,0.05210956651383189,False,57.63695040851202,Зелёный,0.7805633275390775,Выше
2021-06-08 16:00:00+05:00,57.985,57.2072532229837,Вверх,1.359524768624668,True,0.1841663585236546,0.1365692317595965,0.047597126764058084,False,57.63695040851202,Зелёный,0.7777467770162971,Выше
2021-06-08 16:30:00+05:00,57.925,57.21439498195899,Вверх,1.2420039017542315,True,0.1830686835941648,0.1458691221265102,0.0371995614676546,False,57.63695040851202,Зелёный,0.710605018041008,Выше
2021-06-08 17:00:00+05:00,57.93,57.221515429899696,Вверх,1.2381436681247036,True,0.1805212894631367,0.1527995555938355,0.027721733869301185,False,57.63695040851202,Зелёный,0.7084845701003033,Выше
2021-06-08 17:30:00+05:00,58.0,57.22926154502508,Вверх,1.3467558975377305,True,0.1820522907626198,0.1586501026275924,0.023402188135027396,False,57.63998824705004,Зелёный,0.7707384549749179,Выше
2021-06-08 18:00:00+05:00,57.98,57.236731579402935,Вверх,1.2985864148548487,True,0.1795816816295854,0.162836418427991,0.016745263201594418,False,57.66273942234504,Зелёный,0.7432684205970617,Выше
2021-06-08 18:30:00+05:00,57.92,57.24353027015515,Вверх,1.181740061544636,True,0.1708131795267391,0.1644317706477406,0.006381408878998518,False,57.67371548011052,Зелёный,0.6764697298448539,Выше
2021-06-08 19:00:00+05:00,57.9,57.25006230726803,Вверх,1.1352611098371788,True,0.1604012399358794,0.1636256645053684,-0.0032244245694889873,Выше,57.67371548011052,Зелёный,0.6499376927319673,Выше
2021-06-08 19:30:00+05:00,57.825,57.25578308033005,Вверх,0.9941649367913492,True,0.1444328970662809,0.1597871110175509,-0.015354213951269985,False,57.67371548011052,Зелёный,0.5692169196699552,Выше
2021-06-08 20:00:00+05:00,57.715,57.26035240291383,Вверх,0.7940006968295156,True,0.1215011994098489,0.1521299286960105,-0.0306287292861616,False,57.67371548011052,Зелёный,0.4546475970861721,Выше
2021-06-08 20:30:00+05:00,57.85,57.26621954318335,Вверх,1.0194150434121763,True,0.1129193713381724,0.1442878172244429,-0.031368445886270496,False,57.67371548011052,Зелёный,0.5837804568166547,Выше
2021-06-08 21:00:00+05:00,57.73,57.27083427409695,Вверх,0.8017444336597077,True,0.0953362368508123,0.1344975011497168,-0.03916126429890451,False,57.67371548011052,Зелёный,0.4591657259030484,Выше
2021-06-08 21:30:00+05:00,57.785,57.275950350971605,Вверх,0.888766831294936,True,0.0848612883282342,0.1245702585854203,-0.0397089702571861,False,57.67371548011052,Зелёный,0.5090496490283911,Выше
2021-06-08 22:00:00+05:00,57.76,57.2807667653898,Вверх,0.8366390006143581,True,0.0736930376244657,0.1143948143932294,-0.0407017767687637,False,57.67371548011052,Зелёный,0.4792332346101986,Выше
2021-06-08 22:30:00+05:00,57.835,57.28628152394313,Вверх,0.9578531918283604,True,0.0700860829406053,0.1055330681027046,-0.035446985162099306,False,57.67371548011052,Зелёный,0.5487184760568695,Выше
2021-06-08 23:00:00+05:00,57.85,57.29189066300837,Вверх,0.9741506704228716,True,0.0676580006903933,0.0979580546202423,-0.03030005392984901,False,57.67371548011052,Зелёный,0.5581093369916346,Выше
2021-06-08 23:30:00+05:00,57.84,57.29734448725705,Вверх,0.94708667146632,True,0.0641869049024492,0.0912038246766837,-0.027016919774234496,False,57.67371548011052,Зелёный,0.5426555127429538,Выше
2021-06-09 00:00:00+05:00,57.835,57.302694293354,Вверх,0.9289366114635498,True,0.0603370503118654,0.08503046980372,-0.024693419491854607,False,57.67371548011052,Зелёный,0.5323057066459995,Выше
2021-06-09 00:30:00+05:00,57.895,57.30858788247485,Вверх,1.0232534759497651,True,0.0614195055436113,0.0803082769516983,-0.018888771408087,False,57.67371548011052,Зелёный,0.5864121175251498,Выше
2021-06-09 01:00:00+05:00,57.9,57.31447258016167,Вверх,1.0216048294248767,True,0.0619665060181233,0.0766399227649833,-0.014673416746859999,False,57.67371548011052,Зелёный,0.5855274198383285,Выше
2021-06-09 01:30:00+05:00,57.695,57.31825892264763,Вверх,0.6572793459424366,True,0.0453356202814276,0.0703790622682722,-0.025043441986844606,False,57.67371548011052,Зелёный,0.3767410773523707,Выше
2021-06-09 12:00:00+05:00,57.755,57.32260460500935,Вверх,0.7543191694971639,True,0.0365754035899215,0.063618330532602,-0.027042926942680505,False,57.67371548011052,Зелёный,0.4323953949906496,Выше
2021-06-09 12:30:00+05:00,57.465,57.32402147461125,Вверх,0.2459327202841006,True,0.0061612691041048,0.0521269182469026,-0.0459656491427978,False,57.92890534641997,Красный,0.14097852538875344,Выше
2021-06-09 13:00:00+05:00,57.7,57.32776255446586,Вверх,0.6493144489643823,True,0.0010087561126113,0.0419032858200443,-0.040894529707433,False,57.92890534641997,Красный,0.3722374455341395,Выше
2021-06-09 13:30:00+05:00,57.5,57.32947635989407,Вверх,0.2974449636264596,True,-0.0189940247908495,0.0297238236978656,-0.0487178484887151,False,57.92890534641997,Красный,0.1705236401059267,Выше
2021-06-09 14:00:00+05:00,57.54,57.33157112248219,Вверх,0.3635499140125203,True,-0.0312583799170198,0.0175273829748885,-0.04878576289190831,False,57.80879199754016,Красный,0.20842887751781092,Выше
2021-06-09 14:30:00+05:00,57.67,57.33493857399978,Вверх,0.5843931018915692,True,-0.0301406139341935,0.0079937835930721,-0.0381343975272656,False,57.80879199754016,Красный,0.33506142600022315,Выше
2021-06-09 15:00:00+05:00,57.7,57.33857102599978,Вверх,0.6303417883161735,True,-0.0265282261820161,0.0010893816380544,-0.0276176078200705,False,57.80879199754016,Красный,0.36142897400022633,Выше
2021-06-09 15:30:00+05:00,57.695,57.34211758295501,Вверх,0.6153983004455396,True,-0.0237945522886349,-0.0038874051472834,-0.0199071471413515,False,57.80879199754016,Красный,0.352882417044988,Выше
2021-06-09 16:00:00+05:00,57.825,57.34692238312461,Вверх,0.8336587161233245,True,-0.0110112516338318,-0.0053121744445931,-0.005699077189238699,False,57.467534570413896,Зелёный,0.47807761687539596,Выше
2021-06-09 16:30:00+05:00,57.95,57.35292315543184,Вверх,1.0410573894377269,True,0.0091011491827046,-0.0024295097191335,0.0115306589018381,Выше,57.51528111337251,Зелёный,0.5970768445681642,Выше
2021-06-09 17:00:00+05:00,57.835,57.3577199399549,Вверх,0.8321112843131587,True,0.0155812221964311,0.0011726366639793,0.0144085855324518,False,57.51528111337251,Зелёный,0.4772800600451035,Выше
2021-06-09 17:30:00+05:00,57.86,57.36271775149764,Вверх,0.8669084520308931,True,0.0224749406864219,0.0054330974684678,0.0170418432179541,False,57.51528111337251,Зелёный,0.49728224850235847,Выше
2021-06-09 18:00:00+05:00,57.85,57.36756633108473,Вверх,0.8409519520681888,True,0.0268221567035169,0.0097109093154777,0.0171112473880392,False,57.51528111337251,Зелёный,0.4824336689152702,Выше
2021-06-09 18:30:00+05:00,57.88,57.3726651735615,Вверх,0.8842796912148541,True,0.0323155919681639,0.0142318458460149,0.018083746122149,False,57.51528111337251,Зелёный,0.5073348264385018,Выше
2021-06-09 19:00:00+05:00,57.695,57.37587248526736,Вверх,0.5562050752510751,True,0.0214934618539288,0.0156841690475977,0.0058092928063311,False,57.51528111337251,Зелёный,0.3191275147326422,Выше
2021-06-09 19:30:00+05:00,57.605,57.378152361035845,Вверх,0.3953554264640263,True,0.0055901580680952,0.0136653668516972,-0.008075208783602,Выше,57.51528111337251,Зелёный,0.22684763896415205,Выше
2021-06-09 20:00:00+05:00,57.51,57.37946427784146,Вверх,0.22749554008811257,True,-0.014511748408772,0.0080299437996033,-0.022541692208375298,False,58.018438371345376,Красный,0.13053572215854103,Выше
2021-06-09 20:30:00+05:00,57.74,57.38305169796245,Вверх,0.6220448224265945,True,-0.0117481509372794,0.0040743248522268,-0.0158224757895062,False,57.98134453421085,Красный,0.35694830203755146,Выше
2021-06-09 21:00:00+05:00,57.745,57.38665317360462,Вверх,0.624442804342178,True,-0.0090501967822547,0.0014494205253305,-0.0104996173075852,False,57.98134453421085,Красный,0.3583468263953762,Выше
2021-06-09 21:30:00+05:00,57.75,57.39026856491204,Вверх,0.6268160858684246,True,-0.0064344184923399,-0.0001273472782035,-0.0063070712141364,False,57.98134453421085,Красный,0.3597314350879586,Выше
2021-06-09 22:00:00+05:00,57.74,57.39374847968904,Вверх,0.6032913505091916,True,-0.0051094136385074,-0.0011237605502643,-0.0039856530882431,False,57.98134453421085,Красный,0.3462515203109646,Выше
2021-06-09 22:30:00+05:00,57.705,57.39684550974189,Вверх,0.5368840177912022,True,-0.0068051002785125,-0.0022600284959139,-0.0045450717825986,False,57.98134453421085,Красный,0.3081544902581115,Выше
2021-06-09 23:00:00+05:00,57.7,57.39986197233152,Вверх,0.5228898073189739,True,-0.0084549390958557,-0.0034990106159023,-0.0049559284799534,False,57.98134453421085,Красный,0.3001380276684813,Выше
2021-06-09 23:30:00+05:00,57.715,57.40299767409937,Вверх,0.5435296736104316,True,-0.0084546140770171,-0.0044901313081253,-0.0039644827688918,False,57.98134453421085,Красный,0.3120023259006359,Выше
2021-06-10 00:00:00+05:00,57.74,57.40635093107351,Вверх,0.5812058483339159,True,-0.0063637085599594,-0.0048648467584921,-0.0014988618014673003,False,57.973971584045,Красный,0.3336490689264906,Выше
2021-06-10 00:30:00+05:00,57.615,57.408427041212086,Вверх,0.3598303758429447,True,-0.0146245237980409,-0.0068167821664019,-0.007807741631639,False,57.90507442564049,Красный,0.20657295878791615,Выше
2021-06-10 01:00:00+05:00,57.565,57.40998498110053,Вверх,0.2700140384124825,True,-0.0249186152375884,-0.0104371487806392,-0.014481466456949199,False,57.82206698307644,Красный,0.15501501889946923,Выше
2021-06-10 01:30:00+05:00,57.55,57.41137816536818,Вверх,0.2414535917123132,True,-0.0338963949667103,-0.0151289980178534,-0.018767396948856898,False,57.7758602847688,Красный,0.1386218346318202,Выше
2021-06-10 12:00:00+05:00,57.585,57.41310574581228,Вверх,0.2993989820873917,True,-0.0377519614785128,-0.0196535907099853,-0.0180983707685275,False,57.7758602847688,Красный,0.17189425418771975,Выше
2021-06-10 12:30:00+05:00,57.535,57.4143186239634,Вверх,0.21019386614513202,True,-0.0443310866774666,-0.0245890899034815,-0.019741996773985103,False,57.76364683066272,Красный,0.12068137603659324,Выше
2021-06-10 13:00:00+05:00,57.54,57.41556918491899,Вверх,0.2167196404171312,True,-0.0485816139794721,-0.0293875947186797,-0.019194019260792405,False,57.76364683066272,Красный,0.12443081508100562,Выше
2021-06-10 13:30:00+05:00,57.575,57.41715556118846,Вверх,0.2749081476934751,True,-0.0485661397690222,-0.0332233037287482,-0.015342836040273998,False,57.76364683066272,Красный,0.1578444388115443,Выше
2021-06-10 14:00:00+05:00,57.63,57.41927341630102,Вверх,0.3669962560674988,True,-0.0436130914301386,-0.0353012612690263,-0.008311830161112296,False,57.76364683066272,Красный,0.21072658369898534,Выше
2021-06-10 14:30:00+05:00,57.46,57.41967865593982,Вверх,0.07022216947919241,True,-0.0527967362765409,-0.0388003562705292,-0.0139963800060117,False,57.76364683066272,Красный,0.04032134406018173,Выше
2021-06-10 15:00:00+05:00,57.47,57.42017936583097,Вверх,0.08676502706760503,True,-0.0585925066117312,-0.0427587863387696,-0.0158337202729616,False,57.73769601703803,Красный,0.0498206341690306,Выше
2021-06-10 15:30:00+05:00,57.5,57.42097360099683,Вверх,0.13762636550244262,True,-0.0600724690497074,-0.0462215228809571,-0.013850946168750301,False,57.70992641533423,Красный,0.07902639900316899,Выше
2021-06-10 16:00:00+05:00,57.51,57.42185943581279,Вверх,0.1534965343393861,True,-0.0597496764407239,-0.0489271535929105,-0.010822522847813404,False,57.70992641533423,Красный,0.0881405641872064,Выше
2021-06-10 16:30:00+05:00,57.58,57.423432973764896,Вверх,0.27265354599512176,True,-0.0532318226708241,-0.0497880874084932,-0.0034437352623309034,False,57.70992641533423,Красный,0.156567026235102,Выше
2021-06-10 17:00:00+05:00,57.56,57.42479184964784,Вверх,0.23545257370052153,True,-0.049114053219526,-0.0496532805706998,0.0005392273511738016,Ниже,57.70992641533423,Красный,0.13520815035216316,Выше
2021-06-10 17:30:00+05:00,57.495,57.42549043820856,Вверх,0.1210430442317754,True,-0.0505133614474857,-0.049825296746057,-0.000688064701428702,Ниже,57.68739097110079,Красный,0.06950956179143475,Выше
2021-06-10 18:00:00+05:00,57.545,57.426679588077135,Вверх,0.20603735540968277,True,-0.0470454307264063,-0.0492693235421268,0.0022238928157204962,Ниже,57.68739097110079,Красный,0.11832041192286624,Выше
2021-06-10 18:30:00+05:00,57.6,57.4284041692903,Вверх,0.2987995804373383,True,-0.0394047963355106,-0.0472964181008036,0.007891621765293004,False,57.68739097110079,Красный,0.1715958307096983,Выше
2021-06-10 19:00:00+05:00,57.565,57.429763331784926,Вверх,0.23548184838195893,True,-0.0357615096037875,-0.0449894364014004,0.009227926797612897,False,57.68739097110079,Красный,0.13523666821507163,Выше
2021-06-10 19:30:00+05:00,57.255,57.4280243931602,Вниз,0.30128912667384944,True,-0.0572288888355743,-0.0474373268882351,-0.009791561947339204,Ниже,57.646178216139226,Красный,-0.17302439316019758,Ниже
2021-06-10 20:00:00+05:00,57.17,57.425456986263086,Вниз,0.44484972287498353,True,-0.0801765063096411,-0.0539851627725163,-0.026191343537124802,False,57.42181039452531,Красный,-0.2554569862630842,Ниже
2021-06-10 20:30:00+05:00,57.175,57.42296487694704,Вниз,0.4318217937342906,True,-0.0968428561105909,-0.0625567014401313,-0.034286154670459604,False,57.42181039452531,Красный,-0.2479648769470444,Ниже
2021-06-10 21:00:00+05:00,57.35,57.422238858270944,Вниз,0.12580292880819588,True,-0.0948368013265934,-0.0690127214174237,-0.025824079909169698,False,57.42181039452531,Красный,-0.07223885827094279,Ниже
2021-06-10 21:30:00+05:00,57.205,57.42007727759163,Вниз,0.3745680740760112,True,-0.1037512962812741,-0.0759604363901938,-0.027790859891080294,False,57.42181039452531,Красный,-0.2150772775916323,Ниже
2021-06-10 22:00:00+05:00,57.33,57.41918098627232,Вниз,0.1553156710710419,True,-0.0995817262739038,-0.0806846943669358,-0.018897031906967995,False,57.42181039452531,Красный,-0.08918098627232496,Ниже
2021-06-10 22:30:00+05:00,57.31,57.418094608299455,Вниз,0.18825878677595215,True,-0.0967755762536057,-0.0839028707442698,-0.012872705509335891,False,57.42181039452531,Красный,-0.10809460829945294,Ниже
2021-06-10 23:00:00+05:00,57.25,57.4164220251323,Вниз,0.2898509159268973,True,-0.0982604948843928,-0.0867743955722944,-0.011486099312098402,False,57.42181039452531,Красный,-0.16642202513229876,Ниже
2021-06-10 23:30:00+05:00,57.215,57.41441782587726,Вниз,0.34733057205602347,True,-0.1010961377445909,-0.0896387440067537,-0.011457393737837204,False,57.42181039452531,Красный,-0.19941782587725498,Ниже
2021-06-11 00:00:00+05:00,57.185,57.41213506144067,Вниз,0.39562204261798856,True,-0.1045588649114748,-0.0926227681876979,-0.011936096723776907,False,57.37724700870531,Красный,-0.22713506144066997,Ниже
2021-06-11 00:30:00+05:00,57.17,57.40972575734674,Вниз,0.4175699399087657,True,-0.1072768549720137,-0.0955535855445611,-0.011723269427452596,False,57.35977230783477,Красный,-0.23972575734673995,Ниже
2021-06-11 01:00:00+05:00,57.175,57.40739017767165,Вниз,0.40480881808495983,True,-0.1077849457035213,-0.0979998575763531,-0.009785088127168204,False,57.3475450770513,Красный,-0.23239017767165393,Ниже
2021-06-11 01:30:00+05:00,57.155,57.40487883262019,Вниз,0.43529197814140724,True,-0.1085501456133499,-0.1001099151837525,-0.008440230429597406,False,57.3475450770513,Красный,-0.2498788326201904,Ниже
2021-06-11 12:00:00+05:00,57.315,57.4039845158777,Вниз,0.15501452839583324,True,-0.0951490897522404,-0.0991177500974501,0.003968660345209693,Ниже,57.3475450770513,Красный,-0.08898451587770495,Ниже
2021-06-11 12:30:00+05:00,57.19,57.401855316714745,Вниз,0.36907398819399656,True,-0.0935368768724274,-0.0980015754524456,0.004464698580018203,False,57.3475450770513,Красный,-0.21185531671474678,Ниже
2021-06-11 13:00:00+05:00,57.1,57.39885178122505,Вниз,0.5206581176294536,True,-0.098387286987986,-0.0980787177595537,-0.0003085692284323094,Ниже,57.3475450770513,Красный,-0.2988517812250464,Ниже
2021-06-11 13:30:00+05:00,57.1,57.39587813166062,Вниз,0.5155041464509107,True,-0.1010662432097078,-0.0986762228495845,-0.0023900203601233128,False,57.29897731754802,Красный,-0.29587813166062205,Ниже
2021-06-11 14:00:00+05:00,56.98,57.39174004079833,Вниз,0.7174203822808645,True,-0.1115860380477045,-0.1012581858892085,-0.010327852158496006,False,57.241079585793216,Красный,-0.41174004079833537,Ниже
2021-06-11 14:30:00+05:00,56.57,57.38356352297944,Вниз,1.417764030380666,True,-0.1512629594957246,-0.1112591406105117,-0.0400038188852129,False,57.054971627213895,Красный,-0.8135635229794431,Ниже
2021-06-11 15:00:00+05:00,56.625,57.37601562722841,Вниз,1.3089365286494543,True,-0.1762376078154588,-0.1242548340515012,-0.0519827737639576,False,56.98422446449251,Красный,-0.7510156272284121,Ниже
2021-06-11 15:30:00+05:00,56.75,57.369786616012206,Вниз,1.0803362755391885,True,-0.1838247242162083,-0.1361688120844426,-0.047655912131765704,False,56.98422446449251,Красный,-0.6197866160122061,Ниже
2021-06-11 16:00:00+05:00,56.91,57.3652116248081,Вниз,0.7935325468427982,True,-0.1749106447670385,-0.1439171786209618,-0.030993466146076704,False,56.98422446449251,Красный,-0.4552116248081006,Ниже
2021-06-11 16:30:00+05:00,56.965,57.36122941958613,Вниз,0.6907617280790603,True,-0.1615459312981215,-0.1474429291563938,-0.014103002141727716,False,56.98422446449251,Красный,-0.39622941958612756,Ниже
2021-06-11 17:00:00+05:00,56.795,57.35559529600816,Вниз,0.9774029771898747,True,-0.1627952762293389,-0.1505133985709828,-0.012281877658356088,False,56.98422446449251,Красный,-0.5605952960081595,Ниже
2021-06-11 17:30:00+05:00,56.745,57.3495197209235,Вниз,1.05409726858262,True,-0.1659074948936307,-0.1535922178355124,-0.012315277058118301,False,56.98422446449251,Красный,-0.6045197209235056,Ниже
2021-06-11 18:00:00+05:00,56.58,57.3418628082775,Вниз,1.3286328189664627,True,-0.1796175523098853,-0.158797284730387,-0.020820267579498286,False,56.95598609613437,Красный,-0.761862808277499,Ниже
2021-06-11 18:30:00+05:00,56.7,57.335476113667774,Вниз,1.1083471469007031,True,-0.1787394770398904,-0.1627857231922877,-0.015953753847602697,False,56.95598609613437,Красный,-0.6354761136677709,Ниже
2021-06-11 19:00:00+05:00,56.75,57.32965048069595,Вниз,1.011083228025493,True,-0.1720260052239055,-0.1646337795986112,-0.007392225625294291,False,56.95598609613437,Красный,-0.5796504806959533,Ниже
2021-06-11 19:30:00+05:00,56.66,57.32298729183331,Вниз,1.1565818935046415,True,-0.1719852394965784,-0.1661040715782047,-0.005881167918373703,False,56.95598609613437,Красный,-0.6629872918333106,Ниже
2021-06-11 20:00:00+05:00,56.61,57.31589289091955,Вниз,1.2315831705927822,True,-0.1739819587757836,-0.1676796490177205,-0.0063023097580630905,False,56.95598609613437,Красный,-0.7058928909195501,Ниже
2021-06-11 20:30:00+05:00,56.665,57.30941634474125,Вниз,1.1244510690264327,True,-0.1691761752050666,-0.1679789542551897,-0.0011972209498768982,False,56.94555062990638,Красный,-0.6444163447412521,Ниже
2021-06-11 21:00:00+05:00,56.65,57.30285498807715,Вниз,1.1393062146955677,True,-0.1646796077327934,-0.1673190849507105,0.002639477217917102,Ниже,56.937745566915744,Красный,-0.6528549880771521,Ниже
2021-06-11 21:30:00+05:00,56.71,57.29695593346942,Вниз,1.0244103267038565,True,-0.1544936405367707,-0.1647539960679225,0.010260355531151788,False,56.93097101022417,Красный,-0.5869559334694188,Ниже
2021-06-11 22:00:00+05:00,56.675,57.290767317216,Вниз,1.0748107348720484,True,-0.1475445934112542,-0.1613121155365889,0.013767522125334691,False,56.92437390920175,Красный,-0.6157673172160045,Ниже
2021-06-11 22:30:00+05:00,56.745,57.28533679664668,Вниз,0.9432375313857181,True,-0.1348347178182081,-0.1560166359929127,0.021181918174704606,False,56.92437390920175,Красный,-0.5403367966466845,Ниже
2021-06-11 23:00:00+05:00,56.74,57.279910559864135,Вниз,0.9425827564794532,True,-0.1237391204980795,-0.1495611328939461,0.025822012395866595,False,56.92437390920175,Красный,-0.5399105598641327,Ниже
2021-06-11 23:30:00+05:00,56.74,57.27453831548738,Вниз,0.9332913563492473,True,-0.1136358562672441,-0.1423760775686057,0.028740221301361613,False,56.91872357980808,Красный,-0.5345383154873815,Ниже
2021-06-12 00:00:00+05:00,56.7,57.26882151632831,Вниз,0.9932481606350595,True,-0.1076160810861921,-0.135424078272123,0.027807997185930897,False,56.90235122182727,Красный,-0.5688215163283061,Ниже
2021-06-12 00:30:00+05:00,56.745,57.263609361936986,Вниз,0.905652591088167,True,-0.0980835953336694,-0.1279559816844323,0.02987238635076292,False,56.88886609964454,Красный,-0.5186093619369885,Ниже
2021-06-12 01:00:00+05:00,56.7,57.25800130858438,Вниз,0.9745385724819601,True,-0.0930871054098005,-0.1209822064295059,0.027895101019705396,False,56.882229489680086,Красный,-0.5580013085843802,Ниже
2021-06-12 01:30:00+05:00,56.65,57.251951544319866,Вниз,1.0514079050281535,True,-0.0921002588265977,-0.1152058169089243,0.023105558082326602,False,56.882229489680086,Красный,-0.6019515443198671,Ниже
2021-06-14 12:00:00+05:00,56.79,57.24735501154057,Вниз,0.7989102927958368,True,-0.0791094216593961,-0.1079865378590187,0.02887711619962259,False,56.882229489680086,Красный,-0.4573550115405709,Ниже
2021-06-14 12:30:00+05:00,56.675,57.24165993679888,Вниз,0.9899432291525793,True,-0.0772036726348517,-0.1018299648141853,0.024626292179333598,False,56.882229489680086,Красный,-0.5666599367988852,Ниже
2021-06-14 13:00:00+05:00,56.5,57.23428023593521,Вниз,1.2829378353467662,True,-0.0887908644516883,-0.0992221447416859,0.01043128028999761,False,56.80883976817911,Красный,-0.7342802359352092,Ниже
2021-06-14 13:30:00+05:00,56.415,57.2261281937866,Вниз,1.417408829477075,True,-0.1036379137161418,-0.1001052985365771,-0.0035326151795646993,Ниже,56.72345579136119,Красный,-0.8111281937866011,Ниже
2021-06-14 14:00:00+05:00,56.53,57.21920154509221,Вниз,1.2044934680695911,True,-0.1049153692513513,-0.1010673126795319,-0.0038480565718194,False,56.72345579136119,Красный,-0.6892015450922102,Ниже
2021-06-14 14:30:00+05:00,56.58,57.21284133071319,Вниз,1.1061176407148077,True,-0.1007320039954464,-0.1010002509427148,0.0002682469472683885,Ниже,56.72345579136119,Красный,-0.632841330713191,Ниже
2021-06-14 15:00:00+05:00,56.625,57.20699216324341,Вниз,1.0173444560459763,True,-0.0927167519688012,-0.0993435511479321,0.006626799179130893,False,56.72345579136119,Красный,-0.5819921632434131,Ниже
2021-06-14 15:30:00+05:00,56.525,57.20020617156936,Вниз,1.1804261151509046,True,-0.0933576029226372,-0.0981463615028731,0.004788758580235905,False,56.72345579136119,Красный,-0.6752061715693642,Ниже
2021-06-14 16:00:00+05:00,56.61,57.19433347334479,Вниз,1.0216632275592794,True,-0.086015163038347,-0.0957201218099679,0.009704958771620906,False,56.72345579136119,Красный,-0.5843334733447918,Ниже
2021-06-14 16:30:00+05:00,56.63,57.18871821490355,Вниз,0.9769727882412064,True,-0.0776868678237221,-0.0921134710127187,0.014426603188996606,False,56.72345579136119,Красный,-0.5587182149035499,Ниже
2021-06-14 17:00:00+05:00,56.59,57.18276081973039,Вниз,1.036607556600975,True,-0.0734674129652646,-0.0883842594032279,0.014916846437963302,False,56.72345579136119,Красный,-0.5927608197303869,Ниже
2021-06-14 17:30:00+05:00,56.635,57.177310463315166,Вниз,0.9484714459647648,True,-0.0657345931990676,-0.0838543261623958,0.018119732963328194,False,56.72345579136119,Красный,-0.5423104633151681,Ниже
2021-06-14 18:00:00+05:00,56.645,57.17201384178964,Вниз,0.9218038798633686,True,-0.0581292832033426,-0.0787093175705852,0.02058003436724261,False,56.72345579136119,Красный,-0.5270138417896391,Ниже
2021-06-14 18:30:00+05:00,56.72,57.16751619162258,Вниз,0.7828155243312157,True,-0.0455253590391251,-0.0720725258642932,0.026547166825168104,False,56.72345579136119,Красный,-0.44751619162258294,Ниже
2021-06-14 19:00:00+05:00,56.745,57.16331205041241,Вниз,0.7317841381260423,True,-0.0331373801749848,-0.0642854967264315,0.031148116551446697,False,56.45904889827358,Зелёный,-0.4183120504124105,Ниже
2021-06-14 19:30:00+05:00,56.965,57.16133879617945,Вниз,0.3434818013614643,True,-0.0055042072167523,-0.0525292388244957,0.0470250316077434,False,56.62039400844622,Зелёный,-0.19633879617944672,Ниже
2021-06-14 20:00:00+05:00,57.055,57.16028069870503,Вниз,0.18418506245616717,True,0.0233879278042721,-0.0373458054987421,0.060733733303014195,False,56.7536046076016,Зелёный,-0.10528069870503032,Ниже
2021-06-14 20:30:00+05:00,57.0,57.1586858658821,Вниз,0.2776233628856361,True,0.0413702224469076,-0.0216025999096121,0.0629728223565197,False,56.7536046076016,Зелёный,-0.15868586588209865,Ниже
2021-06-14 21:00:00+05:00,57.03,57.15740540950516,Вниз,0.2229027167912191,True,0.0573806216974404,-0.0058059555882016,0.063186577285642,False,56.791994732157306,Зелёный,-0.12740540950515822,Ниже
2021-06-14 21:30:00+05:00,56.995,57.15578943528123,Вниз,0.2813178452609711,True,0.066478448783215,0.0086509252860816,0.0578275234971334,False,56.791994732157306,Зелёный,-0.1607894352812309,Ниже
2021-06-14 22:00:00+05:00,57.055,57.15478655532819,Вниз,0.17459002358724485,True,0.0776351116135742,0.0224477625515802,0.055187349061994,False,56.791994732157306,Зелёный,-0.09978655532818692,Ниже
2021-06-14 22:30:00+05:00,57.035,57.15359464930503,Вниз,0.2075016454043333,True,0.0838959145534445,0.034737392951953,0.0491585216014915,False,56.827836659742665,Зелёный,-0.11859464930503094,Ниже
2021-06-14 23:00:00+05:00,56.985,57.15191709060548,Вниз,0.29205860293515457,True,0.0838564192550137,0.0445611982125652,0.03929522104244851,False,56.827836659742665,Зелёный,-0.1669170906054802,Ниже
2021-06-14 23:30:00+05:00,57.0,57.15040547776364,Вниз,0.2631748217817312,True,0.084066428132246,0.0524622441965013,0.031604183935744705,False,56.827836659742665,Зелёный,-0.15040547776364122,Ниже
2021-06-15 00:00:00+05:00,56.95,57.14841139340779,Вниз,0.34718619217939534,True,0.0792843390402637,0.0578266631652538,0.021457675875009907,False,56.827836659742665,Зелёный,-0.19841139340778824,Ниже
2021-06-15 00:30:00+05:00,56.95,57.14643715068732,Вниз,0.3437434781267965,True,0.0746341628110442,0.0611881630944119,0.013445999716632295,False,56.827836659742665,Зелёный,-0.19643715068731638,Ниже
2021-06-15 01:00:00+05:00,57.03,57.14527857207352,Вниз,0.20172895286200737,True,0.0765220969583921,0.064254949867208,0.012267147091184094,False,56.827836659742665,Зелёный,-0.11527857207352099,Ниже
2021-06-15 01:30:00+05:00,56.915,57.14298724299815,Вниз,0.39897676687543054,True,0.0679554117808578,0.0649950422499379,0.0029603695309198957,False,56.827836659742665,Зелёный,-0.22798724299815376,Ниже
2021-06-15 12:00:00+05:00,57.24,57.14395254406285,Вверх,0.1680798258802497,True,0.0863951266784539,0.0692750591356411,0.01712006754281281,False,56.75835365231127,Зелёный,0.09604745593715336,Выше
2021-06-15 12:30:00+05:00,57.0,57.142520180440336,Вниз,0.24941178651255894,True,0.0807123377614402,0.071562514860801,0.009149822900639204,False,56.75835365231127,Зелёный,-0.14252018044033576,Ниже
2021-06-15 13:00:00+05:00,56.76,57.13871400949069,Вниз,0.6627975726366349,True,0.0561949123961156,0.0684889943678639,-0.012294081971748305,Выше,56.75835365231127,Зелёный,-0.3787140094906931,Ниже
2021-06-15 13:30:00+05:00,56.72,57.13454770093854,Вниз,0.7255639846987569,True,0.0331548222962609,0.0614221599535433,-0.0282673376572824,False,56.99071768746508,Красный,-0.41454770093854165,Ниже
2021-06-15 14:00:00+05:00,56.665,57.12987558451129,Вниз,0.8137171309319716,True,0.0103381725337499,0.0512053624695846,-0.0408671899358347,False,56.979895918718576,Красный,-0.4648755845112902,Ниже
2021-06-15 14:30:00+05:00,56.44,57.12301115083456,Вниз,1.1956847810964546,True,-0.0256046518959536,0.035843359596477,-0.06144801149243059,False,56.86115632684672,Красный,-0.6830111508345595,Ниже
2021-06-15 15:00:00+05:00,57.195,57.12372745779143,Вверх,0.12476871762479322,True,0.0067547267063616,0.0300256330184539,-0.0232709063120923,False,56.39445930583796,Зелёный,0.07127254220856827,Выше
2021-06-15 15:30:00+05:00,57.0,57.12249633880843,Вниз,0.2144450026866371,True,0.0164749837115252,0.0273155031570681,-0.010840519445542901,False,56.64226337525416,Зелёный,-0.12249633880843191,Ниже
2021-06-15 16:00:00+05:00,56.8,57.11928742001432,Вниз,0.5589835490532445,True,0.0079484046276903,0.0234420834511926,-0.0154936788235023,False,56.64226337525416,Зелёный,-0.3192874200143194,Ниже
2021-06-15 16:30:00+05:00,56.985,57.11795122678035,Вниз,0.232766098791747,True,0.0159352910477252,0.0219407249704991,-0.0060054339227739,False,56.64226337525416,Зелёный,-0.13295122678034943,Ниже
2021-06-15 17:00:00+05:00,57.04,57.11717559268303,Вниз,0.13511801289579223,True,0.0263986887722893,0.0228323177308571,0.0035663710414322,Выше,56.64226337525416,Зелёный,-0.07717559268303376,Ниже
2021-06-15 17:30:00+05:00,57.0,57.11600966638768,Вниз,0.20311234462157046,True,0.0311047845533849,0.0244868110953627,0.006617973458022199,False,56.64226337525416,Зелёный,-0.11600966638768284,Ниже
2021-06-15 18:00:00+05:00,57.0,57.114855341349006,Вниз,0.20109539044188976,True,0.0344374261533602,0.0264769341069622,0.007960492046398,False,56.64226337525416,Зелёный,-0.11485534134900632,Ниже
2021-06-15 18:30:00+05:00,56.995,57.11366275088783,Вниз,0.20776596207006762,True,0.036257160442183,0.0284329793740064,0.007824181068176603,False,56.643362492908444,Зелёный,-0.11866275088783595,Ниже
2021-06-15 19:00:00+05:00,57.0,57.11253177824218,Вниз,0.19703517728669387,True,0.037668551575102,0.0302800938142255,0.007388457760876502,False,56.723276243617605,Зелёный,-0.11253177824217886,Ниже
2021-06-15 19:30:00+05:00,56.855,57.10996927298604,Вниз,0.446453178371171,True,0.0267781195387897,0.0295796989591383,-0.0028015794203486016,Выше,56.723276243617605,Зелёный,-0.2549692729860453,Ниже
2021-06-15 20:00:00+05:00,56.63,57.10519345932449,Вниз,0.8321370273668065,True,-8.151937393563458e-06,0.023662128779832,-0.023670280717225562,False,57.08619624266974,Красный,-0.47519345932448687,Ниже
2021-06-15 20:30:00+05:00,56.505,57.099221385102354,Вниз,1.0406821156012964,True,-0.0309659640405257,0.0127365102157604,-0.0437024742562861,False,56.91332661840277,Красный,-0.594221385102351,Ниже
2021-06-15 21:00:00+05:00,56.6,57.09425400813616,Вниз,0.8656808232676563,True,-0.0472894240752808,0.0007313233575521,-0.0480207474328329,False,56.91332661840277,Красный,-0.49425400813615994,Ниже
2021-06-15 21:30:00+05:00,56.57,57.08903755034376,Вниз,0.9091720102761399,True,-0.0619327112925418,-0.0118014835724666,-0.050131227720075194,False,56.90154456090624,Красный,-0.5190375503437608,Ниже
2021-06-15 22:00:00+05:00,56.6,57.08417150506671,Вниз,0.848171204558408,True,-0.0703064239408988,-0.023502471646153,-0.04680395229474579,False,56.88764010481562,Красный,-0.4841715050667119,Ниже
2021-06-15 22:30:00+05:00,56.61,57.07945338063819,Вниз,0.8224559851819376,True,-0.0752680914125107,-0.0338555955994246,-0.0414124958130861,False,56.88764010481562,Красный,-0.46945338063819264,Ниже
2021-06-15 23:00:00+05:00,56.6,57.07468270023384,Вниз,0.8316869718347066,True,-0.0790954024924062,-0.0429035569780209,-0.03619184551438529,False,56.88764010481562,Красный,-0.47468270023384207,Ниже
2021-06-15 23:30:00+05:00,56.62,57.07015849426136,Вниз,0.7887808727684265,True,-0.0795971943357187,-0.0502422844495604,-0.029354909886158298,False,56.85837213641058,Красный,-0.450158494261359,Ниже
2021-06-16 00:00:00+05:00,56.58,57.06528129531349,Вниз,0.8503967461443942,True,-0.0822741287504413,-0.0566486533097366,-0.025625475440704697,False,56.84828492276953,Красный,-0.4852812953134915,Ниже
2021-06-16 00:30:00+05:00,56.6,57.06065163068351,Вниз,0.8073017351168823,True,-0.0818384035340429,-0.0616866033545979,-0.020151800179444998,False,56.83170643049257,Красный,-0.46065163068350756,Ниже
2021-06-16 01:00:00+05:00,56.51,57.0551725099802,Вниз,0.9555181169329425,True,-0.0877438791789373,-0.0668980585194658,-0.020845820659471506,False,56.77703578744332,Красный,-0.5451725099802047,Ниже
2021-06-16 01:30:00+05:00,56.505,57.04969815664706,Вниз,0.9547783323084832,True,-0.0917696064884197,-0.0718723681132565,-0.019897238375163204,False,56.72758220869899,Красный,-0.5446981566470583,Ниже
2021-06-16 12:00:00+05:00,56.895,57.048158871506295,Вниз,0.2684729438004532,True,-0.0627667477538125,-0.0700512440413677,0.007284496287555203,Ниже,56.43142601217092,Зелёный,-0.15315887150629237,Ниже
2021-06-16 12:30:00+05:00,56.71,57.04479410661569,Вниз,0.5868968621220108,True,-0.054086254468828,-0.0668582461268598,0.012771991658031799,False,56.45378341095383,Зелёный,-0.3347941066156892,Ниже
2021-06-16 13:00:00+05:00,56.49,57.03927376724638,Вниз,0.9629746856310524,True,-0.0642187881689864,-0.0663303545352851,0.002111566366298709,False,56.45378341095383,Зелёный,-0.5492737672463761,Ниже
2021-06-16 13:30:00+05:00,56.25,57.031420296925525,Вниз,1.3701575251978249,True,-0.0905708440517898,-0.071178452438586,-0.019392391613203802,Ниже,56.7323104371274,Красный,-0.7814202969255248,Ниже
2021-06-16 14:00:00+05:00,56.01,57.021256910886464,Вниз,1.7734735529714316,True,-0.1293301944551075,-0.0828088008418903,-0.04652139361321719,False,56.54157939341466,Красный,-1.0112569108864662,Ниже
2021-06-16 14:30:00+05:00,55.91,57.01019962819108,Вниз,1.9298294609848115,True,-0.1662005664867081,-0.0994871539708539,-0.0667134125158542,False,56.3189214540732,Красный,-1.1001996281910849,Ниже
2021-06-16 15:00:00+05:00,56.035,57.000496149303615,Вниз,1.6938381497147967,True,-0.1832220765799945,-0.116234138492682,-0.06698793808731252,False,56.3189214540732,Красный,-0.9654961493036183,Ниже
2021-06-16 15:30:00+05:00,56.145,56.99198374980806,Вниз,1.486145408670577,True,-0.1856950878886394,-0.1301263283718735,-0.0555687595167659,False,56.3189214540732,Красный,-0.8469837498080537,Ниже
2021-06-16 16:00:00+05:00,56.38,56.98589435926271,Вниз,1.0632356762585784,True,-0.1667700102770126,-0.1374550647529013,-0.02931494552411129,False,55.81448375998065,Зелёный,-0.605894359262706,Ниже
2021-06-16 16:30:00+05:00,56.14,56.97747749996656,Вниз,1.4698395518949605,True,-0.1691874564755835,-0.1438015430974378,-0.02538591337814569,False,55.81448375998065,Зелёный,-0.8374774999665604,Ниже
2021-06-16 17:00:00+05:00,56.095,56.96869662932013,Вниз,1.5336433533051255,True,-0.1727431484376964,-0.1495898641654895,-0.023153284272206892,False,55.81448375998065,Зелёный,-0.8736966293201291,Ниже
2021-06-16 17:30:00+05:00,56.055,56.95960512057068,Вниз,1.5881520222196646,True,-0.1767512472862265,-0.1550221407896369,-0.0217291064965896,False,55.81448375998065,Зелёный,-0.9046051205706789,Ниже
2021-06-16 18:00:00+05:00,56.04,56.95045482086351,Вниз,1.5986787528340742,True,-0.1790738176400736,-0.1598324761597243,-0.01924134148034931,False,55.81448375998065,Зелёный,-0.9104548208635137,Ниже
2021-06-16 18:30:00+05:00,56.01,56.941097061451934,Вниз,1.635193400729667,True,-0.1812459303943399,-0.1641151670066474,-0.017130763387692483,False,55.81448375998065,Зелёный,-0.9310970614519363,Ниже
2021-06-16 19:00:00+05:00,56.25,56.9342204737758,Вниз,1.201773675097489,True,-0.1617369483027246,-0.1636395232658628,0.001902574963138226,Ниже,55.81448375998065,Зелёный,-0.6842204737758024,Ниже
2021-06-16 19:30:00+05:00,56.27,56.92761131483276,Вниз,1.155171101762727,True,-0.1430135355722299,-0.1595143257271362,0.016500790154906297,False,55.90482718074908,Зелёный,-0.6576113148327565,Ниже
2021-06-16 20:00:00+05:00,56.215,56.92052065498368,Вниз,1.2394838396860441,True,-0.1311018756201676,-0.1538318357057425,0.022729960085574902,False,55.90482718074908,Зелёный,-0.7055206549836797,Ниже
2021-06-16 20:30:00+05:00,56.225,56.91360005145151,Вниз,1.2099042247002385,True,-0.1194776192404063,-0.1469609924126753,0.027483373172268996,False,55.90482718074908,Зелёный,-0.6886000514515089,Ниже
2021-06-16 21:00:00+05:00,56.21,56.90659905591468,Вниз,1.2241094485900041,True,-0.1102053087520928,-0.1396098556805588,0.029404546928466002,False,55.90482718074908,Зелёный,-0.6965990559146817,Ниже
2021-06-16 21:30:00+05:00,56.205,56.89961797078121,Вниз,1.2207779165369894,True,-0.1020836374720488,-0.1321046120388568,0.030020974566807995,False,55.90482718074908,Зелёный,-0.6946179707812092,Ниже
2021-06-16 22:00:00+05:00,56.17,56.89235809047493,Вниз,1.2696926524405499,True,-0.0973491811988296,-0.1251535258708514,0.027804344672021808,False,55.90482718074908,Зелёный,-0.7223580904749269,Ниже
2021-06-16 22:30:00+05:00,56.245,56.88591671644036,Вниз,1.1266702787530833,True,-0.0865475509995974,-0.1174323308966006,0.030884779897003195,False,55.91263920176447,Зелёный,-0.6409167164403655,Ниже
2021-06-16 23:00:00+05:00,55.815,56.87526082871458,Вниз,1.8641863145167141,True,-0.1114004327409361,-0.1162259512654677,0.0048255185245316,False,56.37862471841198,Красный,-1.0602608287145827,Ниже
2021-06-16 23:30:00+05:00,55.74,56.86396470106568,Вниз,1.9765851835593464,True,-0.1355854491167392,-0.120097850835722,-0.0154875982810172,Ниже,56.201012246570784,Красный,-1.123964701065681,Ниже
2021-06-17 00:00:00+05:00,55.78,56.85317898264712,Вниз,1.8876323221515545,True,-0.1497978072559931,-0.1260378421197762,-0.023759965136216893,False,56.0926610219137,Красный,-1.0731789826471214,Ниже
2021-06-17 00:30:00+05:00,56.09,56.84558516192427,Вниз,1.3291888187481695,True,-0.1344964034362519,-0.1277295543830714,-0.006766849053180507,False,56.0926610219137,Красный,-0.755585161924266,Ниже
2021-06-17 01:00:00+05:00,56.15,56.83866391653199,Вниз,1.21161172532715,True,-0.1161890767576991,-0.1254214588579969,0.009232382100297809,Ниже,55.70469457224991,Зелёный,-0.6886639165319934,Ниже
2021-06-17 01:30:00+05:00,56.15,56.831811539253074,Вниз,1.1997005212162846,True,-0.1005216376020499,-0.1204414946068075,0.01991985700475761,False,55.82922511502491,Зелёный,-0.6818115392530757,Ниже
2021-06-17 12:00:00+05:00,55.89,56.82244028015603,Вниз,1.6409719039850241,True,-0.1078417734475962,-0.1179215503749653,0.010079776927369097,False,55.82922511502491,Зелёный,-0.9324402801560296,Ниже
2021-06-17 12:30:00+05:00,55.74,56.81166973010473,Вниз,1.886354925310087,True,-0.1243137685009685,-0.1191999940001659,-0.005113774500802595,Ниже,56.14002765682982,Красный,-1.0716697301047304,Ниже
2021-06-17 13:00:00+05:00,55.145,56.79508595169573,Вниз,2.9053322555038097,True,-0.1832668840726938,-0.1320133720146715,-0.05125351205802228,False,55.83377489114684,Красный,-1.6500859516957291,Ниже
2021-06-17 13:30:00+05:00,55.18,56.77901544471369,Вниз,2.8162084745387506,True,-0.2245746881921562,-0.1505256352501685,-0.07404905294198771,False,55.72389740203215,Красный,-1.599015444713693,Ниже
2021-06-17 14:00:00+05:00,54.925,56.76056752984092,Вниз,3.2338780419626767,True,-0.2747209770243088,-0.1753647036049965,-0.0993562734193123,False,55.46625766182894,Красный,-1.8355675298409224,Ниже
2021-06-17 14:30:00+05:00,55.25,56.74553700715594,Вниз,2.63551476650462,True,-0.2849527306446688,-0.197282309012931,-0.0876704216317378,False,55.46625766182894,Красный,-1.4955370071559386,Ниже
2021-06-17 15:00:00+05:00,55.07,56.72886499713449,Вниз,2.9241991660123636,True,-0.3040807116219284,-0.2186419895347305,-0.08543872208719791,False,55.46625766182894,Красный,-1.6588649971344864,Ниже
2021-06-17 15:30:00+05:00,55.0,56.71166236034709,Вниз,3.0181840720364583,True,-0.3211857598334973,-0.2391507435944838,-0.08203501623901349,False,55.46625766182894,Красный,-1.7116623603470913,Ниже
2021-06-17 16:00:00+05:00,54.87,56.69333736173667,Вниз,3.216140461272742,True,-0.3412972846735087,-0.2595800518102888,-0.08171723286321991,False,55.40929665192597,Красный,-1.8233373617366695,Ниже
2021-06-17 16:30:00+05:00,54.88,56.67529420390844,Вниз,3.1676839602265945,True,-0.3523670288111447,-0.2781374472104601,-0.0742295816006846,False,55.29461698673337,Красный,-1.7952942039084405,Ниже
2021-06-17 17:00:00+05:00,55.15,56.66011714715314,Вниз,2.665220658176867,True,-0.3354858650578833,-0.2896071307799447,-0.04587873427793859,False,55.29461698673337,Красный,-1.5101171471531387,Ниже
2021-06-17 17:30:00+05:00,55.245,56.64603637951978,Вниз,2.473317585952618,True,-0.3108583337405619,-0.2938573713720682,-0.01700096236849369,False,55.29461698673337,Красный,-1.4010363795197804,Ниже
2021-06-17 18:00:00+05:00,55.385,56.63348875385292,Вниз,2.204506169978778,True,-0.2768526230647126,-0.2904564217105971,0.013603798645884513,Ниже,54.761434216671375,Зелёный,-1.248488753852925,Ниже
2021-06-17 18:30:00+05:00,55.315,56.62036946276981,Вниз,2.305476765968728,True,-0.2526390021868891,-0.2828929378058555,0.030253935618966388,False,55.05429079500424,Зелёный,-1.3053694627698107,Ниже
2021-06-17 19:00:00+05:00,55.32,56.60743046314026,Вниз,2.2743135531978735,True,-0.2303902792519849,-0.2723924060950815,0.042002126843096566,False,55.05429079500424,Зелёный,-1.2874304631402609,Ниже
2021-06-17 19:30:00+05:00,55.2,56.59342617992494,Вниз,2.4621696793809225,True,-0.2199060629439913,-0.2618951374648635,0.041989074520872194,False,55.05429079500424,Зелёный,-1.393426179924937,Ниже
2021-06-17 20:00:00+05:00,55.055,56.57811845674161,Вниз,2.692062759043775,True,-0.2207528329255481,-0.2536666765570004,0.03291384363145233,False,55.05429079500424,Зелёный,-1.5231184567416136,Ниже
2021-06-17 20:30:00+05:00,54.85,56.56092324821682,Вниз,3.0249210054589324,True,-0.2352538312538215,-0.2499841074963646,0.014730276242543111,False,55.50670430939772,Красный,-1.7109232482168153,Ниже
2021-06-17 21:00:00+05:00,54.91,56.54449615121963,Вниз,2.890637042460199,True,-0.2391477321520057,-0.2478168324274928,0.008669100275487118,False,55.47153387845794,Красный,-1.6344961512196363,Ниже
2021-06-17 21:30:00+05:00,54.895,56.52808325419257,Вниз,2.8889768769427495,True,-0.240669760124625,-0.2463874179669193,0.005717657842294305,False,55.36588049061215,Красный,-1.6330832541925702,Ниже
2021-06-17 22:00:00+05:00,54.9,56.511883420817526,Вниз,2.8522910992270183,True,-0.2387206964550401,-0.2448540736645434,0.006133377209503299,False,55.30379244155093,Красный,-1.6118834208175272,Ниже
2021-06-17 22:30:00+05:00,54.965,56.49649154598352,Вниз,2.710772835755659,True,-0.229288003307019,-0.2417408595930386,0.012452856286019581,False,55.30379244155093,Красный,-1.5314915459835134,Ниже
2021-06-17 23:00:00+05:00,55.02,56.48180008781453,Вниз,2.5880904743506834,True,-0.214897283566458,-0.2363721443877225,0.021474860821264513,False,55.30379244155093,Красный,-1.4618000878145239,Ниже
2021-06-17 23:30:00+05:00,55.025,56.46730456455269,Вниз,2.554229523925423,True,-0.2007746708515867,-0.2292526496804953,0.028477978828908596,False,55.30379244155093,Красный,-1.4423045645526926,Ниже
2021-06-18 00:00:00+05:00,54.875,56.451460738039735,Вниз,2.792595120532354,True,-0.199387727318836,-0.2232796652081635,0.023891937889327503,False,55.265657220901566,Красный,-1.576460738039735,Ниже
2021-06-18 00:30:00+05:00,54.73,56.434331775472174,Вниз,3.0200265013378322,True,-0.2075958174020797,-0.2201428956469467,0.012547078244867005,False,55.11059149881141,Красный,-1.704331775472177,Ниже
2021-06-18 01:00:00+05:00,54.815,56.418219021487374,Вниз,2.8416689666803845,True,-0.2048802661293791,-0.2170903697434332,0.012210103614054113,False,55.11059149881141,Красный,-1.6032190214873765,Ниже
2021-06-18 01:30:00+05:00,54.71,56.40122181729348,Вниз,2.998555284444081,True,-0.2087939479968739,-0.2154310853941214,0.0066371373972475,False,55.103579114037245,Красный,-1.6912218172934814,Ниже
2021-06-18 12:00:00+05:00,54.12,56.37852309274329,Вниз,4.005999038016658,True,-0.256546331819024,-0.2236541346791019,-0.032892197139922086,Ниже,54.76697120263352,Красный,-2.258523092743296,Ниже
2021-06-18 12:30:00+05:00,53.945,56.3543089326165,Вниз,4.2752878675122,True,-0.3049956771860138,-0.2399224431804843,-0.06507323400552947,False,54.36802408237016,Красный,-2.409308932616497,Ниже
2021-06-18 13:00:00+05:00,54.12,56.332077002938725,Вниз,3.926851486096151,True,-0.3255187178332477,-0.257041698111037,-0.06847701972221071,False,54.36802408237016,Красный,-2.2120770029387273,Ниже
2021-06-18 13:30:00+05:00,53.885,56.30772797803387,Вниз,4.302656251694255,True,-0.356634846912037,-0.276960327871237,-0.07967451904080003,False,54.36802408237016,Красный,-2.422727978033869,Ниже
2021-06-18 14:00:00+05:00,53.95,56.28426799815294,Вниз,4.147283212832298,True,-0.3717641805559708,-0.2959210984081838,-0.07584308214778701,False,54.36802408237016,Красный,-2.3342679981529386,Ниже
2021-06-18 14:30:00+05:00,53.905,56.26059368971361,Вниз,4.186933580376157,True,-0.3829707618376119,-0.3133310310940694,-0.06963973074354252,False,54.36802408237016,Красный,-2.355593689713608,Ниже
2021-06-18 15:00:00+05:00,53.86,56.236707185338354,Вниз,4.226255953261063,True,-0.3909762513108319,-0.328860075137422,-0.06211617617340992,False,54.36802408237016,Красный,-2.376707185338354,Ниже
2021-06-18 15:30:00+05:00,53.845,56.2129091038922,Вниз,4.212393810674082,True,-0.3939893698290433,-0.3418859340757463,-0.05210343575329701,False,54.311507791358885,Красный,-2.3679091038922024,Ниже
2021-06-18 16:00:00+05:00,53.75,56.188402545644514,Вниз,4.33969010538017,True,-0.399438515450683,-0.3533964503507336,-0.0460420650999494,False,54.311507791358885,Красный,-2.4384025456445144,Ниже
2021-06-18 16:30:00+05:00,53.43,56.16095575414557,Вниз,4.862730196581423,True,-0.4246828487388541,-0.3676537300283577,-0.057029118710496374,False,54.076496311000696,Красный,-2.730955754145569,Ниже
2021-06-18 17:00:00+05:00,52.57,56.12522485111924,Вниз,6.334450972000594,False,-0.5082254705601983,-0.3957680781347258,-0.11245739242547248,False,53.539096679900624,Красный,-3.5552248511192417,Ниже
2021-06-18 17:30:00+05:00,52.56,56.08974997697876,Вниз,6.293039242334815,False,-0.568685069188767,-0.4303514763455341,-0.13833359284323293,False,53.27643701191056,Красный,-3.5297499769787564,Ниже
2021-06-18 18:00:00+05:00,52.78,56.05681714138693,Вниз,5.845528355850306,False,-0.5920231015138384,-0.462685801379195,-0.1293373001346434,False,53.27643701191056,Красный,-3.2768171413869283,Ниже
2021-06-18 18:30:00+05:00,52.81,56.02451050316417,Вниз,5.737686013307729,False,-0.6011680202697889,-0.4903822451573138,-0.11078577511247506,False,53.27643701191056,Красный,-3.2145105031641705,Ниже
2021-06-18 19:00:00+05:00,52.995,55.99436612004811,Вниз,5.356549824347826,False,-0.5867240902891808,-0.5096506141836873,-0.07707347610549353,False,53.27643701191056,Красный,-2.9993661200481156,Ниже
2021-06-18 19:30:00+05:00,52.86,55.963178397460574,Вниз,5.545036015326439,False,-0.5794905372811385,-0.5236185988031776,-0.0558719384779609,False,53.27643701191056,Красный,-3.1031783974605744,Ниже
2021-06-18 20:00:00+05:00,53.095,55.934639308928624,Вниз,5.076709788446503,False,-0.548472904157677,-0.5285894598740776,-0.01988344428359945,False,53.27643701191056,Красный,-2.839639308928625,Ниже
2021-06-18 20:30:00+05:00,53.5,55.91041404217312,Вниз,4.311207640771453,True,-0.4856132439708247,-0.519994216693427,0.03438097272260232,Ниже,52.63925907045324,Зелёный,-2.410414042173123,Ниже
2021-06-18 21:00:00+05:00,53.55,55.88692733528583,Вниз,4.181527678674775,True,-0.4268415644059686,-0.5013636862359354,0.07452212182996681,False,52.79058316340792,Зелёный,-2.3369273352858357,Ниже
2021-06-18 21:30:00+05:00,53.78,55.865962884188455,Вниз,3.733870815961246,True,-0.3575835070328637,-0.4726076503953211,0.11502414336245742,False,53.05402484706712,Зелёный,-2.0859628841884543,Ниже
2021-06-18 22:00:00+05:00,53.625,55.84366474603733,Вниз,3.972992739869859,True,-0.3116111429139536,-0.4404083488990476,0.12879720598509403,False,53.07687236236041,Зелёный,-2.2186647460373266,Ниже
2021-06-18 22:30:00+05:00,53.59,55.82124022120114,Вниз,3.9971168902006937,True,-0.2748338075739127,-0.4072934406340206,0.13245963306010794,False,53.07687236236041,Зелёный,-2.2312402212011335,Ниже
2021-06-18 23:00:00+05:00,53.61,55.79923783094044,Вниз,3.923418878181377,True,-0.2412922051556592,-0.3740931935383483,0.1328009883826891,False,53.12136661351192,Зелёный,-2.189237830940442,Ниже
2021-06-18 23:30:00+05:00,53.595,55.77730511620472,Вниз,3.9125323671664956,True,-0.2134599843988383,-0.3419665517104464,0.1285065673116081,False,53.14172995216074,Зелёный,-2.1823051162047236,Ниже
2021-06-19 00:00:00+05:00,53.515,55.754794617536014,Вниз,4.017223331016544,True,-0.1956032874024913,-0.3126938988488553,0.11709061144636398,False,53.14172995216074,Зелёный,-2.2397946175360133,Ниже
2021-06-19 00:30:00+05:00,53.42,55.73156283029685,Вниз,4.147672724225555,True,-0.1869622480190003,-0.2875475686828843,0.10058532066388398,False,53.14172995216074,Зелёный,-2.3115628302968503,Ниже
2021-06-19 01:00:00+05:00,53.495,55.70930847377649,Вниз,3.974754909798981,True,-0.1720786730260144,-0.2644537895515103,0.09237511652549588,False,53.14172995216074,Зелёный,-2.214308473776491,Ниже
2021-06-19 01:30:00+05:00,53.51,55.68742480737075,Вниз,3.9100834971319283,True,-0.157260160732072,-0.2430150637876226,0.08575490305555061,False,53.164645271612656,Зелёный,-2.1774248073707554,Ниже
2021-06-21 12:00:00+05:00,52.015,55.65088326699891,Вниз,6.533379262921773,False,-0.263117335878043,-0.2470355182057067,-0.016081817672336268,Ниже,52.97706925554861,Красный,-3.63588326699891,Ниже
2021-06-21 12:30:00+05:00,52.58,55.620327214590965,Вниз,5.46621598046513,False,-0.2979841558826948,-0.2572252457411043,-0.0407589101415905,False,52.89286232999374,Красный,-3.0403272145909668,Ниже
2021-06-21 13:00:00+05:00,52.235,55.586642366684586,Вниз,6.029582331264114,False,-0.349427001688241,-0.2756655969305317,-0.07376140475770926,False,52.89286232999374,Красный,-3.3516423666845867,Ниже
2021-06-21 13:30:00+05:00,51.985,55.550805129205145,Вниз,6.418998106168703,False,-0.4056921714596697,-0.3016709118363593,-0.10402125962331038,False,52.75034348729493,Красный,-3.5658051292051454,Ниже
2021-06-21 14:00:00+05:00,52.08,55.5162697547852,Вниз,6.189662543905002,False,-0.4375729492411651,-0.3288513193173205,-0.1087216299238446,False,52.59080913856544,Красный,-3.436269754785201,Ниже
2021-06-21 14:30:00+05:00,52.24,55.48367005573261,Вниз,5.84617068855464,False,-0.4448006475116628,-0.3520411849561889,-0.0927594625554739,False,52.59080913856544,Красный,-3.2436700557326077,Ниже
2021-06-21 15:00:00+05:00,52.11,55.45010119945666,Вниз,6.023616056970137,False,-0.4557647911992433,-0.3727859062047998,-0.0829788849944435,False,52.59080913856544,Красный,-3.3401011994566616,Ниже
2021-06-21 15:30:00+05:00,52.25,55.418259396477,Вниз,5.71699550108643,False,-0.4479929403425231,-0.3878273130323445,-0.060165627310178604,False,52.59080913856544,Красный,-3.168259396476998,Ниже
2021-06-21 16:00:00+05:00,52.185,55.38608766118868,Вниз,5.779587973013328,False,-0.4419837359351959,-0.3986585976129148,-0.04332513832228113,False,52.59080913856544,Красный,-3.20108766118868,Ниже
2021-06-21 16:30:00+05:00,52.47,55.3570718635649,Вниз,5.215362313022053,False,-0.4095037753774946,-0.4008276331658307,-0.008676142211663906,False,52.59080913856544,Красный,-2.8870718635648984,Ниже
2021-06-21 17:00:00+05:00,52.325,55.32690199427571,Вниз,5.425754716189045,False,-0.3909567547083199,-0.3988534574743286,0.007896702766008679,Ниже,52.59080913856544,Красный,-3.0019019942757055,Ниже
2021-06-21 17:30:00+05:00,52.5,55.298773616223215,Вниз,5.0611856885776,False,-0.3580101515662761,-0.3906847962927182,0.032674644726442104,False,52.59080913856544,Красный,-2.7987736162232153,Ниже
2021-06-21 18:00:00+05:00,52.62,55.2721191523802,Вниз,4.798294679218921,True,-0.3185447485169135,-0.3762567867375572,0.05771203822064369,False,52.08582197932923,Зелёный,-2.6521191523802017,Ниже
2021-06-21 18:30:00+05:00,52.69,55.24642642449582,Вниз,4.627315448157795,True,-0.2784103757743423,-0.3566875045449142,0.07827712877057191,False,52.13898978139631,Зелёный,-2.5564264244958252,Ниже
2021-06-21 19:00:00+05:00,52.75,55.22158636057049,Вниз,4.4757612438589085,True,-0.2390069740441305,-0.3331513984447575,0.09414442440062701,False,52.27809080325668,Зелёный,-2.471586360570491,Ниже
2021-06-21 19:30:00+05:00,52.915,55.19863525250511,Вниз,4.137122669896941,True,-0.1922492436396226,-0.3049709674837305,0.11272172384410789,False,52.427531722931015,Зелёный,-2.283635252505114,Ниже
2021-06-21 20:00:00+05:00,53.205,55.17879808581352,Вниз,3.5770951058844904,True,-0.1302909164721057,-0.2700349572814056,0.1397440408092999,False,52.65452855063791,Зелёный,-1.9737980858135202,Ниже
2021-06-21 20:30:00+05:00,53.24,55.15950656257159,Вниз,3.4799197494527077,True,-0.0774712479907506,-0.2315222154232746,0.154050967432524,False,52.80232569557412,Зелёный,-1.9195065625715912,Ниже
2021-06-21 21:00:00+05:00,53.13,55.13931246742163,Вниз,3.644065146094824,True,-0.0439803823943449,-0.1940138488174886,0.1500334664231437,False,52.8048431260167,Зелёный,-2.00931246742163,Ниже
2021-06-21 21:30:00+05:00,53.28,55.12081184585525,Вниз,3.339594944651867,True,-0.0052740873271446,-0.1562658965194198,0.1509918091922752,False,52.84285881341504,Зелёный,-1.8408118458552494,Ниже
2021-06-21 22:00:00+05:00,53.495,55.10463461355819,Вниз,2.9210512415994696,True,0.0422624582363582,-0.1165602255682642,0.1588226838046224,False,52.97532293207354,Зелёный,-1.6096346135581925,Ниже
2021-06-21 22:30:00+05:00,53.575,55.08941436864717,Вниз,2.749011558759752,True,0.0854063334415329,-0.0761669137663048,0.1615732472078377,False,53.08154063886617,Зелёный,-1.5144143686471665,Ниже
2021-06-21 23:00:00+05:00,53.66,55.07519134010342,Вниз,2.569562275987853,True,0.1250158501015263,-0.0359303609927385,0.1609462110942648,False,53.242886574979565,Зелёный,-1.4151913401034264,Ниже
2021-06-21 23:30:00+05:00,53.44,55.058920779505385,Вниз,2.9403423761041085,True,0.1370744075975238,-0.001329407274686,0.1384038148722098,False,53.242886574979565,Зелёный,-1.6189207795053875,Ниже
2021-06-22 00:00:00+05:00,53.405,55.04246385632623,Вниз,2.9749101722633524,True,0.1421678710761753,0.0273700483954861,0.1147978226806892,False,53.242886574979565,Зелёный,-1.637463856326228,Ниже
2021-06-22 00:30:00+05:00,53.4,55.02612093238269,Вниз,2.9551800214681743,True,0.1441394692879285,0.0507239325739746,0.0934155367139539,False,53.242886574979565,Зелёный,-1.6261209323826904,Ниже
2021-06-22 01:00:00+05:00,53.35,55.00944311215998,Вниз,3.0166513570706424,True,0.1400529497183527,0.0685897360028502,0.07146321371550249,False,53.242886574979565,Зелёный,-1.6594431121599769,Ниже
2021-06-22 01:30:00+05:00,53.36,54.99303074288476,Вниз,2.9695230846975127,True,0.1360529363835709,0.0820823760789944,0.053970560304576504,False,53.242886574979565,Зелёный,-1.6330307428847632,Ниже
2021-06-22 12:00:00+05:00,53.4,54.97717969071676,Вниз,2.8687897407423355,True,0.1345594451795904,0.0925777898991136,0.0419816552804768,False,53.242886574979565,Зелёный,-1.5771796907167612,Ниже
2021-06-22 12:30:00+05:00,53.565,54.96312815150565,Вниз,2.5437565119141645,True,0.1450182831801214,0.1030658885553151,0.041952394624806294,False,52.95311163086435,Зелёный,-1.3981281515056523,Ниже
2021-06-22 13:00:00+05:00,53.995,54.95349503557027,Вниз,1.7441930398600833,True,0.1858618937710758,0.1196250895984673,0.0662368041726085,False,53.20780046777791,Зелёный,-0.958495035570273,Ниже
2021-06-22 13:30:00+05:00,53.815,54.94216672675863,Вниз,2.051551283669459,True,0.2013848149603347,0.1359770346708408,0.0654077802894939,False,53.42377042100012,Зелёный,-1.127166726758631,Ниже
2021-06-22 14:00:00+05:00,53.815,54.930951137437646,Вниз,2.0315525479351884,True,0.211251664154652,0.151031960567603,0.06021970358704898,False,53.42377042100012,Зелёный,-1.1159511374376478,Ниже
2021-06-22 14:30:00+05:00,53.775,54.91944913607011,Вниз,2.0838685640028647,True,0.2133837919945875,0.1635023268529999,0.049881465141587616,False,53.42377042100012,Зелёный,-1.144449136070108,Ниже
2021-06-22 15:00:00+05:00,53.955,54.90985262725349,Вниз,1.738945893254084,True,0.2269815127581296,0.1761981640340259,0.0507833487241037,False,53.42377042100012,Зелёный,-0.9548526272534943,Ниже
2021-06-22 15:30:00+05:00,53.995,54.90074961603704,Вниз,1.6497946246119448,True,0.2382391969716408,0.1886063706215489,0.04963282635009192,False,53.539651773218175,Зелёный,-0.905749616037042,Ниже
2021-06-22 16:00:00+05:00,54.26,54.89437399796702,Вниз,1.1556266184773658,True,0.2654839444668795,0.203981885390615,0.06150205907626452,False,53.71143659589636,Зелёный,-0.6343739979670246,Ниже
2021-06-22 16:30:00+05:00,54.7,54.89243992833551,Вниз,0.35057637916395923,True,0.3189038013994292,0.2269662685923779,0.0919375328070513,False,54.04504293630673,Зелёный,-0.19243992833551005,Ниже
2021-06-22 17:00:00+05:00,54.925,54.892763909148094,Вверх,0.058725574294740096,True,0.375071452256563,0.2565873053252149,0.11848414693134812,False,54.33703864267605,Зелёный,0.03223609085190304,Выше
2021-06-22 17:30:00+05:00,54.785,54.891691631445134,Вниз,0.1943675413785544,True,0.4036350368055181,0.2859968516212755,0.11763818518424257,False,54.45633477840845,Зелёный,-0.1066916314451376,Ниже
2021-06-22 18:00:00+05:00,54.96,54.892371316704384,Вверх,0.12320233517591972,True,0.4353741980697378,0.315872320910968,0.11950187715876981,False,54.45633477840845,Зелёный,0.06762868329561655,Выше
2021-06-22 18:30:00+05:00,54.865,54.89209896529439,Вниз,0.04936769736482247,True,0.4477011854070127,0.342238093810177,0.1054630915968357,False,54.45633477840845,Зелёный,-0.02709896529438538,Ниже
2021-06-22 19:00:00+05:00,54.95,54.89267509499295,Вверх,0.10443088245899503,True,0.4590377004386994,0.3655980151358815,0.09343968530281788,False,54.50845805345976,Зелёный,0.05732490500705012,Выше
2021-06-22 19:30:00+05:00,55.095,54.89468827812735,Вверх,0.36490182958642514,True,0.4742553381365724,0.3873294797360197,0.08692585840055267,False,54.52611224811378,Зелёный,0.20031172187265156,Выше
2021-06-22 20:00:00+05:00,54.92,54.894940136056434,Вверх,0.045650589802006154,True,0.4668132555564313,0.403226234900102,0.06358702065632926,False,54.52611224811378,Зелёный,0.02505986394356796,Выше
2021-06-22 20:30:00+05:00,54.66,54.89260242325985,Вниз,0.4237409286343001,True,0.4349220141553971,0.4095653907511611,0.025356623404236,False,54.52611224811378,Зелёный,-0.23260242325985558,Ниже
2021-06-22 21:00:00+05:00,54.805,54.891730757356775,Вниз,0.15800332064616446,True,0.4165465741499758,0.4109616274309241,0.005584946719051687,False,54.52611224811378,Зелёный,-0.08673075735677571,Ниже
2021-06-22 21:30:00+05:00,55.05,54.893305575691535,Вверх,0.28545270259303024,True,0.4169470519331852,0.4121587123313763,0.004788339601808911,False,54.52611224811378,Зелёный,0.15669442430846203,Выше
2021-06-22 22:00:00+05:00,54.98,54.89416820677919,Вверх,0.15635867347053709,True,0.4069252376387453,0.4111120173928501,-0.004186779754104808,Выше,54.52611224811378,Зелёный,0.08583179322080525,Выше
2021-06-22 22:30:00+05:00,55.19,54.89711180671173,Вверх,0.5335220445102938,True,0.4111882009392289,0.4111272541021259,6.094683710300419e-05,Выше,54.55416372924984,Зелёный,0.2928881932882703,Выше
2021-06-22 23:00:00+05:00,55.1,54.89913059470465,Вверх,0.36588813542108295,True,0.4026627368477093,0.4094343506512427,-0.006771613803533361,Выше,54.63224735632485,Зелёный,0.20086940529535013,Выше
2021-06-22 23:30:00+05:00,55.255,54.90267158381207,Вверх,0.6417327354463631,True,0.40375916541592,0.4082993136041781,-0.004540148188258097,False,54.75752262069237,Зелёный,0.3523284161879303,Выше
2021-06-23 00:00:00+05:00,55.2,54.90563007551544,Вверх,0.5361379590393486,True,0.3956294822096353,0.4057653473252696,-0.010135865115634302,False,54.76852035862313,Зелёный,0.29436992448456323,Выше
2021-06-23 00:30:00+05:00,55.4,54.910549179241656,Вверх,0.8913602724326319,True,0.4007058901567433,0.4047534558915644,-0.004047565734821124,False,54.86916832276082,Зелёный,0.4894508207583428,Выше
2021-06-23 01:00:00+05:00,55.325,54.91467306800542,Вверх,0.7472081851173734,True,0.3941337779767693,0.4026295203086054,-0.008495742331836087,False,54.90700149048474,Зелёный,0.41032693199458237,Выше
2021-06-23 01:30:00+05:00,55.355,54.91905443051283,Вверх,0.7937965684364683,True,0.3868862966052617,0.3994808755679366,-0.012594578962674907,False,54.96855134143625,Зелёный,0.435945569487167,Выше
2021-06-23 12:00:00+05:00,54.83,54.91816831677639,Вниз,0.1605448970326564,True,0.3349187679340772,0.3865684540411648,-0.05164968610708759,False,55.44930379270736,Красный,-0.08816831677638959,Ниже
2021-06-23 12:30:00+05:00,55.005,54.91903231362439,Вверх,0.15653532619562147,True,0.3043468435571199,0.3701241319443559,-0.06577728838723601,False,55.44930379270736,Красный,0.0859676863756107,Выше
2021-06-23 13:00:00+05:00,55.16,54.92143000204603,Вверх,0.43438417015922376,True,0.2892908134206706,0.3539574682396189,-0.06466665481894829,False,55.44930379270736,Красный,0.2385699979539666,Выше
2021-06-23 13:30:00+05:00,55.045,54.92265955426448,Вверх,0.22275040343712788,True,0.2650242278331873,0.3361708201583326,-0.07114659232514531,False,55.44930379270736,Красный,0.12234044573552438,Выше
2021-06-23 14:00:00+05:00,55.98,54.93318035471955,Вверх,1.905623593101335,True,0.3175786211440439,0.3324523803554749,-0.014873759211431026,False,54.9313027816047,Зелёный,1.0468196452804435,Выше
2021-06-23 14:30:00+05:00,55.91,54.94289995318006,Вверх,1.7601911214079655,True,0.3495505404486323,0.3358720123741064,0.013678528074525909,Выше,55.25692250344422,Зелёный,0.9671000468199367,Выше
2021-06-23 15:00:00+05:00,56.125,54.954662142700656,Вверх,2.1296425301648303,True,0.3877672801835814,0.3462510659360014,0.04151621424758001,False,55.42148025309981,Зелёный,1.1703378572993444,Выше
2021-06-23 15:30:00+05:00,56.015,54.96521276814643,Вверх,1.9099120679870203,True,0.4045152411704009,0.3579039009828813,0.04661134018751961,False,55.42148025309981,Зелёный,1.0497872318535713,Выше
2021-06-23 16:00:00+05:00,56.01,54.97560866100069,Вверх,1.8815459513649662,True,0.4126281423290763,0.3688487492521203,0.043779393076956,False,55.49784900501084,Зелёный,1.0343913389993062,Выше
2021-06-23 16:30:00+05:00,56.255,54.988338923080285,Вверх,2.3035085287656534,True,0.4338262484524904,0.3818442490921943,0.05198199936029613,False,55.64206410450976,Зелёный,1.2666610769197177,Выше
2021-06-23 17:00:00+05:00,56.33,55.001688784542175,Вверх,2.415037146697822,True,0.4514734683673893,0.3957700929472333,0.055703375420155965,False,55.78385769405878,Зелёный,1.3283112154578234,Выше
2021-06-23 17:30:00+05:00,56.195,55.01356252797957,Вверх,2.147538566366348,True,0.4493854102566459,0.4064931564091159,0.04289225384753004,False,55.8357219246529,Зелёный,1.181437472020427,Выше
2021-06-23 18:00:00+05:00,56.3,55.0263629008355,Вверх,2.3145943726278113,True,0.4510043344119694,0.4153953920096866,0.035608942402282795,False,55.8357219246529,Зелёный,1.273637099164496,Выше
2021-06-23 18:30:00+05:00,56.16,55.03764287197146,Вверх,2.039253626176118,True,0.4359649805802448,0.4195093097237983,0.016455670856446503,False,55.8357219246529,Зелёный,1.1223571280285398,Выше
2021-06-23 19:00:00+05:00,56.795,55.05512901254887,Вверх,3.160234148310797,True,0.4698690198222834,0.4295812517434954,0.04028776807878803,False,55.93186128307197,Зелёный,1.739870987451134,Выше
2021-06-23 19:30:00+05:00,56.945,55.07393369899117,Вверх,3.397371815195225,True,0.5030431927917149,0.4442736399531393,0.058769552838575656,False,56.310675154764766,Зелёный,1.871066301008831,Выше
2021-06-23 20:00:00+05:00,56.66,55.08971545323006,Вверх,2.850413246557917,True,0.5005666252573278,0.455532237013977,0.045034388243350765,False,56.310675154764766,Зелёный,1.5702845467699333,Выше
2021-06-23 20:30:00+05:00,56.585,55.10459390643175,Вверх,2.686538432860962,True,0.4869389256191851,0.4618135747350187,0.025125350884166398,False,56.310675154764766,Зелёный,1.4804060935682486,Выше
2021-06-23 21:00:00+05:00,56.51,55.118578046666265,Вверх,2.5244155467067433,True,0.4647298854398016,0.4623968368759753,0.0023330485638262677,False,56.310675154764766,Зелёный,1.391421953333733,Выше
2021-06-23 21:30:00+05:00,56.395,55.13127876261984,Вверх,2.2922037466633,True,0.43285978404068,0.4564894263089163,-0.02362964226823633,Выше,56.310675154764766,Зелёный,1.2637212373801603,Выше
2021-06-23 22:00:00+05:00,56.295,55.14285807841467,Вверх,2.0893765062865532,True,0.3949802483685403,0.4441875907208411,-0.04920734235230079,False,56.82412285286296,Красный,1.1521419215853328,Выше
2021-06-23 22:30:00+05:00,56.235,55.15372516221154,Вверх,1.9604747179058888,True,0.3560150252821685,0.4265530776331067,-0.07053805235093819,False,56.71721056757666,Красный,1.081274837788456,Выше
2021-06-23 23:00:00+05:00,56.055,55.16269307104526,Вверх,1.6175913090492453,True,0.3070705909520299,0.4026565802968913,-0.0955859893448614,False,56.463489510819,Красный,0.8923069289547385,Выше
2021-06-23 23:30:00+05:00,56.075,55.17177075193038,Вверх,1.6371220929827026,True,0.2668198735600242,0.3754892389495179,-0.10866936538949373,False,56.463489510819,Красный,0.9032292480696213,Выше
2021-06-24 00:00:00+05:00,56.255,55.18254915240869,Вверх,1.943460141048052,True,0.2466027032550641,0.3497119318106271,-0.10310922855556301,False,56.463489510819,Красный,1.0724508475913126,Выше
2021-06-24 00:30:00+05:00,56.285,55.19351881258373,Вверх,1.977553181783028,True,0.2303459150872981,0.3258387284659614,-0.0954928133786633,False,56.463489510819,Красный,1.0914811874162638,Выше
2021-06-24 01:00:00+05:00,56.335,55.20487683434907,Вверх,2.0471437134839396,True,0.2189726945560011,0.3044655216839693,-0.08549282712796819,False,56.463489510819,Красный,1.1301231656509287,Выше
2021-06-24 01:30:00+05:00,56.365,55.21642034843516,Вверх,2.0801414584953175,True,0.2099597987601882,0.2855643770992131,-0.07560457833902492,False,56.463489510819,Красный,1.1485796515648445,Выше
2021-06-24 12:00:00+05:00,55.745,55.2216798474557,Вверх,0.9476715557909859,True,0.1510470194471125,0.258660905568793,-0.10761388612168052,False,56.47870430411915,Красный,0.5233201525443008,Выше
2021-06-24 12:30:00+05:00,55.85,55.22793178927206,Вверх,1.1263652115409732,True,0.1115450183391715,0.2292377281228687,-0.11769270978369718,False,56.24233387370723,Красный,0.6220682107279387,Выше
2021-06-24 13:00:00+05:00,55.36,55.2292459008216,Вверх,0.23674793498574911,True,0.040236669683793,0.1914375164350535,-0.1512008467512605,False,56.08785048633652,Красный,0.13075409917839664,Выше
2021-06-24 13:30:00+05:00,54.685,55.22383051872387,Вниз,0.9757210133063429,True,-0.0699363860397497,0.1391627359400929,-0.2090991219798426,False,55.43931543770287,Красный,-0.53883051872387,Ниже
2021-06-24 14:00:00+05:00,53.54,55.207075986199264,Вниз,3.019678105422578,True,-0.2467963426773991,0.0619709202165945,-0.3087672628939936,False,54.63388389393258,Красный,-1.667075986199265,Ниже
2021-06-24 14:30:00+05:00,52.885,55.18397075250574,Вниз,4.1660118348793445,True,-0.4348000540866508,-0.0373832746440545,-0.3974167794425963,False,54.63388389393258,Красный,-2.2989707525057455,Ниже
2021-06-24 15:00:00+05:00,53.1,55.16323472511763,Вниз,3.740235204477907,True,-0.5599904256569985,-0.1419047048466433,-0.4180857208103552,False,54.195420954085385,Красный,-2.0632347251176313,Ниже
2021-06-24 15:30:00+05:00,52.785,55.13957069800204,Вниз,4.270201360286179,True,-0.6768205979624611,-0.2488878834698069,-0.4279327144926542,False,53.97987885867685,Красный,-2.3545706980020427,Ниже
2021-06-24 16:00:00+05:00,52.845,55.11673914876819,Вниз,4.12168641297235,True,-0.7558548287093316,-0.3502812725177119,-0.4055735561916197,False,53.97314097280917,Красный,-2.271739148768191,Ниже
2021-06-24 16:30:00+05:00,52.35,55.08920940599438,Вниз,4.9723156958145065,True,-0.8486496838106277,-0.4499549547762951,-0.39869472903433256,False,53.67407687552824,Красный,-2.73920940599438,Ниже
2021-06-24 17:00:00+05:00,52.625,55.064689909417325,Вниз,4.430588664769875,True,-0.8897436622083816,-0.5379126962627124,-0.3518309659456692,False,53.56041918797543,Красный,-2.439689909417325,Ниже
2021-06-24 17:30:00+05:00,52.175,55.03593677599029,Вниз,5.198306676662925,False,-0.9476977061130823,-0.6198696982327865,-0.32782800788029587,False,53.42737726917788,Красный,-2.8609367759902895,Ниже
2021-06-24 18:00:00+05:00,52.265,55.00836526578143,Вниз,4.987178318291107,True,-0.9751238350285832,-0.6909205255919458,-0.2842033094366374,False,53.29763954226009,Красный,-2.743365265781428,Ниже
2021-06-24 18:30:00+05:00,51.75,54.97594372084828,Вниз,5.86791877048746,False,-1.0265816416144844,-0.7580527487964536,-0.26852889281803083,False,52.957875588034085,Красный,-3.225943720848278,Ниже
2021-06-24 19:00:00+05:00,51.96,54.94593433059108,Вниз,5.434313506483888,False,-1.038446514106397,-0.8141315018584423,-0.2243150122479547,False,52.82533802923068,Красный,-2.9859343305910784,Ниже
2021-06-24 19:30:00+05:00,52.015,54.91677080491356,Вниз,5.283942887359158,False,-1.0315207416814758,-0.857609349823049,-0.17391139185842674,False,52.82533802923068,Красный,-2.9017708049135607,Ниже
2021-06-24 20:00:00+05:00,52.395,54.891678558098505,Вниз,4.548373494273754,True,-0.9840259542638634,-0.882892670711212,-0.10113328355265139,False,52.82533802923068,Красный,-2.496678558098502,Ниже
2021-06-24 20:30:00+05:00,52.285,54.86574145801792,Вниз,4.703739327012746,True,-0.9443758962670046,-0.8951893158223706,-0.049186580444633976,False,52.82533802923068,Красный,-2.5807414580179255,Ниже
2021-06-24 21:00:00+05:00,52.58,54.84299776191824,Вниз,4.126320322135305,True,-0.8790161540043187,-0.8919546834587602,0.012938529454441516,Ниже,52.82533802923068,Красный,-2.2629977619182426,Ниже
2021-06-24 21:30:00+05:00,52.585,54.820530122496166,Вниз,4.077906794226334,True,-0.8173922402201015,-0.8770421948110285,0.059649954590927035,False,52.82533802923068,Красный,-2.235530122496165,Ниже
2021-06-24 22:00:00+05:00,52.615,54.798584549138,Вниз,3.984746261429385,True,-0.7574032224094509,-0.853114400330713,0.09571117792126205,False,52.82533802923068,Красный,-2.183584549137997,Ниже
2021-06-24 22:30:00+05:00,52.6,54.7767080859625,Вниз,3.9737840443907864,True,-0.7029684851229447,-0.8230852172891594,0.12011673216621466,False,52.82533802923068,Красный,-2.1767080859624954,Ниже
2021-06-24 23:00:00+05:00,52.6,54.755049299037495,Вниз,3.9358001255153208,True,-0.6523091498116003,-0.7889300037936476,0.13662085398204737,False,52.82533802923068,Красный,-2.1550492990374934,Ниже
2021-06-24 23:30:00+05:00,52.59,54.7335065199426,Вниз,3.916260178144431,True,-0.6059827856809221,-0.7523405601711026,0.1463577744901805,False,52.82533802923068,Красный,-2.1435065199425978,Ниже
2021-06-25 00:00:00+05:00,52.6,54.71227759934616,Вниз,3.860701275889491,True,-0.5619836937189362,-0.7142691868806694,0.15228549316173323,False,52.82533802923068,Красный,-2.1122775993461573,Ниже
2021-06-25 00:30:00+05:00,52.625,54.69150866800938,Вниз,3.7784817393749033,True,-0.5191127960994919,-0.6752379087244339,0.156125112624942,False,52.82533802923068,Красный,-2.0665086680093765,Ниже
2021-06-25 01:00:00+05:00,52.6,54.6706976364869,Вниз,3.78758224424948,True,-0.4816029726529294,-0.636510921510133,0.1549079488572036,False,52.82533802923068,Красный,-2.070697636486898,Ниже
2021-06-25 01:30:00+05:00,52.605,54.65014343114873,Вниз,3.742247142910641,True,-0.4463277209765337,-0.5984742814034132,0.15214656042687946,False,52.82533802923068,Красный,-2.0451434311487304,Ниже
2021-06-25 12:00:00+05:00,50.96,54.61342558606267,Вниз,6.6896107447158935,False,-0.5448291309625262,-0.5877452513152358,0.04291612035270964,False,52.29580540978652,Красный,-3.653425586062667,Ниже
2021-06-25 12:30:00+05:00,51.165,54.57911289366404,Вниз,6.255346986521608,False,-0.5994404449861648,-0.5900842900494216,-0.009356154936743133,Ниже,51.77072486880786,Красный,-3.41411289366404,Ниже
2021-06-25 13:00:00+05:00,50.955,54.543052068851466,Вниз,6.578385207197707,False,-0.6521479936373211,-0.6024970307670016,-0.04965096287031956,False,51.63240238192708,Красный,-3.588052068851468,Ниже
2021-06-25 13:30:00+05:00,50.97,54.50749931194748,Вниз,6.489931397700527,False,-0.6848146144479159,-0.6189605475031845,-0.0658540669447314,False,51.53391214373437,Красный,-3.537499311947478,Ниже
2021-06-25 14:00:00+05:00,50.68,54.469414741679344,Вниз,6.956958799081294,False,-0.7257378687645044,-0.6403160117554485,-0.08542185700905591,False,51.35802092936093,Красный,-3.7894147416793444,Ниже
2021-06-25 14:30:00+05:00,50.635,54.43126136116512,Вниз,6.974413721511931,False,-0.7531194740693579,-0.6628767042182304,-0.09024276985112745,False,51.15396883642484,Красный,-3.796261361165122,Ниже
2021-06-25 15:00:00+05:00,50.47,54.391845825233126,Вниз,7.210356195365095,False,-0.7791521337917473,-0.6861317901329338,-0.09302034365881351,False,51.14907195278236,Красный,-3.9218458252331274,Ниже
2021-06-25 15:30:00+05:00,50.51,54.35322049363877,Вниз,7.070823878943044,False,-0.7874779824768936,-0.7064010286017257,-0.08107695387516789,False,51.14907195278236,Красный,-3.843220493638775,Ниже
2021-06-25 16:00:00+05:00,50.375,54.31363621011998,Вниз,7.251652595828439,False,-0.7957962060054129,-0.7242800640824631,-0.07151614192294975,False,50.963848281753705,Красный,-3.9386362101199808,Ниже
2021-06-25 16:30:00+05:00,50.485,54.27554032743222,Вниз,6.983883171986377,False,-0.784469501294069,-0.7363179515247843,-0.04815154976928471,False,50.963848281753705,Красный,-3.7905403274322182,Ниже
2021-06-25 17:00:00+05:00,50.485,54.23782350825379,Вниз,6.919200044379904,False,-0.7666554790695841,-0.7423854570337443,-0.024270022035839833,False,50.963848281753705,Красный,-3.7528235082537904,Ниже
2021-06-25 17:30:00+05:00,50.37,54.19933770220151,Вниз,7.065285046916673,False,-0.7531355986479014,-0.7445354853565758,-0.008600113291325595,False,50.88725039739845,Красный,-3.8293377022015136,Ниже
2021-06-25 18:00:00+05:00,50.475,54.16227961561245,Вниз,6.807836822565305,False,-0.7255842895010147,-0.7407452461854636,0.015160956684448834,Ниже,50.88725039739845,Красный,-3.6872796156124465,Ниже
2021-06-25 18:30:00+05:00,50.725,54.12807782839243,Вниз,6.287084199039063,False,-0.6757867192064424,-0.7277535407896594,0.05196682158321697,False,50.88725039739845,Красный,-3.4030778283924263,Ниже
2021-06-25 19:00:00+05:00,50.83,54.09526113358256,Вниз,6.036131567087446,False,-0.6206941872752907,-0.7063416700867857,0.08564748281149503,False,50.88725039739845,Красный,-3.2652611335825625,Ниже
2021-06-25 19:30:00+05:00,50.77,54.06217395812403,Вниз,6.089607052565269,False,-0.5752434094115699,-0.6801220179517425,0.10487860854017261,False,50.88725039739845,Красный,-3.2921739581240246,Ниже
2021-06-25 20:00:00+05:00,50.8,54.02971451575464,Вниз,5.977663485178854,False,-0.5306851827728991,-0.6502346509159739,0.11954946814307477,False,50.88725039739845,Красный,-3.229714515754644,Ниже
2021-06-25 20:30:00+05:00,50.975,53.99931934644365,Вниз,5.600661976941801,False,-0.4757670828961977,-0.6153411373120187,0.139574054415821,False,50.46831497905617,Зелёный,-3.0243193464436473,Ниже
2021-06-25 21:00:00+05:00,51.01,53.96957487533476,Вниз,5.483783932282461,False,-0.4245262116777439,-0.5771781521851638,0.15265194050741987,False,50.58023348115056,Зелёный,-2.9595748753347593,Ниже
2021-06-25 21:30:00+05:00,50.88,53.93883283677421,Вниз,5.670928857564691,False,-0.3899126947780615,-0.5397250607037434,0.14981236592568187,False,50.58023348115056,Зелёный,-3.058832836774208,Ниже
2021-06-25 22:00:00+05:00,50.895,53.90854594287596,Вниз,5.590108006380385,False,-0.3571538117965147,-0.5032108109222977,0.14605699912578302,False,50.58023348115056,Зелёный,-3.0135459428759575,Ниже
2021-06-25 22:30:00+05:00,50.91,53.8787096648374,Вниз,5.509986566688065,False,-0.3262213101808058,-0.4678129107739993,0.14159160059319348,False,50.58023348115056,Зелёный,-2.968709664837405,Ниже
2021-06-25 23:00:00+05:00,50.75,53.84757822538627,Вниз,5.752493106414075,False,-0.3110323552376641,-0.4364567996667323,0.1254244444290682,False,50.58023348115056,Зелёный,-3.097578225386272,Ниже
2021-06-25 23:30:00+05:00,50.97,53.818945606228205,Вниз,5.293573804051841,False,-0.2780377910487317,-0.4047729979431322,0.1267352068944005,False,50.58023348115056,Зелёный,-2.848945606228206,Ниже
2021-06-26 00:00:00+05:00,50.93,53.79019987880305,Вниз,5.317325247438172,False,-0.2522097103759435,-0.3742603404296944,0.12205063005375094,False,50.58023348115056,Зелёный,-2.8601998788030514,Ниже
2021-06-26 00:30:00+05:00,50.825,53.760695402397054,Вниз,5.4606723005040525,False,-0.2374759182775889,-0.3469034559992734,0.10942753772168451,False,50.58023348115056,Зелёный,-2.9356954023970516,Ниже
2021-06-26 01:00:00+05:00,50.76,53.73083773670157,Вниз,5.529111143324494,False,-0.2284112558839766,-0.323205015976214,0.09479376009223739,False,50.58023348115056,Зелёный,-2.9708377367015686,Ниже
2021-06-26 01:30:00+05:00,50.695,53.70063039603787,Вниз,5.59701138305377,False,-0.223891520323356,-0.3033423168456424,0.0794507965222864,False,50.58023348115056,Зелёный,-3.0056303960378727,Ниже
2021-06-28 12:00:00+05:00,50.915,53.67291268065442,Вниз,5.138369696952311,False,-0.2002490890969639,-0.2827236712959067,0.0824745821989428,False,50.58023348115056,Зелёный,-2.757912680654421,Ниже
2021-06-28 12:30:00+05:00,51.205,53.64835633557328,Вниз,4.5543917884267735,True,-0.1563098727332956,-0.2574409115833845,0.1011310388500889,False,50.64065996180008,Зелёный,-2.4433563355732844,Ниже
2021-06-28 13:00:00+05:00,51.215,53.62414383472181,Вниз,4.4926476442163255,True,-0.119305530878762,-0.22981383544246,0.110508304563698,False,50.82434396562007,Зелёный,-2.409143834721803,Ниже
2021-06-28 13:30:00+05:00,51.13,53.59932648313254,Вниз,4.607010283813223,True,-0.0957345447434008,-0.2029979773026482,0.1072634325592474,False,50.82434396562007,Зелёный,-2.4693264831325408,Ниже
2021-06-28 14:00:00+05:00,51.035,53.57381079673322,Вниз,4.738902756732834,True,-0.083754603529158,-0.1791493025479502,0.09539469901879219,False,50.82434396562007,Зелёный,-2.538810796733223,Ниже
2021-06-28 14:30:00+05:00,50.68,53.54501665945229,Вниз,5.35066909713348,False,-0.1017332296031412,-0.1636660879589884,0.061932858355847206,False,51.24651324906296,Красный,-2.8650166594522872,Ниже
2021-06-28 15:00:00+05:00,49.93,53.50904634443287,Вниз,6.688675259497005,False,-0.1744887545374212,-0.165830621274675,-0.008658133262746198,Ниже,50.80686192415668,Красный,-3.579046344432868,Ниже
2021-06-28 15:30:00+05:00,49.92,53.47333444050817,Вниз,6.64505865902459,False,-0.2303001914000404,-0.1787245352997481,-0.0515756561002923,False,50.170675731741,Красный,-3.5533344405081664,Ниже
2021-06-28 16:00:00+05:00,49.715,53.43593807791605,Вниз,6.9633625080006425,False,-0.2877558733704575,-0.2005308029138899,-0.0872250704565676,False,50.170675731741,Красный,-3.7209380779160455,Ниже
2021-06-28 16:30:00+05:00,49.725,53.39901332092186,Вниз,6.880301886556341,False,-0.3286940188074538,-0.2261634460926027,-0.10253057271485111,False,50.170675731741,Красный,-3.6740133209218584,Ниже
2021-06-28 17:00:00+05:00,49.685,53.36205796449478,Вниз,6.890772404132845,False,-0.3602131467844955,-0.2529733862309813,-0.1072397605535142,False,50.170675731741,Красный,-3.6770579644947787,Ниже
2021-06-28 17:30:00+05:00,49.65,53.32512206435055,Вниз,6.891914958798534,False,-0.3835946499370521,-0.2790976389721954,-0.1044970109648567,False,50.09205909759528,Красный,-3.6751220643505533,Ниже
2021-06-28 18:00:00+05:00,49.3,53.28507109853612,Вниз,7.478775980549653,False,-0.425462270356455,-0.3083705652490474,-0.11709170510740763,False,49.89985318783575,Красный,-3.9850710985361246,Ниже
2021-06-28 18:30:00+05:00,49.12,53.243627605018354,Вниз,7.744828424556281,False,-0.467774938544224,-0.3402514399080827,-0.12752349863614126,False,49.66986786905217,Красный,-4.123627605018356,Ниже
2021-06-28 19:00:00+05:00,48.98,53.20120344974455,Вниз,7.93441346440974,False,-0.506763212041264,-0.3735537943347189,-0.13320941770654504,False,49.56588108214695,Красный,-4.22120344974455,Ниже
2021-06-28 19:30:00+05:00,48.795,53.15736062934908,Вниз,8.206503441294908,False,-0.5462923355840488,-0.4081015025845849,-0.1381908329994639,False,49.33154297393226,Красный,-4.362360629349077,Ниже
2021-06-28 20:00:00+05:00,48.845,53.11445156836053,Вниз,8.038210773701705,False,-0.5670482889513835,-0.4398908598579446,-0.12715742909343886,False,49.27463867653903,Красный,-4.26945156836053,Ниже
2021-06-28 20:30:00+05:00,48.845,53.07196946320271,Вниз,7.964598838061719,False,-0.5768479870146663,-0.467282285289289,-0.10956570172537733,False,49.27463867653903,Красный,-4.226969463202714,Ниже
2021-06-28 21:00:00+05:00,48.965,53.03110409540965,Вниз,7.667394757790097,False,-0.5683793973261757,-0.4875017076966664,-0.08087768962950931,False,49.27463867653903,Красный,-4.066104095409649,Ниже
2021-06-28 21:30:00+05:00,48.91,52.99009808451005,Вниз,7.699736803662835,False,-0.5596546686833292,-0.501932299893999,-0.057722368789330236,False,49.27463867653903,Красный,-4.080098084510055,Ниже
2021-06-28 22:00:00+05:00,48.93,52.949699098594536,Вниз,7.591542854870034,False,-0.5448457824966795,-0.5105149964145351,-0.03433078608214435,False,49.27463867653903,Красный,-4.019699098594536,Ниже
2021-06-28 22:30:00+05:00,49.0,52.91039861005131,Вниз,7.390605084779038,False,-0.5214502644587355,-0.5127020500233752,-0.008748214435360335,False,49.27463867653903,Красный,-3.9103986100513097,Ниже
2021-06-28 23:00:00+05:00,49.19,52.873379718409005,Вниз,6.96641625336948,False,-0.4820212943212141,-0.506565898882943,0.02454460456172891,Ниже,49.27463867653903,Красный,-3.6833797184090074,Ниже
2021-06-28 23:30:00+05:00,49.115,52.835982905290514,Вниз,7.042516672700957,False,-0.4516194368707786,-0.4955766064805101,0.043957169609731506,False,49.27463867653903,Красный,-3.720982905290512,Ниже
2021-06-29 00:00:00+05:00,49.0,52.79781392115827,Вниз,7.193127213239281,False,-0.4318274467102299,-0.4828267745264541,0.05099932781622424,False,49.27463867653903,Красный,-3.797813921158273,Ниже
2021-06-29 00:30:00+05:00,49.0,52.76002472791292,Вниз,7.126654597498063,False,-0.4113997912088294,-0.4685413778629292,0.057141586654099796,False,49.27463867653903,Красный,-3.7600247279129206,Ниже
2021-06-29 01:00:00+05:00,48.975,52.72236279032175,Вниз,7.107729229103624,False,-0.3927012030956689,-0.4533733429094772,0.06067213981380826,False,49.27463867653903,Красный,-3.747362790321752,Ниже
2021-06-29 01:30:00+05:00,48.99,52.68522485210959,Вниз,7.013778269870338,False,-0.3723795035415378,-0.4371745750358893,0.06479507149435149,False,49.27382103207263,Красный,-3.6952248521095896,Ниже
2021-06-29 12:00:00+05:00,47.555,52.634177838655766,Вниз,9.64996138863501,False,-0.4666872374687401,-0.4430771075224595,-0.02361012994628059,Ниже,48.58668892886536,Красный,-5.079177838655767,Ниже
2021-06-29 12:30:00+05:00,47.34,52.58149945220149,Вниз,9.968333932671895,False,-0.5524076872696,-0.4649432234718876,-0.08746446379771239,False,47.99902003597884,Красный,-5.241499452201488,Ниже
2021-06-29 13:00:00+05:00,47.105,52.52700692033879,Вниз,10.322322245700544,False,-0.6320187782842979,-0.4983583344343697,-0.13366044384992815,False,47.83161803238095,Красный,-5.422006920338795,Ниже
2021-06-29 13:30:00+05:00,46.8,52.47002177685283,Вниз,10.806211975605024,False,-0.7115201313210662,-0.5409906938117091,-0.17052943750935712,False,47.48070622914286,Красный,-5.670021776852835,Ниже
2021-06-29 14:00:00+05:00,46.89,52.41449917210803,Вниз,10.54002090903856,False,-0.7585195374744274,-0.5844964625442528,-0.17402307493017455,False,47.389635606228566,Красный,-5.52449917210803,Ниже
2021-06-29 14:30:00+05:00,47.1,52.36161858333084,Вниз,10.04861714684629,False,-0.769946199988027,-0.6215864100330076,-0.14835978995501942,False,47.389635606228566,Красный,-5.261618583330836,Ниже
2021-06-29 15:00:00+05:00,47.425,52.31249800041213,Вниз,9.342887813106584,False,-0.7441984717580681,-0.6461088223780197,-0.09808964938004838,False,46.79899515895486,Зелёный,-4.88749800041213,Ниже
2021-06-29 15:30:00+05:00,47.335,52.26297065712444,Вниз,9.429182067461877,False,-0.722724343124824,-0.6614319265273806,-0.061292416597443444,False,46.86234564305937,Зелёный,-4.92797065712444,Ниже
2021-06-29 16:00:00+05:00,47.38,52.21438388441674,Вниз,9.258720537846944,False,-0.6940739649292667,-0.6679603342077578,-0.02611363072150885,False,46.86361107875344,Зелёный,-4.834383884416738,Ниже
2021-06-29 16:30:00+05:00,47.495,52.16742484079071,Вниз,8.95659476205782,False,-0.6545436234378315,-0.6652769920537726,0.010733368615941097,Ниже,46.86361107875344,Зелёный,-4.672424840790711,Ниже
2021-06-29 17:00:00+05:00,47.4,52.11998777769826,Вниз,9.056003232061215,False,-0.6236917191532285,-0.6569599374736638,0.03326821832043525,False,46.90537497379028,Зелёный,-4.719987777698265,Ниже
2021-06-29 17:30:00+05:00,47.475,52.073768993840574,Вниз,8.831258199083933,False,-0.5864294953501528,-0.6428538490489617,0.05642435369880894,False,46.94333747641126,Зелёный,-4.598768993840572,Ниже
2021-06-29 18:00:00+05:00,47.59,52.02915437698644,Вниз,8.532051750873672,False,-0.5413786989762386,-0.6225588190344171,0.08118012005817854,False,47.06925372877013,Зелёный,-4.439154376986437,Ниже
2021-06-29 18:30:00+05:00,47.97,51.988764781195535,Вниз,7.730063982303218,False,-0.469599542854489,-0.5919669637984315,0.12236742094394248,False,47.25807835589311,Зелёный,-4.018764781195536,Ниже
2021-06-29 19:00:00+05:00,47.75,51.946588017203545,Вниз,8.07865959514748,False,-0.4255606080826979,-0.5586856926552848,0.13312508457258687,False,47.4297705203038,Зелёный,-4.1965880172035455,Ниже
2021-06-29 19:30:00+05:00,47.595,51.90328863394779,Вниз,8.300608202945192,False,-0.3985721479842041,-0.5266629837210687,0.12809083573686458,False,47.4297705203038,Зелёный,-4.3082886339477895,Ниже
2021-06-29 20:00:00+05:00,47.735,51.861813125152295,Вниз,7.957325200323252,False,-0.361717119155081,-0.4936738108078712,0.13195669165279023,False,47.4297705203038,Зелёный,-4.126813125152296,Ниже
2021-06-29 20:30:00+05:00,47.6,51.81940702440451,Вниз,8.142522785753545,False,-0.3394891949253562,-0.4628368876313682,0.12334769270601204,False,47.4297705203038,Зелёный,-4.219407024404511,Ниже
2021-06-29 21:00:00+05:00,47.795,51.77936317341541,Вниз,7.694886397253074,False,-0.3026497762846887,-0.4307994653620323,0.1281496890773436,False,47.4297705203038,Зелёный,-3.98436317341541,Ниже
2021-06-29 21:30:00+05:00,47.835,51.74011577865507,Вниз,7.547559026271232,False,-0.2671471004119752,-0.3980689923720208,0.1309218919600456,False,47.4297705203038,Зелёный,-3.905115778655066,Ниже
2021-06-29 22:00:00+05:00,47.655,51.6994678604595,Вниз,7.823035763880204,False,-0.2506461765753798,-0.3685844292126927,0.11793825263731289,False,47.4297705203038,Зелёный,-4.044467860459498,Ниже
2021-06-29 22:30:00+05:00,47.795,51.66061743398726,Вниз,7.482716285624743,False,-0.2236936444917177,-0.3396062722684977,0.11591262777678002,False,47.4297705203038,Зелёный,-3.8656174339872607,Ниже
2021-06-29 23:00:00+05:00,47.785,51.62205407643516,Вниз,7.432974423593761,False,-0.2008254937766977,-0.3118501165701378,0.11102462279344008,False,47.4297705203038,Зелёный,-3.837054076435166,Ниже
2021-06-29 23:30:00+05:00,47.81,51.58412319010247,Вниз,7.3164434261947715,False,-0.1786259398686169,-0.2852052812298336,0.10657934136121666,False,47.4297705203038,Зелёный,-3.7741231901024648,Ниже
2021-06-30 00:00:00+05:00,47.825,51.54671897925568,Вниз,7.2200889852047325,False,-0.1580009225347112,-0.2597644094908091,0.10176348695609788,False,47.4297705203038,Зелёный,-3.7217189792556766,Ниже
2021-06-30 00:30:00+05:00,48.135,51.51277152672577,Вниз,6.557153549723729,False,-0.1153117958767069,-0.2308738867679887,0.1155620908912818,False,47.510969980816526,Зелёный,-3.3777715267257733,Ниже
2021-06-30 01:00:00+05:00,48.09,51.47871409859915,Вниз,6.582748147338357,False,-0.0841415479722655,-0.201527419008844,0.11738587103657849,False,47.77637298273487,Зелёный,-3.388714098599145,Ниже
2021-06-30 01:30:00+05:00,48.125,51.44534380906085,Вниз,6.45411919372974,False,-0.0559695127426067,-0.1724158377555966,0.1164463250129899,False,47.77637298273487,Зелёный,-3.3203438090608515,Ниже
2021-06-30 12:00:00+05:00,47.52,51.40628566170701,Вниз,7.559942547263115,False,-0.0815216844260078,-0.1542370070896788,0.072715322663671,False,48.21131288398475,Красный,-3.8862856617070065,Ниже
2021-06-30 12:30:00+05:00,47.785,51.3702529685557,Вниз,6.979239465202309,False,-0.0794725689708286,-0.1392841194659088,0.05981155049508019,False,48.14968159558627,Красный,-3.5852529685557,Ниже
2021-06-30 13:00:00+05:00,47.005,51.32681761563475,Вниз,8.42019399682842,False,-0.1391836885547022,-0.1392640332836675,8.0344728965287e-05,False,48.02996343602765,Красный,-4.32181761563475,Ниже
2021-06-30 13:30:00+05:00,47.065,51.28441147020556,Вниз,8.22747370837412,False,-0.1795934410656627,-0.1473299148400665,-0.032263526225596195,Ниже,47.656967092424885,Красный,-4.219411470205564,Ниже
2021-06-30 14:00:00+05:00,46.96,51.24138250035276,Вниз,8.355321990626011,False,-0.2175829230492851,-0.1613805164819103,-0.056202406567374796,False,47.656967092424885,Красный,-4.281382500352763,Ниже
2021-06-30 14:30:00+05:00,47.175,51.20092098293632,Вниз,7.862985480823744,False,-0.227716187588598,-0.1746476507032478,-0.05306853688535018,False,47.656967092424885,Красный,-4.02592098293632,Ниже
2021-06-30 15:00:00+05:00,47.055,51.15966803783248,Вниз,8.023249945244148,False,-0.2426329482665394,-0.1882447102159062,-0.0543882380506332,False,47.656967092424885,Красный,-4.104668037832482,Ниже
2021-06-30 15:30:00+05:00,47.36,51.121860395665,Вниз,7.358614038201158,False,-0.2272243368516342,-0.1960406355430518,-0.031183701308582418,False,47.656967092424885,Красный,-3.7618603956650034,Ниже
2021-06-30 16:00:00+05:00,47.36,51.08442894894196,Вниз,7.290732275121384,False,-0.2125626118188535,-0.1993450307982121,-0.013217581020641411,False,47.656967092424885,Красный,-3.724428948941963,Ниже
2021-06-30 16:30:00+05:00,48.65,51.06020577532065,Вниз,4.720321312307741,True,-0.0957471564590548,-0.1786254559303807,0.08287829947132591,Ниже,47.49455881643463,Зелёный,-2.410205775320648,Ниже
2021-06-30 17:00:00+05:00,49.55,51.04517885218313,Вниз,2.9291284423018213,True,0.0686609314320563,-0.1291681784578933,0.19782910988994962,False,48.07110293479116,Зелёный,-1.4951788521831304,Ниже
2021-06-30 17:30:00+05:00,49.255,51.02736612728578,Вниз,3.4733639256721185,True,0.1731554626124776,-0.0687034502438191,0.2418589128562967,False,48.51799264131204,Зелёный,-1.7723661272857782,Ниже
2021-06-30 18:00:00+05:00,49.18,51.00898437477548,Вниз,3.5856122155608605,True,0.2470682096898784,-0.0055491182570796,0.252617327946958,False,48.51799264131204,Зелёный,-1.8289843747754801,Ниже
2021-06-30 18:30:00+05:00,49.655,50.99551189343443,Вниз,2.6286860228713964,True,0.3400532028737117,0.0635713459690786,0.2764818569046331,False,48.518299039462754,Зелёный,-1.3405118934344316,Ниже
2021-06-30 19:00:00+05:00,49.35,50.979138640763445,Вниз,3.1956966794663875,True,0.3846989587542211,0.1277968685261071,0.256902090228114,False,48.57321913551648,Зелёный,-1.6291386407634434,Ниже
2021-06-30 19:30:00+05:00,49.475,50.96417208712401,Вниз,2.921997996118232,True,0.4252653035750882,0.1872905555359033,0.2379747480391849,False,48.58589722196484,Зелёный,-1.489172087124011,Ниже
2021-06-30 20:00:00+05:00,49.545,50.95005097182925,Вниз,2.757702779544054,True,0.457785769704536,0.2413895983696299,0.2163961713349061,False,48.58589722196484,Зелёный,-1.4050509718292474,Ниже
2021-06-30 20:30:00+05:00,49.79,50.938508176089655,Вниз,2.254695351735412,True,0.4975919950799721,0.2926300777116983,0.2049619173682738,False,48.86302674979151,Зелёный,-1.1485081760896563,Ниже
2021-06-30 21:00:00+05:00,49.8,50.92717973652658,Вниз,2.213316626520625,True,0.5239063654444394,0.3388853352582466,0.18502103018619276,False,48.86302674979151,Зелёный,-1.1271797365265854,Ниже
2021-06-30 21:30:00+05:00,49.67,50.91467048541687,Вниз,2.444620525970743,True,0.5281822241009877,0.3767447130267948,0.1514375110741929,False,48.95500166733113,Зелёный,-1.2446704854168686,Ниже
2021-06-30 22:00:00+05:00,49.58,50.90139018207939,Вниз,2.5959805367842512,True,0.5183335979874499,0.4050624900189258,0.11327110796852413,False,48.95500166733113,Зелёный,-1.3213901820793907,Ниже
2021-06-30 22:30:00+05:00,49.59,50.88834152355124,Вниз,2.551353580564934,True,0.5055082231351093,0.4251516366421625,0.08035658649294686,False,48.95500166733113,Зелёный,-1.2983415235512368,Ниже
2021-06-30 23:00:00+05:00,49.55,50.87502469247113,Вниз,2.604469875898103,True,0.4865081918617875,0.4374229476860876,0.04908524417569993,False,48.95500166733113,Зелёный,-1.325024692471132,Ниже
2021-06-30 23:30:00+05:00,49.605,50.862387630854506,Вниз,2.4721364635500205,True,0.4704653389626045,0.444031425941391,0.026433913021213507,False,49.00071834393596,Зелёный,-1.2573876308545096,Ниже
2021-07-01 00:00:00+05:00,49.68,50.850622579801225,Вниз,2.302081116045603,True,0.4585176298368978,0.4469286667204924,0.011588963116405393,False,49.08839650954236,Зелёный,-1.1706225798012255,Ниже
2021-07-01 00:30:00+05:00,49.575,50.83792981781316,Вниз,2.48422747019616,True,0.4355555485579288,0.4446540430879797,-0.009098494530050905,Выше,49.11380685858812,Зелёный,-1.2629298178131592,Ниже
2021-07-01 01:00:00+05:00,49.555,50.82516434698915,Вниз,2.499085567766377,True,0.4110062763472513,0.437924489739834,-0.026918213392582713,False,49.11380685858812,Зелёный,-1.270164346989148,Ниже
2021-07-01 01:30:00+05:00,49.595,50.812923905725576,Вниз,2.3968782193782436,True,0.3902795670500367,0.4283955052018746,-0.03811593815183789,False,49.12223355545638,Зелёный,-1.217923905725577,Ниже
2021-07-01 12:00:00+05:00,49.975,50.80458635442483,Вниз,1.6328965826774682,True,0.3999064521641813,0.4226976945943359,-0.022791242430154623,False,49.34351019991074,Зелёный,-0.8295863544248263,Ниже
2021-07-01 12:30:00+05:00,49.935,50.79593375388329,Вниз,1.694887149933473,True,0.399700661844335,0.4180982880443358,-0.018397626200000794,False,49.34351019991074,Зелёный,-0.8609337538832875,Ниже
2021-07-01 13:00:00+05:00,50.31,50.79109859215311,Вниз,0.9472104472799028,True,0.4248989667294225,0.4194584237813532,0.005440542948069338,Выше,49.4037682619277,Зелёный,-0.4810985921531099,Ниже
2021-07-01 13:30:00+05:00,49.975,50.78297820815159,Вниз,1.5910414013920386,True,0.4130754282008766,0.4181818246652579,-0.005106396464381269,Выше,49.4037682619277,Зелёный,-0.8079782081515887,Ниже
2021-07-01 14:00:00+05:00,49.88,50.77399335035904,Вниз,1.7607308217617628,True,0.3915262122232334,0.412850702176853,-0.021324489953619574,False,49.4037682619277,Зелёный,-0.8939933503590396,Ниже
2021-07-01 14:30:00+05:00,50.1,50.76728694886293,Вниз,1.3144034061443497,True,0.3877309437253871,0.4078267504865598,-0.02009580676117273,False,49.4037682619277,Зелёный,-0.6672869488629303,Ниже
2021-07-01 15:00:00+05:00,50.08,50.76044827275485,Вниз,1.340508793575953,True,0.378743414916812,0.4020100833726103,-0.02326666845579828,False,49.490021106650765,Зелёный,-0.6804482727548518,Ниже
2021-07-01 15:30:00+05:00,50.075,50.753627891931416,Вниз,1.3371022331179956,True,0.3669868790705806,0.3950054425122044,-0.02801856344162379,False,49.51151899598569,Зелёный,-0.6786278919314128,Ниже
2021-07-01 16:00:00+05:00,49.99,50.74602960444951,Вниз,1.489830062258149,True,0.3468131045007965,0.3853669749099228,-0.03855387040912628,False,49.51151899598569,Зелёный,-0.756029604449509,Ниже
2021-07-01 16:30:00+05:00,50.005,50.73865617554952,Вниз,1.4459511363705797,True,0.3282517357694772,0.3739439270818337,-0.04569219131235652,False,49.51151899598569,Зелёный,-0.7336561755495197,Ниже
2021-07-01 17:00:00+05:00,49.955,50.73085860166345,Вниз,1.5293622521855186,True,0.3059799883501171,0.3603511393354904,-0.05437115098537332,False,49.51151899598569,Зелёный,-0.775858601663451,Ниже
2021-07-01 17:30:00+05:00,49.74,50.72099931209466,Вниз,1.9341088018759445,True,0.2678926650061797,0.3418594444696283,-0.0739667794634486,False,49.51151899598569,Зелёный,-0.9809993120946601,Ниже
2021-07-01 18:00:00+05:00,49.77,50.71153663237233,Вниз,1.8566517500699926,True,0.2373924240386387,0.3209660403834304,-0.08357361634479171,False,49.51151899598569,Зелёный,-0.9415366323723262,Ниже
2021-07-01 18:30:00+05:00,49.78,50.702267611154696,Вниз,1.8189869104627425,True,0.2115886178784407,0.2990905558824325,-0.08750193800399181,False,49.51151899598569,Зелёный,-0.9222676111546946,Ниже
2021-07-01 19:00:00+05:00,49.155,50.68687191353126,Вниз,3.0222261814549194,True,0.1391031444722656,0.2670930736003991,-0.12798992912813348,False,49.942487828678935,Красный,-1.531871913531262,Ниже
2021-07-01 19:30:00+05:00,49.305,50.6731219442424,Вниз,2.6998966942431557,True,0.0926931223509299,0.2322130833505053,-0.13951996099957542,False,49.81723904581104,Красный,-1.3681219442424037,Ниже
2021-07-01 20:00:00+05:00,49.395,50.66040431295641,Вниз,2.4978172403428265,True,0.0624551492091356,0.1982614965222314,-0.13580634731309582,False,49.81723904581104,Красный,-1.2654043129564059,Ниже
2021-07-01 20:30:00+05:00,49.29,50.646768449145895,Вниз,2.6788845383259132,True,0.0296766215429471,0.1645445215263745,-0.1348678999834274,False,49.81723904581104,Красный,-1.3567684491458962,Ниже
2021-07-01 21:00:00+05:00,49.475,50.63510906159221,Вниз,2.2911159531246588,True,0.0184150785390357,0.1353186329289068,-0.1169035543898711,False,49.81723904581104,Красный,-1.160109061592209,Ниже
2021-07-01 21:30:00+05:00,49.32,50.62202339928781,Вниз,2.572049301581512,True,-0.0029825984986615,0.1076583866433931,-0.1106409851420546,False,49.81723904581104,Красный,-1.3020233992878119,Ниже
2021-07-01 22:00:00+05:00,49.315,50.60901819133471,Вниз,2.55689250173258,True,-0.0201120309527098,0.0821043031241725,-0.1022163340768823,False,49.72309143416096,Красный,-1.2940181913347146,Ниже
2021-07-01 22:30:00+05:00,49.31,50.59609263719208,Вниз,2.541881339363938,True,-0.0337021899300609,0.0589430045133258,-0.0926451944433867,False,49.72309143416096,Красный,-1.286092637192077,Ниже
2021-07-01 23:00:00+05:00,49.425,50.58443997413545,Вниз,2.2920881890326164,True,-0.034791890668103,0.04019602547704,-0.074987916145143,False,49.72309143416096,Красный,-1.1594399741354522,Ниже
2021-07-01 23:30:00+05:00,49.445,50.57310226295002,Вниз,2.2306368651947883,True,-0.0336537144296116,0.0254260774957097,-0.0590797919253213,False,49.72309143416096,Красный,-1.1281022629500228,Ниже
2021-07-02 00:00:00+05:00,49.485,50.56227537476146,Вниз,2.1305911705452893,True,-0.0291875796053844,0.0145033460754908,-0.0436909256808752,False,49.72309143416096,Красный,-1.077275374761463,Ниже
2021-07-02 00:30:00+05:00,49.58,50.55250149043548,Вниз,1.9237455353608577,True,-0.0177775015567149,0.0080471765490497,-0.025824678105764602,False,49.72309143416096,Красный,-0.9725014904354836,Ниже
2021-07-02 01:00:00+05:00,49.5,50.54202883878936,Вниз,2.0617075782870833,True,-0.0150171554894456,0.0034343101413506,-0.0184514656307962,False,49.72309143416096,Красный,-1.0420288387893635,Ниже
2021-07-02 01:30:00+05:00,49.51,50.53175989511981,Вниз,2.0220152578111423,True,-0.0118856347189151,0.0003703211692975,-0.0122559558882126,False,49.72309143416096,Красный,-1.0217598951198141,Ниже
2021-07-02 12:00:00+05:00,48.855,50.51507571705892,Вниз,3.2862975923409663,True,-0.0615474274517566,-0.0120132285549133,-0.049534198896843296,False,49.42199325518817,Красный,-1.6600757170589233,Ниже
2021-07-02 12:30:00+05:00,49.16,50.50159237659068,Вниз,2.656534801093835,True,-0.0754243599068189,-0.0246954548252944,-0.05072890508152449,False,49.42199325518817,Красный,-1.3415923765906825,Ниже
2021-07-02 13:00:00+05:00,49.26,50.48923822358978,Вниз,2.4346539318857308,True,-0.0774598555920391,-0.0352483349786433,-0.04221152061339581,False,49.42199325518817,Красный,-1.2292382235897819,Ниже
2021-07-02 13:30:00+05:00,48.955,50.47397217161377,Вниз,3.0094167474063562,True,-0.1025023681022077,-0.0486991416033562,-0.0538032264988515,False,49.42199325518817,Красный,-1.5189721716137683,Ниже
2021-07-02 14:00:00+05:00,48.95,50.45880826940866,Вниз,2.9901781693948357,True,-0.1213533124551631,-0.0632299757737176,-0.05812333668144551,False,49.38628527472896,Красный,-1.5088082694086538,Ниже
2021-07-02 14:30:00+05:00,49.0,50.444292764240416,Вниз,2.863144044838833,True,-0.1307510231310615,-0.0767341852451864,-0.054016837885875094,False,49.38628527472896,Красный,-1.4442927642404157,Ниже
2021-07-02 15:00:00+05:00,48.935,50.42927492579027,Вниз,2.963110074434306,True,-0.1418090469012796,-0.089749157576405,-0.0520598893248746,False,49.38628527472896,Красный,-1.4942749257902648,Ниже
2021-07-02 15:30:00+05:00,49.05,50.41555079717544,Вниз,2.7085904558875717,True,-0.1396828940500256,-0.0997359048711292,-0.0399469891788964,False,49.38628527472896,Красный,-1.3655507971754446,Ниже
2021-07-02 16:00:00+05:00,48.99,50.40136621212892,Вниз,2.800253878414267,True,-0.141211601712996,-0.1080310442395025,-0.033180557473493494,False,49.38628527472896,Красный,-1.411366212128918,Ниже
2021-07-02 16:30:00+05:00,49.01,50.38752177220724,Вниз,2.7338549778946644,True,-0.1392046165291418,-0.1142657586974304,-0.02493885783171139,False,49.38628527472896,Красный,-1.3775217722072455,Ниже
2021-07-02 17:00:00+05:00,48.93,50.37301906800617,Вниз,2.8646666304793498,True,-0.1424275812252133,-0.119898123202987,-0.022529458022226292,False,49.36893441768724,Красный,-1.4430190680061727,Ниже
2021-07-02 17:30:00+05:00,49.0,50.35935718673248,Вниз,2.699314015649535,True,-0.1377455440927875,-0.1234676073809471,-0.014277936711840397,False,49.31554097591851,Красный,-1.3593571867324812,Ниже
2021-07-02 18:00:00+05:00,49.0,50.34583124457594,Вниз,2.6731731531812475,True,-0.1325075315919619,-0.1252755922231501,-0.007231939368811807,False,49.31554097591851,Красный,-1.3458312445759404,Ниже
2021-07-02 18:30:00+05:00,48.97,50.33214138144584,Вниз,2.706305243646896,True,-0.1292867806971003,-0.1260778299179401,-0.0032089507791602245,False,49.31536319049399,Красный,-1.3621413814458379,Ниже
2021-07-02 19:00:00+05:00,48.845,50.31734395476478,Вниз,2.9261162037654778,True,-0.1352615567117112,-0.1279145752766943,-0.007346981435016886,False,49.21382687144459,Красный,-1.4723439547647814,Ниже
2021-07-02 19:30:00+05:00,48.92,50.30344003481687,Вниз,2.7501897163679887,True,-0.1324183008062149,-0.1288153203825985,-0.0036029804236163976,False,49.17219418430014,Красный,-1.3834400348168714,Ниже
2021-07-02 20:00:00+05:00,48.9,50.28947545735601,Вниз,2.7629547628394886,True,-0.1302770797884491,-0.1291076722637686,-0.0011694075246805047,False,49.17219418430014,Красный,-1.3894754573560135,Ниже
2021-07-02 20:30:00+05:00,48.9,50.275649830914666,Вниз,2.736214918238165,True,-0.1271148458880517,-0.1287091069886252,0.0015942611005735075,Ниже,49.17219418430014,Красный,-1.3756498309146679,Ниже
2021-07-02 21:00:00+05:00,49.055,50.26350406145283,Вниз,2.4043370712381993,True,-0.1108240376083813,-0.1251320931125764,0.014308055504195089,False,49.17219418430014,Красный,-1.2085040614528282,Ниже
2021-07-02 21:30:00+05:00,49.055,50.25147914541847,Вниз,2.380982939738118,True,-0.096797631832473,-0.1194652008565557,0.022667569024082693,False,49.17219418430014,Красный,-1.196479145418472,Ниже
2021-07-02 22:00:00+05:00,49.095,50.23997189024018,Вниз,2.2790058337246113,True,-0.0815142924714962,-0.1118750191795438,0.030360726708047597,False,49.17219418430014,Красный,-1.1449718902401784,Ниже
2021-07-02 22:30:00+05:00,49.06,50.22823087640695,Вниз,2.3258451592323204,True,-0.0714032511776068,-0.1037806655791564,0.03237741440154959,False,49.17219418430014,Красный,-1.1682308764069447,Ниже
2021-07-02 23:00:00+05:00,49.04,50.21640768360688,Вниз,2.3426759058890627,True,-0.064263224509439,-0.0958771773652129,0.0316139528557739,False,49.17219418430014,Красный,-1.1764076836068824,Ниже
2021-07-02 23:30:00+05:00,49.105,50.20534890068542,Вниз,2.191696551819806,True,-0.0527516568975201,-0.0872520732716744,0.034500416374154304,False,49.17219418430014,Красный,-1.1003489006854252,Ниже
2021-07-03 00:00:00+05:00,49.08,50.19415139918607,Вниз,2.219683704432818,True,-0.0451257659548645,-0.0788268118083124,0.0337010458534479,False,49.17219418430014,Красный,-1.1141513991860705,Ниже
2021-07-03 00:30:00+05:00,49.09,50.18316481809964,Вниз,2.178349695683928,True,-0.0378390905330761,-0.0706292675532651,0.03279017702018899,False,49.17219418430014,Красный,-1.0931648180996376,Ниже
2021-07-03 01:00:00+05:00,49.055,50.17193929752154,Вниз,2.2262230903574345,True,-0.0344909648831475,-0.0634016070192416,0.028910642136094095,False,49.17219418430014,Красный,-1.1169392975215402,Ниже
2021-07-03 01:30:00+05:00,49.1,50.16127323485964,Вниз,2.115722282189017,True,-0.0278849864977885,-0.056298282914951,0.028413296417162504,False,49.17219418430014,Красный,-1.061273234859641,Ниже
2021-07-05 12:00:00+05:00,48.685,50.14658394894064,Вниз,2.914623158436522,True,-0.0554969978881985,-0.0561380259096005,0.000641028021402,False,49.08703078610424,Красный,-1.4615839489406355,Ниже
2021-07-05 12:30:00+05:00,48.695,50.13214032755815,Вниз,2.866704509657922,True,-0.0757001749275474,-0.0600504557131899,-0.015649719214357496,Ниже,48.63957770749382,Красный,-1.4371403275581471,Ниже
2021-07-05 13:00:00+05:00,48.56,50.11649714021927,Вниз,3.1057580418368023,True,-0.1014354256002292,-0.0683274496905977,-0.03310797590963149,False,48.63957770749382,Красный,-1.556497140219271,Ниже
2021-07-05 13:30:00+05:00,48.55,50.10091010399818,Вниз,3.095572716700844,True,-0.1212401328155721,-0.0789099863155926,-0.0423301464999795,False,48.63957770749382,Красный,-1.5509101039981843,Ниже
2021-07-05 14:00:00+05:00,48.635,50.08632393380915,Вниз,2.8976451450642005,True,-0.1285943606017738,-0.0888468611728288,-0.03974749942894498,False,48.63957770749382,Красный,-1.4513239338091495,Ниже
2021-07-05 14:30:00+05:00,48.725,50.07277842202996,Вниз,2.6916389793081543,True,-0.1257112700000604,-0.0962197429382752,-0.029491527061785205,False,48.29588031611331,Зелёный,-1.3477784220299611,Ниже
2021-07-05 15:00:00+05:00,48.815,50.06026321385056,Вниз,2.4875282987046434,True,-0.1148403440870353,-0.0999438631680272,-0.01489648091900811,False,48.41454228450198,Зелёный,-1.2452632138505635,Ниже
2021-07-05 15:30:00+05:00,48.85,50.04822079381225,Вниз,2.3941326480888407,True,-0.1022224922282575,-0.1003995889800733,-0.0018229032481841961,False,48.524338056051775,Зелёный,-1.198220793812247,Ниже
2021-07-05 16:00:00+05:00,48.96,50.037392726212126,Вниз,2.1531751906164605,True,-0.0823968533961263,-0.0967990418632839,0.0144021884671576,Ниже,48.57790425044659,Зелёный,-1.0773927262121248,Ниже
2021-07-05 16:30:00+05:00,49.13,50.02836394286673,Вниз,1.7957092178602474,True,-0.0523636964376663,-0.0879119727781604,0.0355482763404941,False,48.74686382540194,Зелёный,-0.8983639428667303,Ниже
2021-07-05 17:00:00+05:00,49.15,50.01962400313672,Вниз,1.738565653916525,True,-0.0266412663826045,-0.0756578314990492,0.0490165651164447,False,48.74686382540194,Зелёный,-0.8696240031367211,Ниже
2021-07-05 17:30:00+05:00,49.6,50.01544863992143,Вниз,0.8306406344815341,True,0.029712674730419,-0.0545837302531555,0.0842964049835745,False,49.02598469857557,Зелёный,-0.4154486399214292,Ниже
2021-07-05 18:00:00+05:00,49.56,50.010916812658536,Вниз,0.9016367653240055,True,0.0703351337251874,-0.0295999574574869,0.0999350911826743,False,49.162886228718016,Зелёный,-0.45091681265853367,Ниже
2021-07-05 18:30:00+05:00,49.355,50.0043902772092,Вниз,1.2986665242975206,True,0.0850070302740633,-0.0066785599111769,0.0916855901852402,False,49.162886228718016,Зелёный,-0.6493902772092,Ниже
2021-07-05 19:00:00+05:00,49.55,49.99986898091856,Вниз,0.8997403195001366,True,0.11108892038758,0.0168749361485744,0.09421398423900561,False,49.162886228718016,Зелёный,-0.4498689809185663,Ниже
2021-07-05 19:30:00+05:00,49.245,49.99235784678007,Вниз,1.4949441854105416,True,0.1059269947456158,0.0346853478679827,0.0712416468776331,False,49.162886228718016,Зелёный,-0.7473578467800692,Ниже
2021-07-05 20:00:00+05:00,49.25,49.98497120153848,Вниз,1.4703843652826925,True,0.1010744661686331,0.0479631715281128,0.05311129464052029,False,49.162886228718016,Зелёный,-0.7349712015384782,Ниже
2021-07-05 20:30:00+05:00,49.51,49.98024511993113,Вниз,0.9408619721707028,True,0.116861522512373,0.0617428417249648,0.0551186807874082,False,49.162886228718016,Зелёный,-0.4702451199311355,Ниже
2021-07-05 21:00:00+05:00,49.495,49.97541681028008,Вниз,0.9613062600435578,True,0.1267019624111682,0.0747346658622055,0.05196729654896272,False,49.162886228718016,Зелёный,-0.480416810280083,Ниже
2021-07-05 21:30:00+05:00,49.93,49.97496490172008,Вниз,0.08997485402642223,True,0.167668666463939,0.0933214659825522,0.0743472004813868,False,49.27321033099852,Зелёный,-0.04496490172007839,Ниже
2021-07-05 22:00:00+05:00,49.92,49.9744179872751,Вниз,0.10889168792112389,True,0.197056612186607,0.1140684952233632,0.0829881169632438,False,49.482639297898665,Зелёный,-0.05441798727510161,Ниже
2021-07-05 22:30:00+05:00,49.97,49.97437402720272,Вниз,0.00875254025261276,True,0.2218243005768911,0.1356196562940688,0.08620464428282229,False,49.5353753681088,Зелёный,-0.004374027202722175,Ниже
2021-07-05 23:00:00+05:00,49.86,49.9732359771808,Вниз,0.22659324529735592,True,0.2299263436111402,0.1544809937574831,0.07544534985365711,False,49.57783783129792,Зелёный,-0.11323597718079981,Ниже
2021-07-05 23:30:00+05:00,49.975,49.97325352964666,Вверх,0.0034948101834176085,True,0.2428276440669066,0.1721503238193678,0.07067732024753881,False,49.57783783129792,Зелёный,0.0017464703533391912,Выше
2021-07-06 00:00:00+05:00,49.855,49.97207687761038,Вниз,0.23428459436881105,True,0.2405955843776368,0.1858393759310216,0.05475620844661522,False,49.57783783129792,Зелёный,-0.11707687761037988,Ниже
2021-07-06 00:30:00+05:00,49.82,49.97056367484809,Вниз,0.3013047357796179,True,0.2333129668504057,0.1953340941148984,0.03797887273550729,False,49.57783783129792,Зелёный,-0.15056367484808675,Ниже
2021-07-06 01:00:00+05:00,49.9,49.9698615487302,Вниз,0.13980736901196675,True,0.2313301415301936,0.2025333035979574,0.028796837932236197,False,49.57783783129792,Зелёный,-0.06986154873020212,Ниже
2021-07-06 01:30:00+05:00,49.835,49.96851964277269,Вниз,0.267207521309873,True,0.2219552197946441,0.2064176868372948,0.015537532957349304,False,49.57783783129792,Зелёный,-0.1335196427726899,Ниже
2021-07-06 12:00:00+05:00,49.49,49.96375825329237,Вниз,0.9482037978220911,True,0.1845594239073094,0.2020460342512977,-0.017486610343988296,Выше,49.891491485097205,Красный,-0.47375825329236676,Ниже
2021-07-06 12:30:00+05:00,49.445,49.95859647962777,Вниз,1.028044252278399,True,0.1495677385379537,0.1915503751086289,-0.04198263657067522,False,49.86534233658749,Красный,-0.5135964796277719,Ниже
2021-07-06 13:00:00+05:00,49.4,49.95303830570113,Вниз,1.1071164526903483,True,0.1168583811854659,0.1766119763239964,-0.059753595138530485,False,49.84505810292874,Красный,-0.5530383057011292,Ниже
2021-07-06 13:30:00+05:00,49.38,49.94733643201256,Вниз,1.135869242566735,True,0.0883042307675836,0.1589504272127138,-0.07064619644513019,False,49.82930229263586,Красный,-0.56733643201256,Ниже
2021-07-06 14:00:00+05:00,49.25,49.94039776104727,Вниз,1.3824434565993218,True,0.0545560590069342,0.1380715535715579,-0.0835154945646237,False,49.65112206337228,Красный,-0.6903977610472722,Ниже
2021-07-06 14:30:00+05:00,49.26,49.93362763407168,Вниз,1.3490460557126354,True,0.028291183023434,0.1161154794619331,-0.0878242964384991,False,49.58450985703505,Красный,-0.6736276340716785,Ниже
2021-07-06 15:00:00+05:00,49.25,49.92682536905604,Вниз,1.355634699488678,True,0.006593161292514,0.0942110158280493,-0.0876178545355353,False,49.55305887133154,Красный,-0.67682536905604,Ниже
2021-07-06 15:30:00+05:00,49.26,49.92019029075698,Вниз,1.322491534811352,True,-0.0096841282265103,0.0734319870171374,-0.0831161152436477,False,49.55305887133154,Красный,-0.6601902907569794,Ниже
2021-07-06 16:00:00+05:00,49.25,49.91352173064995,Вниз,1.3293426463284481,True,-0.0231243507473735,0.0541207194642352,-0.0772450702116087,False,49.55305887133154,Красный,-0.663521730649947,Ниже
2021-07-06 16:30:00+05:00,49.245,49.90686977313105,Вниз,1.3262097505610149,True,-0.0337897746512183,0.0365386206411445,-0.0703283952923628,False,49.53328741720069,Красный,-0.6618697731310519,Ниже
2021-07-06 17:00:00+05:00,49.26,49.90043325797552,Вниз,1.2834222393713661,True,-0.0405642261468059,0.0211180512835544,-0.061682277430360304,False,49.53328741720069,Красный,-0.6404332579755234,Ниже
2021-07-06 17:30:00+05:00,49.205,49.89351352406532,Вниз,1.379966002460877,True,-0.0497970388439625,0.006935033258051,-0.056732072102013496,False,49.48888780793256,Красный,-0.6885135240653213,Ниже
2021-07-06 18:00:00+05:00,49.22,49.88681189696019,Вниз,1.3366496506881855,True,-0.0552666551868128,-0.0055053044309217,-0.049761350755891096,False,49.48888780793256,Красный,-0.6668118969601906,Ниже
2021-07-06 18:30:00+05:00,49.225,49.880226703955614,Вниз,1.3136000921656834,True,-0.0585232873051495,-0.0161089010057673,-0.0424143862993822,False,49.48234912442538,Красный,-0.6552267039556128,Ниже
2021-07-06 19:00:00+05:00,48.91,49.87057270690133,Вниз,1.926131292990751,True,-0.085536052784704,-0.0299943313615546,-0.05554172142314939,False,49.33261421198284,Красный,-0.9605727069013312,Ниже
2021-07-06 19:30:00+05:00,48.755,49.85947248096201,Вниз,2.215170811090577,True,-0.1180898029150085,-0.0476134256722454,-0.0704763772427631,False,49.09660279078456,Красный,-1.1044724809620092,Ниже
2021-07-06 20:00:00+05:00,48.98,49.8507215110022,Вниз,1.7466577907203031,True,-0.1243004071149371,-0.0629508219607837,-0.061349585154153397,False,49.09660279078456,Красный,-0.870721511002202,Ниже
2021-07-06 20:30:00+05:00,48.805,49.840316321838,Вниз,2.0772667555971545,True,-0.1417098502104323,-0.0787026276107135,-0.0630072225997188,False,49.09660279078456,Красный,-1.0353163218380033,Ниже
2021-07-06 21:00:00+05:00,48.9,49.830959940526185,Вниз,1.8682360155961226,True,-0.146156452633285,-0.0921933926152278,-0.0539630600180572,False,49.09660279078456,Красный,-0.9309599405261864,Ниже
2021-07-06 21:30:00+05:00,48.96,49.82229367246125,Вниз,1.7307386089650716,True,-0.1431883325642005,-0.1023923806050223,-0.04079595195917819,False,49.09660279078456,Красный,-0.8622936724612487,Ниже
2021-07-06 22:00:00+05:00,49.0,49.8141116458696,Вниз,1.6342992356405996,True,-0.136040223307063,-0.1091219491454304,-0.026918274161632602,False,49.09660279078456,Красный,-0.8141116458696018,Ниже
2021-07-06 22:30:00+05:00,48.99,49.805911529990304,Вниз,1.638182105148314,True,-0.1296872576690546,-0.1132350108501553,-0.016452246818899285,False,49.09660279078456,Красный,-0.8159115299903021,Ниже
2021-07-06 23:00:00+05:00,48.99,49.79779300730384,Вниз,1.6221462007068408,True,-0.1232319454720993,-0.1152343977745441,-0.007997547697555202,False,49.09660279078456,Красный,-0.807793007303836,Ниже
2021-07-06 23:30:00+05:00,48.92,49.789058748524695,Вниз,1.7454813775736318,True,-0.1223540576201074,-0.1166583297436568,-0.005695727876450604,False,49.09660279078456,Красный,-0.8690587485246937,Ниже
2021-07-07 00:00:00+05:00,48.945,49.78066015401201,Вниз,1.6786843553834672,True,-0.1182776035181802,-0.1169821844985615,-0.0012954190196187015,False,49.09660279078456,Красный,-0.835660154012011,Ниже
2021-07-07 00:30:00+05:00,48.965,49.77254413257906,Вниз,1.6224690673396147,True,-0.1121404659338338,-0.116013840785616,0.003873374851782199,Ниже,49.09660279078456,Красный,-0.8075441325790536,Ниже
2021-07-07 01:00:00+05:00,48.965,49.76450886757828,Вниз,1.6065844630472332,True,-0.1060542132289015,-0.1140219152742731,0.007967702045371602,False,49.09660279078456,Красный,-0.7995088675782753,Ниже
2021-07-07 01:30:00+05:00,48.9,49.75590678929392,Вниз,1.7202114171459246,True,-0.1052623717851091,-0.1122700065764403,0.007007634791331208,False,49.09660279078456,Красный,-0.8559067892939183,Ниже
2021-07-07 12:00:00+05:00,49.22,49.75057438343031,Вниз,1.066468859919381,True,-0.0779153464740503,-0.1053990745559623,0.027483728081912004,False,48.7499310651217,Зелёный,-0.5305743834303129,Ниже
2021-07-07 12:30:00+05:00,49.045,49.743553742799165,Вниз,1.404310086913091,True,-0.0695618041765016,-0.0982316204800701,0.028669816303568504,False,48.828187958609526,Зелёный,-0.698553742799163,Ниже
2021-07-07 13:00:00+05:00,49.08,49.7369512179952,Вниз,1.3208514030460117,True,-0.0594322561749933,-0.0904717476190548,0.0310394914440615,False,48.828187958609526,Зелёный,-0.6569512179952,Ниже
2021-07-07 13:30:00+05:00,49.235,49.73195667851266,Вниз,0.9992703116935209,True,-0.0384540375849198,-0.0800682056122278,0.041614168027308,False,48.85088224647373,Зелёный,-0.49695667851266023,Ниже
2021-07-07 14:00:00+05:00,49.375,49.72840487076627,Вниз,0.7106700319157522,True,-0.0104117975204971,-0.0661369239938817,0.055725126473384595,False,48.95679402182635,Зелёный,-0.35340487076626914,Ниже
2021-07-07 14:30:00+05:00,49.55,49.72662969792282,Вниз,0.35520142626959156,True,0.0256373854076983,-0.0477820621135656,0.0734194475212639,False,49.20586461964371,Зелёный,-0.17662969792282013,Ниже
2021-07-07 15:00:00+05:00,49.87,49.72805626809275,Вверх,0.2854399358422606,True,0.0791159488368222,-0.0224024599234881,0.1015184087603103,False,49.32952815767933,Зелёный,0.14194373190724718,Выше
2021-07-07 15:30:00+05:00,49.93,49.73006565845999,Вверх,0.40203916663439027,True,0.1248998267503935,0.0070579974112882,0.11784182933910531,False,49.50357534191141,Зелёный,0.19993434154000767,Выше
2021-07-07 16:00:00+05:00,49.815,49.73091077628625,Вверх,0.16908844499554979,True,0.1501732373464861,0.0356810453983278,0.1144921919481583,False,49.52246780772026,Зелёный,0.08408922371374672,Выше
2021-07-07 16:30:00+05:00,49.955,49.733140519805794,Вверх,0.44609988003040146,True,0.1794310577582791,0.064431047870318,0.11500000988796111,False,49.52246780772026,Зелёный,0.22185948019420465,Выше
2021-07-07 17:00:00+05:00,49.91,49.73490031562862,Вверх,0.3520660205613239,True,0.1967193095594552,0.0908887002081455,0.10583060935130971,False,49.52246780772026,Зелёный,0.17509968437137502,Выше
2021-07-07 17:30:00+05:00,49.88,49.73634409358257,Вверх,0.2888348732410589,True,0.2056292582975913,0.1138368118260347,0.0917924464715566,False,49.52246780772026,Зелёный,0.14365590641743609,Выше
2021-07-07 18:00:00+05:00,49.82,49.73717649066135,Вверх,0.16652233838445454,True,0.2054803092086956,0.1321655113025669,0.07331479790612869,False,49.52246780772026,Зелёный,0.08282350933865246,Выше
2021-07-07 18:30:00+05:00,49.69,49.73670707284383,Вниз,0.09390865538288146,True,0.1926515848888002,0.1442627260198135,0.048388858868986695,False,49.52246780772026,Зелёный,-0.04670707284383013,Ниже
2021-07-07 19:00:00+05:00,49.72,49.73654083331305,Вниз,0.03325690334695042,True,0.1827982927875879,0.1519698393733684,0.030828453414219525,False,49.52246780772026,Зелёный,-0.01654083331305145,Ниже
2021-07-07 19:30:00+05:00,49.685,49.73602798920049,Вниз,0.10259763648911531,True,0.1702032828189743,0.1556165280624896,0.014586754756484688,False,49.52246780772026,Зелёный,-0.05102798920048457,Ниже
2021-07-07 20:00:00+05:00,49.755,49.73621676542735,Вверх,0.03776570835944355,True,0.1639798045493279,0.1572891833598573,0.006690621189470586,False,49.52246780772026,Зелёный,0.018783234572651963,Выше
2021-07-07 20:30:00+05:00,49.655,49.735408638408174,Вниз,0.16167282145557205,True,0.1492579363375057,0.155682933955387,-0.0064249976178812895,Выше,49.52246780772026,Зелёный,-0.0804086384081728,Ниже
2021-07-07 21:00:00+05:00,49.465,49.732718005190186,Вниз,0.5383136412577397,True,0.1208660688058813,0.1487195609254858,-0.0278534921196045,False,49.91541178506163,Красный,-0.26771800519018285,Ниже
2021-07-07 21:30:00+05:00,49.68,49.732193447924615,Вниз,0.10494901653446709,True,0.1143953342007009,0.1418547155805289,-0.027459381379827993,False,49.91541178506163,Красный,-0.052193447924615555,Ниже
2021-07-07 22:00:00+05:00,49.56,49.73048008028358,Вниз,0.3428080324347489,True,0.0984493702313855,0.1331736465107002,-0.03472427627931471,False,49.91541178506163,Красный,-0.17048008028357486,Ниже
2021-07-07 22:30:00+05:00,49.515,49.728335999882745,Вниз,0.42900289260281593,True,0.0812444198824167,0.1227878011850435,-0.0415433813026268,False,49.90517769130993,Красный,-0.21333599988274443,Ниже
2021-07-07 23:00:00+05:00,49.575,49.72681026854063,Вниз,0.30528857113658653,True,0.0716252203795804,0.1125552850239509,-0.040930064644370504,False,49.90517769130993,Красный,-0.15181026854062907,Ниже
2021-07-07 23:30:00+05:00,49.655,49.72609573850541,Вниз,0.14297470462848516,True,0.0696543350667653,0.1039750950325138,-0.0343207599657485,False,49.90517769130993,Красный,-0.07109573850540585,Ниже
2021-07-08 00:00:00+05:00,49.585,49.724691800808834,Вниз,0.28093045074753226,True,0.0617323669719169,0.0955265494203944,-0.033794182448477504,False,49.90517769130993,Красный,-0.13969180080883348,Ниже
2021-07-08 00:30:00+05:00,49.59,49.72335158388537,Вниз,0.2681870381573024,True,0.055221054453483,0.0874654504270121,-0.03224439597352911,False,49.89082683326845,Красный,-0.13335158388536428,Ниже
2021-07-08 01:00:00+05:00,49.8,49.72411425469248,Вверх,0.15261356877836232,True,0.0662424357629305,0.0832208474941958,-0.016978411731265297,False,49.89082683326845,Красный,0.07588574530751657,Выше
2021-07-08 01:30:00+05:00,49.605,49.72292903822788,Вниз,0.2371723478663517,True,0.0585669660109218,0.078290071197541,-0.019723105186619197,False,49.89082683326845,Красный,-0.11792903822788503,Ниже
2021-07-08 12:00:00+05:00,49.575,49.72145710749925,Вниз,0.2945551398113702,True,0.0494928291281766,0.0725306227836681,-0.023037793655491502,False,49.89082683326845,Красный,-0.1464571074992449,Ниже
2021-07-08 12:30:00+05:00,49.555,49.7198008178724,Вниз,0.33145912727220195,True,0.0402240001843949,0.0660692982638135,-0.0258452980794186,False,49.89082683326845,Красный,-0.16480081787239698,Ниже
2021-07-08 13:00:00+05:00,49.465,49.71726548635128,Вниз,0.5074001634714416,True,0.0253242168217795,0.0579202819754067,-0.0325960651536272,False,49.844177161776685,Красный,-0.252265486351277,Ниже
2021-07-08 13:30:00+05:00,49.255,49.71266582977067,Вниз,0.9206221837666834,True,-0.0033901344375024,0.0456581986928249,-0.0490483331303273,False,49.80500944559902,Красный,-0.4576658297706686,Ниже
2021-07-08 14:00:00+05:00,49.255,49.70811194091724,Вниз,0.9115452654001526,True,-0.0258484992766838,0.0313568590989231,-0.057205358375606905,False,49.69225850103911,Красный,-0.45311194091723905,Ниже
2021-07-08 14:30:00+05:00,49.375,49.704797394241446,Вниз,0.6635121990853433,True,-0.0335768648996648,0.0183701142992055,-0.0519469791988703,False,49.69225850103911,Красный,-0.32979739424144583,Ниже
2021-07-08 15:00:00+05:00,49.17,49.699476027134565,Вниз,1.06535535071936,True,-0.055602486229354,0.0035755941934936,-0.0591780804228476,False,49.69225850103911,Красный,-0.5294760271345638,Ниже
2021-07-08 15:30:00+05:00,49.205,49.69455586766059,Вниз,0.9851297775239335,True,-0.069433357798438,-0.0110261962048927,-0.058407161593545295,False,49.69225850103911,Красный,-0.48955586766059156,Ниже
2021-07-08 16:00:00+05:00,49.22,49.689833918728645,Вниз,0.9455332845287714,True,-0.078281666203857,-0.0244772902046855,-0.0538043759991715,False,49.69225850103911,Красный,-0.46983391872864644,Ниже
2021-07-08 16:30:00+05:00,48.88,49.68177586978607,Вниз,1.6138228872645215,True,-0.1114445099265779,-0.041870734149064,-0.06957377577751389,False,49.55101657227858,Красный,-0.80177586978607,Ниже
2021-07-08 17:00:00+05:00,48.86,49.67359899545984,Вниз,1.6378901708615965,True,-0.1377522135848181,-0.0610470300362148,-0.0767051835486033,False,49.370664915050725,Красный,-0.8135989954598415,Ниже
2021-07-08 17:30:00+05:00,48.69,49.66381194077865,Вниз,1.9608078855080024,True,-0.170355090085323,-0.0829086420460365,-0.08744644803928651,False,49.32109842354565,Красный,-0.9738119407786527,Ниже
2021-07-08 18:00:00+05:00,48.905,49.65626157320872,Вниз,1.5129241497592871,True,-0.176806288596147,-0.1016881713560586,-0.0751181172400884,False,49.32109842354565,Красный,-0.7512615732087156,Ниже
2021-07-08 18:30:00+05:00,48.945,49.64918434362455,Вниз,1.4183200649397405,True,-0.1766548767331599,-0.1166815124314788,-0.05997336430168111,False,49.32109842354565,Красный,-0.7041843436245472,Ниже
2021-07-08 19:00:00+05:00,48.905,49.641779524285,Вниз,1.484192410798976,True,-0.1777139714076412,-0.1288880042267113,-0.04882596718092991,False,49.32109842354565,Красный,-0.7367795242849979,Ниже
2021-07-08 19:30:00+05:00,48.905,49.63444838473988,Вниз,1.469641364976167,True,-0.1765185159941253,-0.1384141065801941,-0.0381044094139312,False,49.3189129256883,Красный,-0.7294483847398823,Ниже
2021-07-08 20:00:00+05:00,48.995,49.62808571424495,Вниз,1.275660153184669,True,-0.1663908114280374,-0.1440094475497628,-0.022381363878274607,False,49.3189129256883,Красный,-0.633085714244956,Ниже
2021-07-08 20:30:00+05:00,48.985,49.62168685141665,Вниз,1.2830818374294577,True,-0.1573575293728097,-0.1466790639143722,-0.010678465458437508,False,49.3189129256883,Красный,-0.6366868514166484,Ниже
2021-07-08 21:00:00+05:00,49.115,49.61664519120355,Вниз,1.0110421397303309,True,-0.1381165530688761,-0.144966561745273,0.0068500086763969015,Ниже,49.3189129256883,Красный,-0.5016451912035507,Ниже
2021-07-08 21:30:00+05:00,49.2,49.612499467908,Вниз,0.8314426250078885,True,-0.1146871094909371,-0.1389106712944058,0.024223561803468685,False,49.3189129256883,Красный,-0.41249946790799896,Ниже
2021-07-08 22:00:00+05:00,49.1,49.60739997071488,Вниз,1.022831212711039,True,-0.1030009401977878,-0.1317287250750822,0.02872778487729441,False,49.3189129256883,Красный,-0.5073999707148786,Ниже
2021-07-08 22:30:00+05:00,49.025,49.60160494613065,Вниз,1.1624723570071316,True,-0.098654215649617,-0.1251138231899892,0.0264596075403722,False,49.3189129256883,Красный,-0.5766049461306508,Ниже
2021-07-08 23:00:00+05:00,48.965,49.59527056855722,Вниз,1.2708279667230986,True,-0.0989107224491974,-0.1198732030418308,0.020962480592633406,False,49.26136620722665,Красный,-0.630270568557215,Ниже
2021-07-08 23:30:00+05:00,48.975,49.58909872210391,Вниз,1.2383744369812109,True,-0.0971867807970312,-0.1153359185928709,0.018149137795839695,False,49.25697958650399,Красный,-0.6140987221039111,Ниже
2021-07-09 00:00:00+05:00,48.915,49.58239127213273,Вниз,1.3460247781712638,True,-0.0995148973852551,-0.1121717143513477,0.01265681696609261,False,49.22953162785358,Красный,-0.6673912721327326,Ниже
2021-07-09 00:30:00+05:00,48.895,49.57555155798216,Вниз,1.3727564022887413,True,-0.1018002890440001,-0.1100974292898782,0.008297140245878104,False,49.19507846506823,Красный,-0.6805515579821559,Ниже
2021-07-09 01:00:00+05:00,48.88,49.56863064695746,Вниз,1.389246864336618,True,-0.1036273020068989,-0.1088034038332824,0.005176101826383492,False,49.180820618561405,Красный,-0.6886306469574563,Ниже
2021-07-09 01:30:00+05:00,48.97,49.562674123107136,Вниз,1.1958073965803646,True,-0.0966982973253394,-0.1063823825316938,0.0096840852063544,False,49.180820618561405,Красный,-0.5926741231071375,Ниже
2021-07-09 12:00:00+05:00,48.945,49.55652811193194,Вниз,1.234001119995125,True,-0.0921619170497507,-0.1035382894353052,0.0113763723855545,False,49.180820618561405,Красный,-0.6115281119319391,Ниже
2021-07-09 12:30:00+05:00,48.9,49.54999549390277,Вниз,1.311797281561317,True,-0.0911472382919598,-0.1010600792066361,0.009912840914676299,False,49.180820618561405,Красный,-0.6499954939027717,Ниже
2021-07-09 13:00:00+05:00,49.21,49.54661245416245,Вниз,0.6793854059626424,True,-0.064584202361587,-0.0937649038376263,0.029180701476039295,False,48.77271184216187,Зелёный,-0.33661245416244867,Ниже
2021-07-09 13:30:00+05:00,49.5,49.5461486486484,Вниз,0.09314275661597092,True,-0.0199028015345206,-0.0789924833770052,0.059089681842484594,False,49.13169065794568,Зелёный,-0.04614864864839774,Ниже
2021-07-09 14:00:00+05:00,49.42,49.54489343821408,Вниз,0.2520813539942942,True,0.0089490401565939,-0.0614041786702853,0.0703532188268792,False,49.13169065794568,Зелёный,-0.12489343821408028,Ниже
2021-07-09 14:30:00+05:00,49.485,49.544297483604986,Вниз,0.11968578951918475,True,0.0366369612518369,-0.0417959506858609,0.0784329119376978,False,49.13169065794568,Зелёный,-0.05929748360498621,Ниже
2021-07-09 15:00:00+05:00,49.495,49.543806961380064,Вниз,0.09851273927760879,True,0.0587099824945198,-0.0216947640497847,0.0804047465443045,False,49.13169065794568,Зелёный,-0.04880696138006613,Ниже
2021-07-09 15:30:00+05:00,49.48,49.54317206624196,Вниз,0.12750912710533854,True,0.0741380192801628,-0.0025282073837952,0.07666622666395799,False,49.13169065794568,Зелёный,-0.06317206624196103,Ниже
2021-07-09 16:00:00+05:00,49.415,49.541896722299256,Вниз,0.2561402180674682,True,0.080195449590505,0.0140165240110648,0.06617892557944019,False,49.13169065794568,Зелёный,-0.1268967222992572,Ниже
2021-07-09 16:30:00+05:00,49.6,49.54247486436593,Вверх,0.11611276140637175,True,0.098785226049145,0.0309702644186808,0.0678149616304642,False,49.15925790994931,Зелёный,0.05752513563407291,Выше
2021-07-09 17:00:00+05:00,49.49,49.54195272641204,Вниз,0.10486612568329905,True,0.1034491793879723,0.0454660474125391,0.05798313197543319,False,49.18583211895438,Зелёный,-0.05195272641203985,Ниже
2021-07-09 17:30:00+05:00,49.485,49.5413860326169,Вниз,0.11381601754092219,True,0.1055255054581394,0.0574779390216592,0.04804756643648019,False,49.18583211895438,Зелёный,-0.05638603261689923,Ниже
2021-07-09 18:00:00+05:00,49.515,49.54112348502867,Вниз,0.05273090957770529,True,0.1083428491831028,0.0676509210539479,0.0406919281291549,False,49.18583211895438,Зелёный,-0.02612348502866979,Ниже
2021-07-09 18:30:00+05:00,49.7,49.54270434587416,Вверх,0.3174950907558717,True,0.1240733281792074,0.0789354024789998,0.045137925700207596,False,49.30264161471774,Зелёный,0.15729565412584634,Выше
2021-07-09 19:00:00+05:00,49.745,49.54471723795501,Вверх,0.40424645292264016,True,0.138573580063003,0.0908630379958005,0.04771054206720249,False,49.40437745324597,Зелёный,0.20028276204498496,Выше
2021-07-09 19:30:00+05:00,49.525,49.54452104653258,Вниз,0.039401019770172276,True,0.1308051326208072,0.0988514569208018,0.0319536757000054,False,49.40437745324597,Зелёный,-0.019521046532581465,Ниже
2021-07-09 20:00:00+05:00,49.6,49.54507307592032,Вверх,0.11086253520206373,True,0.1292109913755439,0.1049233638117502,0.0242876275637937,False,49.40437745324597,Зелёный,0.05492692407968036,Выше
2021-07-09 20:30:00+05:00,49.64,49.54601762242857,Вверх,0.1896870466717081,True,0.129680413575123,0.1098747737644248,0.019805639810698203,False,49.40437745324597,Зелёный,0.0939823775714288,Выше
2021-07-09 21:00:00+05:00,49.73,49.547848292852166,Вверх,0.3676278858190267,True,0.1357498422092575,0.1150497874533913,0.020700054755866212,False,49.44917379707468,Зелёный,0.18215170714783113,Выше
2021-07-09 21:30:00+05:00,49.67,49.549063732724285,Вверх,0.2440737688366152,True,0.1341717610284902,0.1188741821684111,0.015297578860079111,False,49.44917379707468,Зелёный,0.1209362672757166,Выше
2021-07-09 22:00:00+05:00,49.735,49.55091384483649,Вверх,0.3715091022134515,True,0.1365915349064863,0.1224176527160262,0.014173882190460091,False,49.44917379707468,Зелёный,0.1840861551635129,Выше
2021-07-09 22:30:00+05:00,49.63,49.55170077175354,Вверх,0.15801521850305175,True,0.1285547020769186,0.1236450625882047,0.00490963948871391,False,49.44917379707468,Зелёный,0.07829922824646474,Выше
2021-07-09 23:00:00+05:00,49.665,49.55282812725848,Вверх,0.22636825582073172,True,0.1235850501212496,0.1236330600948137,-4.800997356410597e-05,Выше,49.44917379707468,Зелёный,0.11217187274151996,Выше
2021-07-09 23:30:00+05:00,49.68,49.55409351902705,Вверх,0.25407887024430614,True,0.1194796527187094,0.1228023786195928,-0.0033227259008833943,False,49.44917379707468,Зелёный,0.12590648097295087,Выше
2021-07-10 00:00:00+05:00,49.585,49.55440104620091,Вверх,0.061748206320896226,True,0.1073232342099501,0.1197065497376643,-0.012383315527714198,False,49.44917379707468,Зелёный,0.0305989537990925,Выше
2021-07-10 00:30:00+05:00,49.555,49.554407005940206,Вверх,0.0011966525191647542,True,0.094182755501265,0.1146017908903844,-0.020419035389119405,False,49.44917379707468,Зелёный,0.0005929940597937389,Выше
2021-07-10 01:00:00+05:00,49.565,49.554512408866174,Вверх,0.02116374599207561,True,0.0836119216924586,0.1084038170507993,-0.0247918953583407,False,49.44917379707468,Зелёный,0.010487591133824026,Выше
2021-07-10 01:30:00+05:00,49.54,49.55436800678791,Вниз,0.02899443049287524,True,0.0723827849853506,0.1011996106377096,-0.028816825652359004,False,49.44917379707468,Зелёный,-0.014368006787911725,Ниже
2021-07-12 12:00:00+05:00,49.595,49.55477230522784,Вверх,0.08117824560746124,True,0.067147617650896,0.0943892120403469,-0.02724159438945091,False,49.44917379707468,Зелёный,0.04022769477215604,Выше
2021-07-12 12:30:00+05:00,49.68,49.55601835194199,Вверх,0.2501848457184507,True,0.0690614025865699,0.0893236501495915,-0.0202622475630216,False,49.44917379707468,Зелёный,0.12398164805801315,Выше
2021-07-12 13:00:00+05:00,49.95,49.559938567345554,Вверх,0.7870498711865943,True,0.0913122437460032,0.0897213688688738,0.001590874877129403,Выше,49.48034226430281,Зелёный,0.3900614326544485,Выше
2021-07-12 13:30:00+05:00,50.295,49.56725261145157,Вверх,1.4682019886256468,True,0.1352260111074272,0.0988222973165845,0.036403713790842715,False,49.75855803787253,Зелёный,0.7277473885484298,Выше
2021-07-12 14:00:00+05:00,50.0,49.57155855561624,Вверх,0.8642888318774014,True,0.144557583699914,0.1079693545932504,0.03658822910666361,False,49.75855803787253,Зелёный,0.42844144438375764,Выше
2021-07-12 14:30:00+05:00,50.13,49.57711518690364,Вверх,1.1152016631302768,True,0.1605916353470249,0.1184938107440053,0.042097824603019585,False,49.75855803787253,Зелёный,0.5528848130963624,Выше
2021-07-12 15:00:00+05:00,50.185,49.58316379200908,Вверх,1.2137914605762088,True,0.1757112868044856,0.1299373059561014,0.045773980848384216,False,49.75855803787253,Зелёный,0.601836207990921,Выше
2021-07-12 15:30:00+05:00,50.215,49.58945071945178,Вверх,1.2614563611265104,True,0.1879479221423281,0.1415394291933467,0.04640849294898142,False,49.76084967864817,Зелёный,0.6255492805482206,Выше
2021-07-12 16:00:00+05:00,50.265,49.596172602840326,Вверх,1.3485463939234923,True,0.1993817769267565,0.1531078987400287,0.04627387818672779,False,49.85276471078335,Зелёный,0.6688273971596743,Выше
2021-07-12 16:30:00+05:00,50.2,49.602180835647886,Вверх,1.2052275812890851,True,0.200882583074943,0.1626628356070115,0.0382197474679315,False,49.86048823970501,Зелёный,0.5978191643521171,Выше
2021-07-12 17:00:00+05:00,50.2,49.60812928504443,Вверх,1.193092187683057,True,0.1997691681417563,0.1700841021139605,0.029685066027795803,False,49.86048823970501,Зелёный,0.5918707149555757,Выше
2021-07-12 17:30:00+05:00,50.2,49.61401854588976,Вверх,1.181080410908954,True,0.1966202627879312,0.1753913342487547,0.021228928539176517,False,49.86048823970501,Зелёный,0.5859814541102395,Выше
2021-07-12 18:00:00+05:00,50.13,49.61915268971176,Вверх,1.0295365450570513,True,0.1863284393592863,0.177578755270861,0.008749684088425302,False,49.86048823970501,Зелёный,0.5108473102882414,Выше
2021-07-12 18:30:00+05:00,50.13,49.62423574752557,Вверх,1.0191879932370633,True,0.1761416439168002,0.1772913330000488,-0.001149689083248584,Выше,49.86048823970501,Зелёный,0.5057642524744352,Выше
2021-07-12 19:00:00+05:00,50.2,49.62996474506264,Вверх,1.1485707432304297,True,0.1717372697790509,0.1761805203558492,-0.0044432505767982855,False,49.86048823970501,Зелёный,0.5700352549373662,Выше
2021-07-12 19:30:00+05:00,50.2,49.63563673764908,Вверх,1.1370122344433404,True,0.1663294294172246,0.1742103021681243,-0.007880872750899715,False,49.91869046309707,Зелёный,0.5643632623509234,Выше
2021-07-12 20:00:00+05:00,50.115,49.64040652135407,Вверх,0.9560628365155921,True,0.1534163985990773,0.1700515214543149,-0.016635122855237605,False,49.91869046309707,Зелёный,0.4745934786459287,Выше
2021-07-12 20:30:00+05:00,50.005,49.64403431716149,Вверх,0.7271078746993145,True,0.132776087860087,0.1625964347354693,-0.02982034687538232,False,49.91869046309707,Зелёный,0.36096568283851127,Выше
2021-07-12 21:00:00+05:00,50.225,49.64981507022456,Вверх,1.1584835290159672,True,0.1326416439721569,0.1566054765828069,-0.02396383261065002,False,49.91869046309707,Зелёный,0.575184929775439,Выше
2021-07-12 21:30:00+05:00,50.25,49.655787059575566,Вверх,1.1966640257086545,True,0.1330190267497357,0.1518881866161927,-0.018869159866456986,False,49.942935812838,Зелёный,0.5942129404244341,Выше
2021-07-12 22:00:00+05:00,50.265,49.6618488798783,Вверх,1.2145160394261576,True,0.132995391868917,0.1481096276667375,-0.01511423579782048,False,49.96889223155419,Зелёный,0.6031511201217015,Выше
2021-07-12 22:30:00+05:00,50.35,49.66869615470538,Вверх,1.3716966581376187,True,0.1382418842914248,0.146136078991675,-0.007894194700250184,False,50.08675300839877,Зелёный,0.6813038452946216,Выше
2021-07-12 23:00:00+05:00,50.39,49.67587330739489,Вверх,1.4375724975907092,True,0.1439678611547421,0.1457024354242884,-0.0017345742695462907,False,50.1183277075589,Зелёный,0.7141266926051131,Выше
2021-07-12 23:30:00+05:00,50.395,49.68302879687355,Вверх,1.433026971920954,True,0.1472122263763751,0.1460043936147058,0.001207832761669303,Выше,50.13649493680301,Зелёный,0.7119712031264527,Выше
2021-07-13 00:00:00+05:00,50.38,49.68996383372058,Вверх,1.38868317269965,True,0.1468798945542744,0.1461794938026195,0.0007004007516548949,False,50.13649493680301,Зелёный,0.6900361662794197,Выше
2021-07-13 00:30:00+05:00,50.37,49.696730362738286,Вверх,1.35475640418895,True,0.1441479548696733,0.1457731860160303,-0.0016252311463569868,Выше,50.13649493680301,Зелёный,0.6732696372617113,Выше
2021-07-13 01:00:00+05:00,50.29,49.70263354320855,Вверх,1.1817612366170263,True,0.1339830681666995,0.1434151624461641,-0.009432094279464592,False,50.13649493680301,Зелёный,0.5873664567914503,Выше
2021-07-13 01:30:00+05:00,50.385,49.70942325919653,Вверх,1.3590516576321088,True,0.1320706005997962,0.1411462500768905,-0.0090756494770943,False,50.13649493680301,Зелёный,0.6755767408034714,Выше
2021-07-13 12:00:00+05:00,50.31,49.715399147164725,Вверх,1.1960094116415998,True,0.1230842445220261,0.1375338489659177,-0.014449604443891595,False,50.13649493680301,Зелёный,0.5946008528352777,Выше
2021-07-13 12:30:00+05:00,50.125,49.7194747775412,Вверх,0.8156265211433384,True,0.0998831479423216,0.1300037087611985,-0.030120560818876888,False,50.35775251429047,Красный,0.40552522245879885,Выше
2021-07-13 13:00:00+05:00,50.125,49.72350985438158,Вверх,0.8074453046339785,True,0.0805673811298248,0.1201164432349237,-0.0395490621050989,False,50.342977262861424,Красный,0.40149014561841767,Выше
2021-07-13 13:30:00+05:00,50.175,49.72800229364147,Вверх,0.8988853075557518,True,0.068504402788065,0.109794035145552,-0.041289632357487005,False,50.342977262861424,Красный,0.4469977063585304,Выше
2021-07-13 14:00:00+05:00,50.2,49.7326987882321,Вверх,0.9396256852211645,True,0.0602669764201522,0.099888623400472,-0.0396216469803198,False,50.342977262861424,Красный,0.4673012117679036,Выше
2021-07-13 14:30:00+05:00,50.075,49.73610477043874,Вверх,0.6813867533966718,True,0.0431548392211382,0.0885418665646053,-0.045387027343467105,False,50.342977262861424,Красный,0.3388952295612597,Выше
2021-07-13 15:00:00+05:00,50.035,49.73907885232493,Вверх,0.5949469803283954,True,0.0260652178917553,0.0760465368300353,-0.049981318938280006,False,50.342977262861424,Красный,0.2959211476750667,Выше
2021-07-13 15:30:00+05:00,50.015,49.741824336381406,Вверх,0.5491870619204309,True,0.01078343231584,0.0629939159271962,-0.052210483611356204,False,50.342977262861424,Красный,0.2731756636185949,Выше
2021-07-13 16:00:00+05:00,50.04,49.74479125840746,Вверх,0.5934465380687376,True,0.0006819372655826,0.0505315201948735,-0.049849582929290905,False,50.32294589955234,Красный,0.29520874159253907,Выше
2021-07-13 16:30:00+05:00,50.1,49.74832567374669,Вверх,0.7069068586541319,True,-0.0024537860617215,0.0399344589435545,-0.042388245005276,False,50.32294589955234,Красный,0.35167432625330974,Выше
2021-07-13 17:00:00+05:00,50.09,49.751725418286526,Вверх,0.6799253269498526,True,-0.0056803067761421,0.0308115057996151,-0.0364918125757572,False,50.32294589955234,Красный,0.3382745817134776,Выше
2021-07-13 17:30:00+05:00,49.865,49.75285252855234,Вверх,0.22540912881990788,True,-0.0260921927287398,0.0194307660939441,-0.0455229588226839,False,50.248982560773655,Красный,0.11214747144766335,Выше
2021-07-13 18:00:00+05:00,49.895,49.75426693125331,Вверх,0.2828562803289722,True,-0.0393939017488236,0.0076658325253906,-0.0470597342742142,False,50.12883430469629,Красный,0.140733068746691,Выше
2021-07-13 18:30:00+05:00,50.055,49.75725930009656,Вверх,0.59838645474363,True,-0.0366030025281034,-0.0011879344853081,-0.035415068042795296,False,50.12883430469629,Красный,0.2977406999034429,Выше
2021-07-13 19:00:00+05:00,50.145,49.76111741651352,Вверх,0.7714508906085947,True,-0.0268197851611304,-0.0063143046204726,-0.0205054805406578,False,49.81441921319601,Зелёный,0.3838825834864821,Выше
2021-07-13 19:30:00+05:00,50.02,49.763693362617865,Вверх,0.515047457419377,True,-0.0288207426637967,-0.0108155922291374,-0.0180051504346593,False,49.81441921319601,Зелёный,0.25630663738213855,Выше
2021-07-13 20:00:00+05:00,50.0,49.76604467244257,Вверх,0.4701103515405196,True,-0.0316554444944969,-0.0149835626822093,-0.016671881812287598,False,49.81441921319601,Зелёный,0.23395532755743176,Выше
2021-07-13 20:30:00+05:00,50.1,49.76936761102523,Вверх,0.6643290940701573,True,-0.0255384109488119,-0.0170945323355298,-0.0084438786132821,False,49.81441921319601,Зелёный,0.3306323889747702,Выше
2021-07-13 21:00:00+05:00,50.065,49.77230922683593,Вверх,0.5880594605931143,True,-0.0232468500688796,-0.0183249958821998,-0.0049218541866798,False,49.8683991957779,Зелёный,0.2926907731640682,Выше
2021-07-13 21:30:00+05:00,50.0,49.77457480666841,Вверх,0.4528922531376155,True,-0.0263717314299682,-0.0199343429917535,-0.006437388438214699,False,49.8683991957779,Зелёный,0.2254251933315885,Выше
2021-07-13 22:00:00+05:00,49.87,49.77552431107967,Вверх,0.18980350328383502,True,-0.0388898381210864,-0.0237254420176201,-0.015164396103466302,False,49.8683991957779,Зелёный,0.0944756889203262,Выше
2021-07-13 22:30:00+05:00,49.9,49.776762875148535,Вверх,0.24757962899389555,True,-0.0458611201369549,-0.028152577641487,-0.017708542495467897,False,49.8683991957779,Зелёный,0.12323712485146388,Выше
2021-07-13 23:00:00+05:00,49.84,49.77739210027144,Вверх,0.12577577307072366,True,-0.0555866417147754,-0.0336393904561447,-0.0219472512586307,False,50.13359528765013,Красный,0.06260789972856173,Выше
2021-07-13 23:30:00+05:00,49.865,49.77826382066675,Вверх,0.17424508746574607,True,-0.0605785843559303,-0.0390272292361018,-0.021551355119828496,False,50.10648575888511,Красный,0.08673617933325062,Выше
2021-07-14 00:00:00+05:00,49.85,49.77897761349594,Вверх,0.14267546243217014,True,-0.0649958774866732,-0.0442209588862161,-0.020774918600457097,False,50.0870871829966,Красный,0.07102238650406179,Выше
2021-07-14 00:30:00+05:00,49.8,49.77918679147111,Вверх,0.04181106576946182,True,-0.0717046299112027,-0.0497176930912134,-0.021986936819989304,False,50.055128464696935,Красный,0.02081320852888524,Выше
2021-07-14 01:00:00+05:00,49.835,49.77974214677986,Вверх,0.11100469957680441,True,-0.0733516054015126,-0.0544444755532733,-0.0189071298482393,False,50.02586561822724,Красный,0.05525785322014087,Выше
2021-07-14 01:30:00+05:00,49.85,49.78044122989648,Вверх,0.13973112408201138,True,-0.0726094738864944,-0.0580774752199175,-0.014531998666576902,False,50.02586561822724,Красный,0.06955877010351941,Выше
2021-07-14 12:00:00+05:00,50.46,49.787203008703486,Вверх,1.3513452265613333,True,-0.0225396047634944,-0.0509699011286329,0.0284302963651385,Ниже,50.03372384923593,Зелёный,0.672796991296515,Выше
2021-07-14 12:30:00+05:00,50.105,49.79036516782087,Вверх,0.6319191094876118,True,-0.0113733015501651,-0.0430505812129393,0.0316772796627742,False,50.03372384923593,Зелёный,0.3146348321791237,Выше
2021-07-14 13:00:00+05:00,49.92,49.79165506664853,Вверх,0.2577639429331584,True,-0.0172529978753317,-0.0378910645454178,0.020638066670086105,False,50.1609586821189,Красный,0.128344933351471,Выше
2021-07-14 13:30:00+05:00,49.295,49.78671322518934,Вниз,0.9876394590767171,True,-0.0715205320574341,-0.0446169580478211,-0.026903574009612997,Ниже,50.09536281390701,Красный,-0.49171322518933636,Ниже
2021-07-14 14:00:00+05:00,49.525,49.78410911349592,Вниз,0.5204655021649923,True,-0.094875203772105,-0.0546686071926778,-0.0402065965794272,False,50.0640765325163,Красный,-0.25910911349592425,Ниже
2021-07-14 14:30:00+05:00,49.74,49.78367021684422,Вниз,0.08771996249775056,True,-0.0949408274371919,-0.0627230512415807,-0.0322177761956112,False,50.0640765325163,Красный,-0.04367021684421957,Ниже
2021-07-14 15:00:00+05:00,50.12,49.787016781850745,Вверх,0.6688153652753844,True,-0.0635969049247933,-0.0628978219782232,-0.0006990829465700898,False,49.24339800866179,Зелёный,0.332983218149252,Выше
2021-07-14 15:30:00+05:00,49.95,49.788638505414426,Вверх,0.3240930048087768,True,-0.0518762031851736,-0.0606934982196133,0.008817295034439697,Ниже,49.35255820779562,Зелёный,0.16136149458557725,Выше
2021-07-14 16:00:00+05:00,50.07,49.79143812227598,Вверх,0.5594573851029189,True,-0.0325294858315032,-0.0550606957419913,0.022531209910488098,False,49.35255820779562,Зелёный,0.2785618777240231,Выше
2021-07-14 16:30:00+05:00,50.02,49.79371236981552,Вверх,0.45445020950406834,True,-0.0209896988925137,-0.0482464963720958,0.0272567974795821,False,49.43087214831445,Зелёный,0.22628763018447984,Выше
2021-07-14 17:00:00+05:00,50.0,49.79576498305119,Вверх,0.41014535476726216,True,-0.0133047980270077,-0.0412581567030782,0.027953358676070496,False,49.43087214831445,Зелёный,0.2042350169488074,Выше
2021-07-14 17:30:00+05:00,50.01,49.79789667476213,Вверх,0.42592828091344803,True,-0.0063345218728159,-0.0342734297370257,0.0279389078642098,False,49.43087214831445,Зелёный,0.21210332523786946,Выше
2021-07-14 18:00:00+05:00,49.8,49.79791760337147,Вверх,0.004181694192749976,True,-0.017553427770558,-0.0309294293437322,0.013376001573174201,False,49.43087214831445,Зелёный,0.002082396628530603,Выше
2021-07-14 18:30:00+05:00,49.785,49.79778907000459,Вниз,0.025682003646015802,True,-0.0273397109921944,-0.0302114856734246,0.0028717746812302013,False,49.43087214831445,Зелёный,-0.012789070004593839,Ниже
2021-07-14 19:00:00+05:00,49.795,49.797761318064246,Вниз,0.005545064659850601,True,-0.0338977424508328,-0.0309487370289063,-0.0029490054219265018,Ниже,49.43087214831445,Зелёный,-0.0027613180642447333,Ниже
2021-07-14 19:30:00+05:00,49.78,49.79758458853127,Вниз,0.03531213145490785,True,-0.0398460834232636,-0.0327282063077777,-0.0071178771154859,False,49.43087214831445,Зелёный,-0.017584588531271095,Ниже
2021-07-14 20:00:00+05:00,49.605,49.795668323968776,Вниз,0.38290142573907904,True,-0.0580124920663536,-0.0377850634594929,-0.0202274286068607,False,49.43087214831445,Зелёный,-0.19066832396877942,Ниже
2021-07-14 20:30:00+05:00,49.555,49.79327361427755,Вниз,0.4785257063500863,True,-0.075572926278852,-0.0453426360233647,-0.030230290255487298,False,49.43087214831445,Зелёный,-0.23827361427755278,Ниже
2021-07-14 21:00:00+05:00,49.585,49.79120124000613,Вниз,0.41413188449137567,True,-0.0860767089093954,-0.0534894506005709,-0.032587258308824495,False,49.43087214831445,Зелёный,-0.2062012400061306,Ниже
2021-07-14 21:30:00+05:00,49.53,49.78860222269264,Вниз,0.519400447387478,True,-0.0977127014671097,-0.0623341007738786,-0.0353786006932311,False,49.43087214831445,Зелёный,-0.25860222269263744,Ниже
2021-07-14 22:00:00+05:00,49.77,49.78841712594943,Вниз,0.03699078422765815,True,-0.0865703856480379,-0.0671813577487105,-0.019389027899327407,False,49.43087214831445,Зелёный,-0.01841712594942635,Ниже
2021-07-14 22:30:00+05:00,49.845,49.78898013962157,Вверх,0.11251457696328102,True,-0.0708711879476453,-0.0679193237884975,-0.0029518641591478045,False,49.43087214831445,Зелёный,0.05601986037842721,Выше
2021-07-14 23:00:00+05:00,49.96,49.79068182977459,Вверх,0.34005995500177694,True,-0.0485898086900959,-0.0640534207688172,0.015463612078721302,Ниже,49.547908447039134,Зелёный,0.1693181702254094,Выше
2021-07-14 23:30:00+05:00,49.97,49.79246609017485,Вверх,0.3565477345581445,True,-0.0297814368080864,-0.057199023976671,0.0274175871685846,False,49.590867602335216,Зелёный,0.17753390982515072,Выше
2021-07-15 00:00:00+05:00,49.96,49.79413309425271,Вверх,0.3331053187196425,True,-0.0155038641163969,-0.0488599920046162,0.0333561278882193,False,49.61678084210169,Зелёный,0.16586690574729346,Выше
2021-07-15 00:30:00+05:00,50.01,49.79628102366313,Вверх,0.42918662185899387,True,-0.0001524454648844,-0.0391184826966698,0.0389660372317854,False,49.628102757891526,Зелёный,0.21371897633687098,Выше
2021-07-15 01:00:00+05:00,50.1,49.79930310302967,Вверх,0.6038174798314311,True,0.0190562437403158,-0.0274835374092727,0.0465397811495885,False,49.78079248210236,Зелёный,0.3006968969703294,Выше
2021-07-15 01:30:00+05:00,50.03,49.801598594541815,Вверх,0.4586226384371896,True,0.0283045758100328,-0.0163259147654116,0.044630490575444395,False,49.783463233892135,Зелёный,0.228401405458186,Выше
2021-07-15 12:00:00+05:00,49.655,49.80013990205882,Вниз,0.2914447677140265,True,0.0053133308411759,-0.0119980656440941,0.01731139648527,False,50.21438308949708,Красный,-0.14513990205881555,Ниже
2021-07-15 12:30:00+05:00,50.07,49.80282507716271,Вверх,0.5364653961363447,True,0.0203451095027134,-0.0055294306147326,0.025874540117446,False,50.21438308949708,Красный,0.2671749228372917,Выше
2021-07-15 13:00:00+05:00,49.895,49.80374224057402,Вверх,0.18323474365675296,True,0.0179301770067326,-0.0008375090904395,0.0187676860971721,False,50.21438308949708,Красный,0.0912577594259858,Выше
2021-07-15 13:30:00+05:00,50.0,49.80569505410065,Вверх,0.3901259598692206,True,0.024209871751978,0.0041719670780439,0.0200379046739341,False,50.21438308949708,Красный,0.1943049458993471,Выше
2021-07-15 14:00:00+05:00,50.0,49.80762843664692,Вверх,0.38622911668594223,True,0.0288539645381149,0.0091083665700581,0.019745597968056798,False,50.21438308949708,Красный,0.1923715633530776,Выше
2021-07-15 14:30:00+05:00,49.87,49.8082490492176,Вверх,0.12397735708673097,True,0.0217933082931907,0.0116453549146846,0.010147953378506101,False,50.21438308949708,Красный,0.061750950782396785,Выше
2021-07-15 15:00:00+05:00,49.68,49.806972939275134,Вниз,0.254930046501602,True,0.0008564031634961,0.0094875645644469,-0.008631161400950799,Выше,50.20495156846542,Красный,-0.12697293927513442,Ниже
2021-07-15 15:30:00+05:00,49.745,49.80635629311319,Вниз,0.12318968436901333,True,-0.0103717293815819,0.0055157057752411,-0.015887435156822997,False,50.19670641161887,Красный,-0.06135629311319235,Ниже
2021-07-15 16:00:00+05:00,49.66,49.80490001158968,Вниз,0.2909352524670569,True,-0.0258311297586999,-0.000753661331547,-0.0250774684271529,False,50.132035770456994,Красный,-0.14490001158968369,Ниже
2021-07-15 16:30:00+05:00,49.605,49.80291095674799,Вниз,0.3973883312159706,True,-0.042036288119597,-0.009010186689157,-0.03302610143044,False,50.02008219341128,Красный,-0.19791095674799664,Ниже
2021-07-15 17:00:00+05:00,49.77,49.80258348454155,Вниз,0.06542528973755121,True,-0.0410911980819008,-0.0154263889677058,-0.025664809114195,False,50.02008219341128,Красный,-0.032583484541547136,Ниже
2021-07-15 17:30:00+05:00,49.815,49.802707031959045,Вверх,0.02468333304264795,True,-0.0362927235727994,-0.0195996558887245,-0.016693067684074896,False,50.02008219341128,Красный,0.012292968040952701,Выше
2021-07-15 18:00:00+05:00,49.82,49.80287910129279,Вверх,0.03437732720710836,True,-0.0317207823069978,-0.0220238811723791,-0.009696901134618699,False,50.02008219341128,Красный,0.017120898707212007,Выше
2021-07-15 18:30:00+05:00,49.83,49.80314896098142,Вверх,0.05391433991376248,True,-0.026979565847391,-0.0230150181073815,-0.0039645477400095,False,50.02008219341128,Красный,0.02685103901858099,Выше
2021-07-15 19:00:00+05:00,49.83,49.80341613549901,Вверх,0.05337759247008063,True,-0.0229574781272177,-0.0230035101113487,4.603198413099738e-05,Ниже,50.02008219341128,Красный,0.026583864500985044,Выше
2021-07-15 19:30:00+05:00,49.945,49.80482493017067,Вверх,0.28144877534629725,True,-0.0103708569432896,-0.0204769794777369,0.010106122534447301,False,50.02008219341128,Красный,0.1401750698293327,Выше
2021-07-15 20:00:00+05:00,49.68,49.803582891064494,Вниз,0.24814056316953587,True,-0.0215309587855898,-0.0206877753393075,-0.0008431834462823001,Ниже,50.02008219341128,Красный,-0.12358289106449405,Ниже
2021-07-15 20:30:00+05:00,49.625,49.8018059468748,Вниз,0.3550191474249052,True,-0.0344167256559302,-0.023433565402632,-0.0109831602532982,False,49.98419076054344,Красный,-0.17680594687480067,Ниже
2021-07-15 21:00:00+05:00,49.78,49.80158897227904,Вниз,0.04334996678732038,True,-0.0317555261879007,-0.0250979575596858,-0.006657568628214903,False,49.98419076054344,Красный,-0.021588972279040775,Ниже
2021-07-15 21:30:00+05:00,49.79,49.80147365912203,Вниз,0.02303879439505406,True,-0.0285109337136617,-0.025780552790481,-0.002730380923180703,False,49.98419076054344,Красный,-0.011473659122032132,Ниже
2021-07-15 22:00:00+05:00,49.74,49.800861980921816,Вниз,0.12221069776890536,True,-0.0296325671459385,-0.0265509556615725,-0.003081611484366,False,49.98419076054344,Красный,-0.06086198092181405,Ниже
2021-07-15 22:30:00+05:00,49.675,49.79960962290269,Вниз,0.25022208777594207,True,-0.0353588318903561,-0.0283125309073292,-0.007046300983026901,False,49.97694905799255,Красный,-0.12460962290269606,Ниже
2021-07-15 23:00:00+05:00,49.73,49.798916989838986,Вниз,0.1383905394027968,True,-0.035054807608752,-0.0296609862476138,-0.005393821361138199,False,49.9485041521933,Красный,-0.0689169898389892,Ниже
2021-07-15 23:30:00+05:00,49.895,49.79987303969133,Вверх,0.1910184795709378,True,-0.0212547337971287,-0.0279797357575167,0.006725001960388,Ниже,49.9485041521933,Красный,0.09512696030867573,Выше
2021-07-16 00:00:00+05:00,49.84,49.80027231292824,Вверх,0.07977403581676211,True,-0.0145879553544432,-0.025301379676902,0.010713424322458798,False,49.9485041521933,Красный,0.03972768707176044,Выше
2021-07-16 00:30:00+05:00,49.805,49.80031935459064,Вверх,0.009398826091919334,True,-0.0119904741773595,-0.0226391985769935,0.010648724399634001,False,49.9485041521933,Красный,0.004680645409358419,Выше
2021-07-16 01:00:00+05:00,49.75,49.79981866449522,Вниз,0.10003784317138105,True,-0.0142062313841719,-0.0209526051384292,0.006746373754257301,False,49.9485041521933,Красный,-0.04981866449521988,Ниже
2021-07-16 01:30:00+05:00,49.775,49.7995717126097,Вниз,0.04934121271464142,True,-0.0137860271287237,-0.0195192895364881,0.0057332624077644,False,49.9485041521933,Красный,-0.024571712609699148,Ниже
2021-07-16 12:00:00+05:00,49.365,49.795247615966815,Вниз,0.8640334902739886,True,-0.0460062542547561,-0.0248166824801417,-0.0211895717746144,Ниже,49.61215792764576,Красный,-0.43024761596681316,Ниже
2021-07-16 12:30:00+05:00,49.46,49.79191181879302,Вниз,0.6665978603130145,True,-0.0631473865699661,-0.0324828232981066,-0.0306645632718595,False,49.61215792764576,Красный,-0.33191181879301723,Ниже
2021-07-16 13:00:00+05:00,49.585,49.78985299472542,Вниз,0.4114352270674959,True,-0.0658859103318008,-0.0391634407048454,-0.026722469626955403,False,49.61215792764576,Красный,-0.20485299472542096,Ниже
2021-07-16 13:30:00+05:00,49.66,49.78856092512616,Вниз,0.25821377990719735,True,-0.0612977348137846,-0.0435902995266333,-0.017707435287151303,False,49.26651187074625,Зелёный,-0.12856092512616613,Ниже
2021-07-16 14:00:00+05:00,49.555,49.78623693582143,Вниз,0.46445955760727986,True,-0.0653805290966644,-0.0479483454406395,-0.017432183656024905,False,49.26651187074625,Зелёный,-0.23123693582142835,Ниже
2021-07-16 14:30:00+05:00,49.705,49.78542860810182,Вниз,0.16155049851018163,True,-0.0558684103257434,-0.0495323584176603,-0.006336051908083097,False,49.26651187074625,Зелёный,-0.08042860810181907,Ниже
2021-07-16 15:00:00+05:00,49.605,49.78363329856847,Вниз,0.35881932822610496,True,-0.0557564265556393,-0.0507771720452561,-0.004979254510383203,False,49.340487153774006,Зелёный,-0.17863329856847088,Ниже
2021-07-16 15:30:00+05:00,49.705,49.7828508776872,Вниз,0.1563809149429355,True,-0.0470560811339808,-0.050032953863001,0.0029768727290202038,Ниже,49.340487153774006,Зелёный,-0.07785087768720445,Ниже
2021-07-16 16:00:00+05:00,49.605,49.7810812172127,Вниз,0.35371111455855925,True,-0.0476805275285912,-0.0495624685961191,0.001881941067527898,False,49.340487153774006,Зелёный,-0.17608121721270464,Ниже
2021-07-16 16:30:00+05:00,49.665,49.77992618022551,Вниз,0.2308685228046055,True,-0.0428400735354443,-0.0482179895839841,0.005377916048539801,False,49.340487153774006,Зелёный,-0.11492618022550971,Ниже
2021-07-16 17:00:00+05:00,49.75,49.77962840728794,Вниз,0.05951914113444777,True,-0.0317788623039376,-0.0449301641279748,0.013151301824037197,False,49.39424662159113,Зелёный,-0.029628407287937364,Ниже
2021-07-16 17:30:00+05:00,49.535,49.77719429378259,Вниз,0.4865567399262744,True,-0.0399015160421711,-0.0439244345108141,0.004022918468643,False,49.39424662159113,Зелёный,-0.24219429378259605,Ниже
2021-07-16 18:00:00+05:00,49.36,49.77304310677979,Вниз,0.8298530308739076,True,-0.0597708143722073,-0.0470937104830927,-0.012677103889114597,Ниже,49.74768523651118,Красный,-0.4130431067797886,Ниже
2021-07-16 18:30:00+05:00,49.325,49.76858496641383,Вниз,0.891295114605292,True,-0.0774488023587451,-0.0531647288582232,-0.024284073500521898,False,49.62266671286007,Красный,-0.4435849664138303,Ниже
2021-07-16 19:00:00+05:00,49.39,49.76481795182265,Вниз,0.7531785852919441,True,-0.0852312852272945,-0.0595780401320375,-0.02565324509525701,False,49.62266671286007,Красный,-0.3748179518226493,Ниже
2021-07-16 19:30:00+05:00,49.375,49.76093916623238,Вниз,0.7755865799540217,True,-0.0915539565889531,-0.0659732234234206,-0.0255807331655325,False,49.62266671286007,Красный,-0.385939166232383,Ниже
2021-07-16 20:00:00+05:00,49.225,49.75560643821018,Вниз,1.066425426588098,True,-0.1074300785208635,-0.0742645944429092,-0.033165484077954305,False,49.57111403367499,Красный,-0.530606438210178,Ниже
2021-07-16 20:30:00+05:00,49.25,49.75057552837725,Вниз,1.006170326796971,True,-0.1166500591966155,-0.0827416873936505,-0.03390837180296501,False,49.54625263030749,Красный,-0.5005755283772473,Ниже
2021-07-16 21:00:00+05:00,49.225,49.74534592112971,Вниз,1.0460193039057535,True,-0.1245386473705423,-0.0911010793890288,-0.0334375679815135,False,49.48887736727675,Красный,-0.5203459211297101,Ниже
2021-07-16 21:30:00+05:00,49.1,49.738924568680666,Вниз,1.284556459998291,True,-0.1392714312974661,-0.1007351497707163,-0.0385362815267498,False,49.42498963054906,Красный,-0.6389245686806646,Ниже
2021-07-16 22:00:00+05:00,49.105,49.732616861529614,Вниз,1.261982379244368,True,-0.1488282115103274,-0.1103537621186385,-0.03847444939168891,False,49.405990667494166,Красный,-0.6276168615296172,Ниже
2021-07-16 22:30:00+05:00,49.075,49.72607341017111,Вниз,1.3093199714376313,True,-0.1570128317738408,-0.119685576049679,-0.03732725572416179,False,49.35664160074474,Красный,-0.651073410171108,Ниже
2021-07-16 23:00:00+05:00,49.06,49.719445814050005,Вниз,1.3263337980803729,True,-0.1628325447236136,-0.1283149697844659,-0.0345175749391477,False,49.329227440670266,Красный,-0.6594458140500024,Ниже
2021-07-16 23:30:00+05:00,48.94,49.71169013430821,Вниз,1.5523313172883626,True,-0.1751091569238738,-0.1376738072123475,-0.03743534971152629,False,49.293804696603246,Красный,-0.7716901343082156,Ниже
2021-07-17 00:00:00+05:00,48.95,49.70411112799669,Вниз,1.5172007121397268,True,-0.1819343185403426,-0.1465259094779465,-0.03540840906239609,False,49.22167422694292,Красный,-0.754111127996687,Ниже
2021-07-17 00:30:00+05:00,48.935,49.69645828095195,Вниз,1.532218406082686,True,-0.1864049230143152,-0.1545017121852203,-0.03190321082909489,False,49.19875680424863,Красный,-0.761458280951949,Ниже
2021-07-17 01:00:00+05:00,48.955,49.689080586614125,Вниз,1.477347896052403,True,-0.186187819134787,-0.1608389335751336,-0.025348885559653395,False,49.17713112382376,Красный,-0.7340805866141267,Ниже
2021-07-17 01:30:00+05:00,48.955,49.681776302170206,Вниз,1.462862957535721,True,-0.1838959249940259,-0.1654503318589121,-0.01844559313511382,False,49.14466801144138,Красный,-0.726776302170208,Ниже
2021-07-19 12:00:00+05:00,48.9,49.6739974334919,Вниз,1.5581541117728617,True,-0.1843920657669997,-0.1692386786405296,-0.015153387126470103,False,48.96220121029725,Красный,-0.7739974334918998,Ниже
2021-07-19 12:30:00+05:00,48.79,49.6652014391288,Вниз,1.7622025357160291,True,-0.1914543747399264,-0.173681817860409,-0.017772556879517398,False,48.96220121029725,Красный,-0.8752014391288014,Ниже
2021-07-19 13:00:00+05:00,48.92,49.65778649943598,Вниз,1.4857418170347902,True,-0.184435336188919,-0.175832521526111,-0.00860281466280799,False,48.96220121029725,Красный,-0.7377864994359769,Ниже
2021-07-19 13:30:00+05:00,48.55,49.646763748197806,Вниз,2.2091344236664803,True,-0.2063499317835493,-0.1819360035775987,-0.02441392820595059,False,48.96220121029725,Красный,-1.0967637481978088,Ниже
2021-07-19 14:00:00+05:00,48.445,49.63480589995704,Вниз,2.397120082135884,True,-0.2295439889385164,-0.1914576006497823,-0.03808638828873412,False,48.883259964076025,Красный,-1.1898058999570367,Ниже
2021-07-19 14:30:00+05:00,47.775,49.61630036861418,Вниз,3.7110795342148033,True,-0.2985473785734456,-0.2128755562345149,-0.0856718223389307,False,48.501183967668425,Красный,-1.841300368614185,Ниже
2021-07-19 15:00:00+05:00,47.75,49.59773021569266,Вниз,3.7254330140858696,True,-0.3512019159959862,-0.2405408281868092,-0.11066108780917702,False,48.06756557090159,Красный,-1.847730215692657,Ниже
2021-07-19 15:30:00+05:00,47.865,49.58048911901911,Вниз,3.4600084620001215,True,-0.379279380745892,-0.2682885386986258,-0.11099084204726622,False,48.06756557090159,Красный,-1.7154891190191108,Ниже
2021-07-19 16:00:00+05:00,47.79,49.562673306889565,Вниз,3.5766297267971447,True,-0.4029380282764876,-0.2952184366141982,-0.1077195916622894,False,48.06756557090159,Красный,-1.7726733068895655,Ниже
2021-07-19 16:30:00+05:00,48.055,49.5476715824429,Вниз,3.0125968280047837,True,-0.3957425181847753,-0.3153232529283136,-0.0804192652564617,False,48.06756557090159,Красный,-1.4926715824429024,Ниже
2021-07-19 17:00:00+05:00,47.925,49.53152559654795,Вниз,3.243440570826914,True,-0.395965494401409,-0.3314517012229327,-0.06451379317847628,False,48.06756557090159,Красный,-1.6065255965479537,Ниже
2021-07-19 17:30:00+05:00,47.775,49.51404772991563,Вниз,3.5122309923067085,True,-0.4035935755466227,-0.3458800760876707,-0.05771349945895199,False,48.06756557090159,Красный,-1.739047729915633,Ниже
2021-07-19 18:00:00+05:00,47.69,49.49589800125976,Вниз,3.648581143459201,True,-0.4117512621926238,-0.3590543133086614,-0.052696948883962424,False,48.06756557090159,Красный,-1.805898001259763,Ниже
2021-07-19 18:30:00+05:00,47.765,49.47867513557559,Вниз,3.463462048811903,True,-0.4074673840697755,-0.3687369274608842,-0.038730456608891295,False,48.06756557090159,Красный,-1.713675135575592,Ниже
2021-07-19 19:00:00+05:00,47.395,49.45794204964946,Вниз,4.1711036977206355,True,-0.4289832358644716,-0.3807861891416017,-0.048197046722869896,False,47.95513116089806,Красный,-2.0629420496494575,Ниже
2021-07-19 19:30:00+05:00,47.31,49.43656949194151,Вниз,4.3016121745424805,True,-0.4477323136424829,-0.3941754140417779,-0.05355689960070498,False,47.76561804480826,Красный,-2.1265694919415097,Ниже
2021-07-19 20:00:00+05:00,47.38,49.41610611391224,Вниз,4.120328925186215,True,-0.4517353539113813,-0.4056874020156987,-0.046047951895682615,False,47.74855624032743,Красный,-2.03610611391224,Ниже
2021-07-19 20:30:00+05:00,47.7,49.39903043118675,Вниз,3.4394003614170368,True,-0.4241965922541197,-0.4093892400633829,-0.014807352190736811,False,47.74855624032743,Красный,-1.699030431186749,Ниже
2021-07-19 21:00:00+05:00,47.59,49.38103012838888,Вниз,3.6269598340339653,True,-0.4065614189641948,-0.4088236758435454,0.0022622568793506104,Ниже,47.74855624032743,Красный,-1.7910301283888757,Ниже
2021-07-19 21:30:00+05:00,47.35,49.36082087338004,Вниз,4.073718462944896,True,-0.4072568083357453,-0.4085103023419854,0.0012534940062400857,False,47.74855624032743,Красный,-2.010820873380041,Ниже
2021-07-19 22:00:00+05:00,47.425,49.34155897414243,Вниз,3.8842691921161436,True,-0.3971776198566346,-0.4062437658449152,0.009066145988280594,False,47.74855624032743,Красный,-1.9165589741424327,Ниже
2021-07-19 22:30:00+05:00,47.44,49.322637989325095,Вниз,3.8169855994575084,True,-0.3835579978874577,-0.4017066122534237,0.018148614365965987,False,47.74855624032743,Красный,-1.8826379893250973,Ниже
2021-07-19 23:00:00+05:00,47.545,49.304950049132806,Вниз,3.5695199921691416,True,-0.3601402542034861,-0.3933933406434363,0.033253086439950175,False,47.74855624032743,Красный,-1.7599500491328044,Ниже
2021-07-19 23:30:00+05:00,47.4,49.28599532227577,Вниз,3.8266353554259167,True,-0.3492558082493389,-0.3845658341646168,0.03531002591527793,False,47.74855624032743,Красный,-1.8859953222757682,Ниже
2021-07-20 00:00:00+05:00,47.38,49.26703019469093,Вниз,3.8302089393938705,True,-0.3383434268522194,-0.3753213527021374,0.03697792584991799,False,47.712731401126845,Красный,-1.8870301946909294,Ниже
2021-07-20 00:30:00+05:00,47.295,49.247408003698986,Вниз,3.964488859093535,True,-0.3327187015199797,-0.3668008224657059,0.03408212094572621,False,47.64820826101416,Красный,-1.9524080036989844,Ниже
2021-07-20 01:00:00+05:00,47.325,49.22827956585124,Вниз,3.866232138592765,True,-0.3221270369261191,-0.3578660653577886,0.035739028431669484,False,47.598387434912745,Красный,-1.9032795658512356,Ниже
2021-07-20 01:30:00+05:00,47.375,49.2098389731562,Вниз,3.72860186386121,True,-0.306169156837754,-0.3475266836537817,0.04135752681602772,False,47.598387434912745,Красный,-1.8348389731562023,Ниже
2021-07-20 12:00:00+05:00,47.195,49.18979082416958,Вниз,4.0552943827307955,True,-0.304536411391453,-0.338928629201316,0.03439221780986301,False,47.598387434912745,Красный,-1.994790824169577,Ниже
2021-07-20 12:30:00+05:00,47.14,49.16939489557088,Вниз,4.12735381405657,True,-0.3041741588464361,-0.33197773513034,0.027803576283903897,False,47.598387434912745,Красный,-2.0293948955708814,Ниже
2021-07-20 13:00:00+05:00,47.04,49.14820688665972,Вниз,4.289488915681992,True,-0.3084011785465392,-0.3272624238135799,0.018861245267040694,False,47.39054774604625,Красный,-2.1082068866597226,Ниже
2021-07-20 13:30:00+05:00,46.89,49.12573716639445,Вниз,4.551050621025299,True,-0.3201642147384049,-0.3258427819985449,0.005678567260139988,False,47.33399297144162,Красный,-2.2357371663944505,Ниже
2021-07-20 14:00:00+05:00,47.0,49.10458555279849,Вниз,4.285924683216369,True,-0.3169567449201906,-0.324065574582874,0.007108829662683391,False,47.324843674297455,Красный,-2.10458555279849,Ниже
2021-07-20 14:30:00+05:00,46.935,49.08299763685025,Вниз,4.376256015866455,True,-0.3160169124994212,-0.3224558421661835,0.006438929666762294,False,47.320859306867725,Красный,-2.147997636850249,Ниже
2021-07-20 15:00:00+05:00,46.885,49.06112701359801,Вниз,4.435542243036665,True,-0.3156678482096495,-0.3210982433748767,0.0054303951652271976,False,47.290773376180944,Красный,-2.1761270135980126,Ниже
2021-07-20 15:30:00+05:00,46.885,49.03947400848759,Вниз,4.39334648678063,True,-0.3117970103961909,-0.3192379967791395,0.0074409863829486,False,47.21544603856285,Красный,-2.1544740084875897,Ниже
2021-07-20 16:00:00+05:00,46.975,49.01893197855239,Вниз,4.169678726265768,True,-0.2980315732443799,-0.3149967120721876,0.016965138827807702,False,47.21544603856285,Красный,-2.0439319785523864,Ниже
2021-07-20 16:30:00+05:00,46.96,48.99844509319366,Вниз,4.160224042449905,True,-0.2850468965784998,-0.3090067489734501,0.0239598523949503,False,47.21544603856285,Красный,-2.0384450931936584,Ниже
2021-07-20 17:00:00+05:00,46.935,48.977913301221584,Вниз,4.171090933697717,True,-0.2736196211670005,-0.3019293234121603,0.028309702245159774,False,47.21544603856285,Красный,-2.0429133012215814,Ниже
2021-07-20 17:30:00+05:00,46.94,48.957635556930825,Вниз,4.12118668309584,True,-0.2611495948911368,-0.2937733777079556,0.03262378281681877,False,47.21544603856285,Красный,-2.017635556930827,Ниже
2021-07-20 18:00:00+05:00,46.965,48.93780833745888,Вниз,4.031256005285417,True,-0.24640926553095,-0.2843005552725545,0.037891289741604495,False,47.21544603856285,Красный,-1.9728083374588792,Ниже
2021-07-20 18:30:00+05:00,46.905,48.91758138882745,Вниз,4.114229141523161,True,-0.2368388164250348,-0.2748082075030506,0.037969391078015835,False,47.21544603856285,Красный,-2.0125813888274493,Ниже
2021-07-20 19:00:00+05:00,46.995,48.89845122575455,Вниз,3.8926615834245766,True,-0.2194620962830811,-0.2637389852590567,0.04427688897597559,False,47.21544603856285,Красный,-1.9034512257545515,Ниже
2021-07-20 19:30:00+05:00,46.995,48.87951141256297,Вниз,3.8554219510439225,True,-0.2033468643053879,-0.251660561068323,0.04831369676293512,False,47.21544603856285,Красный,-1.884511412562972,Ниже
2021-07-20 20:00:00+05:00,47.32,48.86399388606981,Вниз,3.1597783219884725,True,-0.1624777011968774,-0.2338239890940339,0.0713462878971565,False,46.88228413127187,Зелёный,-1.5439938860698064,Ниже
2021-07-20 20:30:00+05:00,47.41,48.84952628521339,Вниз,2.946858229102494,True,-0.1214266166965174,-0.2113445146145306,0.0899178979180132,False,46.96655571814468,Зелёный,-1.4395262852133968,Ниже
2021-07-20 21:00:00+05:00,47.515,48.836247416703806,Вниз,2.7054646632244923,True,-0.0795042386213396,-0.1849764594158924,0.10547222079455282,False,47.08590014633022,Зелёный,-1.3212474167038053,Ниже
2021-07-20 21:30:00+05:00,47.65,48.82444395982118,Вниз,2.4054425705035394,True,-0.0349838086351397,-0.1549779292597419,0.11999412062460221,False,47.28056013169719,Зелёный,-1.1744439598211827,Ниже
2021-07-20 22:00:00+05:00,47.735,48.81360372141501,Вниз,2.2096375583550967,True,0.0070761727914856,-0.1225671088494964,0.129643281640982,False,47.36025411852747,Зелёный,-1.078603721415007,Ниже
2021-07-20 22:30:00+05:00,47.84,48.80391612219695,Вниз,1.9750794583440023,True,0.0483245779229832,-0.0883887714950004,0.1367133494179836,False,47.440478706674725,Зелёный,-0.9639161221969488,Ниже
2021-07-20 23:00:00+05:00,47.815,48.794076160782055,Вниз,2.00654718321931,True,0.0780966950154891,-0.0550916781929025,0.1331883732083916,False,47.53518083600725,Зелёный,-0.9790761607820571,Ниже
2021-07-20 23:30:00+05:00,47.825,48.78443361191855,Вниз,1.966679821581753,True,0.1013301577516188,-0.0238073110039982,0.125137468755617,False,47.53518083600725,Зелёный,-0.9594336119185485,Ниже
2021-07-21 00:00:00+05:00,47.825,48.774887008814886,Вниз,1.9474919719305843,True,0.1183782535391699,0.0046298019046353,0.1137484516345346,False,47.55232147716588,Зелёный,-0.9498870088148834,Ниже
2021-07-21 00:30:00+05:00,47.9,48.7661816654436,Вниз,1.7761933287825702,True,0.1363688897996127,0.0309776194836308,0.1053912703159819,False,47.581339329449285,Зелёный,-0.8661816654435981,Ниже
2021-07-21 01:00:00+05:00,48.0,48.758557967279984,Вниз,1.5557432354521707,True,0.1568872641939833,0.0561595484257013,0.100727715768282,False,47.69045539650436,Зелёный,-0.7585579672799838,Ниже
2021-07-21 01:30:00+05:00,47.98,48.75081112183442,Вниз,1.5811247117674943,True,0.1695795830021822,0.0788435553409975,0.0907360276611847,False,47.74215985685392,Зелёный,-0.77081112183442,Ниже
2021-07-21 12:00:00+05:00,48.115,48.7444846430102,Вниз,1.29139665260666,True,0.18836040733337,0.100746925739472,0.08761348159389801,False,47.75569387116853,Зелёный,-0.6294846430102012,Ниже
2021-07-21 12:30:00+05:00,48.23,48.73936539283099,Вниз,1.0450800676734195,True,0.2101019602158231,0.1226179326347422,0.08748402758108091,False,47.86162448405168,Зелёный,-0.5093653928309934,Ниже
2021-07-21 13:00:00+05:00,47.53,48.72733190633516,Вниз,2.457208017538695,True,0.168901160220976,0.131874578151989,0.03702658206898701,False,48.19528796435348,Красный,-1.1973319063351582,Ниже
2021-07-21 13:30:00+05:00,47.485,48.714970394829336,Вниз,2.524830426582559,True,0.1311067880287737,0.1317210201273459,-0.0006142320985721983,Выше,47.89325916791814,Красный,-1.229970394829337,Ниже
2021-07-21 14:00:00+05:00,47.27,48.70059257995541,Вниз,2.9375260221047577,True,0.0828507210630391,0.1219469603144846,-0.039096239251445494,False,47.77668325112633,Красный,-1.430592579955409,Ниже
2021-07-21 14:30:00+05:00,47.3,48.68665633537874,Вниз,2.8481239825276625,True,0.04649225582137,0.1068560194158616,-0.0603637635944916,False,47.67876492601369,Красный,-1.3866563353787456,Ниже
2021-07-21 15:00:00+05:00,47.34,48.67325676985259,Вниз,2.7391977819704603,True,0.0206673356938864,0.0896182826714666,-0.0689509469775802,False,47.66813843341232,Красный,-1.3332567698525892,Ниже
2021-07-21 15:30:00+05:00,47.43,48.66088605572471,Вниз,2.5295183780976433,True,0.0073780981501982,0.0731702457672129,-0.0657921476170147,False,47.66813843341232,Красный,-1.23088605572471,Ниже
2021-07-21 16:00:00+05:00,47.39,48.64824042332945,Вниз,2.5864047956933978,True,-0.0063086617276226,0.0572744642682458,-0.06358312599586839,False,47.66813843341232,Красный,-1.2582404233294469,Ниже
2021-07-21 16:30:00+05:00,47.38,48.63562111563463,Вниз,2.581690306060443,True,-0.017757733862922,0.0422680246420122,-0.060025758504934204,False,47.66617791795758,Красный,-1.255621115634625,Ниже
2021-07-21 17:00:00+05:00,47.315,48.62248060702135,Вниз,2.6890454594218025,True,-0.0317106224719054,0.0274722952192287,-0.059182917691134096,False,47.65306012616183,Красный,-1.307480607021354,Ниже
2021-07-21 17:30:00+05:00,47.38,48.61011761590672,Вниз,2.5305793860169183,True,-0.0370958130063314,0.0145586735741166,-0.051654486580447995,False,47.62675411354565,Красный,-1.230117615906714,Ниже
2021-07-21 18:00:00+05:00,47.33,48.59738012719123,Вниз,2.6079186241607824,True,-0.0448808390602977,0.0026707710472338,-0.047551610107531506,False,47.59682870219108,Красный,-1.267380127191231,Ниже
2021-07-21 18:30:00+05:00,47.38,48.5852668920948,Вниз,2.48072506171805,True,-0.0464801519053068,-0.0071594135432743,-0.0393207383620325,False,47.59682870219108,Красный,-1.205266892094798,Ниже
2021-07-21 19:00:00+05:00,47.335,48.57282642550679,Вниз,2.5483928290752624,True,-0.0507932300385149,-0.0158861768423224,-0.0349070531961925,False,47.58088124877477,Красный,-1.237826425506789,Ниже
2021-07-21 19:30:00+05:00,47.235,48.55951471978035,Вниз,2.7276111127214833,True,-0.0615707900569759,-0.0250230994852531,-0.0365476905717228,False,47.5350431238973,Красный,-1.3245147197803533,Ниже
2021-07-21 20:00:00+05:00,47.215,48.54613646386214,Вниз,2.742002888021868,True,-0.0709085275066883,-0.0342001850895401,-0.0367083424171482,False,47.49128881150757,Красный,-1.331136463862137,Ниже
2021-07-21 20:30:00+05:00,47.13,48.53204555377396,Вниз,2.8889067785541402,True,-0.0841969710640739,-0.0441995422844469,-0.039997428779626996,False,47.38690993035681,Красный,-1.4020455537739593,Ниже
2021-07-21 21:00:00+05:00,47.24,48.51918937910954,Вниз,2.6364607395116697,True,-0.0848737063746938,-0.0523343751024963,-0.0325393312721975,False,47.38690993035681,Красный,-1.279189379109539,Ниже
2021-07-21 21:30:00+05:00,47.345,48.507505902700494,Вниз,2.39654849505626,True,-0.0760606220012434,-0.0570796244822457,-0.018980997518997705,False,47.38690993035681,Красный,-1.1625059027004951,Ниже
2021-07-21 22:00:00+05:00,47.37,48.49618743600696,Вниз,2.3222184991202113,True,-0.0662946941075048,-0.0589226384072975,-0.007372055700207297,False,47.38690993035681,Красный,-1.1261874360069655,Ниже
2021-07-21 22:30:00+05:00,47.4,48.485280098335245,Вниз,2.2383702767812,True,-0.0554946686168804,-0.0582370444492141,0.0027423758323337002,Ниже,47.1604801446929,Зелёный,-1.0852800983352466,Ниже
2021-07-21 23:00:00+05:00,47.375,48.47423253516774,Вниз,2.2676636177174143,True,-0.0483949943023844,-0.0562686344198482,0.007873640117463804,False,47.1604801446929,Зелёный,-1.0992325351677366,Ниже
2021-07-21 23:30:00+05:00,47.365,48.463195395514326,Вниз,2.2660400053108574,True,-0.043078782297556,-0.0536306639953897,0.010551881697833707,False,47.171088917201246,Зелёный,-1.098195395514324,Ниже
2021-07-22 00:00:00+05:00,47.275,48.45137255575797,Вниз,2.4279447489422497,True,-0.0456022198174466,-0.0520249751598011,0.006422755342354494,False,47.171088917201246,Зелёный,-1.1763725557579718,Ниже
2021-07-22 00:30:00+05:00,47.195,48.438871336297694,Вниз,2.5679197346730875,True,-0.0534413549704311,-0.0523082511219271,-0.0011331038485039996,Ниже,47.171088917201246,Зелёный,-1.243871336297694,Ниже
2021-07-22 01:00:00+05:00,47.27,48.42724077573752,Вниз,2.3896483821917602,True,-0.052991203253029,-0.0524448415481475,-0.0005463617048815025,False,47.171088917201246,Зелёный,-1.1572407757375203,Ниже
2021-07-22 01:30:00+05:00,47.25,48.41552693717296,Вниз,2.4073412206902636,True,-0.0536300735228323,-0.0526818879430844,-0.0009481855797478997,False,47.171088917201246,Зелёный,-1.165526937172963,Ниже
2021-07-22 12:00:00+05:00,47.375,48.40517343531055,Вниз,2.128230026253892,True,-0.0435479340074635,-0.0508550971559603,0.007307163148496804,Ниже,47.46048981971816,Зелёный,-1.0301734353105516,Ниже
2021-07-22 12:30:00+05:00,47.285,48.3940274309791,Вниз,2.291661781117163,True,-0.0423320362788075,-0.0491504849805297,0.006818448701722199,False,47.706809162253656,Красный,-1.1090274309791042,Ниже
2021-07-22 13:00:00+05:00,47.24,48.38254457096936,Вниз,2.3614809454542605,True,-0.0444867370751183,-0.0482177353994474,0.0037309983243291045,False,47.523128246028286,Красный,-1.1425445709693562,Ниже
2021-07-22 13:30:00+05:00,47.215,48.37092721205424,Вниз,2.3897148115163183,True,-0.0476622236012858,-0.0481066330398151,0.000444409438529296,False,47.50756542142546,Красный,-1.1559272120542374,Ниже
2021-07-22 14:00:00+05:00,47.27,48.35997271243181,Вниз,2.2538737126946553,True,-0.0452195167645115,-0.0475292097847544,0.002309693020242906,False,47.50756542142546,Красный,-1.089972712431809,Ниже
2021-07-22 14:30:00+05:00,47.26,48.34902771031807,Вниз,2.2524293908099904,True,-0.0435881137811122,-0.046740990584026,0.003152876802913797,False,47.50756542142546,Красный,-1.0890277103180708,Ниже
2021-07-22 15:00:00+05:00,47.435,48.33993290723033,Вниз,1.87201936950759,True,-0.0278531044490364,-0.042963413357028,0.015110308907991605,False,47.50756542142546,Красный,-0.9049329072303252,Ниже
2021-07-22 15:30:00+05:00,47.585,48.332421137009135,Вниз,1.54641774491371,True,-0.003241879423065,-0.0350191065702354,0.0317772271471704,False,47.15483432700275,Зелёный,-0.7474211370091339,Ниже
2021-07-22 16:00:00+05:00,47.59,48.32503386201402,Вниз,1.5210208938762655,True,0.0164762242801757,-0.0247200404001532,0.0411962646803289,False,47.32060089430248,Зелёный,-0.7350338620140136,Ниже
2021-07-22 16:30:00+05:00,47.62,48.31801859970543,Вниз,1.4446341549893156,True,0.0341302801812233,-0.0129499762838779,0.0470802564651012,False,47.32060089430248,Зелёный,-0.6980185997054349,Ниже
2021-07-22 17:00:00+05:00,47.765,48.31251592707154,Вниз,1.1332796824285036,True,0.0591398079648755,0.0014679805658727,0.0576718273990028,False,47.402961724385015,Зелёный,-0.5475159270715366,Ниже
2021-07-22 17:30:00+05:00,47.725,48.30666999744894,Вниз,1.2041194259088004,True,0.0748693262231299,0.0161482496973241,0.0587210765258058,False,47.402961724385015,Зелёный,-0.581669997448941,Ниже
2021-07-22 18:00:00+05:00,47.85,48.30212601737483,Вниз,0.9360375094301135,True,0.0963113211408739,0.0321808639860341,0.06413045715483981,False,47.407548996751856,Зелёный,-0.45212601737483027,Ниже
2021-07-22 18:30:00+05:00,47.565,48.29479143013727,Вниз,1.5111182977008693,True,0.0892779972600052,0.0436002906408283,0.045677706619176896,False,47.407548996751856,Зелёный,-0.7297914301372757,Ниже
2021-07-22 19:00:00+05:00,47.585,48.287728828842376,Вниз,1.4552948458877053,True,0.0843455868432485,0.0517493498813124,0.0325962369619361,False,47.407548996751856,Зелёный,-0.7027288288423748,Ниже
2021-07-22 19:30:00+05:00,47.63,48.281184263381256,Вниз,1.3487329967486785,True,0.0831097030484429,0.0580214205147385,0.025088282533704397,False,47.407548996751856,Зелёный,-0.6511842633812535,Ниже
2021-07-22 20:00:00+05:00,47.59,48.27430680802424,Вниз,1.4175383413490925,True,0.0780034157100715,0.0620178195538051,0.015985596156266393,False,47.407548996751856,Зелёный,-0.6843068080242389,Ниже
2021-07-22 20:30:00+05:00,47.56,48.26719927759613,Вниз,1.4651757056150159,True,0.0707206730294629,0.0637583902489366,0.0069622827805262966,False,47.407548996751856,Зелёный,-0.7071992775961249,Ниже
2021-07-22 21:00:00+05:00,47.535,48.25991371264493,Вниз,1.502103209221019,True,0.0622145849118425,0.0634496291815178,-0.0012350442696752936,Выше,47.407548996751856,Зелёный,-0.7249137126449341,Ниже
2021-07-22 21:30:00+05:00,47.605,48.25339715829026,Вниз,1.343733698506793,True,0.0604253183249738,0.062844767010209,-0.0024194486852351996,False,47.407548996751856,Зелёный,-0.6483971582902655,Ниже
2021-07-22 22:00:00+05:00,47.6,48.246895694028666,Вниз,1.3408027288038105,True,0.0579360032688782,0.0618630142619429,-0.0039270109930647015,False,47.407548996751856,Зелёный,-0.6468956940286645,Ниже
2021-07-22 22:30:00+05:00,47.61,48.24055842344132,Вниз,1.3071126123923915,True,0.0561231666492219,0.0607150447393987,-0.004591878090176797,False,47.407548996751856,Зелёный,-0.6305584234413217,Ниже
2021-07-22 23:00:00+05:00,47.6,48.23418470778519,Вниз,1.314803415103289,True,0.0532655520138902,0.059225146194297,-0.005959594180406799,False,47.407548996751856,Зелёный,-0.6341847077851881,Ниже
2021-07-22 23:30:00+05:00,47.69,48.2287699345734,Вниз,1.1171131573629003,True,0.0575991524903187,0.0588999474535013,-0.0013007949631825971,False,47.42936605010649,Зелёный,-0.538769934573402,Ниже
2021-07-23 00:00:00+05:00,47.735,48.22385680089606,Вниз,1.0137239808803002,True,0.0639277665104316,0.0599055112648874,0.0040222552455441984,Выше,47.49842944509584,Зелёный,-0.488856800896059,Ниже
2021-07-23 00:30:00+05:00,47.695,48.21859454417073,Вниз,1.0858768263995906,True,0.0649666775915918,0.0609177445302283,0.004048933061363502,False,47.52983650058625,Зелёный,-0.5235945441707273,Ниже
2021-07-23 01:00:00+05:00,47.64,48.21283738452724,Вниз,1.1881428590450032,True,0.0606528138792015,0.0608647584000229,-0.00021194452082139853,Выше,47.52983650058625,Зелёный,-0.5728373845272401,Ниже
2021-07-23 01:30:00+05:00,47.69,48.20763502249215,Вниз,1.0737614949387968,True,0.0605704099577621,0.0608058887115708,-0.00023547875380870026,False,47.52983650058625,Зелёный,-0.5176350224921507,Ниже
2021-07-23 12:00:00+05:00,47.85,48.20407646505442,Вниз,0.7345363525657566,True,0.0725791201622456,0.0631605350017057,0.009418585160539908,Выше,47.67135580892738,Зелёный,-0.35407646505441903,Ниже
2021-07-23 12:30:00+05:00,48.12,48.20323988331258,Вниз,0.17268524587575718,True,0.1026990028562124,0.0710682285726071,0.031630774283605306,False,47.82747022803464,Зелёный,-0.08323988331257937,Ниже
2021-07-23 13:00:00+05:00,47.91,48.200322073528376,Вниз,0.6023239286357891,True,0.1083747057890249,0.0785295240158907,0.029845181773134208,False,47.82747022803464,Зелёный,-0.2903220735283796,Ниже
2021-07-23 13:30:00+05:00,48.145,48.19977160513506,Вниз,0.1136345740053753,True,0.1303328809553221,0.0888901954037769,0.041442685551545205,False,47.82747022803464,Зелёный,-0.054771605135059076,Ниже
2021-07-23 14:00:00+05:00,48.175,48.19952512150188,Вниз,0.05088249612430401,True,0.1484444668439479,0.1008010496918111,0.04764341715213681,False,47.83348829623725,Зелёный,-0.02452512150188113,Ниже
2021-07-23 14:30:00+05:00,48.24,48.19992785661131,Вверх,0.0831373513833901,True,0.1661279661373882,0.1138664329809266,0.052261533156461606,False,47.86638946661352,Зелёный,0.04007214338869147,Выше
2021-07-23 15:00:00+05:00,48.26,48.20052558938135,Вверх,0.12338954791760719,True,0.1796848050010524,0.1270301073849517,0.0526546976161007,False,47.937750519952175,Зелёный,0.05947441061864822,Выше
2021-07-23 15:30:00+05:00,48.245,48.2009681208303,Вверх,0.09135061158797009,True,0.1870619886691571,0.1390364836417928,0.0480255050273643,False,47.95247546795696,Зелёный,0.04403187916970097,Выше
2021-07-23 16:00:00+05:00,49.125,48.21016246788671,Вверх,1.8976030888148772,True,0.2609095030681629,0.1634110875270668,0.09749841554109612,False,48.33497792116126,Зелёный,0.9148375321132889,Выше
2021-07-23 16:30:00+05:00,49.315,48.22115587616645,Вверх,2.26839051026188,True,0.3309506097560728,0.196918991972868,0.13403161778320483,False,48.90523012904514,Зелёный,1.0938441238335486,Выше
2021-07-23 17:00:00+05:00,49.24,48.231293628642405,Вверх,2.091393979859109,True,0.3760716977906781,0.2327495331364301,0.14332216465424802,False,48.90523012904514,Зелёный,1.0087063713575972,Выше
2021-07-23 17:30:00+05:00,48.895,48.2378976721385,Вверх,1.362211786939119,True,0.3796158927147743,0.2621228050520989,0.11749308766267541,False,49.37508859547344,Красный,0.6571023278615016,Выше
2021-07-23 18:00:00+05:00,49.1,48.24647580475404,Вверх,1.7690912776718433,True,0.3944198529235052,0.2885822146263802,0.105837638297125,False,49.37508859547344,Красный,0.85352419524596,Выше
2021-07-23 18:30:00+05:00,49.16,48.255565597741565,Вверх,1.874259250835017,True,0.4063099088941868,0.3121277534799416,0.09418215541424518,False,49.37508859547344,Красный,0.9044344022584312,Выше
2021-07-23 19:00:00+05:00,49.305,48.26600773109737,Вверх,2.152637679691951,True,0.4225621190262743,0.3342146265892081,0.08834749243706619,False,49.37508859547344,Красный,1.038992268902632,Выше
2021-07-23 19:30:00+05:00,49.525,48.27853501735511,Вверх,2.58182022755415,True,0.4480296669186288,0.3569776346550922,0.09105203226353659,False,48.93000962250988,Зелёный,1.2464649826448877,Выше
2021-07-23 20:00:00+05:00,49.41,48.28979337539138,Вверх,2.319758579003309,True,0.4537033335930545,0.3763227744426847,0.07738055915036979,False,48.97800866025889,Зелёный,1.1202066246086133,Выше
2021-07-23 20:30:00+05:00,49.6,48.30283025722829,Вверх,2.685494278210746,True,0.4681348008326438,0.3946851797206765,0.07344962111196729,False,49.011457794233,Зелёный,1.2971697427717146,Выше
2021-07-23 21:00:00+05:00,49.47,48.31444388650959,Вверх,2.3917404828353224,True,0.4637362660393549,0.4084953969844122,0.05524086905494274,False,49.063562014809705,Зелёный,1.1555561134904053,Выше
2021-07-23 21:30:00+05:00,49.55,48.32673797719109,Вверх,2.5312323446830964,True,0.4613871431552709,0.419073746218584,0.0423133969366869,False,49.08320581332873,Зелёный,1.2232620228089104,Выше
2021-07-23 22:00:00+05:00,49.425,48.33766595751755,Вверх,2.249454997347348,True,0.4443171791503104,0.4241224328049293,0.020194746345381098,False,49.093635231995854,Зелёный,1.0873340424824463,Выше
2021-07-23 22:30:00+05:00,49.455,48.34878370918405,Вверх,2.2879919740479853,True,0.4282729944837342,0.4249525451406903,0.003320449343043874,False,49.093635231995854,Зелёный,1.1062162908159507,Выше
2021-07-23 23:00:00+05:00,49.47,48.35994009018719,Вверх,2.2954120864141765,True,0.4120187416027008,0.4223657844330925,-0.010347042830391673,Выше,49.11771953791664,Зелёный,1.1100599098128114,Выше
2021-07-23 23:30:00+05:00,49.47,48.37098546242413,Вверх,2.2720532299876592,True,0.3945885578172436,0.4168103391099227,-0.0222217812926791,False,49.135697584124976,Зелёный,1.0990145375758686,Выше
2021-07-24 00:00:00+05:00,49.53,48.38251794538508,Вверх,2.3716873435777237,True,0.3812220200045146,0.4096926752888411,-0.028470655284326518,False,49.20237782571248,Зелёный,1.147482054614919,Выше
2021-07-24 00:30:00+05:00,49.48,48.39343816483399,Вверх,2.245266871647032,True,0.3624166468463414,0.4002374696003412,-0.03782082275399978,False,49.21814004314123,Зелёный,1.086561835166009,Выше
2021-07-24 01:00:00+05:00,49.535,48.404796989064494,Вверх,2.3348987729270636,True,0.3479404525275811,0.3897780661857892,-0.041837613658208095,False,49.23207603882711,Зелёный,1.130203010935503,Выше
2021-07-24 01:30:00+05:00,49.605,48.41673930758127,Вверх,2.45423526947976,True,0.3382176170638473,0.3794659763614009,-0.041248359297553605,False,49.3241184349444,Зелёный,1.18826069241873,Выше
2021-07-26 12:00:00+05:00,48.765,48.42020458810285,Вверх,0.7120899525936137,True,0.2597371321043624,0.3555202075099932,-0.0957830754056308,False,49.63079340855004,Красный,0.34479541189715235,Выше
2021-07-26 12:30:00+05:00,48.99,48.42587419419138,Вверх,1.1649264266173813,True,0.2132383232944548,0.3270638306668856,-0.1138255073724308,False,49.26396406769504,Красный,0.5641258058086223,Выше
2021-07-26 13:00:00+05:00,48.93,48.43089037136361,Вверх,1.0305605055146894,True,0.1695912414827702,0.2955693128300625,-0.1259780713472923,False,49.25156766092554,Красный,0.49910962863638986,Выше
2021-07-26 13:30:00+05:00,48.94,48.43595613881273,Вверх,1.0406398497486653,True,0.1342598669410506,0.2633074236522602,-0.12904755671120957,False,49.25156766092554,Красный,0.5040438611872702,Выше
2021-07-26 14:00:00+05:00,49.17,48.44326005782952,Вверх,1.5001879338899382,True,0.1233961419645908,0.2353251673147263,-0.1119290253501355,False,49.25156766092554,Красный,0.7267399421704823,Выше
2021-07-26 14:30:00+05:00,49.16,48.45039179854764,Вверх,1.464607767059638,True,0.1126807318894123,0.2107962802296635,-0.09811554834025121,False,49.25156766092554,Красный,0.7096082014523546,Выше
2021-07-26 15:00:00+05:00,49.225,48.4580993428407,Вверх,1.582605730640585,True,0.1081865418659617,0.1902743325569232,-0.08208779069096149,False,49.25156766092554,Красный,0.7669006571593044,Выше
2021-07-26 15:30:00+05:00,49.23,48.46577994639453,Вверх,1.5768240074764794,True,0.1038314181511097,0.1729857496757605,-0.0691543315246508,False,49.25156766092554,Красный,0.7642200536054702,Выше
2021-07-26 16:00:00+05:00,49.245,48.47353337976374,Вверх,1.591521324002193,True,0.1004326013585554,0.1584751200123195,-0.0580425186537641,False,49.25156766092554,Красный,0.7714666202362608,Выше
2021-07-26 16:30:00+05:00,49.27,48.48145842076112,Вверх,1.6264807308296765,True,0.0986194816338041,0.1465039923366164,-0.0478845107028123,False,48.96675877038906,Зелёный,0.7885415792388812,Выше
2021-07-26 17:00:00+05:00,49.46,48.49119515289285,Вверх,1.9978984721917188,True,0.1112317726570495,0.1394495484007031,-0.028217775743653584,False,49.06258289335016,Зелёный,0.9688048471071511,Выше
2021-07-26 17:30:00+05:00,49.46,48.5008350021178,Вверх,1.9776257415780891,True,0.1198455986991149,0.1355287584603854,-0.015683159761270493,False,49.08507460401514,Зелёный,0.9591649978821977,Выше
2021-07-26 18:00:00+05:00,49.525,48.51102569861415,Вверх,2.090193490620871,True,0.1304137461827892,0.1345057560048662,-0.004092009822076997,False,49.182817143613626,Зелёный,1.0139743013858507,Выше
2021-07-26 18:30:00+05:00,49.625,48.522110020020975,Вверх,2.2729637674947685,True,0.145184645251966,0.1366415338542861,0.008543111397679909,Выше,49.27203542925227,Зелёный,1.1028899799790253,Выше
2021-07-26 19:00:00+05:00,49.61,48.532934795941166,Вверх,2.2192459792250365,True,0.1539061799044248,0.1400944630643139,0.0138117168401109,False,49.29983188632705,Зелёный,1.077065204058833,Выше
2021-07-26 19:30:00+05:00,49.555,48.54310459896663,Вверх,2.084529634832857,True,0.1545979101317982,0.1429951524778107,0.011602757653987494,False,49.32884869769433,Зелёный,1.011895401033371,Выше
2021-07-26 20:00:00+05:00,49.615,48.55377022484756,Вверх,2.1856794441255416,True,0.1581643892543098,0.1460289998331105,0.012135389421199322,False,49.32884869769433,Зелёный,1.0612297751524409,Выше
2021-07-26 20:30:00+05:00,49.7,48.56517549624211,Вверх,2.336704216884177,True,0.1659368228773061,0.1500105644419497,0.01592625843535639,False,49.35604244513242,Зелёный,1.1348245037578906,Выше
2021-07-26 21:00:00+05:00,49.735,48.57681554105563,Вверх,2.3842329844892927,True,0.1729273412670977,0.1545939198069793,0.018333421460118376,False,49.40468820061916,Зелёный,1.158184458944369,Выше
2021-07-26 21:30:00+05:00,49.745,48.58843926701528,Вверх,2.380320813823418,True,0.1772312819854065,0.1591213922426647,0.018109889742741803,False,49.47521938055725,Зелёный,1.1565607329847154,Выше
2021-07-26 22:00:00+05:00,49.725,48.59974832903502,Вверх,2.3153446461217935,True,0.1769881440070335,0.1626947425955385,0.014293401411494988,False,49.47521938055725,Зелёный,1.1252516709649782,Выше
2021-07-26 22:30:00+05:00,49.65,48.61019859441776,Вверх,2.139060188290706,True,0.1687977863999705,0.1639153513564249,0.004882435043545602,False,49.47521938055725,Зелёный,1.0398014055822387,Выше
2021-07-26 23:00:00+05:00,49.56,48.61964935467231,Вверх,1.9340959011612522,True,0.1532777308799069,0.1617878272611213,-0.008510096381214388,Выше,49.47521938055725,Зелёный,0.9403506453276904,Выше
2021-07-26 23:30:00+05:00,49.57,48.62910557999896,Вверх,1.9348380127065805,True,0.1401691092515946,0.157464083659216,-0.0172949744076214,False,49.47521938055725,Зелёный,0.9408944200010367,Выше
2021-07-27 00:00:00+05:00,49.45,48.63727368368057,Вверх,1.6709948045301952,True,0.1187288033120168,0.1497170275897761,-0.030988224277759296,False,49.75677420797474,Красный,0.8127263163194343,Выше
2021-07-27 00:30:00+05:00,49.315,48.644017229116585,Вверх,1.3793736806790418,True,0.0898085772532368,0.1377353375224683,-0.04792676026923151,False,49.66359678717728,Красный,0.6709827708834126,Выше
2021-07-27 01:00:00+05:00,49.36,48.65114143579205,Вверх,1.4570235009665204,True,0.0697165645034445,0.1241315829186635,-0.054415018415218994,False,49.59273710845955,Красный,0.7088585642079508,Выше
2021-07-27 01:30:00+05:00,49.4,48.65859276478914,Вверх,1.5236923081494513,True,0.0563713515000046,0.1105795366349317,-0.054208185134927096,False,49.58371339761359,Красный,0.7414072352108576,Выше
2021-07-27 12:00:00+05:00,48.795,48.65995005071164,Вверх,0.2775381995822322,True,-0.0029888165397267,0.0878658660000001,-0.0908546825397268,False,49.49809205785223,Красный,0.13504994928835856,Выше
2021-07-27 12:30:00+05:00,48.84,48.6617415924956,Вверх,0.36632147077097543,True,-0.0458722665248174,0.0611182394950365,-0.10699050601985391,False,49.22953285206701,Красный,0.17825840750440136,Выше
2021-07-27 13:00:00+05:00,49.03,48.66540585525684,Вверх,0.7491854600525738,True,-0.063790955071262,0.0361364005817768,-0.09992735565303881,False,49.22953285206701,Красный,0.3645941447431582,Выше
2021-07-27 13:30:00+05:00,49.1,48.66973017510504,Вверх,0.8840604280051062,True,-0.0715188055840485,0.0146053593486117,-0.0861241649326602,False,49.22953285206701,Красный,0.4302698248949639,Выше
2021-07-27 14:00:00+05:00,49.02,48.67321544699454,Вверх,0.7124751258381807,True,-0.0831401265774332,-0.0049437378365972,-0.078196388740836,False,49.22953285206701,Красный,0.3467845530054632,Выше
2021-07-27 14:30:00+05:00,49.22,48.678656089313,Вверх,1.1120765324617188,True,-0.0753432683633974,-0.0190236439419572,-0.0563196244214402,False,49.22953285206701,Красный,0.5413439106869973,Выше
2021-07-27 15:00:00+05:00,49.27,48.68454010832481,Вверх,1.2025581229123736,True,-0.0643874020320183,-0.0280963955599694,-0.0362910064720489,False,48.86604729618295,Зелёный,0.5854598916751925,Выше
2021-07-27 15:30:00+05:00,49.35,48.691161599784266,Вверх,1.353096493427371,True,-0.0486882201252996,-0.0322147604730355,-0.0164734596522641,False,49.034192566564656,Зелёный,0.6588384002157355,Выше
2021-07-27 16:00:00+05:00,49.465,48.698861484363526,Вверх,1.5732164824478965,True,-0.0266596505958176,-0.0311037384975919,0.0044440879017743,Ниже,49.15277330990819,Зелёный,0.7661385156364773,Выше
2021-07-27 16:30:00+05:00,49.445,48.70628574820071,Вверх,1.5166712888317013,True,-0.0106924277382915,-0.0270214763457318,0.016329048607440298,False,49.15277330990819,Зелёный,0.7387142517992871,Выше
2021-07-27 17:00:00+05:00,49.545,48.7146311636415,Вверх,1.7045573712118216,True,0.0099165637055023,-0.019633868335485,0.0295504320409873,False,49.15277330990819,Зелёный,0.8303688363585024,Выше
2021-07-27 17:30:00+05:00,49.495,48.72239602768487,Вверх,1.5857265555579783,True,0.0219615961619723,-0.0113147754359935,0.0332763715979658,False,49.15277330990819,Зелёный,0.7726039723151246,Выше
2021-07-27 18:00:00+05:00,49.375,48.72888959954871,Вверх,1.3259288396698365,True,0.021575663230017,-0.0047366877027914,0.026312350932808398,False,49.15277330990819,Зелёный,0.6461104004512919,Выше
2021-07-27 18:30:00+05:00,49.5,48.73656233985171,Вверх,1.5664577547030458,True,0.0309989275912414,0.0024104353560151,0.028588492235226297,False,49.15277330990819,Зелёный,0.7634376601482913,Выше
2021-07-27 19:00:00+05:00,49.695,48.74609903298752,Вверх,1.9466192902335338,True,0.0535841184430125,0.0126451719734146,0.0409389464695979,False,49.22730232559093,Зелёный,0.9489009670124773,Выше
2021-07-27 19:30:00+05:00,49.435,48.75295376897769,Вверх,1.3989844271883058,True,0.0499276825754009,0.0201016740938118,0.029826008481589103,False,49.22730232559093,Зелёный,0.6820462310223121,Выше
2021-07-27 20:00:00+05:00,49.38,48.75919303495802,Вверх,1.2732100890121312,True,0.0421065127922233,0.0245026418334941,0.0176038709587292,False,49.22730232559093,Зелёный,0.6208069650419858,Выше
2021-07-27 20:30:00+05:00,49.005,48.7616388754062,Вверх,0.4990831526717766,True,0.0055844394544948,0.0207190013576943,-0.015134561903199499,Выше,49.604196604644216,Красный,0.24336112459380388,Выше
2021-07-27 21:00:00+05:00,49.03,48.76430913535241,Вверх,0.544846977961125,True,-0.0210990589093,0.0123553893042954,-0.0334544482135954,False,49.4742769441798,Красный,0.2656908646475884,Выше
2021-07-27 21:30:00+05:00,48.94,48.766057303159855,Вверх,0.35668804586519726,True,-0.0489439757594638,9.551629154357262e-05,-0.04903949205100737,False,49.44709924976182,Красный,0.17394269684014318,Выше
2021-07-27 22:00:00+05:00,48.94,48.76778807626274,Вверх,0.35312637814935194,True,-0.0702020276989472,-0.0139639925065545,-0.056238035192392705,False,49.33763932478564,Красный,0.17221192373725813,Выше
2021-07-27 22:30:00+05:00,49.1,48.77109366754371,Вверх,0.6743878550239956,True,-0.0732936407261917,-0.025829922150482,-0.0474637185757097,False,49.33763932478564,Красный,0.32890633245629175,Выше
2021-07-27 23:00:00+05:00,49.0,48.773371342493526,Вверх,0.4646565354587761,True,-0.0828577974771391,-0.0372354972158134,-0.0456223002613257,False,49.33763932478564,Красный,0.22662865750647398,Выше
2021-07-27 23:30:00+05:00,49.085,48.77647212515529,Вверх,0.6325342145554598,True,-0.0826262074959558,-0.0463136392718419,-0.0363125682241139,False,49.33763932478564,Красный,0.3085278748447138,Выше
2021-07-28 00:00:00+05:00,49.1,48.779691307989566,Вверх,0.6566435404193968,True,-0.0803065719551909,-0.0531122258085117,-0.027194346146679205,False,49.33763932478564,Красный,0.32030869201043544,Выше
2021-07-28 00:30:00+05:00,49.115,48.78302771288519,Вверх,0.6805077558298498,True,-0.0763774378767507,-0.0577652682221595,-0.018612169654591205,False,49.33763932478564,Красный,0.33197228711480875,Выше
2021-07-28 01:00:00+05:00,49.045,48.78563440230923,Вверх,0.5316433840993512,True,-0.0780127039078735,-0.0618147553593023,-0.0161979485485712,False,49.332525517903406,Красный,0.25936559769077405,Выше
2021-07-28 01:30:00+05:00,49.005,48.78781714457481,Вверх,0.44515796798534113,True,-0.0815957447709152,-0.0657709532416249,-0.01582479152929031,False,49.278272966113065,Красный,0.2171828554251931,Выше
2021-07-28 12:00:00+05:00,49.25,48.79241597895715,Вверх,0.9378179208018552,True,-0.0639289449368689,-0.0654025515806737,0.0014736066438048034,Ниже,49.278272966113065,Красный,0.4575840210428481,Выше
2021-07-28 12:30:00+05:00,49.28,48.79726756125609,Вверх,0.9892612084025534,True,-0.046965737717187,-0.0617151888079764,0.0147494510907894,False,48.931323897448415,Зелёный,0.48273243874390914,Выше
2021-07-28 13:00:00+05:00,49.295,48.80222012283564,Вверх,1.0097488924151974,True,-0.0319436723716606,-0.0557608855207132,0.0238172131490526,False,48.98119150770357,Зелёный,0.49277987716435945,Выше
2021-07-28 13:30:00+05:00,49.245,48.80662589275767,Вверх,0.8981856443130489,True,-0.0237988214898763,-0.0493684727145458,0.0255696512246695,False,48.98119150770357,Зелёный,0.43837410724232484,Выше
2021-07-28 14:00:00+05:00,49.495,48.81347538636208,Вверх,1.3961812967497267,True,0.0027967035199552,-0.0389354374676456,0.0417321409876008,False,49.0830401212399,Зелёный,0.6815246136379187,Выше
2021-07-28 14:30:00+05:00,50.09,48.82617712381121,Вверх,2.5884125086918957,True,0.0710661695131875,-0.016935116071479,0.08800128558466651,False,49.48448610911591,Зелёный,1.2638228761887902,Выше
2021-07-28 15:00:00+05:00,49.925,48.83711068476832,Вверх,2.2275873817633047,True,0.1105813788296714,0.008568182908751,0.1020131959209204,False,49.67953749820432,Зелёный,1.0878893152316778,Выше
2021-07-28 15:30:00+05:00,50.04,48.84907973268108,Вверх,2.43795845046834,True,0.1494541909285729,0.0367453845127154,0.11270880641585751,False,49.67953749820432,Зелёный,1.1909202673189156,Выше
2021-07-28 16:00:00+05:00,49.98,48.86033267066436,Вверх,2.2915671427834545,True,0.1734205913943398,0.0640804258890403,0.1093401655052995,False,49.67953749820432,Зелёный,1.119667329335634,Выше
2021-07-28 16:30:00+05:00,50.045,48.87212040528462,Вверх,2.3998950423860825,True,0.1954065679257084,0.0903456542963739,0.10506091362933451,False,49.67953749820432,Зелёный,1.1728795947153827,Выше
2021-07-28 17:00:00+05:00,50.055,48.883890351500696,Вверх,2.3956964964907943,True,0.2112029134368853,0.1145171061244762,0.0966858073124091,False,49.67953749820432,Зелёный,1.1711096484993035,Выше
2021-07-28 17:30:00+05:00,50.09,48.89589144253054,Вверх,2.4421449783218496,True,0.2239641195959265,0.1364065088187663,0.0875576107771602,False,49.73188067231467,Зелёный,1.1941085574694625,Выше
2021-07-28 18:00:00+05:00,50.14,48.90827063215711,Вверх,2.518448008736232,True,0.2353985219188672,0.1562049114387865,0.0791936104800807,False,49.8174426050832,Зелёный,1.2317293678428882,Выше
2021-07-28 18:30:00+05:00,50.24,48.9215216706431,Вверх,2.695088550665615,True,0.249651702976223,0.1748942697462738,0.07475743322994918,False,49.87019834457488,Зелёный,1.3184783293568998,Выше
2021-07-28 19:00:00+05:00,50.21,48.93434235053721,Вверх,2.6068760469380035,True,0.2555805291268456,0.1910315216223882,0.06454900750445738,False,49.968928510117394,Зелёный,1.2756576494627936,Выше
2021-07-28 19:30:00+05:00,50.25,48.94743347142739,Вверх,2.6611538873288896,True,0.2605039054086617,0.2049259983796429,0.0555779070290188,False,49.968928510117394,Зелёный,1.302566528572612,Выше
2021-07-28 20:00:00+05:00,50.52,48.96308089957239,Вверх,3.1797817290562094,True,0.2829310075621194,0.2205270002161382,0.06240400734598123,False,50.08123209319509,Зелёный,1.5569191004276135,Выше
2021-07-28 20:30:00+05:00,50.75,48.98086118912888,Вверх,3.611898133109536,True,0.3156253923540077,0.2395466786437121,0.07607871371029562,False,50.28460888387558,Зелёный,1.7691388108711195,Выше
2021-07-28 21:00:00+05:00,50.77,48.99866356535646,Вверх,3.6150709136808636,True,0.3392392221213924,0.2594851873392482,0.07975403478214421,False,50.38814799548802,Зелёный,1.771336434643544,Выше
2021-07-28 21:30:00+05:00,50.81,49.01668681346237,Вверх,3.6585769114959845,True,0.3570649950488658,0.2790011488811717,0.07806384616769407,False,50.49933319593922,Зелёный,1.793313186537631,Выше
2021-07-28 22:00:00+05:00,50.745,49.03388395959707,Вверх,3.4896604189316367,True,0.3617767545214079,0.2955562700092189,0.06622048451218898,False,50.49933319593922,Зелёный,1.7111160404029278,Выше
2021-07-28 22:30:00+05:00,50.72,49.05066123363093,Вверх,3.4032951327973247,True,0.3593511899540615,0.3083152539981875,0.05103593595587402,False,50.49933319593922,Зелёный,1.6693387663690658,Выше
2021-07-28 23:00:00+05:00,50.805,49.06811734075899,Вверх,3.5397377225195683,True,0.360136275379034,0.3186794582743568,0.04145681710467719,False,50.50795389983969,Зелёный,1.7368826592410116,Выше
2021-07-28 23:30:00+05:00,50.77,49.08505149657233,Вверх,3.4327121028798993,True,0.3538552309071008,0.3257146128009056,0.028140618106195225,False,50.53965850985573,Зелёный,1.6849485034276697,Выше
2021-07-29 00:00:00+05:00,50.73,49.10141914337261,Вверх,3.3167694234499585,True,0.3417107632335643,0.3289138428874373,0.012796920346127005,False,50.53965850985573,Зелёный,1.6285808566273872,Выше
2021-07-29 00:30:00+05:00,50.78,49.11812144045348,Вверх,3.3834326533868753,True,0.3322903311447973,0.3295891405389093,0.002701190605887971,False,50.53965850985573,Зелёный,1.6618785595465226,Выше
2021-07-29 01:00:00+05:00,50.65,49.133364013185286,Вверх,3.086774165122731,True,0.3107524959624896,0.3258218116236254,-0.015069315661135785,Выше,50.53965850985573,Зелёный,1.5166359868147126,Выше
2021-07-29 01:30:00+05:00,50.67,49.148653923501854,Вверх,3.0953972388868864,True,0.2919322262787815,0.3190438945546566,-0.027111668275875078,False,50.53965850985573,Зелёный,1.5213460764981477,Выше
2021-07-29 12:00:00+05:00,51.645,49.17349318794462,Вверх,5.0260956703016895,False,0.3516379155433569,0.3255626987523967,0.0260752167909602,Выше,50.87539245348471,Зелёный,2.471506812055381,Выше
2021-07-29 12:30:00+05:00,51.905,49.20067236020388,Вверх,5.4965257791548465,False,0.4151493482658139,0.3434800286550801,0.0716693196107338,False,51.27160320813624,Зелёный,2.7043276397961193,Выше
2021-07-29 13:00:00+05:00,51.925,49.227780097913296,Вверх,5.479060596927125,False,0.4617734126692667,0.3671387054579175,0.0946347072113492,False,51.50469288732262,Зелёный,2.697219902086701,Выше
2021-07-29 13:30:00+05:00,51.955,49.25491661435197,Вверх,5.4818555613213125,False,0.4954330253765988,0.3927975694416538,0.102635455934945,False,51.58597359859035,Зелёный,2.7000833856480284,Выше
2021-07-29 14:00:00+05:00,51.83,49.28053933460718,Вверх,5.173361939248232,False,0.506187046439301,0.4154754648411832,0.09071158159811782,False,51.58597359859035,Зелёный,2.5494606653928216,Выше
2021-07-29 14:30:00+05:00,51.875,49.30635486361607,Вверх,5.209562019924071,False,0.5124337917569264,0.4348671302243319,0.0775666615325945,False,51.58597359859035,Зелёный,2.568645136383928,Выше
2021-07-29 15:00:00+05:00,51.825,49.331416009251726,Вверх,5.054758594970444,False,0.5074996601196631,0.4493936362033981,0.05810602391626496,False,51.58597359859035,Зелёный,2.4935839907482773,Выше
2021-07-29 15:30:00+05:00,51.89,49.35687455642335,Вверх,5.132264687223773,False,0.5030356007443757,0.4601220291115936,0.04291357163278209,False,51.58597359859035,Зелёный,2.533125443576651,Выше
2021-07-29 16:00:00+05:00,51.995,49.38312456083705,Вверх,5.289004011775879,False,0.5021815872652269,0.4685339407423203,0.03364764652290658,False,51.643211150231615,Зелёный,2.611875439162951,Выше
2021-07-29 16:30:00+05:00,52.09,49.41005864480882,Вверх,5.423878110439656,False,0.5033679688725528,0.4755007463683668,0.02786722250418594,False,51.76364003520845,Зелёный,2.6799413551911826,Выше
2021-07-29 17:00:00+05:00,52.05,49.43632671799481,Вверх,5.2869487996441515,False,0.4953701998313136,0.4794746370609563,0.015895562770357308,False,51.78777603168761,Зелёный,2.6136732820051876,Выше
2021-07-29 17:30:00+05:00,52.055,49.46238316856203,Вверх,5.241593035666391,False,0.4838577574220082,0.4803512611331667,0.003506496288841532,False,51.82149842851885,Зелёный,2.5926168314379723,Выше
2021-07-29 18:00:00+05:00,52.095,49.48857836091464,Вверх,5.266713503218908,False,0.4725148722589054,0.4787839833583144,-0.006269111099408975,Выше,51.82149842851885,Зелёный,2.6064216390853616,Выше
2021-07-29 18:30:00+05:00,52.08,49.5143636508558,Вверх,5.181600166035569,False,0.457046630353247,0.474436512757301,-0.01738988240405398,False,51.82149842851885,Зелёный,2.5656363491441994,Выше
2021-07-29 19:00:00+05:00,52.185,49.54093714686719,Вверх,5.337127243463965,False,0.4480951971752702,0.4691682496408949,-0.021073052465624686,False,51.82149842851885,Зелёный,2.6440628531328088,Выше
2021-07-29 19:30:00+05:00,52.645,49.5718233444108,Вверх,6.1994424418033836,False,0.4726706247745795,0.4698687246676318,0.0028019001069476968,Выше,52.02699536895121,Зелёный,3.073176655589201,Выше
2021-07-29 20:00:00+05:00,52.86,49.604541520088304,Вверх,6.5628234434811485,False,0.5036893144917016,0.4766328426324459,0.02705647185925575,False,52.38704583205609,Зелёный,3.2554584799116952,Выше
2021-07-29 20:30:00+05:00,52.765,49.63598886814712,Вверх,6.303916176959367,False,0.5146733099738725,0.4842409361007312,0.030432373873141294,False,52.50209124885048,Зелёный,3.1290111318528773,Выше
2021-07-29 21:00:00+05:00,52.78,49.66727256100138,Вверх,6.267159999928654,False,0.5186103627308611,0.4911148214267573,0.027495541304103865,False,52.50209124885048,Зелёный,3.1127274389986184,Выше
2021-07-29 21:30:00+05:00,52.59,49.69635442606605,Вверх,5.822651595579044,False,0.5006281634637588,0.4930174898341576,0.007610673629601217,False,52.50209124885048,Зелёный,2.893645573933952,Выше
2021-07-29 22:00:00+05:00,52.465,49.7239031382445,Вверх,5.512634143250154,False,0.4708628715768412,0.4885865661826943,-0.017723694605853102,Выше,52.807122979588,Красный,2.7410968617555014,Выше
2021-07-29 22:30:00+05:00,52.415,49.75068022144605,Вверх,5.355343417808056,False,0.438187923556292,0.4785068376574138,-0.04031891410112182,False,52.7591606816292,Красный,2.6643197785539456,Выше
2021-07-29 23:00:00+05:00,52.645,49.77947942322271,Вверх,5.756429376078396,False,0.4259418768330079,0.4679938454925327,-0.04205196865952482,False,52.7591606816292,Красный,2.8655205767772927,Выше
2021-07-29 23:30:00+05:00,52.555,49.807096543389655,Вверх,5.517092236477784,False,0.4043138701200846,0.4552578504180431,-0.05094398029795855,False,52.7591606816292,Красный,2.747903456610345,Выше
2021-07-30 00:00:00+05:00,52.49,49.833792100171856,Вверх,5.3301340072392085,False,0.3775760999590147,0.4397215003262374,-0.062145400367222714,False,52.7591606816292,Красный,2.6562078998281464,Выше
2021-07-30 00:30:00+05:00,52.5,49.86032153201094,Вверх,5.2941465014307045,False,0.3531225637934057,0.4224017130196711,-0.06927914922626544,False,52.7591606816292,Красный,2.6396784679890573,Выше
2021-07-30 01:00:00+05:00,52.325,49.88484569587153,Вверх,4.891574325006716,True,0.3159795076660145,0.4011172719489398,-0.0851377642829253,False,52.73602124089522,Красный,2.4401543041284697,Выше
2021-07-30 01:30:00+05:00,52.265,49.9085288232758,Вверх,4.721580123245815,True,0.2784915918093205,0.376592135921016,-0.0981005441116955,False,52.6219191168057,Красный,2.356471176724199,Выше
2021-07-30 12:00:00+05:00,51.545,49.92481211856659,Вверх,3.2452558410948447,True,0.1885111267727808,0.338975934091369,-0.1504648073185882,False,52.14647720512513,Красный,1.6201878814334094,Выше
2021-07-30 12:30:00+05:00,51.905,49.94451548057091,Вверх,3.9253249342097423,True,0.1445832851997295,0.3000974043130411,-0.15551411911331162,False,52.14647720512513,Красный,1.9604845194290945,Выше
2021-07-30 13:00:00+05:00,52.79,49.9728287593712,Вверх,5.637405987549804,False,0.1791175029393628,0.2759014240383055,-0.09678392109894268,False,51.73377846384864,Зелёный,2.8171712406288023,Выше
2021-07-30 13:30:00+05:00,52.765,50.00061155778541,Вверх,5.5287092619253295,False,0.202138699140626,0.2611488790587696,-0.05901017991814361,False,52.15490061746378,Зелёный,2.764388442214589,Выше
2021-07-30 14:00:00+05:00,52.815,50.02861542288208,Вверх,5.569581635560271,False,0.2218602779405785,0.2532911588351313,-0.031430880894552815,False,52.3044105557174,Зелёный,2.7863845771179143,Выше
2021-07-30 14:30:00+05:00,52.74,50.05559437389818,Вверх,5.36284836825676,False,0.2288004291036145,0.248393012888828,-0.019592583785213502,False,52.3044105557174,Зелёный,2.684405626101821,Выше
2021-07-30 15:00:00+05:00,52.69,50.08180736520268,Вверх,5.207864436237412,False,0.2276418531874355,0.2442427809485495,-0.01660092776111402,False,52.3044105557174,Зелёный,2.6081926347973194,Выше
2021-07-30 15:30:00+05:00,52.645,50.10731176952902,Вверх,5.064506837132278,False,0.2205501842709196,0.2395042616130235,-0.018954077342103887,False,52.3044105557174,Зелёный,2.537688230470984,Выше
2021-07-30 16:00:00+05:00,52.49,50.13102011013073,Вверх,4.705629138778607,True,0.2001159686323745,0.2316266030168937,-0.031510634384519204,False,52.3044105557174,Зелёный,2.358979889869275,Выше
2021-07-30 16:30:00+05:00,52.405,50.15364677570157,Вверх,4.488912310538442,True,0.1750451048855694,0.2203103033906289,-0.0452651985050595,False,52.3044105557174,Зелёный,2.251353224298434,Выше
2021-07-30 17:00:00+05:00,52.495,50.17694382270952,Вверх,4.619763582016635,True,0.1605873614385231,0.2083657150002077,-0.04777835356168461,False,52.3044105557174,Зелёный,2.3180561772904795,Выше
2021-07-30 17:30:00+05:00,52.435,50.19941204337908,Вверх,4.453414623041949,True,0.142643689376726,0.1952213098755114,-0.05257762049878539,False,52.3044105557174,Зелёный,2.2355879566209254,Выше
2021-07-30 18:00:00+05:00,52.11,50.21842286881809,Вверх,3.7666995957303153,True,0.101033761814044,0.1763838002632179,-0.0753500384491739,False,52.69048313781078,Красный,1.8915771311819114,Выше
2021-07-30 18:30:00+05:00,52.35,50.23963259151642,Вверх,4.200602790315678,True,0.0864273084607774,0.1583925019027298,-0.0719651934419524,False,52.68593482402971,Красный,2.110367408483583,Выше
2021-07-30 19:00:00+05:00,51.82,50.255357640357055,Вверх,3.113384190477784,True,0.0317193771046859,0.1330578769431211,-0.10133849983843521,False,52.56059134162674,Красный,1.5646423596429457,Выше
2021-07-30 19:30:00+05:00,52.18,50.274508310602265,Вверх,3.790174689775913,True,0.0172135120581202,0.1098890039661209,-0.0926754919080007,False,52.56059134162674,Красный,1.905491689397735,Выше
2021-07-30 20:00:00+05:00,51.62,50.2878962876112,Вверх,2.648954938918322,True,-0.0390200119761772,0.0801072007776613,-0.1191272127538385,False,52.48562898671765,Красный,1.3321037123888004,Выше
2021-07-30 20:30:00+05:00,51.91,50.30403662305786,Вверх,3.192513930792604,True,-0.0594990406414979,0.0521859524938294,-0.1116849931353273,False,52.34356608804589,Красный,1.6059633769421353,Выше
2021-07-30 21:00:00+05:00,51.715,50.31807605964435,Вверх,2.776187107590952,True,-0.0904213674802392,0.0236644884990157,-0.1140858559792549,False,52.3267094792413,Красный,1.3969239403556557,Выше
2021-07-30 21:30:00+05:00,51.855,50.33336883517028,Вверх,3.0231061421950334,True,-0.1024497276247728,-0.0015583547257419,-0.1008913728990309,False,52.3267094792413,Красный,1.5216311648297136,Выше
2021-07-30 22:00:00+05:00,51.82,50.34816118506908,Вверх,2.923321885621114,True,-0.1134981610414342,-0.0239463159888804,-0.0895518450525538,False,52.3267094792413,Красный,1.4718388149309192,Выше
2021-07-30 22:30:00+05:00,52.04,50.36499540213307,Вверх,3.3257316604380955,True,-0.1033110571822248,-0.0398192642275493,-0.0634917929546755,False,52.3267094792413,Красный,1.6750045978669306,Выше
2021-07-30 23:00:00+05:00,52.03,50.3815626120621,Вверх,3.271906035608437,True,-0.0949500948175128,-0.050845430345542,-0.044104664471970804,False,52.3267094792413,Красный,1.6484373879379035,Выше
2021-07-30 23:30:00+05:00,51.925,50.39692019801173,Вверх,3.0320896514794486,True,-0.0956934992916913,-0.0598150441347719,-0.0358784551569194,False,52.3267094792413,Красный,1.5280798019882695,Выше
2021-07-31 00:00:00+05:00,51.895,50.41182646469818,Вверх,2.942114260312395,True,-0.0975785768792363,-0.0673677506836648,-0.0302108261955715,False,52.32379544985748,Красный,1.4831735353018232,Выше
2021-07-31 00:30:00+05:00,51.945,50.42708192276088,Вверх,3.010124757098016,True,-0.0939548789563318,-0.0726851763381982,-0.0212697026181336,False,52.28016590487173,Красный,1.5179180772391234,Выше
2021-07-31 01:00:00+05:00,51.96,50.44233483895232,Вверх,3.0087131491695294,True,-0.08884850731922,-0.0759178425344025,-0.012930664784817511,False,52.28016590487173,Красный,1.517665161047681,Выше
2021-07-31 01:30:00+05:00,51.96,50.45743598483339,Вверх,2.9778842024756402,True,-0.0838352701981861,-0.0775013280671592,-0.006333942131026893,False,52.28016590487173,Красный,1.5025640151666124,Выше
2021-08-02 12:00:00+05:00,53.03,50.4830336367256,Вверх,5.045192770312287,False,0.0064039927336523,-0.0607202639069969,0.0671242566406492,Выше,52.357389055348506,Зелёный,2.5469663632744,Выше
2021-08-02 12:30:00+05:00,53.02,50.508277083126345,Вверх,4.972893675901623,True,0.0762335691875577,-0.033329497288086,0.1095630664756437,False,52.50990014981366,Зелёный,2.5117229168736586,Выше
2021-08-02 13:00:00+05:00,53.025,50.53331910219971,Вверх,4.930768336750363,True,0.1304734530852087,-0.000568907213427,0.1310423602986357,False,52.612410134832295,Зелёный,2.4916808978002862,Выше
2021-08-02 13:30:00+05:00,52.765,50.555524882277325,Вверх,4.370392994371276,True,0.1507414709185752,0.0296931684129733,0.1210483025056019,False,52.612410134832295,Зелёный,2.2094751177226755,Выше
2021-08-02 14:00:00+05:00,52.91,50.578952495389,Вверх,4.608730291169056,True,0.1764700721165866,0.059048549153696,0.1174215229628906,False,52.612410134832295,Зелёный,2.331047504611,Выше
2021-08-02 14:30:00+05:00,52.895,50.601997744191095,Вверх,4.531446104955679,True,0.1934201719484605,0.0859228737126489,0.10749729823581161,False,52.612410134832295,Зелёный,2.293002255808908,Выше
2021-08-02 15:00:00+05:00,52.885,50.62471418454741,Вверх,4.464787311614129,True,0.2036982254127579,0.1094779440526707,0.0942202813600872,False,52.612410134832295,Зелёный,2.2602858154525904,Выше
2021-08-02 15:30:00+05:00,52.895,50.64730409315888,Вверх,4.437937906244309,True,0.2102272049028712,0.1296277962227108,0.08059940868016038,False,52.612410134832295,Зелёный,2.2476959068411233,Выше
2021-08-02 16:00:00+05:00,52.855,50.66927121661004,Вверх,4.3137166391164605,True,0.209755867410486,0.1456534104602659,0.0641024569502201,False,52.612410134832295,Зелёный,2.185728783389955,Выше
2021-08-02 16:30:00+05:00,52.85,50.69097001047462,Вверх,4.25920038436677,True,0.2065973452451075,0.1578421974172342,0.048755147827873296,False,52.612410134832295,Зелёный,2.1590299895253793,Выше
2021-08-02 17:00:00+05:00,52.92,50.713149413355474,Вверх,4.3516338704520425,True,0.2073523795002003,0.1677442338338275,0.0396081456663728,False,52.612410134832295,Зелёный,2.206850586644528,Выше
2021-08-02 17:30:00+05:00,52.86,50.73451111073502,Вверх,4.189434061216847,True,0.2007946156886575,0.1743543102047935,0.026440305483864,False,52.612410134832295,Зелёный,2.125488889264979,Выше
2021-08-02 18:00:00+05:00,52.875,50.75580950764313,Вверх,4.1752668569649165,True,0.1945650900165105,0.1783964661671369,0.01616862384937362,False,52.612410134832295,Зелёный,2.1191904923568714,Выше
2021-08-02 18:30:00+05:00,52.86,50.77674672647255,Вверх,4.102770279375419,True,0.1862705603301577,0.1799712849997411,0.006299275330416604,False,52.612410134832295,Зелёный,2.083253273527447,Выше
2021-08-02 19:00:00+05:00,52.85,50.797376112278805,Вверх,4.040806917239637,True,0.1768515349596029,0.1793473349917135,-0.0024958000321105844,Выше,52.612410134832295,Зелёный,2.0526238877211966,Выше
2021-08-02 19:30:00+05:00,52.86,50.81789973305215,Вверх,4.018466480659488,True,0.1682542753677367,0.1771287230669181,-0.008874447699181387,False,52.612410134832295,Зелёный,2.0421002669478483,Выше
2021-08-02 20:00:00+05:00,52.865,50.8382688899372,Вверх,3.9866249467514248,True,0.1599999634326039,0.1737029711400552,-0.013703007707451309,False,52.612410134832295,Зелёный,2.026731110062805,Выше
2021-08-02 20:30:00+05:00,52.755,50.85734084128112,Вверх,3.7313377524814326,True,0.1429346197406005,0.1675493008601643,-0.024614681119563803,False,52.612410134832295,Зелёный,1.8976591587188807,Выше
2021-08-02 21:00:00+05:00,52.55,50.87418322096986,Вверх,3.294041639452562,True,0.111582175312499,0.1563558757506312,-0.0447737004381322,False,52.88672144884963,Красный,1.6758167790301357,Выше
2021-08-02 21:30:00+05:00,52.55,50.89085801479106,Вверх,3.2601965263126877,True,0.0857467026088585,0.1422340411222767,-0.056487338513418195,False,52.805049303964665,Красный,1.6591419852089402,Выше
2021-08-02 22:00:00+05:00,52.725,50.90910818379811,Вверх,3.566929142906888,True,0.078488178950927,0.1294848686880068,-0.0509966897370798,False,52.805049303964665,Красный,1.8158918162018907,Выше
2021-08-02 22:30:00+05:00,52.505,50.924987704357335,Вверх,3.102626759215645,True,0.0543569917095112,0.1144592932923076,-0.0601023015827964,False,52.805049303964665,Красный,1.5800122956426677,Выше
2021-08-02 23:00:00+05:00,52.505,50.94070921973686,Вверх,3.070806834501358,True,0.0348313379823608,0.0985337022303183,-0.0637023642479575,False,52.78217344259024,Красный,1.5642907802631427,Выше
2021-08-02 23:30:00+05:00,52.52,50.95642355585888,Вверх,3.068457978466863,True,0.02033310400261,0.0828935825847766,-0.0625604785821666,False,52.78217344259024,Красный,1.5635764441411197,Выше
2021-08-03 00:00:00+05:00,52.55,50.97228003789014,Вверх,3.0952509107637827,True,0.0111355348845378,0.0685419730447289,-0.057406438160191094,False,52.78217344259024,Красный,1.5777199621098603,Выше
2021-08-03 00:30:00+05:00,52.5,50.98748123154297,Вверх,2.9664512384685535,True,-0.0001860424573649,0.0547963699443101,-0.054982412401675,False,52.78217344259024,Красный,1.5125187684570278,Выше
2021-08-03 01:00:00+05:00,52.385,51.00138689093061,Вверх,2.7128931062763506,True,-0.0182278931673138,0.0401915173219853,-0.058419410489299106,False,52.63765049568346,Красный,1.3836131090693868,Выше
2021-08-03 01:30:00+05:00,52.36,51.01490542932931,Вверх,2.6366697327980773,True,-0.0341498230036876,0.0253232492568507,-0.0594730722605383,False,52.60038544611511,Красный,1.345094570670689,Выше
2021-08-03 12:00:00+05:00,52.455,51.02923472853996,Вверх,2.7940165652976674,True,-0.0386567501062202,0.0125272493842365,-0.051183999490456704,False,52.50684690150359,Красный,1.4257652714600368,Выше
2021-08-03 12:30:00+05:00,52.19,51.04078463173857,Вверх,2.2515628953454927,True,-0.0628868867238026,-0.0025555778373712,-0.0603313088864314,False,52.50684690150359,Красный,1.1492153682614301,Выше
2021-08-03 13:00:00+05:00,52.075,51.05107533192027,Вверх,2.0056867782362042,True,-0.0903277414900074,-0.0201100105678985,-0.0702177309221089,False,52.40447099021792,Красный,1.0239246680797294,Выше
2021-08-03 13:30:00+05:00,52.025,51.06076612463749,Вверх,1.8884046373469008,True,-0.114786214694412,-0.0390452513932012,-0.0757409633012108,False,52.392023891196125,Красный,0.9642338753625097,Выше
2021-08-03 14:00:00+05:00,52.13,51.07140526767593,Вверх,2.0727738482537497,True,-0.1242646627640269,-0.0560891336673663,-0.0681755290966606,False,52.392023891196125,Красный,1.0585947323240745,Выше
2021-08-03 14:30:00+05:00,52.1,51.08164004113189,Вверх,1.9935929191938786,True,-0.1326678381716917,-0.0714048745682314,-0.0612629636034603,False,52.392023891196125,Красный,1.0183599588681105,Выше
2021-08-03 15:00:00+05:00,51.19,51.08271824967784,Вверх,0.21001574308907334,True,-0.2103322310047914,-0.0991903458555434,-0.111141885149248,False,52.07309541668197,Красный,0.10728175032215859,Выше
2021-08-03 15:30:00+05:00,50.915,51.08104941137259,Вниз,0.3250704777721763,True,-0.2907207754637184,-0.1374964317771784,-0.15322434368653998,False,51.81428587501377,Красный,-0.16604941137259033,Ниже
2021-08-03 16:00:00+05:00,51.155,51.0817852381251,Вверх,0.1433285104144264,True,-0.3312448969006212,-0.176246124801867,-0.1549987720987542,False,51.7413572875124,Красный,0.07321476187490106,Выше
2021-08-03 16:30:00+05:00,51.095,51.08191672829302,Вверх,0.025612335137251613,True,-0.3640060188594418,-0.213798103613382,-0.15020791524605978,False,51.73072155876116,Красный,0.013083271706982202,Выше
2021-08-03 17:00:00+05:00,51.015,51.08125089020055,Вниз,0.12969707876370637,True,-0.391907114196286,-0.2494199057299628,-0.14248720846632318,False,51.67414940288504,Красный,-0.06625089020054986,Ниже
2021-08-03 17:30:00+05:00,51.16,51.08203446343239,Вверх,0.15262809593736124,True,-0.3977338172186577,-0.2790826880277018,-0.11865112919095588,False,51.64773446259654,Красный,0.07796553656760352,Выше
2021-08-03 18:00:00+05:00,51.45,51.08569581205495,Вверх,0.7131236682873672,True,-0.3746324156866834,-0.2981926335594981,-0.07643978212718527,False,51.64773446259654,Красный,0.36430418794505215,Выше
2021-08-03 18:30:00+05:00,51.11,51.08593764477082,Вверх,0.04710171984410974,True,-0.3793862188660526,-0.314431350620809,-0.0649548682452436,False,51.64773446259654,Красный,0.024062355229176546,Выше
2021-08-03 19:00:00+05:00,51.185,51.08692333984773,Вверх,0.19197997009887158,True,-0.3728043128799143,-0.3261059430726301,-0.0466983698072842,False,51.64773446259654,Красный,0.09807666015227312,Выше
2021-08-03 19:30:00+05:00,51.285,51.088894251889045,Вверх,0.38385201124939383,True,-0.3554218587553848,-0.331969126209181,-0.02345273254620378,False,51.64773446259654,Красный,0.19610574811095205,Выше
2021-08-03 20:00:00+05:00,51.455,51.09253709515383,Вверх,0.7094243610786524,True,-0.3241914817774116,-0.3304135973228272,0.00622211554541563,Ниже,51.64773446259654,Красный,0.3624629048461685,Выше
2021-08-03 20:30:00+05:00,51.5,51.09659145241598,Вверх,0.7895018750119529,True,-0.2924390042957796,-0.3228186787174177,0.03037967442163808,False,51.64773446259654,Красный,0.40340854758402145,Выше
2021-08-03 21:00:00+05:00,51.6,51.10160049269045,Вверх,0.9753109540685342,True,-0.2562518609207629,-0.3095053151580867,0.053253454237323805,False,51.64773446259654,Красный,0.49839950730954996,Выше
2021-08-03 21:30:00+05:00,51.77,51.10825123405672,Вверх,1.2947982957051636,True,-0.2114186077247168,-0.2898879736714128,0.07846936594669598,False,51.19406039841522,Зелёный,0.6617487659432797,Выше
2021-08-03 22:00:00+05:00,51.93,51.11642783869296,Вверх,1.5916060564216568,True,-0.1611199779246774,-0.2641343745220657,0.10301439659738829,False,51.35515435857369,Зелёный,0.813572161307043,Выше
2021-08-03 22:30:00+05:00,51.84,51.123627561691045,Вверх,1.4012550996004924,True,-0.1270555816092695,-0.2367186159395065,0.109663034330237,False,51.413888922716325,Зелёный,0.7163724383089587,Выше
2021-08-03 23:00:00+05:00,51.86,51.13095465062944,Вверх,1.4258395024149693,True,-0.0973235835660446,-0.2088396094648141,0.11151602589876951,False,51.43875003044469,Зелёный,0.7290453493705584,Выше
2021-08-03 23:30:00+05:00,51.7,51.136616793409246,Вверх,1.1017217053424009,True,-0.0856837152009362,-0.1842084306120386,0.09852471541110239,False,51.43875003044469,Зелёный,0.5633832065907569,Выше
2021-08-04 00:00:00+05:00,51.79,51.143118118847966,Вверх,1.264846385878916,True,-0.0684082204396645,-0.1610483885775638,0.09264016813789928,False,51.43875003044469,Зелёный,0.6468818811520336,Выше
2021-08-04 00:30:00+05:00,51.93,51.15094778930719,Вверх,1.5230455042627131,True,-0.0429256166188309,-0.1374238341858172,0.09449821756698629,False,51.50285877219419,Зелёный,0.7790522106928108,Выше
2021-08-04 01:00:00+05:00,51.85,51.15790353269717,Вверх,1.3528632322872345,True,-0.0288531991909053,-0.1157097071868348,0.0868565079959295,False,51.53957289497477,Зелёный,0.6920964673028323,Выше
2021-08-04 01:30:00+05:00,51.84,51.164690562222574,Вверх,1.3198739801937616,True,-0.0182967103320947,-0.0962271078158868,0.0779303974837921,False,51.55461560547729,Зелёный,0.6753094377774289,Выше
2021-08-04 12:00:00+05:00,52.02,51.173201103892005,Вверх,1.6547702270741753,True,0.0045415269257489,-0.0760733808675597,0.0806149077933086,False,51.77340404492956,Зелёный,0.8467988961079982,Выше
2021-08-04 12:30:00+05:00,51.79,51.17933840634085,Вверх,1.1931799289994236,True,0.0040353991143646,-0.0600516248711748,0.06408702398553939,False,51.77340404492956,Зелёный,0.6106615936591524,Выше
2021-08-04 13:00:00+05:00,51.935,51.18685742717328,Вверх,1.4615911396614873,True,0.0151598243434492,-0.04500933502825,0.0601691593716992,False,51.77340404492956,Зелёный,0.7481425728267226,Выше
2021-08-04 13:30:00+05:00,51.895,51.193903621927774,Вверх,1.3694919286677139,True,0.0205118973936748,-0.031905088543865,0.052416985937539795,False,51.77340404492956,Зелёный,0.7010963780722292,Выше
2021-08-04 14:00:00+05:00,51.885,51.20078020280412,Вверх,1.3363464277023007,True,0.0236736424057397,-0.020789342353944,0.0444629847596837,False,51.77340404492956,Зелёный,0.6842197971958797,Выше
2021-08-04 14:30:00+05:00,51.87,51.20743910625881,Вверх,1.2938762517811706,True,0.0246844267610057,-0.0116945885309541,0.0363790152919598,False,51.77340404492956,Зелёный,0.6625608937411869,Выше
2021-08-04 15:00:00+05:00,51.735,51.21268846838559,Вверх,1.0198869601169975,True,0.0144258170477655,-0.0064705074152101,0.0208963244629756,False,52.15129472345859,Красный,0.522311531614406,Выше
2021-08-04 15:30:00+05:00,51.665,51.21718908064047,Вверх,0.8743371657012576,True,0.0006400024057882,-0.0050484054510105,0.0056884078567987,False,52.15129472345859,Красный,0.4478109193595259,Выше
2021-08-04 16:00:00+05:00,51.605,51.22104789575848,Вверх,0.7495982999467491,True,-0.0149544677827222,-0.0070296179173528,-0.0079248498653694,Ниже,52.09994872600146,Красный,0.3839521042415157,Выше
2021-08-04 16:30:00+05:00,51.325,51.222082245054416,Вверх,0.2009245825915707,True,-0.0493381185824617,-0.0154913180503746,-0.03384680053208709,False,51.89670385340131,Красный,0.10291775494558664,Выше
2021-08-04 17:00:00+05:00,51.35,51.22335505853646,Вверх,0.24724062162428248,True,-0.0737203165756241,-0.0271371177554245,-0.046583198820199595,False,51.79228346806118,Красный,0.12664494146353888,Выше
2021-08-04 17:30:00+05:00,51.425,51.22536147586446,Вверх,0.38972594508600866,True,-0.08600015470045,-0.0389097251444296,-0.0470904295560204,False,51.79228346806118,Красный,0.19963852413553695,Выше
2021-08-04 18:00:00+05:00,51.41,51.22719867510959,Вверх,0.3568442733903107,True,-0.0958376329498165,-0.050295306705507,-0.0455423262443095,False,51.79228346806118,Красный,0.18280132489040568,Выше
2021-08-04 18:30:00+05:00,51.535,51.230261374859744,Вверх,0.5948410508984782,True,-0.0924813821998924,-0.0587325218043841,-0.0337488603955083,False,51.79228346806118,Красный,0.30473862514025285,Выше
2021-08-04 19:00:00+05:00,51.525,51.23319409749796,Вверх,0.5695641422370188,True,-0.0895956429263051,-0.0649051460287683,-0.0246904968975368,False,51.79228346806118,Красный,0.2918059025020412,Выше
2021-08-04 19:30:00+05:00,51.435,51.235202116428326,Вверх,0.3899621262694546,True,-0.0934931902996965,-0.0706227548829539,-0.022870435416742593,False,51.79228346806118,Красный,0.1997978835716765,Выше
2021-08-04 20:00:00+05:00,51.515,51.237986174971326,Вверх,0.5406415156183291,True,-0.0890996084378201,-0.0743181255939272,-0.014781482843892899,False,51.78724983104991,Красный,0.2770138250286749,Выше
2021-08-04 20:30:00+05:00,51.5,51.24059327770793,Вверх,0.5062523786291212,True,-0.0858385444897678,-0.0766222093730953,-0.009216335116672497,False,51.78724983104991,Красный,0.25940672229206996,Выше
2021-08-04 21:00:00+05:00,51.545,51.2436222003178,Вверх,0.5881274327253372,True,-0.0787156192371369,-0.0770408913459036,-0.0016747278912332964,False,51.78724983104991,Красный,0.3013777996822,Выше
2021-08-04 21:30:00+05:00,51.425,51.2454269545435,Вверх,0.35041769798461814,True,-0.0818105852729615,-0.0779948301313152,-0.00381575514164631,False,51.770685126835374,Красный,0.17957304545650032,Выше
2021-08-04 22:00:00+05:00,51.48,51.247761014697296,Вверх,0.4531690374455518,True,-0.0789156374631687,-0.0781789915976859,-0.0007366458654827907,False,51.72411661415184,Красный,0.23223898530270048,Выше
2021-08-04 22:30:00+05:00,51.44,51.24967384042171,Вверх,0.37137047968523174,True,-0.0789390756468009,-0.0783310084075089,-0.0006080672392920067,False,51.72411661415184,Красный,0.1903261595782908,Выше
2021-08-04 23:00:00+05:00,51.425,51.25141837932299,Вверх,0.33868647184023215,True,-0.0792544294870012,-0.0785156926234074,-0.0007387368635938113,False,51.68435945746299,Красный,0.17358162067700533,Выше
2021-08-04 23:30:00+05:00,51.35,51.25239929097152,Вверх,0.1904314927275549,True,-0.0845812231853173,-0.0797287987357893,-0.004852424449528006,False,51.62367351171669,Красный,0.09760070902848383,Выше
2021-08-05 00:00:00+05:00,51.415,51.25401720847429,Вверх,0.31408814429299925,True,-0.0826055632830318,-0.0803041516452378,-0.0023014116377940014,False,51.620806160545015,Красный,0.16098279152571138,Выше
2021-08-05 00:30:00+05:00,51.315,51.25462400241982,Вверх,0.11779619645113444,True,-0.0880935156298576,-0.0818620244421618,-0.006231491187695795,False,51.620806160545015,Красный,0.06037599758018075,Выше
2021-08-05 01:00:00+05:00,51.34,51.25547351483355,Вверх,0.16491211449250262,True,-0.0893949766921338,-0.0833686148921562,-0.006026361799977592,False,51.56510299004147,Красный,0.08452648516645667,Выше
2021-08-05 01:30:00+05:00,51.325,51.2561653206561,Вверх,0.13429541385562993,True,-0.0905924749410118,-0.0848133869019273,-0.005779088039084501,False,51.537592691037325,Красный,0.06883467934390097,Выше
2021-08-05 12:00:00+05:00,51.3,51.25660148661972,Вверх,0.0846691199212729,True,-0.0924925949372408,-0.08634922850899,-0.006143366428250793,False,51.537592691037325,Красный,0.043398513380275006,Выше
2021-08-05 12:30:00+05:00,51.41,51.25812783998669,Вверх,0.296288932922807,True,-0.0841523174991181,-0.0859098463070157,0.0017575288078976042,Ниже,51.537592691037325,Красный,0.15187216001330484,Выше
2021-08-05 13:00:00+05:00,51.455,51.260086766952,Вверх,0.3802436658645324,True,-0.0730691677399022,-0.083341710593593,0.010272542853690794,False,51.537592691037325,Красный,0.19491323304799835,Выше
2021-08-05 13:30:00+05:00,51.535,51.2628222220072,Вверх,0.530945754047752,True,-0.0571713248488947,-0.0781076334446533,0.020936308595758596,False,51.537592691037325,Красный,0.27217777799279474,Выше
2021-08-05 14:00:00+05:00,51.525,51.26543095611659,Вверх,0.5063237332494129,True,-0.0448619456625039,-0.0714584958882234,0.026596550225719495,False,51.537592691037325,Красный,0.25956904388340973,Выше
2021-08-05 14:30:00+05:00,51.57,51.268461493866674,Вверх,0.5881559487978779,True,-0.0311168543265907,-0.0633901675758969,0.0322733132493062,False,51.34351301518243,Зелёный,0.3015385061333262,Выше
2021-08-05 15:00:00+05:00,51.55,51.27126287203716,Вверх,0.5436517697223624,True,-0.0215887416921702,-0.0550298823991515,0.0334411407069813,False,51.34351301518243,Зелёный,0.27873712796283456,Выше
2021-08-05 15:30:00+05:00,51.57,51.27423538077311,Вверх,0.5768289220316546,True,-0.0122822290390729,-0.0464803517271358,0.034198122688062896,False,51.34351301518243,Зелёный,0.2957646192268868,Выше
2021-08-05 16:00:00+05:00,51.565,51.277128561063925,Вверх,0.5614031967356704,True,-0.0052496937235275,-0.0382342201264142,0.032984526402886696,False,51.37565098806799,Зелёный,0.28787143893607237,Выше
2021-08-05 16:30:00+05:00,51.56,51.279943202247374,Вверх,0.5461332058190634,True,-7.89074367233411e-05,-0.030603157588476,0.03052425015175266,False,51.37565098806799,Зелёный,0.2800567977526285,Выше
2021-08-05 17:00:00+05:00,51.525,51.28238157834442,Вверх,0.47310287507792226,True,0.0011811548385338,-0.024246295103074,0.025427449941607796,False,51.37565098806799,Зелёный,0.24261842165557823,Выше
2021-08-05 17:30:00+05:00,51.55,51.28504444821164,Вверх,0.5166331717932116,True,0.0041492246571834,-0.0185671911510225,0.0227164158082059,False,51.385959570301566,Зелёный,0.26495555178835417,Выше
2021-08-05 18:00:00+05:00,51.565,51.28783007559262,Вверх,0.5404204545188526,True,0.00762393206886,-0.013328966507046,0.020952898575906,False,51.42036361327141,Зелёный,0.2771699244073744,Выше
2021-08-05 18:30:00+05:00,51.625,51.2911850002136,Вверх,0.6508233330639714,True,0.0150457235501519,-0.0076540284956064,0.0226997520457583,False,51.44932725194427,Зелёный,0.33381499978639795,Выше
2021-08-05 19:00:00+05:00,51.63,51.29455629374381,Вверх,0.653955761572901,True,0.021087916607577,-0.0019056394749697,0.0229935560825467,False,51.48414452674984,Зелёный,0.3354437062561928,Выше
2021-08-05 19:30:00+05:00,51.605,51.29764528584587,Вверх,0.5991594983384853,True,0.0235872084148738,0.0031929301029989,0.0203942783118749,False,51.48414452674984,Зелёный,0.30735471415412974,Выше
2021-08-05 20:00:00+05:00,51.7,51.30164881533994,Вверх,0.7764880736951131,True,0.0328548905041898,0.0091253221832371,0.023729568320952698,False,51.48414452674984,Зелёный,0.3983511846600649,Выше
2021-08-05 20:30:00+05:00,51.74,51.30601051866989,Вверх,0.8458842871288598,True,0.0429323634744065,0.015886730441471,0.0270456330329355,False,51.48414452674984,Зелёный,0.4339894813301086,Выше
2021-08-05 21:00:00+05:00,51.69,51.3098313095289,Вверх,0.7409275781432798,True,0.0463499578131774,0.0219793759158123,0.024370581897365098,False,51.50192122400057,Зелёный,0.3801686904710948,Выше
2021-08-05 21:30:00+05:00,51.705,51.313763336299765,Вверх,0.7624400127040959,True,0.0496959367644933,0.0275226880855485,0.0221732486789448,False,51.53247910160052,Зелёный,0.3912366637002336,Выше
2021-08-05 22:00:00+05:00,51.71,51.31770598966992,Вверх,0.7644418291204417,True,0.0521499551820241,0.0324481415048436,0.019701813677180505,False,51.549481191440464,Зелёный,0.39229401033008315,Выше
2021-08-05 22:30:00+05:00,51.765,51.322156676339866,Вверх,0.8628696694351724,True,0.057865782088271,0.0375316696215291,0.020334112466741897,False,51.58028307229642,Зелёный,0.442843323660135,Выше
2021-08-05 23:00:00+05:00,51.755,51.32646357508276,Вверх,0.8349229521538283,True,0.0608868341420105,0.0422027025256254,0.018684131616385102,False,51.583004765066775,Зелёный,0.4285364249172403,Выше
2021-08-05 23:30:00+05:00,51.795,51.33112562906203,Вверх,0.9036902371674113,True,0.0657507714018734,0.046912316300875,0.018838455100998394,False,51.6192042885601,Зелёный,0.46387437093797246,Выше
2021-08-06 00:00:00+05:00,51.765,51.33544278698181,Вверх,0.8367653802084749,True,0.0664190895239684,0.0508136709454937,0.015605418578474695,False,51.63128385970408,Зелёный,0.4295572130181924,Выше
2021-08-06 00:30:00+05:00,51.785,51.3399159930815,Вверх,0.8669355964245794,True,0.0677812294825983,0.0542071826529146,0.01357404682968371,False,51.63440547373368,Зелёный,0.44508400691849914,Выше
2021-08-06 01:00:00+05:00,51.735,51.34384717722995,Вверх,0.7618299840677346,True,0.0640873935016657,0.0561832248226648,0.0079041686790009,False,51.63440547373368,Зелёный,0.3911528227700529,Выше
2021-08-06 01:30:00+05:00,51.755,51.347938250093335,Вверх,0.7927518879610072,True,0.0620584633912315,0.0573582725363782,0.004700190854853299,False,51.63440547373368,Зелёный,0.4070617499066671,Выше
2021-08-06 12:00:00+05:00,51.725,51.35169010830136,Вверх,0.7269670986706066,True,0.0573684644341483,0.0573603109159322,8.153518216098832e-06,False,51.63440547373368,Зелёный,0.37330989169863926,Выше
2021-08-06 12:30:00+05:00,51.735,51.35550413707449,Вверх,0.7389584997794698,True,0.0538379129500157,0.0566558313227489,-0.002817918372733201,Выше,51.63440547373368,Зелёный,0.3794958629255092,Выше
2021-08-06 13:00:00+05:00,51.39,51.355847379491664,Вверх,0.06650191215027118,True,0.0229369063689972,0.0499120463319986,-0.026975139963001396,False,51.633100411815,Красный,0.034152620508336895,Выше
2021-08-06 13:30:00+05:00,51.675,51.35902302745692,Вверх,0.6152316650847363,True,0.0212003695164213,0.0441697109688831,-0.022969341452461798,False,51.1794596293665,Зелёный,0.31597697254307633,Выше
2021-08-06 14:00:00+05:00,51.715,51.36256508688521,Вверх,0.6861707792798326,True,0.0227891184835726,0.039893592471821,-0.0171044739882484,False,51.34251366642985,Зелёный,0.35243491311479147,Выше
2021-08-06 14:30:00+05:00,51.71,51.3660221506973,Вверх,0.6696602830048695,True,0.0233752993725602,0.0365899338519688,-0.013214634479408599,False,51.42326229978686,Зелёный,0.3439778493027035,Выше
2021-08-06 15:00:00+05:00,51.75,51.36984282581474,Вверх,0.7400395899093887,True,0.0267590559166635,0.0346237582649078,-0.007864702348244303,False,51.455936069808175,Зелёный,0.38015717418525696,Выше
2021-08-06 15:30:00+05:00,51.745,51.373575733020566,Вверх,0.7229869863636866,True,0.028706340321122,0.0334402746761506,-0.004733934355028599,False,51.47734246282736,Зелёный,0.37142426697943165,Выше
2021-08-06 16:00:00+05:00,51.715,51.37697298940842,Вверх,0.6579348508158839,True,0.0275116903209493,0.0322545578051104,-0.004742867484161098,False,51.54935821654463,Зелёный,0.33802701059158125,Выше
2021-08-06 16:30:00+05:00,51.84,51.381580223344656,Вверх,0.8921869951501984,True,0.0362336974111769,0.0330503857263237,0.003183311684853203,Выше,51.54935821654463,Зелёный,0.4584197766553473,Выше
2021-08-06 17:00:00+05:00,51.845,51.386191365400926,Вверх,0.8928636709744473,True,0.0430531195199179,0.0350509324850425,0.008002187034875402,False,51.574405155401145,Зелёный,0.4588086345990732,Выше
2021-08-06 17:30:00+05:00,51.73,51.389612346839726,Вверх,0.6623666488529235,True,0.0387315485849342,0.0357870557050209,0.002944492879913302,False,51.574405155401145,Зелёный,0.34038765316027053,Выше
2021-08-06 18:00:00+05:00,51.715,51.39285003493087,Вверх,0.6268381007283502,True,0.0337077360451587,0.0353711917730484,-0.001663455727889701,Выше,51.574405155401145,Зелёный,0.32214996506912996,Выше
2021-08-06 18:30:00+05:00,51.565,51.39456296990669,Вверх,0.331624631564836,True,0.0174217548696162,0.031781304392362,-0.0143595495227458,False,51.864766141712565,Красный,0.17043703009331068,Выше
2021-08-06 19:00:00+05:00,51.715,51.397751398066816,Вверх,0.6172421814257024,True,0.0164293564572091,0.0287109148053314,-0.0122815583481223,False,51.864766141712565,Красный,0.31724860193318705,Выше
2021-08-06 19:30:00+05:00,51.5,51.39876879709103,Вверх,0.19695258325856868,True,-0.0016863899508905,0.022631453854087,-0.0243178438049775,False,51.864766141712565,Красный,0.10123120290896992,Выше
2021-08-06 20:00:00+05:00,51.52,51.39997507771699,Вверх,0.23351163517401902,True,-0.0142649788466755,0.0152521673139345,-0.02951714616061,False,51.81139701730846,Красный,0.1200249222830152,Выше
2021-08-06 20:30:00+05:00,51.505,51.40102010181931,Вверх,0.2022915070065104,True,-0.025154015971907,0.0071709306567662,-0.032324946628673204,False,51.81139701730846,Красный,0.10397989818068964,Выше
2021-08-06 21:00:00+05:00,51.7,51.40399502617932,Вверх,0.5758404063145971,True,-0.0178431018566627,0.0021681241540804,-0.0200112260107431,False,51.81139701730846,Красный,0.29600497382068625,Выше
2021-08-06 21:30:00+05:00,51.725,51.40718910552082,Вверх,0.6182226649794575,True,-0.009917535505906,-0.0002490077779168,-0.0096685277279892,False,51.81139701730846,Красный,0.3178108944791802,Выше
2021-08-06 22:00:00+05:00,51.73,51.41040115422211,Вверх,0.6216618400217293,True,-0.0031961654532395,-0.0008384393129813,-0.0023577261402582,False,51.81139701730846,Красный,0.31959884577788955,Выше
2021-08-06 22:30:00+05:00,51.74,51.413680744727365,Вверх,0.6346934328488079,True,0.0029040095504555,-8.99495402940007e-05,0.002993959090749501,Выше,51.81139701730846,Красный,0.3263192552726366,Выше
2021-08-06 23:00:00+05:00,51.72,51.41672869751616,Вверх,0.5898300225749022,True,0.0060548132194284,0.0011390030116504,0.004915810207778,False,51.81139701730846,Красный,0.3032713024838358,Выше
2021-08-06 23:30:00+05:00,51.72,51.4197463224165,Вверх,0.5839267967228425,True,0.0084543908721101,0.0026020805837424,0.005852310288367701,False,51.81139701730846,Красный,0.3002536775834983,Выше
2021-08-07 00:00:00+05:00,51.685,51.42238566249196,Вверх,0.5107004160244437,True,0.0074460327268113,0.0035708710123562,0.0038751617144551003,False,51.81139701730846,Красный,0.2626143375080403,Выше
2021-08-07 00:30:00+05:00,51.625,51.42440172555175,Вверх,0.39008382736045205,True,0.0017848286787653,0.003213662545638,-0.0014288338668727,Выше,51.81139701730846,Красный,0.20059827444824663,Выше
2021-08-07 01:00:00+05:00,51.285,51.42301464370546,Вниз,0.2683908064545075,True,-0.029793434648667,-0.0033877568932229,-0.0264056777554441,False,51.69282844831991,Красный,-0.13801464370546057,Ниже
2021-08-07 01:30:00+05:00,51.25,51.42129310496213,Вниз,0.33311707002872337,True,-0.0569867357211748,-0.0141075526588133,-0.0428791830623615,False,51.55679560348792,Красный,-0.1712931049621318,Ниже
2021-08-09 12:00:00+05:00,52.265,51.4296881984451,Вверх,1.6241821228466167,True,0.0033260538741046,-0.0106208313522297,0.0139468852263343,Выше,51.37813395686088,Зелёный,0.8353118015549015,Выше
2021-08-09 12:30:00+05:00,52.635,51.441681350699376,Вверх,2.319750478537572,True,0.0800574297236949,0.0075148208629551,0.0725426088607398,False,52.11382056117479,Зелёный,1.1933186493006218,Выше
2021-08-09 13:00:00+05:00,52.81,51.455296461637694,Вверх,2.6327776371326563,True,0.153222383113281,0.0366563333130203,0.11656604980026071,False,52.23918850505731,Зелёный,1.3547035383623083,Выше
2021-08-09 13:30:00+05:00,52.41,51.46479599933284,Вверх,1.8366030260362967,True,0.1768903963602355,0.0647031459224634,0.11218725043777211,False,52.23918850505731,Зелёный,0.9452040006671538,Выше
2021-08-09 14:00:00+05:00,52.38,51.47390250680217,Вверх,1.7603046380213638,True,0.1910247042162893,0.0899674575812286,0.10105724663506072,False,52.23918850505731,Зелёный,0.9060974931978336,Выше
2021-08-09 14:30:00+05:00,52.38,51.48291840225688,Вверх,1.7424839647470307,True,0.1999216724315218,0.1119583005512872,0.08796337188023462,False,52.23918850505731,Зелёный,0.8970815977431243,Выше
2021-08-09 15:00:00+05:00,52.59,51.49393413954786,Вверх,2.1285339307768156,True,0.2213660586693109,0.1338398521748919,0.087526206494419,False,52.23918850505731,Зелёный,1.0960658604521427,Выше
2021-08-09 15:30:00+05:00,52.52,51.50414375009962,Вверх,1.9723777077614573,True,0.2300604802667933,0.1530839777932722,0.07697650247352109,False,52.23918850505731,Зелёный,1.0158562499003807,Выше
2021-08-09 16:00:00+05:00,52.47,51.51375426004888,Вверх,1.8562920790510726,True,0.2302619731962494,0.1685195768738677,0.06174239632238168,False,52.23918850505731,Зелёный,0.9562457399511217,Выше
2021-08-09 16:30:00+05:00,52.695,51.52550794900362,Вверх,2.26973415216763,True,0.2457444879051209,0.1839645590801183,0.061779928825002606,False,52.23918850505731,Зелёный,1.1694920509963822,Выше
2021-08-09 17:00:00+05:00,52.815,51.5383387156802,Вверх,2.477109887772507,True,0.2646468058348148,0.2001010084310576,0.06454579740375721,False,52.290589337111086,Зелёный,1.2766612843198004,Выше
2021-08-09 17:30:00+05:00,52.8,51.55089255930527,Вверх,2.423056864161428,True,0.2752438149724909,0.2151295697393443,0.060114245233146596,False,52.38928040339998,Зелёный,1.2491074406947291,Выше
2021-08-09 18:00:00+05:00,52.74,51.56272447413806,Вверх,2.283191080123048,True,0.2756233085707009,0.2272283175056156,0.0483949910650853,False,52.38928040339998,Зелёный,1.177275525861944,Выше
2021-08-09 18:30:00+05:00,53.095,51.57797099678345,Вверх,2.941234356254836,True,0.3010987145684964,0.2420023969181918,0.0590963176503046,False,52.43016712675399,Зелёный,1.5170290032165497,Выше
2021-08-09 19:00:00+05:00,52.98,51.591921534128886,Вверх,2.6904957687084297,True,0.3084529646856353,0.2552925104716805,0.05316045421395482,False,52.58815041407859,Зелёный,1.3880784658711107,Выше
2021-08-09 19:30:00+05:00,52.925,51.60518599647586,Вверх,2.5575220358943525,True,0.3063122436698862,0.2654964571113217,0.04081578655856449,False,52.58815041407859,Зелёный,1.3198140035241366,Выше
2021-08-09 20:00:00+05:00,52.87,51.61777121044128,Вверх,2.425964469588358,True,0.2967568383878074,0.2717485333666188,0.025008305021188615,False,52.58815041407859,Зелёный,1.252228789558714,Выше
2021-08-09 20:30:00+05:00,52.92,51.6307287108349,Вверх,2.4971007021532543,True,0.2898771694244928,0.2753742605781937,0.014502908846299123,False,52.58815041407859,Зелёный,1.2892712891651001,Выше
2021-08-09 21:00:00+05:00,53.01,51.64445280326441,Вверх,2.6441314073701943,True,0.2883631590466819,0.2779720402718914,0.010391118774790542,False,52.58815041407859,Зелёный,1.3655471967355908,Выше
2021-08-09 21:30:00+05:00,52.905,51.65699556144089,Вверх,2.4159446847324606,True,0.2755147103569939,0.2774805742889119,-0.0019658639319179994,Выше,52.58815041407859,Зелёный,1.2480044385591142,Выше
2021-08-09 22:00:00+05:00,52.95,51.66986127724745,Вверх,2.4775346616156995,True,0.2658982367641229,0.2751641067839541,-0.009265870019831202,False,52.59348132170834,Зелёный,1.2801387227525538,Выше
2021-08-09 22:30:00+05:00,52.83,51.68140494613056,Вверх,2.2224532306477705,True,0.245761133672687,0.2692835121617007,-0.0235223784890137,False,52.59348132170834,Зелёный,1.1485950538694354,Выше
2021-08-09 23:00:00+05:00,52.825,51.692784001392944,Вверх,2.1902786249170667,True,0.2267846439723015,0.2607837385238208,-0.03399909455151931,False,52.59348132170834,Зелёный,1.1322159986070588,Выше
2021-08-09 23:30:00+05:00,52.99,51.70569162326963,Вверх,2.4838820184205455,True,0.2224949766119195,0.2531259861414406,-0.030631009529521108,False,52.59348132170834,Зелёный,1.2843083767303725,Выше
2021-08-10 00:00:00+05:00,52.965,51.71822205487889,Вверх,2.410713082514974,True,0.2146042688325664,0.2454216426796657,-0.030817373847099316,False,52.63990159517284,Зелёный,1.24677794512111,Выше
2021-08-10 00:30:00+05:00,52.99,51.730876561795526,Вверх,2.433988213403614,True,0.2079707596740121,0.237931466078535,-0.02996070640452289,False,52.669411435655554,Зелёный,1.259123438204476,Выше
2021-08-10 01:00:00+05:00,53.045,51.74395241690204,Вверх,2.514395445897514,True,0.2047909931290021,0.2313033714886284,-0.026512378359626304,False,52.72472029209,Зелёный,1.3010475830979615,Выше
2021-08-10 01:30:00+05:00,53.145,51.75789318887317,Вверх,2.679990868378376,True,0.2079431305295855,0.2266313232968199,-0.018688192767234407,False,52.813998262881,Зелёный,1.3871068111268343,Выше
2021-08-10 12:00:00+05:00,54.025,51.7804514656008,Вверх,4.3347411443299535,True,0.2782424617633268,0.2369535509901213,0.041288910773205484,Выше,53.3025984365929,Зелёный,2.2445485343992004,Выше
2021-08-10 12:30:00+05:00,53.57,51.7982579186794,Вверх,3.4204665417554145,True,0.2938531348181001,0.2483334677557171,0.045519667062383,False,53.345088592933614,Зелёный,1.7717420813206033,Выше
2021-08-10 13:00:00+05:00,53.595,51.816135949339305,Вверх,3.4330310781952,True,0.3047292674414379,0.2596126276928612,0.045116639748576715,False,53.345088592933614,Зелёный,1.7788640506606939,Выше
2021-08-10 13:30:00+05:00,53.58,51.833686835415534,Вверх,3.3690699450522006,True,0.3085811745686513,0.2694063370680193,0.039174837500632,False,53.345088592933614,Зелёный,1.746313164584464,Выше
2021-08-10 14:00:00+05:00,53.53,51.8505655733716,Вверх,3.238989600319607,True,0.3040938519524374,0.2763438400449029,0.027750011907534455,False,53.345088592933614,Зелёный,1.6794344266284043,Выше
2021-08-10 14:30:00+05:00,53.115,51.86314701045249,Вверх,2.413762106058117,True,0.2640072732422709,0.2738765266843765,-0.009869253442105597,Выше,53.716205874176254,Красный,1.2518529895475154,Выше
2021-08-10 15:00:00+05:00,53.24,51.87684704019923,Вверх,2.627671181990818,True,0.2395632896574682,0.2670138792789949,-0.02745058962152669,False,53.46833528675863,Красный,1.3631529598007717,Выше
2021-08-10 15:30:00+05:00,53.44,51.89240080099327,Вверх,2.9823233751349254,True,0.233636370442511,0.2603383775116981,-0.026702007069187073,False,53.46833528675863,Красный,1.5475991990067257,Выше
2021-08-10 16:00:00+05:00,53.555,51.90894407660529,Вверх,3.1710448992480456,True,0.235504039200677,0.2553715098494939,-0.019867470648816915,False,52.96417341772551,Зелёный,1.6460559233947123,Выше
2021-08-10 16:30:00+05:00,53.545,51.92522324002216,Вверх,3.119441109555733,True,0.2334857849319931,0.2509943648659938,-0.017508579934000706,False,53.12525607595296,Зелёный,1.6197767599778388,Выше
2021-08-10 17:00:00+05:00,53.485,51.94074340678811,Вверх,2.973112227365758,True,0.224457400135364,0.2456869719198678,-0.021229571784503798,False,53.12525607595296,Зелёный,1.544256593211891,Выше
2021-08-10 17:30:00+05:00,53.535,51.956606656471806,Вверх,3.037906909441291,True,0.218814564182054,0.2403124903723051,-0.021497926190251093,False,53.12525607595296,Зелёный,1.578393343528191,Выше
2021-08-10 18:00:00+05:00,53.72,51.974152858894975,Вверх,3.359068007986273,True,0.2266577603533122,0.2375815443685065,-0.01092378401519431,False,53.21140167936971,Зелёный,1.745847141105024,Выше
2021-08-10 18:30:00+05:00,54.0,51.994310541891046,Вверх,3.8575171729472197,True,0.2525559025347448,0.2405764160017542,0.011979486532990608,Выше,53.29176151143274,Зелёный,2.0056894581089537,Выше
2021-08-10 19:00:00+05:00,53.9,52.01327262605134,Вверх,3.6273960062333668,True,0.2619911318502872,0.2448593591714608,0.01713177267882643,False,53.47183536028946,Зелёный,1.8867273739486592,Выше
2021-08-10 19:30:00+05:00,53.96,52.03264304768267,Вверх,3.7041304062741998,True,0.2711840763926574,0.2501243026157002,0.021059773776957225,False,53.51690182426052,Зелёный,1.9273569523173322,Выше
2021-08-10 20:00:00+05:00,53.34,52.045651574571394,Вверх,2.4869482584420277,True,0.2258374195367594,0.245266925999912,-0.019429506463152613,Выше,54.113788358165536,Красный,1.294348425428609,Выше
2021-08-10 20:30:00+05:00,53.49,52.06002320069507,Вверх,2.7467847906872223,True,0.1997015781876996,0.2361538564374695,-0.036452278249769904,False,54.07015952234899,Красный,1.4299767993049315,Выше
2021-08-10 21:00:00+05:00,53.78,52.07713739770308,Вверх,3.269885188374475,True,0.200082881083027,0.2289396613665811,-0.028856780283554095,False,54.07015952234899,Красный,1.7028626022969178,Выше
2021-08-10 21:30:00+05:00,53.71,52.09338478678067,Вверх,3.103302309566126,True,0.1925174302906711,0.2216552151513991,-0.029137784860728017,False,54.07015952234899,Красный,1.6166152132193332,Выше
2021-08-10 22:00:00+05:00,53.66,52.10897299785748,Вверх,2.9765065648219373,True,0.1804075479856592,0.2134056817182511,-0.03299813373259192,False,54.0550787917924,Красный,1.5510270021425185,Выше
2021-08-10 22:30:00+05:00,53.66,52.12440610235641,Вверх,2.946017062771227,True,0.1688638219861644,0.2044973097718338,-0.03563348778566941,False,54.0550787917924,Красный,1.5355938976435866,Выше
2021-08-10 23:00:00+05:00,53.735,52.14043191228322,Вверх,3.058218026270574,True,0.1638781241576552,0.1963734726489981,-0.03249534849134289,False,54.0550787917924,Красный,1.5945680877167803,Выше
2021-08-10 23:30:00+05:00,53.835,52.157293286290354,Вверх,3.2166291768645805,True,0.1660816016520385,0.1903150984496062,-0.0242334967975677,False,54.0550787917924,Красный,1.6777067137096466,Выше
2021-08-11 00:00:00+05:00,53.915,52.17478290533224,Вверх,3.3353604898083944,True,0.172297071464996,0.1867114930526842,-0.014414421587688186,False,54.0550787917924,Красный,1.7402170946677558,Выше
2021-08-11 00:30:00+05:00,53.85,52.19145173214486,Вверх,3.1778159311740968,True,0.1700180569712799,0.1833728058364033,-0.013354748865123417,False,54.0550787917924,Красный,1.6585482678551386,Выше
2021-08-11 01:00:00+05:00,53.715,52.206611416402126,Вверх,2.8892673603481116,True,0.155525745821258,0.1778033938333743,-0.02227764801211629,False,54.0550787917924,Красный,1.5083885835978776,Выше
2021-08-11 01:30:00+05:00,53.805,52.22251578041803,Вверх,3.0302718969647153,True,0.1495784849963541,0.1721584120659702,-0.022579927069616118,False,54.0550787917924,Красный,1.5824842195819713,Выше
2021-08-11 12:00:00+05:00,54.17,52.24189373285168,Вверх,3.6907281290529794,True,0.1723311611592208,0.1721929618846203,0.0001381992746005145,Выше,53.76052365599195,Зелёный,1.9281062671483227,Выше
2021-08-11 12:30:00+05:00,53.775,52.25714852157952,Вверх,2.9045815192034063,True,0.156683472555656,0.1690910640188275,-0.012407591463171497,Выше,53.76052365599195,Зелёный,1.517851478420475,Выше
2021-08-11 13:00:00+05:00,53.67,52.27120674524541,Вверх,2.6760301547502117,True,0.1342622524525154,0.1621253017055651,-0.027863049253049693,False,54.23785083864653,Красный,1.3987932547545938,Выше
2021-08-11 13:30:00+05:00,53.61,52.284528071163365,Вверх,2.5351131161259843,True,0.1103793905203929,0.1517761194685307,-0.0413967289481378,False,54.177315754781866,Красный,1.3254719288366346,Выше
2021-08-11 14:00:00+05:00,53.66,52.29821435901249,Вверх,2.6038855392637914,True,0.0943984657528318,0.1403005887253909,-0.04590212297255909,False,54.15283417930368,Красный,1.361785640987506,Выше
2021-08-11 14:30:00+05:00,53.835,52.31350575842531,Вверх,2.9084157513753515,True,0.0947621461685344,0.1311929002140196,-0.03643075404548521,False,54.15283417930368,Красный,1.5214942415746933,Выше
2021-08-11 15:00:00+05:00,53.7,52.32730172102804,Вверх,2.623292686273431,True,0.083197939700284,0.1215939081112725,-0.03839596841098851,False,54.15283417930368,Красный,1.37269827897196,Выше
2021-08-11 15:30:00+05:00,53.55,52.339467873057615,Вверх,2.312847600740547,True,0.0612237273425293,0.1095198719575239,-0.048296144614994596,False,54.018361116712384,Красный,1.2105321269423825,Выше
2021-08-11 16:00:00+05:00,53.56,52.35161247133565,Вверх,2.3082145355617993,True,0.0441074786024984,0.0964373932865188,-0.05232991468402041,False,53.95827500504115,Красный,1.2083875286643533,Выше
2021-08-11 16:30:00+05:00,53.6,52.36403423779002,Вверх,2.360333347498288,True,0.0333855460728145,0.0838270238437779,-0.050441477770963396,False,53.92019750453703,Красный,1.235965762209979,Выше
2021-08-11 17:00:00+05:00,53.47,52.37503887223987,Вверх,2.09061635339518,True,0.0142343391498585,0.069908486904994,-0.0556741477551355,False,53.88167775408333,Красный,1.0949611277601292,Выше
2021-08-11 17:30:00+05:00,53.535,52.38658077400863,Вверх,2.192201149652339,True,0.0042528027954205,0.0567773500830793,-0.0525245472876588,False,53.846509978675,Красный,1.1484192259913684,Выше
2021-08-11 18:00:00+05:00,53.745,52.40009738322247,Вверх,2.5666032773598184,True,0.0131361825428442,0.0480491165750323,-0.034912934032188106,False,53.846509978675,Красный,1.3449026167775244,Выше
2021-08-11 18:30:00+05:00,53.835,52.41437502120037,Вверх,2.7103728284941315,True,0.0271258825438991,0.0438644697688057,-0.016738587224906603,False,53.846509978675,Красный,1.42062497879963,Выше
2021-08-11 19:00:00+05:00,53.76,52.427764324472,Вверх,2.5410880908117264,True,0.0317944408633223,0.041450463987709,-0.009656023124386695,False,53.846509978675,Красный,1.332235675527997,Выше
2021-08-11 19:30:00+05:00,53.8,52.44141841079566,Вверх,2.590665222976987,True,0.0382806966307995,0.0408165105163271,-0.0025358138855276005,False,53.846509978675,Красный,1.3585815892043343,Выше
2021-08-11 20:00:00+05:00,53.76,52.454538625613615,Вверх,2.488748178120328,True,0.03973539050412,0.0406002865138857,-0.0008648960097656991,False,53.846509978675,Красный,1.3054613743863825,Выше
2021-08-11 20:30:00+05:00,54.0,52.46991635073189,Вверх,2.9161160445546708,True,0.0595675821085208,0.0443937456328127,0.015173836475708094,Выше,53.502002262922986,Зелёный,1.5300836492681071,Выше
2021-08-11 21:00:00+05:00,53.91,52.48424554127188,Вверх,2.7165379706314883,True,0.0672473039397942,0.048964457294209,0.018282846645585195,False,53.60355203663068,Зелёный,1.4257544587281146,Выше
2021-08-11 21:30:00+05:00,53.94,52.498730660264194,Вверх,2.7453413094170056,True,0.0748909913695428,0.0541497641092758,0.020741227260267003,False,53.60355203663068,Зелёный,1.441269339735804,Выше
2021-08-11 22:00:00+05:00,53.955,52.51322090245062,Вверх,2.7455544961289844,True,0.0812227579726823,0.0595643628819571,0.021658395090725202,False,53.60355203663068,Зелёный,1.4417790975493787,Выше
2021-08-11 22:30:00+05:00,53.885,52.52687044570983,Вверх,2.585590085162006,True,0.0796738827133509,0.0635862668482358,0.01608761586511509,False,53.60355203663068,Зелёный,1.3581295542901657,Выше
2021-08-11 23:00:00+05:00,53.92,52.540732431324656,Вверх,2.625139591417324,True,0.0803444347726909,0.0669379004331269,0.013406534339564,False,53.60355203663068,Зелёный,1.3792675686753455,Выше
2021-08-11 23:30:00+05:00,53.975,52.55500375041596,Вверх,2.7019239810686897,True,0.0843416543659287,0.0704186512196872,0.013923003146241508,False,53.65585439211005,Зелёный,1.4199962495840381,Выше
2021-08-12 00:00:00+05:00,53.955,52.56893406135709,Вверх,2.636663579720159,True,0.0849167790687204,0.0733182767894939,0.0115985022792265,False,53.71176895289905,Зелёный,1.3860659386429077,Выше
2021-08-12 00:30:00+05:00,53.96,52.58277551348289,Вверх,2.619155175945343,True,0.0847985231627106,0.0756143260641372,0.00918419709857339,False,53.71176895289905,Зелёный,1.3772244865171075,Выше
2021-08-12 01:00:00+05:00,53.925,52.596130981010425,Вверх,2.526552798093368,True,0.0809474847957503,0.0766809578104598,0.004266526985290495,False,53.716607851848224,Зелёный,1.3288690189895718,Выше
2021-08-12 01:30:00+05:00,53.95,52.60960231453272,Вверх,2.5478194597510067,True,0.0790021130290909,0.0771451888541861,0.0018569241749047949,False,53.7461970666634,Зелёный,1.3403976854672806,Выше
2021-08-12 12:00:00+05:00,53.84,52.6218450775722,Вверх,2.3149224825394543,True,0.0678027236047427,0.0752766958042974,-0.0074739721995547015,Выше,53.7461970666634,Зелёный,1.2181549224278,Выше
2021-08-12 12:30:00+05:00,53.85,52.634065524561535,Вверх,2.310166359600426,True,0.0590533133878921,0.0720320193210163,-0.012978705933124203,False,53.7461970666634,Зелёный,1.2159344754384662,Выше
2021-08-12 13:00:00+05:00,53.805,52.64571661386938,Вверх,2.2020469293511473,True,0.0479356465412053,0.0672127447650541,-0.019277098223848793,False,53.7461970666634,Зелёный,1.1592833861306175,Выше
2021-08-12 13:30:00+05:00,53.76,52.65680401074631,Вверх,2.0950682632173083,True,0.035089205034076,0.0607880368188585,-0.0256988317847825,False,53.7461970666634,Зелёный,1.1031959892536847,Выше
2021-08-12 14:00:00+05:00,53.8,52.668179095216495,Вверх,2.1489653225666547,True,0.0278153354198309,0.054193496539053,-0.026378161119222098,False,53.7461970666634,Зелёный,1.1318209047835026,Выше
2021-08-12 14:30:00+05:00,53.86,52.68003800969196,Вверх,2.239865487741201,True,0.0265857756318084,0.0486719523576041,-0.022086176725795697,False,53.7461970666634,Зелёный,1.179961990308037,Выше
2021-08-12 15:00:00+05:00,53.9,52.69217693496866,Вверх,2.29222464374931,True,0.0285103567023696,0.0446396332265572,-0.0161292765241876,False,53.7461970666634,Зелёный,1.2078230650313415,Выше
2021-08-12 15:30:00+05:00,53.94,52.70459308486947,Вверх,2.3440213514999857,True,0.0328841982054868,0.0422885462223431,-0.009404348016856301,False,53.7461970666634,Зелёный,1.2354069151305254,Выше
2021-08-12 16:00:00+05:00,53.935,52.7168359397464,Вверх,2.3107685401413702,True,0.0355373880075831,0.0409383145793911,-0.005400926571808004,False,53.7461970666634,Зелёный,1.2181640602535992,Выше
2021-08-12 16:30:00+05:00,53.955,52.729155980146935,Вверх,2.3247935550392773,True,0.0388065550832124,0.0405119626801553,-0.001705407596942897,False,53.7461970666634,Зелёный,1.2258440198530636,Выше
2021-08-12 17:00:00+05:00,53.935,52.74115442810567,Вверх,2.2635939331243202,True,0.0393301867796935,0.040275607500063,-0.0009454207203695025,False,53.77177119687707,Зелёный,1.1938455718943288,Выше
2021-08-12 17:30:00+05:00,53.97,52.75338174722901,Вверх,2.3062374628426507,True,0.0420842550686231,0.040637337013775,0.0014469180548481037,Выше,53.78309407718937,Зелёный,1.2166182527709921,Выше
2021-08-12 18:00:00+05:00,53.915,52.76494013780384,Вверх,2.1795909541309033,True,0.0393749438412172,0.0403848583792634,-0.0010099145380461985,Выше,53.78309407718937,Зелёный,1.1500598621961586,Выше
2021-08-12 18:30:00+05:00,53.84,52.77563725086052,Вверх,2.0167691089739126,True,0.0308206408130118,0.0384720148660131,-0.0076513740530013,False,53.78309407718937,Зелёный,1.0643627491394838,Выше
2021-08-12 19:00:00+05:00,53.805,52.785879666274845,Вверх,1.9306684669617733,True,0.0209752963799374,0.034972671168798,-0.013997374788860602,False,53.78309407718937,Зелёный,1.019120333725155,Выше
2021-08-12 19:30:00+05:00,54.205,52.80000026661042,Вверх,2.660984330104392,True,0.0449315046288987,0.0369644378608181,0.007967066768080601,Выше,53.85234177404394,Зелёный,1.4049997333895803,Выше
2021-08-12 20:00:00+05:00,54.295,52.81487588584813,Вверх,2.802475797445683,True,0.0703680608965626,0.043645162467967,0.0267228984285956,False,54.15335759663955,Зелёный,1.4801241141518702,Выше
2021-08-12 20:30:00+05:00,54.34,52.83005125016805,Вверх,2.858124711410635,True,0.0930848151131442,0.0535330929970025,0.039551722116141705,False,54.15335759663955,Зелёный,1.5099487498319561,Выше
2021-08-12 21:00:00+05:00,54.265,52.8443293471813,Вверх,2.6884070067103196,True,0.1038391403242755,0.0635943024624571,0.0402448378618184,False,54.15335759663955,Зелёный,1.4206706528186999,Выше
2021-08-12 21:30:00+05:00,54.255,52.85836587108994,Вверх,2.642219648477504,True,0.1102838208706131,0.0729322061440883,0.037351614726524804,False,54.15335759663955,Зелёный,1.3966341289100654,Выше
2021-08-12 22:00:00+05:00,54.34,52.87310849923831,Вверх,2.774362133035591,True,0.1208569031120916,0.082517145537689,0.0383397575744026,False,54.15335759663955,Зелёный,1.4668915007616903,Выше
2021-08-12 22:30:00+05:00,54.42,52.88850045446976,Вверх,2.8957136851491385,True,0.1341451367416084,0.0928427437784729,0.04130239296313551,False,54.15335759663955,Зелёный,1.5314995455302451,Выше
2021-08-12 23:00:00+05:00,54.39,52.90344074845514,Вверх,2.809948144229675,True,0.1406342640953113,0.1024010478418405,0.0382332162534708,False,54.15335759663955,Зелёный,1.4865592515448611,Выше
2021-08-12 23:30:00+05:00,54.4,52.91833188528644,Вверх,2.7999146267978334,True,0.1449133893542438,0.1109035161443212,0.0340098732099226,False,54.15335759663955,Зелёный,1.4816681147135569,Выше
2021-08-13 00:00:00+05:00,54.42,52.93327385657712,Вверх,2.8086797492465223,True,0.1482099873280091,0.1183648103810588,0.02984517694695031,False,54.15335759663955,Зелёный,1.4867261434228851,Выше
2021-08-13 00:30:00+05:00,54.4,52.94786814656143,Вверх,2.742569067028378,True,0.1475083477082677,0.1241935178465006,0.02331482986176711,False,54.158534849559466,Зелёный,1.4521318534385657,Выше
2021-08-13 01:00:00+05:00,54.435,52.96266547843644,Вверх,2.7799479279663823,True,0.1480696460380102,0.1289687434848025,0.019100902553207705,False,54.17268136460351,Зелёный,1.4723345215635604,Выше
2021-08-13 01:30:00+05:00,54.405,52.97701706571567,Вверх,2.695476290242955,True,0.1444288439198473,0.1320607635718115,0.012368080348035798,False,54.17616322814317,Зелёный,1.42798293428433,Выше
2021-08-13 12:00:00+05:00,54.035,52.98754425909164,Вверх,1.9767961613518847,True,0.1104147813609515,0.1277315671296395,-0.017316785768688017,Выше,54.661703094671154,Красный,1.0474557409083545,Выше
2021-08-13 12:30:00+05:00,54.235,52.99995675402605,Вверх,2.3302721768355594,True,0.0984617148961675,0.1218775966829451,-0.0234158817867776,False,54.52078278520404,Красный,1.235043245973948,Выше
2021-08-13 13:00:00+05:00,54.18,53.0116984778666,Вверх,2.2038560462671946,True,0.0835872415702354,0.1142195256604031,-0.030632284090167702,False,54.52078278520404,Красный,1.1683015221333974,Выше
2021-08-13 13:30:00+05:00,54.2,53.02352237360922,Вверх,2.2187843691356486,True,0.0725763323653581,0.1058908870013941,-0.033314554636036,False,54.52078278520404,Красный,1.1764776263907848,Выше
2021-08-13 14:00:00+05:00,54.38,53.03701966342405,Вверх,2.532156492009893,True,0.0774814452975434,0.100208998660624,-0.02272755336308059,False,54.52078278520404,Красный,1.3429803365759554,Выше
2021-08-13 14:30:00+05:00,54.3,53.0495866319472,Вверх,2.357065242992451,True,0.0740597366797644,0.0949791462644521,-0.0209194095846877,False,54.52078278520404,Красный,1.2504133680527971,Выше
2021-08-13 15:00:00+05:00,53.88,53.05784945152981,Вверх,1.5495361326720447,True,0.0370306517321736,0.0833894473579964,-0.046358795625822805,False,54.444493001835134,Красный,0.8221505484701908,Выше
2021-08-13 15:30:00+05:00,54.055,53.067771347534496,Вверх,1.8603167749409737,True,0.021557372622432,0.0710230324108835,-0.049465659788451494,False,54.37979370165162,Красный,0.9872286524655038,Выше
2021-08-13 16:00:00+05:00,53.925,53.07630098586749,Вверх,1.5990168839356154,True,-0.0011816052854598,0.0565821048716148,-0.0577637101570746,False,54.37979370165162,Красный,0.8486990141325066,Выше
2021-08-13 16:30:00+05:00,53.9,53.08449699595837,Вверх,1.53623571888365,True,-0.0209778802242794,0.041070107852436,-0.062047988076715396,False,54.30075789833781,Красный,0.8155030040416307,Выше
2021-08-13 17:00:00+05:00,53.995,53.09355672734187,Вверх,1.6978393014569066,True,-0.0286703705014232,0.0271220121816641,-0.0557923826830873,False,54.30075789833781,Красный,0.9014432726581276,Выше
2021-08-13 17:30:00+05:00,54.29,53.105461635527526,Вверх,2.2305396243463176,True,-0.0108377589464652,0.0195300579560382,-0.0303678169025034,False,54.30075789833781,Красный,1.1845383644724734,Выше
2021-08-13 18:00:00+05:00,54.51,53.11943714164168,Вверх,2.6178042034790643,True,0.0208070251372944,0.0197854513922895,0.0010215737450049028,Выше,54.01880249211173,Зелёный,1.3905628583583152,Выше
2021-08-13 18:30:00+05:00,54.24,53.13058702082933,Вверх,2.088087185514694,True,0.0238243685061974,0.020593234815071,0.0032311336911263998,False,54.01880249211173,Зелёный,1.1094129791706706,Выше
2021-08-13 19:00:00+05:00,54.215,53.14137719972656,Вверх,2.0203142200066373,True,0.0239225791968635,0.0212591036914295,0.002663475505434002,False,54.01880249211173,Зелёный,1.0736228002734407,Выше
2021-08-13 19:30:00+05:00,52.975,53.13972170520192,Вниз,0.30997848674430534,True,-0.0751904760078545,0.0019691877515727,-0.0771596637594272,Ниже,53.89684798325055,Красный,-0.1647217052019201,Ниже
2021-08-13 20:00:00+05:00,53.08,53.13912745937902,Вниз,0.11126915740989336,True,-0.1436102146895237,-0.0271466927366465,-0.11646352195287721,False,53.74116318492549,Красный,-0.05912745937902031,Ниже
2021-08-13 20:30:00+05:00,52.91,53.13684758416132,Вниз,0.4269120101677689,True,-0.209140092976412,-0.0635453727845996,-0.1455947201918124,False,53.67954686643294,Красный,-0.22684758416132667,Ниже
2021-08-13 21:00:00+05:00,52.615,53.13165507088608,Вниз,0.972405377165046,True,-0.281630566358146,-0.1071624114993089,-0.1744681548588371,False,53.36184217978965,Красный,-0.5166550708860811,Ниже
2021-08-13 21:30:00+05:00,52.515,53.12551919953398,Вниз,1.1492013795496943,True,-0.3431928396189647,-0.15436849712324,-0.1888243424957247,False,53.29090796181068,Красный,-0.6105191995339823,Ниже
2021-08-13 22:00:00+05:00,52.45,53.118797615459016,Вниз,1.2590601547508953,True,-0.3926995455683908,-0.2020347068122702,-0.1906648387561206,False,53.120067165629614,Красный,-0.6687976154590132,Ниже
2021-08-13 22:30:00+05:00,52.48,53.11244142028032,Вниз,1.190759459305956,True,-0.4246184799097605,-0.2465514614317683,-0.1780670184779922,False,53.06556044906665,Красный,-0.6324414202803226,Ниже
2021-08-13 23:00:00+05:00,52.455,53.10589971460589,Вниз,1.2256636609187748,True,-0.4467815369588663,-0.2865974765371879,-0.16018406042167838,False,53.03100440416,Красный,-0.6508997146058917,Ниже
2021-08-13 23:30:00+05:00,52.37,53.09857732938593,Вниз,1.372122128369575,True,-0.4658348547385458,-0.3224449521774595,-0.1433899025610863,False,52.95215396374399,Красный,-0.728577329385935,Ниже
2021-08-14 00:00:00+05:00,52.365,53.09127805247663,Вниз,1.3679799754655746,True,-0.4758528688993948,-0.3531265355218466,-0.12272633337754824,False,52.8074385673696,Красный,-0.7262780524766299,Ниже
2021-08-14 00:30:00+05:00,52.42,53.08459866886989,Вниз,1.251961370218708,True,-0.4738914512886722,-0.3772795186752117,-0.09661193261346052,False,52.8074385673696,Красный,-0.6645986688698855,Ниже
2021-08-14 01:00:00+05:00,52.35,53.07728922937866,Вниз,1.3702456171708477,True,-0.4725383012940796,-0.3963312751989853,-0.07620702609509428,False,52.8074385673696,Красный,-0.7272892293786555,Ниже
2021-08-14 01:30:00+05:00,52.33,53.0698535156535,Вниз,1.3941126018659031,True,-0.4676885307707437,-0.410602726313337,-0.057085804457406686,False,52.72471021561243,Красный,-0.7398535156535004,Ниже
2021-08-16 12:00:00+05:00,52.14,53.0606012418659,Вниз,1.7349996425210683,True,-0.4737157643405467,-0.423225333918779,-0.05049043042176771,False,52.2779891940512,Красный,-0.9206012418659029,Ниже
2021-08-16 12:30:00+05:00,51.655,53.04661515985729,Вниз,2.623381634555987,True,-0.5117289443244033,-0.4409260559999038,-0.07080288832449949,False,52.2779891940512,Красный,-1.3916151598572881,Ниже
2021-08-16 13:00:00+05:00,51.94,53.03560406373931,Вниз,2.065789733294239,True,-0.5129446386784338,-0.4553297725356099,-0.05761486614282385,False,52.2779891940512,Красный,-1.0956040637393087,Ниже
2021-08-16 13:30:00+05:00,52.1,53.02629457056778,Вниз,1.7468589462442203,True,-0.4952880500534817,-0.4633214280391843,-0.0319666220142974,False,52.2779891940512,Красный,-0.9262945705677765,Ниже
2021-08-16 14:00:00+05:00,52.14,53.01747571911935,Вниз,1.6550688376189788,True,-0.4726193489934402,-0.4651810122300355,-0.007438336763404718,False,52.2779891940512,Красный,-0.877475719119353,Ниже
2021-08-16 14:30:00+05:00,52.02,53.00755058758583,Вниз,1.863037579814356,True,-0.4590456447555908,-0.4639539387351465,0.004908293979555722,Ниже,52.2779891940512,Красный,-0.9875505875858295,Ниже
2021-08-16 15:00:00+05:00,52.075,52.99827147726159,Вниз,1.7420784707246677,True,-0.4387922224067822,-0.4589215954694737,0.020129373062691525,False,52.2779891940512,Красный,-0.9232714772615864,Ниже
2021-08-16 15:30:00+05:00,52.1,52.98933345261222,Вниз,1.6783254188459293,True,-0.415929373302653,-0.4503231510361096,0.03439377773345659,False,52.2779891940512,Красный,-0.8893334526122203,Ниже
2021-08-16 16:00:00+05:00,52.165,52.98113112970066,Вниз,1.5404184703092216,True,-0.3880917636250274,-0.4378768735538932,0.04978510992886581,False,52.2779891940512,Красный,-0.8161311297006577,Ниже
2021-08-16 16:30:00+05:00,52.12,52.97256266074842,Вниз,1.6094419788759002,True,-0.3654487160015307,-0.4233912420434207,0.057942526041889986,False,52.2779891940512,Красный,-0.8525626607484256,Ниже
2021-08-16 17:00:00+05:00,52.1,52.96388044521859,Вниз,1.6310746832685654,True,-0.3451392203876722,-0.407740837712271,0.06260161732459879,False,52.2779891940512,Красный,-0.8638804452185909,Ниже
2021-08-16 17:30:00+05:00,52.2,52.95627964476866,Вниз,1.4281208004825612,True,-0.3173168039336431,-0.3896560309565455,0.07233922702290241,False,52.2779891940512,Красный,-0.7562796447686537,Ниже
2021-08-16 18:00:00+05:00,52.24,52.94915248412419,Вниз,1.339308470209821,True,-0.288711585299481,-0.3694671418251326,0.08075555652565158,False,52.2779891940512,Красный,-0.7091524841241892,Ниже
2021-08-16 18:30:00+05:00,52.1,52.9407032056752,Вниз,1.5880091399788483,True,-0.2741780198704404,-0.3504093174341942,0.0762312975637538,False,52.2779891940512,Красный,-0.8407032056751973,Ниже
2021-08-16 19:00:00+05:00,52.195,52.93328327328042,Вниз,1.394743019186744,True,-0.2520884398918994,-0.3307451419257353,0.0786567020338359,False,52.2779891940512,Красный,-0.7382832732804232,Ниже
2021-08-16 19:30:00+05:00,52.195,52.925937171058735,Вниз,1.3810566427880457,True,-0.2319089861777499,-0.3109779107761382,0.07906892459838827,False,52.2779891940512,Красный,-0.7309371710587342,Ниже
2021-08-16 20:00:00+05:00,52.0,52.91672386587408,Вниз,1.732389684965506,True,-0.2290115909751833,-0.2945846468159472,0.0655730558407639,False,52.2779891940512,Красный,-0.9167238658740828,Ниже
2021-08-16 20:30:00+05:00,52.0,52.90760223536787,Вниз,1.7154476805247298,True,-0.2241317332982433,-0.2804940641124065,0.056362330814163225,False,52.2779891940512,Красный,-0.9076022353678681,Ниже
2021-08-16 21:00:00+05:00,52.1,52.899566392229886,Вниз,1.5114800493852976,True,-0.2097770672174661,-0.2663506647334184,0.056573597515952284,False,52.2779891940512,Красный,-0.7995663922298846,Ниже
2021-08-16 21:30:00+05:00,52.11,52.89171001021765,Вниз,1.477944294231818,True,-0.1953421913169464,-0.252148970050124,0.056806778733177576,False,52.2779891940512,Красный,-0.7817100102176511,Ниже
2021-08-16 22:00:00+05:00,52.105,52.88388204991698,Вниз,1.4728155720145415,True,-0.1822055541718938,-0.238160286874478,0.05595473270258419,False,52.2779891940512,Красный,-0.7788820499169802,Ниже
2021-08-16 22:30:00+05:00,52.145,52.8765299897188,Вниз,1.3834682227843456,True,-0.1666460173297963,-0.2238574329655417,0.05721141563574539,False,52.2779891940512,Красный,-0.7315299897187941,Ниже
2021-08-16 23:00:00+05:00,52.175,52.86954959181116,Вниз,1.3137043859339737,True,-0.150163234706163,-0.209118593313666,0.058955358607503006,False,52.2779891940512,Красный,-0.6945495918111604,Ниже
2021-08-16 23:30:00+05:00,52.155,52.86243964562399,Вниз,1.3382652226542633,True,-0.1371335533377191,-0.1947215853184766,0.057588031980757515,False,52.2779891940512,Красный,-0.7074396456239853,Ниже
2021-08-17 00:00:00+05:00,52.2,52.85584820636405,Вниз,1.240824295929247,True,-0.1217725943927803,-0.1801317871333373,0.058359192740556995,False,52.2779891940512,Красный,-0.6558482063640483,Ниже
2021-08-17 00:30:00+05:00,52.225,52.84957110978331,Вниз,1.1817903091132043,True,-0.1063556311807332,-0.1653765559428165,0.0590209247620833,False,52.2779891940512,Красный,-0.6245711097833109,Ниже
2021-08-17 01:00:00+05:00,52.055,52.841664929586464,Вниз,1.4887209376061972,True,-0.1066260374256415,-0.1536264522393816,0.04700041481374009,False,52.2779891940512,Красный,-0.7866649295864647,Ниже
2021-08-17 01:30:00+05:00,52.005,52.83333990541148,Вниз,1.5678355880859849,True,-0.1096113866212178,-0.1448234391157488,0.03521205249453099,False,52.2779891940512,Красный,-0.8283399054114753,Ниже
2021-08-17 12:00:00+05:00,51.6,52.82106786655167,Вниз,2.31170613520462,True,-0.1430088951178021,-0.1444605303161595,0.0014516351983573927,False,51.74700773356729,Красный,-1.221067866551671,Ниже
2021-08-17 12:30:00+05:00,51.55,52.80842042509344,Вниз,2.3829919830275137,True,-0.1715339072434076,-0.1498752057016091,-0.021658701541798525,Ниже,51.74700773356729,Красный,-1.2584204250934405,Ниже
2021-08-17 13:00:00+05:00,51.54,52.79579932633629,Вниз,2.3785970519625286,True,-0.1927254819031461,-0.1584452609419165,-0.034280220961229596,False,51.74700773356729,Красный,-1.2557993263362874,Ниже
2021-08-17 13:30:00+05:00,51.545,52.78335356189514,Вниз,2.3461062595104205,True,-0.206733405275834,-0.1681028898087,-0.038630515467134,False,51.74700773356729,Красный,-1.2383535618951385,Ниже
2021-08-17 14:00:00+05:00,51.43,52.76988735729917,Вниз,2.539113544485963,True,-0.2245261269464578,-0.1793875372362516,-0.045138589710206206,False,51.74700773356729,Красный,-1.339887357299169,Ниже
2021-08-17 14:30:00+05:00,51.335,52.75560987115689,Вниз,2.692812905824414,True,-0.2434859387744694,-0.1922072175438952,-0.0512787212305742,False,51.71625619659415,Красный,-1.4206098711568913,Ниже
2021-08-17 15:00:00+05:00,51.425,52.74236997194141,Вниз,2.4977451196111256,True,-0.2483862364884501,-0.2034430213328062,-0.044943215155643895,False,51.71625619659415,Красный,-1.3173699719414103,Ниже
2021-08-17 15:30:00+05:00,51.42,52.729212061772834,Вниз,2.48289707086667,True,-0.2497937490963977,-0.2127131668855245,-0.03708058221087321,False,51.71625619659415,Красный,-1.3092120617728327,Ниже
2021-08-17 16:00:00+05:00,51.43,52.71628457857112,Вниз,2.4400137241348525,True,-0.2472521279305937,-0.2196209590945383,-0.027631168836055403,False,51.69996076731713,Красный,-1.28628457857112,Ниже
2021-08-17 16:30:00+05:00,51.36,52.70278920963012,Вниз,2.5478522669626713,True,-0.2480271868128696,-0.2253022046382046,-0.02272498217466498,False,51.68021469058542,Красный,-1.3427892096301193,Ниже
2021-08-17 17:00:00+05:00,51.405,52.68987588416116,Вниз,2.4385631254587943,True,-0.2422181624407287,-0.2286853961987094,-0.013532766242019295,False,51.68021469058542,Красный,-1.2848758841611598,Ниже
2021-08-17 17:30:00+05:00,51.61,52.67913085048792,Вниз,2.0295149772350896,True,-0.2185533352267583,-0.2266589840043192,0.008105648777560898,Ниже,51.68021469058542,Красный,-1.0691308504879231,Ниже
2021-08-17 18:00:00+05:00,51.485,52.667248951478086,Вниз,2.2447516720823666,True,-0.2074933898570989,-0.2228258651748752,0.015332475317776317,False,51.68021469058542,Красный,-1.182248951478087,Ниже
2021-08-17 18:30:00+05:00,51.53,52.65593304151313,Вниз,2.1382833357552706,True,-0.1928738498682563,-0.2168354621135514,0.02396161224529511,False,51.68021469058542,Красный,-1.1259330415131288,Ниже
2021-08-17 19:00:00+05:00,51.595,52.64537649383639,Вниз,1.9951922918803033,True,-0.1740366165451661,-0.2082756929998743,0.034239076454708195,False,51.68021469058542,Красный,-1.0503764938363886,Ниже
2021-08-17 19:30:00+05:00,51.665,52.635621503847965,Вниз,1.8440392192899395,True,-0.1517107315593264,-0.1969627007117648,0.0452519691524384,False,51.68021469058542,Красный,-0.9706215038479655,Ниже
2021-08-17 20:00:00+05:00,51.815,52.62745611574997,Вниз,1.5437875506713463,True,-0.1205242321366952,-0.1816750069967509,0.0611507748600557,False,51.52119441340853,Зелёный,-0.8124561157499741,Ниже
2021-08-17 20:30:00+05:00,51.735,52.618575955394256,Вниз,1.679209175374264,True,-0.101098635926526,-0.1655597327827059,0.06446109685617989,False,51.54407497206768,Зелёный,-0.8835759553942566,Ниже
2021-08-17 21:00:00+05:00,51.66,52.60903788618636,Вниз,1.8039445774307743,True,-0.0907099364920469,-0.1505897735245741,0.059879837032527194,False,51.54407497206768,Зелёный,-0.9490378861863604,Ниже
2021-08-17 21:30:00+05:00,51.62,52.599196713189485,Вниз,1.8616191394115906,True,-0.0847277937842108,-0.1374173775765015,0.05268958379229069,False,51.54407497206768,Зелёный,-0.9791967131894879,Ниже
2021-08-17 22:00:00+05:00,51.555,52.58880669614283,Вниз,1.9658302994326318,True,-0.0842605561209808,-0.1267860132853974,0.04252545716441661,False,51.54407497206768,Зелёный,-1.0338066961428325,Ниже
2021-08-17 22:30:00+05:00,51.69,52.57986334593246,Вниз,1.6924033067143767,True,-0.0721650216997034,-0.1158618149682586,0.043696793268555204,False,51.54407497206768,Зелёный,-0.8898633459324614,Ниже
2021-08-17 23:00:00+05:00,51.68,52.57090948179383,Вниз,1.6946815084155304,True,-0.0626637907804621,-0.1052222101306993,0.0425584193502372,False,51.54407497206768,Зелёный,-0.8909094817938268,Ниже
2021-08-17 23:30:00+05:00,51.675,52.561994959586926,Вниз,1.6875214882329106,True,-0.0549045495670341,-0.0951586780179662,0.0402541284509321,False,51.54407497206768,Зелёный,-0.8869949595869286,Ниже
2021-08-18 00:00:00+05:00,51.43,52.55073132814825,Вниз,2.132665521151263,True,-0.0677438386497684,-0.0896757101443267,0.02193187149455829,False,51.77853884949244,Красный,-1.1207313281482527,Ниже
2021-08-18 00:30:00+05:00,51.475,52.54002753383833,Вниз,2.0270783702052606,True,-0.0734413575761294,-0.0864288396306872,0.012987482054557797,False,51.7221849645432,Красный,-1.0650275338383253,Ниже
2021-08-18 01:00:00+05:00,51.46,52.52928099121307,Вниз,2.0355903812807483,True,-0.0782648683295335,-0.0847960453704565,0.006531177040923,False,51.69196646808888,Красный,-1.0692809912130699,Ниже
2021-08-18 01:30:00+05:00,51.32,52.51724834453434,Вниз,2.279724056903943,True,-0.0923201560328621,-0.0863008675029376,-0.006019288529924505,Ниже,51.66551982127999,Красный,-1.1972483445343371,Ниже
2021-08-18 12:00:00+05:00,50.645,52.4986190077728,Вниз,3.530795748166933,True,-0.1561262058741235,-0.1002659351771748,-0.05586027069694871,False,51.170717839152,Красный,-1.8536190077727994,Ниже
2021-08-18 12:30:00+05:00,50.29,52.47664269923775,Вниз,4.166887565140506,True,-0.2326565730617318,-0.1267440627540862,-0.10591251030764559,False,50.9131460552368,Красный,-2.1866426992377512,Ниже
2021-08-18 13:00:00+05:00,50.26,52.454586552976686,Вниз,4.18378391136542,True,-0.2923580678889266,-0.1598668637810543,-0.1324912041078723,False,50.75008144971311,Красный,-2.1945865529766877,Ниже
2021-08-18 13:30:00+05:00,50.28,52.43294887583264,Вниз,4.106099164727654,True,-0.3342055858545194,-0.1947346081957473,-0.13947097765877212,False,50.7043233047418,Красный,-2.1529488758326423,Ниже
2021-08-18 14:00:00+05:00,50.08,52.40953644920745,Вниз,4.444871309756987,True,-0.3791379080685431,-0.2316152681703065,-0.14752263989823658,False,50.561640974267625,Красный,-2.3295364492074526,Ниже
2021-08-18 14:30:00+05:00,49.995,52.38551121090688,Вниз,4.563306066218488,True,-0.4168012612781737,-0.26865246679188,-0.1481487944862937,False,50.43597687684086,Красный,-2.3905112109068796,Ниже
2021-08-18 15:00:00+05:00,50.195,52.36371507945507,Вниз,4.141637154973302,True,-0.4256052985645979,-0.3000430331464236,-0.12556226541817428,False,50.43597687684086,Красный,-2.168715079455069,Ниже
2021-08-18 15:30:00+05:00,50.445,52.34462338712218,Вниз,3.629070693800289,True,-0.4077098257996709,-0.3215763916770731,-0.08613343412259783,False,49.8283087297589,Зелёный,-1.8996233871221833,Ниже
2021-08-18 16:00:00+05:00,50.3,52.324278875807536,Вниз,3.868718153980097,True,-0.400609842000371,-0.3373830817417326,-0.06322676025863838,False,49.96272785678301,Зелёный,-2.024278875807539,Ниже
2021-08-18 16:30:00+05:00,50.41,52.30523132480448,Вниз,3.62340683102135,True,-0.3817068935308327,-0.3462478440995526,-0.03545904943128009,False,49.96272785678301,Зелёный,-1.8952313248044845,Ниже
2021-08-18 17:00:00+05:00,50.44,52.28667180913479,Вниз,3.5318212944893643,True,-0.3601537926668854,-0.3490290338130192,-0.011124758853866212,False,50.02703456399424,Зелёный,-1.84667180913479,Ниже
2021-08-18 17:30:00+05:00,50.44,52.268296965262806,Вниз,3.4979080463973853,True,-0.3391631433556199,-0.3470558557215394,0.007892712365919485,Ниже,50.099331107594814,Зелёный,-1.8282969652628083,Ниже
2021-08-18 18:00:00+05:00,50.505,52.25075172182736,Вниз,3.341103552196525,True,-0.3136671857088302,-0.3403781217189975,0.02671093601016733,False,50.14764799683533,Зелёный,-1.7457517218273608,Ниже
2021-08-18 18:30:00+05:00,50.47,52.23303279922212,Вниз,3.3753215249802224,True,-0.2929091882851793,-0.3308843350322339,0.0379751467470546,False,50.14764799683533,Зелёный,-1.763032799222124,Ниже
2021-08-18 19:00:00+05:00,50.86,52.21937078131941,Вниз,2.603192571990363,True,-0.2421966924314915,-0.3131468065120855,0.07095011408059398,False,50.30219487743662,Зелёный,-1.359370781319413,Ниже
2021-08-18 19:30:00+05:00,50.855,52.20579495264957,Вниз,2.5874425509174555,True,-0.2001034641423444,-0.2905381380381373,0.09043467389579288,False,50.457225389692965,Зелёный,-1.3507949526495722,Ниже
2021-08-18 20:00:00+05:00,50.77,52.19150843570779,Вниз,2.7236393013221174,True,-0.1716246845523628,-0.2667554473409824,0.0951307627886196,False,50.48500285072366,Зелёный,-1.4215084357077856,Ниже
2021-08-18 20:30:00+05:00,50.895,52.17860785425796,Вниз,2.4600270245677156,True,-0.1373849035681686,-0.2408813385864197,0.10349643501825109,False,50.48500285072366,Зелёный,-1.2836078542579585,Ниже
2021-08-18 21:00:00+05:00,50.915,52.16603464177779,Вниз,2.3981785281718278,True,-0.1073977828133863,-0.214184627431813,0.10678684461842669,False,50.48500285072366,Зелёный,-1.2510346417777924,Ниже
2021-08-18 21:30:00+05:00,50.85,52.15293976972031,Вниз,2.498305513502021,True,-0.0878648787141855,-0.1889206776882875,0.101055798974102,False,50.48640957817755,Зелёный,-1.302939769720311,Ниже
2021-08-18 22:00:00+05:00,50.91,52.140572209822594,Вниз,2.3601049195827075,True,-0.0667736874260498,-0.16449127963584,0.0977175922097902,False,50.54651862035979,Зелёный,-1.230572209822597,Ниже
2021-08-18 22:30:00+05:00,50.915,52.12837746146616,Вниз,2.3276716455698248,True,-0.0490894357054187,-0.1414109108497558,0.09232147514433708,False,50.60261675832382,Зелёный,-1.213377461466159,Ниже
2021-08-18 23:00:00+05:00,50.795,52.11511002403864,Вниз,2.533065791149105,True,-0.0442474785373363,-0.1219782243872719,0.07773074584993561,False,50.60261675832382,Зелёный,-1.320110024038641,Ниже
2021-08-18 23:30:00+05:00,50.845,52.10247211335169,Вниз,2.413459596726988,True,-0.0359610735932633,-0.1047747942284702,0.06881372063520691,False,50.60261675832382,Зелёный,-1.2574721133516888,Ниже
2021-08-19 00:00:00+05:00,50.8,52.08951219182581,Вниз,2.4755697213616292,True,-0.0326488067727694,-0.09034959673733,0.05770078996456061,False,50.60261675832382,Зелёный,-1.2895121918258141,Ниже
2021-08-19 00:30:00+05:00,50.3,52.07170610036485,Вниз,3.402435282128078,True,-0.0695676996424978,-0.0861932173183636,0.0166255176758658,False,50.88999589486374,Красный,-1.7717061003648524,Ниже
2021-08-19 01:00:00+05:00,50.44,52.05547021876919,Вниз,3.103363031742846,True,-0.0865318726926531,-0.0862609483932215,-0.00027092429943159635,Ниже,50.72949630537737,Красный,-1.6154702187691896,Ниже
2021-08-19 01:30:00+05:00,50.465,52.03964464445308,Вниз,3.025855874326988,True,-0.0968424712625193,-0.0883772529670811,-0.008465218295438198,False,50.72679667483963,Красный,-1.5746446444530733,Ниже
2021-08-19 12:00:00+05:00,49.145,52.01084221017992,Вниз,5.510086144344338,False,-0.2091161029481654,-0.1125250229632979,-0.0965910799848675,False,50.04411700735567,Красный,-2.8658422101799204,Ниже
2021-08-19 12:30:00+05:00,49.0,51.980883581222905,Вниз,5.734576590190344,False,-0.3062636365714013,-0.1512727456849186,-0.1549908908864827,False,49.7209553066201,Красный,-2.980883581222905,Ниже
2021-08-19 13:00:00+05:00,48.885,51.95007876946945,Вниз,5.90004643317455,False,-0.3880599818708532,-0.1986301929221056,-0.18942978894874762,False,49.36985977595809,Красный,-3.0650787694694515,Ниже
2021-08-19 13:30:00+05:00,49.095,51.92167002549464,Вниз,5.444104598536002,False,-0.4309709648619204,-0.2450983473100685,-0.1858726175518519,False,49.36985977595809,Красный,-2.826670025494643,Ниже
2021-08-19 14:00:00+05:00,48.94,51.892001667032005,Вниз,5.68874117821412,False,-0.4720440032183219,-0.2904874784917193,-0.1815565247266026,False,49.36985977595809,Красный,-2.9520016670320075,Ниже
2021-08-19 14:30:00+05:00,48.93,51.86252901362871,Вниз,5.654427328173842,False,-0.4996420360819655,-0.3323183900097686,-0.1673236460721969,False,49.36985977595809,Красный,-2.9325290136287094,Ниже
2021-08-19 15:00:00+05:00,48.925,51.83329986921449,Вниз,5.610871537318099,False,-0.5159693605639362,-0.3690485841206021,-0.14692077644333407,False,49.36985977595809,Красный,-2.9082998692144955,Ниже
2021-08-19 15:30:00+05:00,48.955,51.80466006952082,Вниз,5.500779400340888,False,-0.520488268798367,-0.3993365210561551,-0.12115174774221188,False,49.36985977595809,Красный,-2.849660069520823,Ниже
2021-08-19 16:00:00+05:00,48.915,51.77590723300818,Вниз,5.52555693545491,False,-0.5212881169159616,-0.4237268402281164,-0.09756127668784514,False,49.35250757919494,Красный,-2.8609072330081844,Ниже
2021-08-19 16:30:00+05:00,48.935,51.74763949934641,Вниз,5.435300095924056,False,-0.5143787316301314,-0.4418572185085194,-0.07252151312161198,False,49.34375682127545,Красный,-2.8126394993464103,Ниже
2021-08-19 17:00:00+05:00,49.06,51.72089681776088,Вниз,5.144722890510922,False,-0.4931320197209459,-0.4521121787510048,-0.0410198409699411,False,49.34375682127545,Красный,-2.6608968177608787,Ниже
2021-08-19 17:30:00+05:00,49.27,51.69650978474833,Вниз,4.693759394689741,True,-0.4541138605930044,-0.4525125151194047,-0.0016013454735996913,False,49.34375682127545,Красный,-2.426509784748326,Ниже
2021-08-19 18:00:00+05:00,49.275,51.67241516002447,Вниз,4.639642162263772,True,-0.4179701306711934,-0.4456040382297625,0.02763390755856915,Ниже,49.34375682127545,Красный,-2.3974151600244724,Ниже
2021-08-19 18:30:00+05:00,49.405,51.6498538151486,Вниз,4.346292679128937,True,-0.3745188308102669,-0.4313869967458634,0.056868165935596515,False,48.99340239956118,Зелёный,-2.244853815148602,Ниже
2021-08-19 19:00:00+05:00,49.35,51.62696969758494,Вниз,4.410426780658894,True,-0.3405952331322268,-0.4132286440231361,0.0726334108909093,False,49.08356215960506,Зелёный,-2.2769696975849385,Ниже
2021-08-19 19:30:00+05:00,49.235,51.60316900407663,Вниз,4.589192969698333,True,-0.3193092778786877,-0.3944447707942464,0.07513549291555871,False,49.08356215960506,Зелёный,-2.368169004076634,Ниже
2021-08-19 20:00:00+05:00,49.115,51.57841110353856,Вниз,4.776050775572569,True,-0.3085660448124798,-0.3772690255978931,0.06870298078541331,False,49.08356215960506,Зелёный,-2.4634111035385615,Ниже
2021-08-19 20:30:00+05:00,49.08,51.55355129156306,Вниз,4.798023083945855,True,-0.2994245824977852,-0.3617001369778716,0.062275554480086426,False,49.48352068564792,Красный,-2.473551291563062,Ниже
2021-08-19 21:00:00+05:00,49.125,51.52938660209477,Вниз,4.666049337363982,True,-0.2852604786045347,-0.3464122053032042,0.06115172669866953,False,49.48352068564792,Красный,-2.4043866020947675,Ниже
2021-08-19 21:30:00+05:00,49.185,51.50605937222318,Вниз,4.506381191869833,True,-0.2661260897582025,-0.3303549821942039,0.06422889243600138,False,49.453376755374805,Красный,-2.321059372223175,Ниже
2021-08-19 22:00:00+05:00,49.175,51.48286475160404,Вниз,4.482782305800374,True,-0.2488997043115546,-0.314063926617674,0.06516422230611943,False,49.43028907983733,Красный,-2.3078647516040434,Ниже
2021-08-19 22:30:00+05:00,49.165,51.45980142074231,Вниз,4.459405900111628,True,-0.233364505408204,-0.2979240423757801,0.06455953696757608,False,49.43028907983733,Красный,-2.29480142074231,Ниже
2021-08-19 23:00:00+05:00,49.12,51.43651981456577,Вниз,4.503648036292264,True,-0.2221233723026401,-0.282763908361152,0.06064053605851191,False,49.43028907983733,Красный,-2.3165198145657726,Ниже
2021-08-19 23:30:00+05:00,49.055,51.41282309999298,Вниз,4.586060359702946,True,-0.2159700814387051,-0.2694051429766627,0.05343506153795757,False,49.34147573920141,Красный,-2.3578230999929772,Ниже
2021-08-20 00:00:00+05:00,49.12,51.39000893979404,Вниз,4.417218417792989,True,-0.2035027443636679,-0.2562246632540637,0.05272191889039579,False,49.34147573920141,Красный,-2.270008939794046,Ниже
2021-08-20 00:30:00+05:00,49.12,51.36742178616425,Вниз,4.375188997259725,True,-0.1914157680870616,-0.2432628842206633,0.05184711613360171,False,49.34147573920141,Красный,-2.247421786164253,Ниже
2021-08-20 01:00:00+05:00,49.135,51.34520863406311,Вниз,4.304605420566608,True,-0.1785679574078145,-0.2303238988580935,0.05175594145027901,False,49.34147573920141,Красный,-2.2102086340631146,Ниже
2021-08-20 01:30:00+05:00,49.11,51.322967752132136,Вниз,4.311846818406565,True,-0.1684613483866641,-0.2179513887638076,0.049490040377143496,False,49.34147573920141,Красный,-2.212967752132137,Ниже
2021-08-20 12:00:00+05:00,48.415,51.29403274962336,Вниз,5.612802494349604,False,-0.2140648729611314,-0.2171740856032724,0.0031092126421409794,False,48.95531750924104,Красный,-2.879032749623363,Ниже
2021-08-20 12:30:00+05:00,48.525,51.266480184950495,Вниз,5.347510059321901,False,-0.238579715599684,-0.2214552116025548,-0.017124503997129198,Ниже,48.810285758316944,Красный,-2.741480184950497,Ниже
2021-08-20 13:00:00+05:00,48.385,51.23780874032412,Вниз,5.567780532501506,False,-0.2662357351529749,-0.2304113163126388,-0.035824418840336075,False,48.810285758316944,Красный,-2.8528087403241216,Ниже
2021-08-20 13:30:00+05:00,48.525,51.21081561852986,Вниз,5.244625741828718,False,-0.273701440100389,-0.2390693410701888,-0.0346320990302002,False,48.810285758316944,Красный,-2.6858156185298583,Ниже
2021-08-20 14:00:00+05:00,48.665,51.185484119838016,Вниз,4.924216627387821,True,-0.2652634432346872,-0.2443081615030885,-0.02095528173159869,False,48.810285758316944,Красный,-2.5204841198380166,Ниже
2021-08-20 14:30:00+05:00,48.67,51.16045442710331,Вниз,4.867928666763247,True,-0.2552306714084551,-0.2464926634841618,-0.008738007924293328,False,48.810285758316944,Красный,-2.490454427103309,Ниже
2021-08-20 15:00:00+05:00,48.645,51.13542502981871,Вниз,4.870253896132597,True,-0.2464559279957825,-0.246485316386486,2.9388390703488643e-05,Ниже,48.810285758316944,Красный,-2.4904250298187094,Ниже
2021-08-20 15:30:00+05:00,48.765,51.11183871111404,Вниз,4.59157559245414,True,-0.2271998648890303,-0.2426282260869949,0.015428361197964618,False,48.810285758316944,Красный,-2.3468387111140387,Ниже
2021-08-20 16:00:00+05:00,48.665,51.08749205727211,Вниз,4.741849638178268,True,-0.2175012414875752,-0.237602829167111,0.02010158767953582,False,48.810285758316944,Красный,-2.422492057272109,Ниже
2021-08-20 16:30:00+05:00,48.665,51.063387658692285,Вниз,4.696883165533612,True,-0.2074239582928427,-0.2315670549922573,0.024143096699414612,False,48.810285758316944,Красный,-2.398387658692286,Ниже
2021-08-20 17:00:00+05:00,48.685,51.03972210984959,Вниз,4.613508876050831,True,-0.1955694035585793,-0.2243675247055218,0.028798121146942496,False,48.810285758316944,Красный,-2.3547221098495896,Ниже
2021-08-20 17:30:00+05:00,48.725,51.016690049055065,Вниз,4.4920398537253,True,-0.1808620526578579,-0.215666430295989,0.0348043776381311,False,48.810285758316944,Красный,-2.291690049055063,Ниже
2021-08-20 18:00:00+05:00,48.765,50.99428517294506,Вниз,4.371637263635584,True,-0.1640872101839789,-0.205350586273587,0.04126337608960809,False,48.810285758316944,Красный,-2.229285172945062,Ниже
2021-08-20 18:30:00+05:00,48.87,50.97314800704511,Вниз,4.12599199632409,True,-0.1406985192408143,-0.1924201728670324,0.051721653626218084,False,48.526974769795736,Зелёный,-2.103148007045114,Ниже
2021-08-20 19:00:00+05:00,48.785,50.9513753900596,Вниз,4.251848695888702,True,-0.1275512711316082,-0.1794463925199476,0.051895121388339405,False,48.526974769795736,Зелёный,-2.1663753900596063,Ниже
2021-08-20 19:30:00+05:00,48.67,50.92867513742219,Вниз,4.434977213382333,True,-0.1249709340530884,-0.1685513008265758,0.043580366773487395,False,48.526974769795736,Зелёный,-2.2586751374221876,Ниже
2021-08-20 20:00:00+05:00,48.605,50.9055539917762,Вниз,4.519259317260077,True,-0.1267103174354105,-0.1601831041483427,0.03347278671293219,False,48.526974769795736,Зелёный,-2.300553991776205,Ниже
2021-08-20 20:30:00+05:00,48.62,50.88281216101227,Вниз,4.447105151837689,True,-0.1254325087755674,-0.1532329850737877,0.0278004762982203,False,48.526974769795736,Зелёный,-2.2628121610122705,Ниже
2021-08-20 21:00:00+05:00,48.82,50.86228666687285,Вниз,4.015326090722167,True,-0.107047530380818,-0.1439958941351937,0.0369483637543757,False,48.526974769795736,Зелёный,-2.0422866668728474,Ниже
2021-08-20 21:30:00+05:00,48.89,50.84266192391889,Вниз,3.8405973448850066,True,-0.0858393845686293,-0.1323645922218808,0.046525207653251494,False,48.526974769795736,Зелёный,-1.952661923918889,Ниже
2021-08-20 22:00:00+05:00,48.77,50.82203842218836,Вниз,4.037694051430377,True,-0.0778177388802277,-0.1214552215535502,0.0436374826733225,False,48.526974769795736,Зелёный,-2.0520384221883603,Ниже
2021-08-20 22:30:00+05:00,48.8,50.80191863689296,Вниз,3.940635886612248,True,-0.0682529995074858,-0.1108147771443373,0.0425617776368515,False,48.526974769795736,Зелёный,-2.0019186368929596,Ниже
2021-08-20 23:00:00+05:00,48.765,50.781650789759695,Вниз,3.9712194432370826,True,-0.0627734686655117,-0.1012065154485722,0.038433046783060504,False,48.526974769795736,Зелёный,-2.0166507897596944,Ниже
2021-08-20 23:30:00+05:00,48.65,50.76044033414019,Вниз,4.1576478065356035,True,-0.0669388109555342,-0.0943529745499646,0.0274141635944304,False,48.526974769795736,Зелёный,-2.1104403341401934,Ниже
2021-08-21 00:00:00+05:00,48.8,50.740933465143776,Вниз,3.8251828111855555,True,-0.0574736083513442,-0.0869771013102405,0.029503492958896302,False,48.526974769795736,Зелёный,-1.9409334651437788,Ниже
2021-08-21 00:30:00+05:00,48.795,50.72157094310254,Вниз,3.798326643438728,True,-0.0498017418283964,-0.0795420294138717,0.029740287585475304,False,48.54079121484059,Зелёный,-1.92657094310254,Ниже
2021-08-21 01:00:00+05:00,48.785,50.70230158048461,Вниз,3.7814882573744617,True,-0.0440211997739155,-0.0724378634858805,0.028416663711964996,False,48.55971209335653,Зелёный,-1.9173015804846116,Ниже
2021-08-21 01:30:00+05:00,48.785,50.683223952818096,Вниз,3.745270732156245,True,-0.0389906189645756,-0.0657484145816195,0.026757795617043896,False,48.56824088402088,Зелёный,-1.8982239528180997,Ниже
2021-08-23 12:00:00+05:00,49.49,50.67135107766568,Вниз,2.3313984185165793,True,0.021634373053736,-0.0482718570545484,0.0699062301082844,False,49.14216679561879,Зелёный,-1.1813510776656813,Ниже
2021-08-23 12:30:00+05:00,49.43,50.65899932564911,Вниз,2.4260236917606455,True,0.0640997158253071,-0.0257975424785773,0.0898972583038844,False,49.17745011605691,Зелёный,-1.228999325649113,Ниже
2021-08-23 13:00:00+05:00,50.145,50.65388490449838,Вниз,1.00463154101175,True,0.1536768394688437,0.0100973339109068,0.1435795055579369,False,49.45395510445122,Зелёный,-0.5088849044983803,Ниже
2021-08-23 13:30:00+05:00,50.41,50.65145818903074,Вниз,0.47670530654739496,True,0.2432466447226815,0.0567271960732618,0.18651944864941972,False,49.875059594006096,Зелёный,-0.24145818903074456,Ниже
2021-08-23 14:00:00+05:00,50.225,50.64721482396576,Вниз,0.8336387804013501,True,0.295892541776567,0.1045602652139228,0.19133227656264418,False,49.91055363460549,Зелёный,-0.42221482396575993,Ниже
2021-08-23 14:30:00+05:00,50.145,50.64221766153824,Вниз,0.9818244233720902,True,0.3273855660577922,0.1491253253826967,0.17826024067509547,False,49.91055363460549,Зелёный,-0.49721766153823665,Ниже
2021-08-23 15:00:00+05:00,50.06,50.63642445097567,Вниз,1.1383593079992016,True,0.3415480715082424,0.1876098746078058,0.1539381969004366,False,49.91055363460549,Зелёный,-0.5764244509756651,Ниже
2021-08-23 15:30:00+05:00,50.35,50.6335744564386,Вниз,0.5600522172942126,True,0.3718856689807239,0.2244650334823895,0.1474206354983344,False,49.91055363460549,Зелёный,-0.28357445643860046,Ниже
2021-08-23 16:00:00+05:00,50.335,50.63060356632478,Вниз,0.5838436548313035,True,0.3902198474109468,0.257615996268101,0.13260385114284579,False,49.925649989664656,Зелёный,-0.2956035663247789,Ниже
2021-08-23 16:30:00+05:00,50.39,50.62820950098822,Вниз,0.47050745688245127,True,0.4045247467803747,0.2869977463705557,0.117527000409819,False,49.9838349906982,Зелёный,-0.23820950098821925,Ниже
2021-08-23 17:00:00+05:00,50.5,50.62693378456048,Вниз,0.2507238243987604,True,0.4198972491720383,0.3135776469308522,0.10631960224118608,False,50.11695149162838,Зелёный,-0.1269337845604781,Ниже
2021-08-23 17:30:00+05:00,50.625,50.62691454292306,Вниз,0.0037816701656532355,True,0.4371275886621077,0.3382876352771034,0.09883995338500429,False,50.18400634246554,Зелёный,-0.0019145429230604805,Ниже
2021-08-23 18:00:00+05:00,50.62,50.626845741500944,Вниз,0.013521959349196524,True,0.44524677101289,0.3596794624242607,0.08556730858862932,False,50.30585570821898,Зелёный,-0.00684574150094619,Ниже
2021-08-23 18:30:00+05:00,50.76,50.62817065949596,Вверх,0.26038732742423204,True,0.457702007657943,0.3792839714709972,0.07841803618694582,False,50.31877013739708,Зелёный,0.13182934050404072,Выше
2021-08-23 19:00:00+05:00,50.845,50.63032816537162,Вверх,0.42399850525796123,True,0.4690250334321817,0.3972321838632341,0.0717928495689476,False,50.45839312365737,Зелёный,0.21467183462837625,Выше
2021-08-23 19:30:00+05:00,50.975,50.63375773586544,Вверх,0.6739422065308259,True,0.4829217056663282,0.4143700882238529,0.06855161744247529,False,50.55255381129164,Зелёный,0.34124226413456427,Выше
2021-08-23 20:00:00+05:00,50.78,50.63521288277225,Вверх,0.2859415592128605,True,0.472750475015971,0.4260461655822766,0.04670430943369441,False,50.55255381129164,Зелёный,0.14478711722775017,Выше
2021-08-23 20:30:00+05:00,50.55,50.63436499339143,Вниз,0.16661607863047764,True,0.4410465139649417,0.4290462352588097,0.012000278706132017,False,51.070306412853775,Красный,-0.08436499339143211,Ниже
2021-08-23 21:00:00+05:00,50.98,50.63780414768604,Вверх,0.6757715072240027,True,0.4454830514438797,0.4323335984958237,0.013149452948055973,False,51.070306412853775,Красный,0.34219585231395655,Выше
2021-08-23 21:30:00+05:00,50.955,50.64096032532101,Вверх,0.6201297776771513,True,0.4418879391958228,0.4342444666358235,0.007643472559999309,False,51.070306412853775,Красный,0.3140396746789875,Выше
2021-08-23 22:00:00+05:00,50.96,50.64413484944717,Вверх,0.6236954219710186,True,0.4344343562186168,0.4342824445523822,0.0001519116662346276,False,51.070306412853775,Красный,0.31586515055283115,Выше
2021-08-23 22:30:00+05:00,51.145,50.649118582288494,Вверх,0.979052413135011,True,0.4384016703393953,0.4351062897097849,0.0032953806296104338,False,50.74155121252664,Зелёный,0.49588141771150873,Выше
2021-08-23 23:00:00+05:00,51.015,50.652759193410006,Вверх,0.7151452603141167,True,0.426143564076888,0.4333137445832055,-0.007170180506317458,Выше,50.74155121252664,Зелёный,0.3622408065899947,Выше
2021-08-23 23:30:00+05:00,51.055,50.65676158949548,Вверх,0.7861505512959989,True,0.4148741809472582,0.4296258318560161,-0.014751650908757907,False,50.746806482146575,Зелёный,0.39823841050451847,Выше
2021-08-24 00:00:00+05:00,51.12,50.66137092691344,Вверх,0.9052835813468141,True,0.4065021664616779,0.4250010987771485,-0.018498932315470562,False,50.76412583393192,Зелёный,0.45862907308655565,Выше
2021-08-24 00:30:00+05:00,51.105,50.66578514654614,Вверх,0.8668865037489624,True,0.394113811335238,0.4188236412887664,-0.02470982995352844,False,50.84221325053873,Зелёный,0.4392148534538549,Выше
2021-08-24 01:00:00+05:00,51.145,50.670553453545686,Вверх,0.9363358284398555,True,0.3831073928021524,0.4116803915914436,-0.028572998789291204,False,50.87849192548485,Зелёный,0.47444654645431683,Выше
2021-08-24 01:30:00+05:00,51.145,50.67527431470444,Вверх,0.9269326937994777,True,0.370118234204412,0.4033679601140373,-0.03324972590962533,False,50.90139273293637,Зелёный,0.4697256852955647,Выше
2021-08-24 12:00:00+05:00,51.33,50.68178899814022,Вверх,1.278982085426314,True,0.3704815061383328,0.3967906693188965,-0.0263091631805637,False,51.16325345964273,Зелёный,0.648211001859778,Выше
2021-08-24 12:30:00+05:00,51.335,50.68828861009902,Вверх,1.2758595873606384,True,0.3669429698342767,0.3908211294219726,-0.023878159587695902,False,51.16325345964273,Зелёный,0.6467113899009789,Выше
2021-08-24 13:00:00+05:00,51.23,50.69367877318262,Вверх,1.0579647005241544,True,0.3516128576891049,0.3829794750753991,-0.031366617386294204,False,51.16325345964273,Зелёный,0.5363212268173783,Выше
2021-08-24 13:30:00+05:00,51.0,50.69672674558877,Вверх,0.5982107206509523,True,0.3172475235846121,0.3698330847772417,-0.05258556119262958,False,51.48045822792045,Красный,0.30327325441123065,Выше
2021-08-24 14:00:00+05:00,51.16,50.70133642971226,Вверх,0.9046380284740277,True,0.2994712928920862,0.3557607264002106,-0.05628943350812443,False,51.48045822792045,Красный,0.4586635702877331,Выше
2021-08-24 14:30:00+05:00,51.1,50.705303231406674,Вверх,0.7784131904152655,True,0.2773449435701138,0.3400775698341913,-0.0627326262640775,False,51.48045822792045,Красный,0.39469676859332736,Выше
2021-08-24 15:00:00+05:00,51.29,50.71112110970113,Вверх,1.1415225647380263,True,0.2720055537187704,0.3264631666111072,-0.054457612892336804,False,51.48045822792045,Красный,0.5788788902988671,Выше
2021-08-24 15:30:00+05:00,51.27,50.716682093684206,Вверх,1.0909978403037184,True,0.2631270510863146,0.3137959435061487,-0.05066889241983408,False,51.48045822792045,Красный,0.5533179063157974,Выше
2021-08-24 16:00:00+05:00,51.35,50.72298376439382,Вверх,1.2361580275297868,True,0.2595541267892329,0.3029475801627656,-0.043393453373532676,False,51.48045822792045,Красный,0.6270162356061846,Выше
2021-08-24 16:30:00+05:00,51.545,50.73116303041975,Вверх,1.6042150839164733,True,0.2693525008950672,0.2962285643092259,-0.026876063414158713,False,51.05545004639573,Зелёный,0.813836969580251,Выше
2021-08-24 17:00:00+05:00,51.79,50.74169872165936,Вверх,2.0659562150077666,True,0.2935039050988379,0.2956836324671483,-0.0021797273683104024,False,51.18115504175615,Зелёный,1.048301278340638,Выше
2021-08-24 17:30:00+05:00,51.695,50.75118430651848,Вверх,1.8596919586767056,True,0.3015028240037978,0.2968474707744782,0.004655353229319592,Выше,51.384289537580536,Зелёный,0.9438156934815183,Выше
2021-08-24 18:00:00+05:00,51.47,50.75833670147849,Вверх,1.4020618971558585,True,0.2863851356928251,0.2947550037581476,-0.008369868065322528,Выше,51.384289537580536,Зелёный,0.7116632985215077,Выше
2021-08-24 18:30:00+05:00,51.695,50.7676567342996,Вверх,1.8266418530084922,True,0.2892258626777604,0.2936491755420702,-0.004423312864309803,False,51.384289537580536,Зелёный,0.9273432657004008,Выше
2021-08-24 19:00:00+05:00,51.845,50.77837656778916,Вверх,2.1005465402914107,True,0.3001212942166447,0.2949435992769851,0.005177694939659583,Выше,51.384289537580536,Зелёный,1.0666234322108394,Выше
2021-08-24 19:30:00+05:00,51.92,50.78973600492559,Вверх,2.2253787555910947,True,0.3112203212716977,0.2981989436759276,0.0130213775957701,False,51.4922578656066,Зелёный,1.130263995074415,Выше
2021-08-24 20:00:00+05:00,51.88,50.80058440288653,Вверх,2.124809408791252,True,0.3131785866707091,0.3011948722748839,0.011983714395825185,False,51.55103207904593,Зелёный,1.0794155971134742,Выше
2021-08-24 20:30:00+05:00,51.98,50.81231988146477,Вверх,2.298025599419984,True,0.319121061422976,0.3047801101045024,0.014340951318473627,False,51.55103207904593,Зелёный,1.1676801185352303,Выше
2021-08-24 21:00:00+05:00,51.905,50.82319232045518,Вверх,2.128570894806662,True,0.314157233249702,0.3066555347335423,0.007501698516159727,False,51.5832109840272,Зелёный,1.0818076795448235,Выше
2021-08-24 21:30:00+05:00,51.99,50.83480234711732,Вверх,2.2724543020637746,True,0.3134686814529885,0.3080181640774316,0.005450517375556907,False,51.62188988562448,Зелёный,1.1551976528826842,Выше
2021-08-24 22:00:00+05:00,51.89,50.84530182625048,Вверх,2.054660187325637,True,0.3013797171512493,0.3066904746921952,-0.0053107575409458985,Выше,51.62870089706204,Зелёный,1.0446981737495236,Выше
2021-08-24 22:30:00+05:00,51.935,50.856144594148496,Вверх,2.1213865393477724,True,0.2920635232720912,0.3037650844081744,-0.011701561136083227,False,51.62870089706204,Зелёный,1.078855405851506,Выше
2021-08-24 23:00:00+05:00,51.88,50.86633221012712,Вверх,1.9928069232227235,True,0.2770486873465785,0.2984218049958552,-0.021373117649276685,False,51.63202272662025,Зелёный,1.0136677898728834,Выше
2021-08-24 23:30:00+05:00,51.88,50.87641845679252,Вверх,1.9725868558530437,True,0.2621276770078253,0.2911629793982492,-0.0290353023904239,False,51.63202272662025,Зелёный,1.0035815432074813,Выше
2021-08-25 00:00:00+05:00,51.925,50.886852103988616,Вверх,2.040110270310882,True,0.2510399603377706,0.2831383755861535,-0.03209841524838292,False,51.6370384085624,Зелёный,1.038147896011381,Выше
2021-08-25 00:30:00+05:00,51.915,50.89708243131212,Вверх,1.9999526889613033,True,0.2386944277861573,0.2742495860261543,-0.035555158239997,False,51.63883456770617,Зелёный,1.0179175686878779,Выше
2021-08-25 01:00:00+05:00,51.755,50.9056189245329,Вверх,1.6685409065083752,True,0.2135383048151098,0.2621073297839454,-0.04856902496883561,False,51.63883456770617,Зелёный,0.8493810754671003,Выше
2021-08-25 01:30:00+05:00,51.79,50.914418736229095,Вверх,1.7197117938378192,True,0.1941876294980176,0.2485233897267598,-0.0543357602287422,False,51.63883456770617,Зелёный,0.8755812637709042,Выше
2021-08-25 12:00:00+05:00,51.88,50.92402650999796,Вверх,1.877254324762315,True,0.1839933667339366,0.2356173851281952,-0.05162401839425859,False,51.63964039985779,Зелёный,0.9559734900020445,Выше
2021-08-25 12:30:00+05:00,51.905,50.93378744024674,Вверх,1.9068139413206713,True,0.1759039202181043,0.223674692146177,-0.04777077192807269,False,51.63964039985779,Зелёный,0.9712125597532619,Выше
2021-08-25 13:00:00+05:00,51.94,50.94379950551792,Вверх,1.9554891942721555,True,0.1703534544838376,0.2130104446137091,-0.04265699012987151,False,51.64220872388481,Зелёный,0.9962004944820748,Выше
2021-08-25 13:30:00+05:00,52.005,50.95435871441824,Вверх,2.0619262259196445,True,0.1692486342705663,0.2042580825450806,-0.0350094482745143,False,51.71573785149633,Зелёный,1.0506412855817615,Выше
2021-08-25 14:00:00+05:00,52.01,50.96486260780711,Вверх,2.050701873240769,True,0.166853135422329,0.1967770931205303,-0.029923957698201303,False,51.779414066346696,Зелёный,1.0451373921928848,Выше
2021-08-25 14:30:00+05:00,52.0,50.975162482356296,Вверх,2.0104644453039735,True,0.1622771390549289,0.18987710230741,-0.027599963252481097,False,51.779414066346696,Зелёный,1.0248375176437037,Выше
2021-08-25 15:00:00+05:00,52.04,50.98575788054181,Вверх,2.0677188361664585,True,0.1600335277807048,0.183908387402069,-0.02387485962136421,False,51.779414066346696,Зелёный,1.0542421194581877,Выше
2021-08-25 15:30:00+05:00,52.035,50.99619810063592,Вверх,2.0370183230406744,True,0.1560531083746212,0.1783373315965794,-0.02228422322195822,False,51.779414066346696,Зелёный,1.0388018993640742,Выше
2021-08-25 16:00:00+05:00,52.065,51.00683294540572,Вверх,2.0745594138865067,True,0.1535493255536195,0.1733797303879874,-0.019830404834367904,False,51.83415406893007,Зелёный,1.0581670545942785,Выше
2021-08-25 16:30:00+05:00,52.05,51.01721271709323,Вверх,2.024389863542533,True,0.1486412412858513,0.1684320325675602,-0.019790791281708908,False,51.83415406893007,Зелёный,1.0327872829067672,Выше
2021-08-25 17:00:00+05:00,52.32,51.03017577463459,Вверх,2.5275715903109557,True,0.164640420377637,0.1676737101295756,-0.003033289751938617,False,52.01581479583335,Зелёный,1.2898242253654075,Выше
2021-08-25 17:30:00+05:00,52.405,51.04385561767305,Вверх,2.6666174916764622,True,0.1820797724253111,0.1705549225887227,0.011524849836588386,Выше,52.07073331625003,Зелёный,1.3611443823269482,Выше
2021-08-25 18:00:00+05:00,52.36,51.05695158167631,Вверх,2.55214692212713,True,0.1900783556828855,0.1744596092075553,0.015618746475330209,False,52.07073331625003,Зелёный,1.3030484183236908,Выше
2021-08-25 18:30:00+05:00,52.46,51.07091226245565,Вверх,2.719919570666309,True,0.2021561248370176,0.1799989123334478,0.02215721250356978,False,52.09811898616252,Зелёный,1.3890877375443509,Выше
2021-08-25 19:00:00+05:00,52.43,51.08443552352575,Вверх,2.6340008706851292,True,0.2069218285921152,0.1853834955851813,0.02153833300693389,False,52.12205708754627,Зелёный,1.3455644764742516,Выше
2021-08-25 19:30:00+05:00,52.24,51.09593367752052,Вверх,2.239055517998705,True,0.1931408634020428,0.1869349691485536,0.006205894253489219,False,52.12205708754627,Зелёный,1.1440663224794818,Выше
2021-08-25 20:00:00+05:00,52.245,51.10736717326659,Вверх,2.2259664108240065,True,0.1805416358211857,0.18565630248308,-0.005114666661894279,Выше,52.12205708754627,Зелёный,1.1376328267334088,Выше
2021-08-25 20:30:00+05:00,52.25,51.11873665412961,Вверх,2.2130111577767217,True,0.1690118519806773,0.1823274123825995,-0.013315560401922194,False,52.12205708754627,Зелёный,1.1312633458703871,Выше
2021-08-25 21:00:00+05:00,52.29,51.13039101578006,Вверх,2.267944682570593,True,0.1612433677525757,0.1781106034565948,-0.0168672357040191,False,52.12205708754627,Зелёный,1.1596089842199362,Выше
2021-08-25 21:30:00+05:00,52.285,51.141879662389215,Вверх,2.2351942188223006,True,0.1529205568302387,0.1730725941313236,-0.02015203730108489,False,52.12205708754627,Зелёный,1.1431203376107817,Выше
2021-08-25 22:00:00+05:00,52.3,51.15340324783808,Вверх,2.241486742547043,True,0.1458537328104014,0.1676288218671391,-0.021775089056737695,False,52.12205708754627,Зелёный,1.1465967521619191,Выше
2021-08-25 22:30:00+05:00,52.34,51.16521018069541,Вверх,2.296071520386014,True,0.1418457797144086,0.162472213436593,-0.020626433722184395,False,52.12205708754627,Зелёный,1.1747898193045927,Выше
2021-08-25 23:00:00+05:00,52.39,51.17739714407158,Вверх,2.3694109579562554,True,0.1410777733888935,0.1581933254270531,-0.01711555203815962,False,52.15827263598676,Зелёный,1.2126028559284237,Выше
2021-08-25 23:30:00+05:00,52.265,51.18821906303605,Вверх,2.103571791856913,True,0.1288968251465192,0.1523340253709463,-0.023437200224427107,False,52.15827263598676,Зелёный,1.0767809369639494,Выше
2021-08-26 00:00:00+05:00,52.27,51.19898305245857,Вверх,2.0918715249560025,True,0.1182832978894197,0.145523879874641,-0.027240581985221293,False,52.15827263598676,Зелёный,1.0710169475414304,Выше
2021-08-26 00:30:00+05:00,52.16,51.208545410145554,Вверх,1.8579996409465251,True,0.0998449697205856,0.1363880978438299,-0.03654312812324431,False,52.15827263598676,Зелёный,0.9514545898544426,Выше
2021-08-26 01:00:00+05:00,52.1,51.21741560506948,Вверх,1.7232114984793574,True,0.0794748269134331,0.1250054436577506,-0.04553061674431749,False,52.41119207352909,Красный,0.8825843949305181,Выше
2021-08-26 01:30:00+05:00,52.145,51.22664530054144,Вверх,1.7927285577079448,True,0.0661993608746343,0.1132442271011273,-0.04704486622649301,False,52.357322866176176,Красный,0.9183546994585612,Выше
2021-08-26 12:00:00+05:00,51.1,51.22538514829724,Вниз,0.24477150915361862,True,-0.0283178773138814,0.0849318062181255,-0.1132496835320069,False,51.99459057955856,Красный,-0.1253851482972408,Ниже
2021-08-26 12:30:00+05:00,50.82,51.22135146522961,Вниз,0.7835628185290218,True,-0.1243833160392,0.0430687817666604,-0.1674520978058604,False,51.3361315216027,Красный,-0.4013514652296095,Ниже
2021-08-26 13:00:00+05:00,51.24,51.22153702278951,Вверх,0.036045340073015145,True,-0.1647265137181364,0.001509722669701,-0.1662362363878374,False,51.3361315216027,Красный,0.01846297721048984,Выше
2021-08-26 13:30:00+05:00,51.14,51.22072570912992,Вниз,0.1576036028625283,True,-0.202434414877203,-0.0392791048396797,-0.16315531003752332,False,51.3361315216027,Красный,-0.08072570912992205,Ниже
2021-08-26 14:00:00+05:00,50.955,51.21808167222315,Вниз,0.5136499916314267,True,-0.2444285321399775,-0.0803089902997393,-0.1641195418402382,False,51.3361315216027,Красный,-0.2630816722231515,Ниже
2021-08-26 14:30:00+05:00,51.11,51.21700623269854,Вниз,0.2089271524625385,True,-0.2621797233613492,-0.1166831369120612,-0.145496586449288,False,51.3361315216027,Красный,-0.10700623269853793,Ниже
2021-08-26 15:00:00+05:00,50.985,51.2146977129702,Вниз,0.44849959723969773,True,-0.2830710586674314,-0.1499607212631353,-0.13311033740429606,False,51.3361315216027,Красный,-0.22969771297020003,Ниже
2021-08-26 15:30:00+05:00,51.12,51.213755447169504,Вниз,0.1830669247956669,True,-0.2854438021845382,-0.1770573374474159,-0.1083864647371223,False,51.3361315216027,Красный,-0.09375544716950657,Ниже
2021-08-26 16:00:00+05:00,51.08,51.21242454719767,Вниз,0.2585789451847357,True,-0.2872407516388477,-0.1990940202857023,-0.08814673135314541,False,51.3361315216027,Красный,-0.13242454719767238,Ниже
2021-08-26 16:30:00+05:00,51.065,51.21095763628029,Вниз,0.2850125110273081,True,-0.2865718003379456,-0.216589576296151,-0.0699822240417946,False,51.3361315216027,Красный,-0.14595763628029346,Ниже
2021-08-26 17:00:00+05:00,50.925,51.20811228666555,Вниз,0.5528660870775309,True,-0.2939500088590208,-0.2320616628087249,-0.06188834605029589,False,51.3361315216027,Красный,-0.2831122866655562,Ниже
2021-08-26 17:30:00+05:00,51.08,51.20683753754451,Вниз,0.24769648672701938,True,-0.2840161265452323,-0.2424525555560264,-0.04156357098920588,False,51.3361315216027,Красный,-0.12683753754451033,Ниже
2021-08-26 18:00:00+05:00,51.145,51.20622223866347,Вниз,0.11956015497124942,True,-0.26781133411653,-0.2475243112681271,-0.02028702284840292,False,51.3361315216027,Красный,-0.06122223866346843,Ниже
2021-08-26 18:30:00+05:00,51.12,51.205364305940456,Вниз,0.16670969359855847,True,-0.2540575926511295,-0.2488309675447276,-0.005226625106401872,False,51.3361315216027,Красный,-0.08536430594045896,Ниже
2021-08-26 19:00:00+05:00,51.02,51.20351988498583,Вниз,0.35841263529939466,True,-0.2483638340369154,-0.2487375408431652,0.00037370680624981834,Ниже,51.3361315216027,Красный,-0.18351988498582728,Ниже
2021-08-26 19:30:00+05:00,51.015,51.20164406523473,Вниз,0.36452748469742935,True,-0.2414714153615236,-0.2472843157468369,0.005812900385313291,False,51.3361315216027,Красный,-0.18664406523473076,Ниже
2021-08-26 20:00:00+05:00,51.075,51.20038392528215,Вниз,0.24488864275925395,True,-0.2285332364521863,-0.2435340998879068,0.015000863435720518,False,51.3361315216027,Красный,-0.1253839252821507,Ниже
2021-08-26 20:30:00+05:00,51.28,51.201176125030585,Вверх,0.1539493443996914,True,-0.1994388428741942,-0.2347150484851642,0.03527620561097,False,51.3361315216027,Красный,0.0788238749694159,Выше
2021-08-26 21:00:00+05:00,51.06,51.19977138746809,Вниз,0.27299221008298996,True,-0.1919211402945819,-0.2261562668470478,0.03423512655246588,False,51.3361315216027,Красный,-0.13977138746808748,Ниже
2021-08-26 21:30:00+05:00,51.09,51.19867913485647,Вниз,0.21226941142408565,True,-0.1814509044809895,-0.2172151943738361,0.03576428989284661,False,51.3361315216027,Красный,-0.10867913485646596,Ниже
2021-08-26 22:00:00+05:00,51.11,51.19779675540516,Вниз,0.17148541728192415,True,-0.1695844701030253,-0.207689049519674,0.038104579416648715,False,51.3361315216027,Красный,-0.08779675540515797,Ниже
2021-08-26 22:30:00+05:00,50.965,51.19548036977924,Вниз,0.45019671290219876,True,-0.1699217711447644,-0.2001355938446921,0.0302138226999277,False,51.3361315216027,Красный,-0.23048036977923658,Ниже
2021-08-26 23:00:00+05:00,50.94,51.19293827654761,Вниз,0.4940882181468485,True,-0.1702439098966124,-0.1941572570550762,0.0239133471584638,False,51.23556649893417,Красный,-0.25293827654761003,Ниже
2021-08-26 23:30:00+05:00,50.92,51.19022247280087,Вниз,0.5278790748456814,True,-0.1701516378657572,-0.1893561332172124,0.019204495351455186,False,51.23556649893417,Красный,-0.2702224728008673,Ниже
2021-08-27 00:00:00+05:00,50.65,51.1848471248128,Вниз,1.044932543236067,True,-0.1896787564983881,-0.1894206578734476,-0.0002580986249405004,Ниже,51.08305886413668,Красный,-0.5348471248127993,Ниже
2021-08-27 00:30:00+05:00,50.775,51.180769043968894,Вниз,0.792815449139311,True,-0.1928446898259679,-0.1901054642639517,-0.0027392255620161954,False,51.05175297772301,Красный,-0.40576904396889546,Ниже
2021-08-27 01:00:00+05:00,50.65,51.175487759949306,Вниз,1.0268348831656111,True,-0.2030989716088171,-0.1927041657329248,-0.01039480587589231,False,51.02232767995071,Красный,-0.5254877599493071,Ниже
2021-08-27 01:30:00+05:00,50.575,51.169512757362746,Вниз,1.1618495571412277,True,-0.2148013408505491,-0.1971236007564497,-0.01767774009409942,False,50.971594911955634,Красный,-0.5945127573627431,Ниже
2021-08-27 12:00:00+05:00,50.995,51.16777631201585,Вниз,0.33766625104496123,True,-0.1880177117282571,-0.1953024229508111,0.007284711222554002,Ниже,50.48831457923993,Зелёный,-0.17277631201585564,Ниже
2021-08-27 12:30:00+05:00,50.94,51.165509881050525,Вниз,0.4407458883431286,True,-0.1692781993193008,-0.1900975782245091,0.020819378905208297,False,50.64798312131593,Зелёный,-0.22550988105052738,Ниже
2021-08-27 13:00:00+05:00,50.8,51.16187296681122,Вниз,0.7073098497507451,True,-0.1638352400322844,-0.1848451105860642,0.021009870553779814,False,50.64798312131593,Зелёный,-0.3618729668112195,Ниже
2021-08-27 13:30:00+05:00,50.865,51.158919006942455,Вниз,0.5745215353408205,True,-0.15251855979281,-0.1783798004274133,0.025861240634603294,False,50.64798312131593,Зелёный,-0.29391900694245265,Ниже
2021-08-27 14:00:00+05:00,50.8,51.15534767354005,Вниз,0.6946442350617721,True,-0.1470992968155187,-0.1721236997050344,0.025024402889515712,False,50.64798312131593,Зелёный,-0.35534767354005226,Ниже
2021-08-27 14:30:00+05:00,50.92,51.15300590564413,Вниз,0.4555077487996022,True,-0.1316044406730228,-0.1640198478986321,0.032415407225609316,False,50.64798312131593,Зелёный,-0.23300590564412715,Ниже
2021-08-27 15:00:00+05:00,50.875,51.15023967772727,Вниз,0.5381004653378397,True,-0.1215545740010028,-0.1555267931191062,0.0339722191181034,False,50.64798312131593,Зелёный,-0.27523967772727076,Ниже
2021-08-27 15:30:00+05:00,51.01,51.14884425804839,Вниз,0.27145140826236064,True,-0.1015262787565376,-0.1447266902465925,0.043200411490054894,False,50.64798312131593,Зелёный,-0.13884425804839395,Ниже
2021-08-27 16:00:00+05:00,51.12,51.148557250505625,Вниз,0.055831976581012285,True,-0.0759026710435648,-0.130961886405987,0.0550592153624222,False,50.71518155242774,Зелёный,-0.028557250505627962,Ниже
2021-08-27 16:30:00+05:00,51.005,51.14712882015234,Вниз,0.2778823043070542,True,-0.0641359963847492,-0.1175967084017394,0.053460712016990194,False,50.75941339718496,Зелёный,-0.14212882015233674,Ниже
2021-08-27 17:00:00+05:00,51.115,51.14680913039958,Вниз,0.06219181790692383,True,-0.045411268416899,-0.1031596204047713,0.057748351987872294,False,50.75941339718496,Зелёный,-0.03180913039958,Ниже
2021-08-27 17:30:00+05:00,51.14,51.14674137785829,Вниз,0.013180464046549602,True,-0.0282290881752373,-0.0881735139588646,0.0599444257836273,False,50.832024851719815,Зелёный,-0.0067413778582903205,Ниже
2021-08-27 18:00:00+05:00,51.06,51.14587827957114,Вниз,0.16790850496635693,True,-0.0208273334198025,-0.0747042778510522,0.0538769444312497,False,50.85257236654784,Зелёный,-0.08587827957114058,Ниже
2021-08-27 18:30:00+05:00,51.18,51.14621779917741,Вверх,0.06605024237615491,True,-0.0052182397120503,-0.0608070702232518,0.0555888305112015,False,50.85257236654784,Зелёный,0.033782200822592756,Выше
2021-08-27 19:00:00+05:00,51.185,51.14660369172291,Вверх,0.0750710809822686,True,0.0074694347280725,-0.0471517692329869,0.0546212039610594,False,50.89880861690375,Зелёный,0.03839630827709328,Выше
2021-08-27 19:30:00+05:00,51.135,51.14648823210378,Вниз,0.0224614289286996,True,0.0133361946486516,-0.0350541764566592,0.0483903711053108,False,50.93042775521337,Зелёный,-0.011488232103779694,Ниже
2021-08-27 20:00:00+05:00,51.305,51.14806546362513,Вверх,0.30682399217322576,True,0.0313419331089406,-0.0217749545435392,0.0531168876524798,False,50.93042775521337,Зелёный,0.15693453637486954,Выше
2021-08-27 20:30:00+05:00,51.5,51.151567299807965,Вверх,0.6811769777254567,True,0.0606473756848515,-0.0052904884978611,0.0659378641827126,False,51.08414648172283,Зелёный,0.34843270019203487,Выше
2021-08-27 21:00:00+05:00,51.545,51.15548205304371,Вверх,0.761439304886998,True,0.0865060856724184,0.0130688263361948,0.0734372593362236,False,51.18398183355055,Зелёный,0.38951794695628905,Выше
2021-08-27 21:30:00+05:00,51.49,51.15881058982935,Вверх,0.6473751175061401,True,0.101392470013998,0.0307335550717554,0.07065891494224259,False,51.18398183355055,Зелёный,0.3311894101706514,Выше
2021-08-27 22:00:00+05:00,51.485,51.1620562556022,Вверх,0.631217288813397,True,0.1115012615065182,0.046887096358708,0.06461416514781021,False,51.18398183355055,Зелёный,0.32294374439779716,Выше
2021-08-27 22:30:00+05:00,51.295,51.16337907892954,Вверх,0.2572561145099762,True,0.1029938900376237,0.0581084550944911,0.0448854349431326,False,51.18398183355055,Зелёный,0.1316209210704642,Выше
2021-08-27 23:00:00+05:00,51.305,51.16478824232328,Вверх,0.2740395543369693,True,0.0959525717638527,0.0656772784283634,0.030275293335489298,False,51.18398183355055,Зелёный,0.1402117576767168,Выше
2021-08-27 23:30:00+05:00,51.375,51.16687990160364,Вверх,0.40674768286943,True,0.0949264383953476,0.0715271104217603,0.023399327973587306,False,51.18398183355055,Зелёный,0.20812009839635692,Выше
2021-08-28 00:00:00+05:00,51.39,51.1691000020852,Вверх,0.43170584963541875,True,0.0942372861733531,0.0760691455720788,0.018168140601274294,False,51.18398183355055,Зелёный,0.22089999791479897,Выше
2021-08-28 00:30:00+05:00,51.43,51.17169602196496,Вверх,0.5047790050268474,True,0.09581430610001,0.0800181776776651,0.0157961284223449,False,51.18398183355055,Зелёный,0.2583039780350376,Выше
2021-08-28 01:00:00+05:00,51.485,51.17481347448272,Вверх,0.6061312283472207,True,0.1003454264858589,0.0840836274393039,0.01626179904655499,False,51.20285847520419,Зелёный,0.3101865255172811,Выше
2021-08-28 01:30:00+05:00,51.545,51.17849692249782,Вверх,0.7161270837187629,True,0.1075382367427337,0.0887745492999898,0.018763687442743898,False,51.29482262768377,Зелёный,0.3665030775021805,Выше
2021-08-30 12:00:00+05:00,51.985,51.186521828741625,Вверх,1.559938325033881,True,0.1470478375224218,0.1004292069444762,0.04661863057794559,False,51.60859036491539,Зелёный,0.798478171258374,Выше
2021-08-30 12:30:00+05:00,51.73,51.19192957173922,Вверх,1.051084482968617,True,0.1559850137740568,0.1115403683103923,0.0444446454636645,False,51.60859036491539,Зелёный,0.5380704282607738,Выше
2021-08-30 13:00:00+05:00,51.765,51.19763176505525,Вверх,1.1081923428575593,True,0.1640014907373199,0.1220325927957779,0.041968897941542,False,51.60859036491539,Зелёный,0.5673682349447517,Выше
2021-08-30 13:30:00+05:00,51.85,51.20412299127361,Вверх,1.2613769575478657,True,0.1751938702300464,0.1326648482826316,0.04252902194741481,False,51.60859036491539,Зелёный,0.6458770087263943,Выше
2021-08-30 14:00:00+05:00,51.53,51.207365548574366,Вверх,0.6300547742874808,True,0.156439251653353,0.1374197289567759,0.019019522696577112,False,52.000063611579016,Красный,0.3226344514256354,Выше
2021-08-30 14:30:00+05:00,51.68,51.21206837893681,Вверх,0.9137135754814464,True,0.1519284906413744,0.1403214812936956,0.011607009347678804,False,51.95055725042111,Красный,0.46793162106318675,Выше
2021-08-30 15:00:00+05:00,51.685,51.21677416621108,Вверх,0.9142040696850848,True,0.1470619002115754,0.1416695650772715,0.0053923351343038994,False,51.95055725042111,Красный,0.4682258337889209,Выше
2021-08-30 15:30:00+05:00,51.82,51.22277641331346,Вверх,1.1659336500379796,True,0.152342356140231,0.1438041232898634,0.008538232850367616,False,51.95055725042111,Красный,0.597223586686539,Выше
2021-08-30 16:00:00+05:00,51.55,51.226032369399896,Вверх,0.6324277239820454,True,0.1332049087209199,0.1416842803760747,-0.008479371655154805,Выше,51.95055725042111,Красный,0.3239676306001016,Выше
2021-08-30 16:30:00+05:00,51.645,51.23020120154517,Вверх,0.8096763017247752,True,0.1242715250309061,0.138201729307041,-0.013930204276134894,False,51.92704636200129,Красный,0.41479879845483225,Выше
2021-08-30 17:00:00+05:00,51.695,51.23482606521139,Вверх,0.8981662867419655,True,0.1198448395184286,0.1345303513493185,-0.01468551183088991,False,51.92704636200129,Красный,0.4601739347886138,Выше
2021-08-30 17:30:00+05:00,51.64,51.23885764665207,Вверх,0.7828869958698997,True,0.1106234210739742,0.1297489652942497,-0.0191255442202755,False,51.92704636200129,Красный,0.4011423533479288,Выше
2021-08-30 18:00:00+05:00,51.77,51.24414264519285,Вверх,1.0261804133364325,True,0.1125083676365932,0.1263008457627184,-0.013792478126125204,False,51.92704636200129,Красный,0.525857354807151,Выше
2021-08-30 18:30:00+05:00,51.53,51.24698699698198,Вверх,0.5522529608124808,True,0.093557731836519,0.1197522229774785,-0.026194491140959508,False,51.92704636200129,Красный,0.28301300301802,Выше
2021-08-30 19:00:00+05:00,51.52,51.24970354427569,Вверх,0.5274107692950823,True,0.0768464618297812,0.1111710707479391,-0.03432460891815789,False,51.92704636200129,Красный,0.2702964557243135,Выше
2021-08-30 19:30:00+05:00,51.645,51.2536368423426,Вверх,0.76358124372958,True,0.0728493532851288,0.103506727255377,-0.030657373970248203,False,51.92234396316832,Красный,0.3913631576574019,Выше
2021-08-30 20:00:00+05:00,51.625,51.25733199814019,Вверх,0.7172983601119785,True,0.0672920818807938,0.0962637981804604,-0.02897171629966659,False,51.92234396316832,Красный,0.36766800185981197,Выше
2021-08-30 20:30:00+05:00,51.625,51.2609903862184,Вверх,0.7101103803087306,True,0.0621712329813206,0.0894452851406324,-0.027274052159311793,False,51.92234396316832,Красный,0.36400961378159735,Выше
2021-08-30 21:00:00+05:00,51.695,51.26530888983812,Вверх,0.8381713081749463,True,0.0630347133822226,0.0841631707889505,-0.02112845740672789,False,51.92234396316832,Красный,0.4296911101618832,Выше
2021-08-30 21:30:00+05:00,51.785,51.27047994566063,Вверх,1.0035405459139095,True,0.070172372233273,0.081365011077815,-0.01119263884454201,False,51.92234396316832,Красный,0.5145200543393642,Выше
2021-08-30 22:00:00+05:00,51.82,51.27594780689784,Вверх,1.0610280577377698,True,0.077756892732161,0.0806433874086842,-0.002886494676523188,False,51.92234396316832,Красный,0.5440521931021607,Выше
2021-08-30 22:30:00+05:00,51.93,51.28245578891875,Вверх,1.2627012515675382,True,0.0915879912115542,0.0828323081692582,0.008755683042296,Выше,51.60797897686986,Зелёный,0.6475442110812466,Выше
2021-08-30 23:00:00+05:00,51.92,51.288799512412105,Вверх,1.230679005140574,True,0.1005828633397172,0.08638241920335,0.014200444136367188,False,51.62168107918287,Зелёный,0.6312004875878969,Выше
2021-08-30 23:30:00+05:00,51.795,51.293836333184124,Вверх,0.9770446171359063,True,0.0965123743992251,0.088408410242525,0.008103964156700089,False,51.62168107918287,Зелёный,0.5011636668158772,Выше
2021-08-31 00:00:00+05:00,51.72,51.29807676767981,Вверх,0.8224932763678593,True,0.0862404827860245,0.0879748247512249,-0.0017343419652003922,Выше,51.62168107918287,Зелёный,0.42192323232018936,Выше
2021-08-31 00:30:00+05:00,51.79,51.30297152621037,Вверх,0.9493182544812412,True,0.0827939525160132,0.0869386503041826,-0.0041446977881694075,False,51.62168107918287,Зелёный,0.48702847378962844,Выше
2021-08-31 01:00:00+05:00,51.75,51.307419570725685,Вверх,0.8626051221777618,True,0.0759592754951583,0.0847427753423778,-0.008783499847219503,False,51.62168107918287,Зелёный,0.4425804292743152,Выше
2021-08-31 01:30:00+05:00,51.86,51.31291788345478,Вверх,1.0661684018589386,True,0.0785137675671947,0.0834969737873412,-0.004983206220146488,False,51.62168107918287,Зелёный,0.5470821165452193,Выше
2021-08-31 12:00:00+05:00,52.86,51.32831173536071,Вверх,2.9841002223809627,True,0.1593924862268565,0.0986760762752442,0.0607164099516123,Выше,52.27184275440202,Зелёный,1.5316882646392926,Выше
2021-08-31 12:30:00+05:00,52.605,51.341015101178016,Вверх,2.4619398278959603,True,0.2006006847638985,0.1190609979729751,0.0815396867909234,False,52.30640847896183,Зелёный,1.263984898821981,Выше
2021-08-31 13:00:00+05:00,53.095,51.35846768723594,Вверх,3.3811996170509597,True,0.2696885817970411,0.1491865147377883,0.12050206705925279,False,52.38026763106564,Зелёный,1.7365323127640622,Выше
2021-08-31 13:30:00+05:00,53.015,51.37495059582066,Вверх,3.1923133456263826,True,0.3143621355204686,0.1822216388943244,0.1321404966261442,False,52.60799086795908,Зелёный,1.6400494041793436,Выше
2021-08-31 14:00:00+05:00,53.055,51.391667505314985,Вверх,3.236580121695782,True,0.3489711917365952,0.2155715494627785,0.13339964227381668,False,52.63469178116317,Зелёный,1.6633324946850152,Выше
2021-08-31 14:30:00+05:00,53.085,51.408516584864095,Вверх,3.261100546187521,True,0.374502831886133,0.2473578059474494,0.12714502593868357,False,52.673972603046856,Зелёный,1.6764834151359054,Выше
2021-08-31 15:00:00+05:00,53.1,51.42534726561172,Вверх,3.256473360770335,True,0.3914349963122916,0.2761732440204179,0.11526175229187374,False,52.67807534274216,Зелёный,1.6746527343882818,Выше
2021-08-31 15:30:00+05:00,53.055,51.44156271570514,Вверх,3.136446871203385,True,0.3966503958334968,0.3002686743830337,0.09638172145046314,False,52.70451780846795,Зелёный,1.6134372842948608,Выше
2021-08-31 16:00:00+05:00,53.01,51.4571690568424,Вверх,3.017715454657548,True,0.3926265590386109,0.3187402513141491,0.07388630772446175,False,52.70451780846795,Зелёный,1.5528309431575948,Выше
2021-08-31 16:30:00+05:00,53.44,51.47689871796835,Вверх,3.81355779179139,True,0.4193015979139716,0.3388525206341136,0.080449077279858,False,52.83283442485904,Зелёный,1.9631012820316442,Выше
2021-08-31 17:00:00+05:00,53.095,51.49299922823732,Вверх,3.1111040253491056,True,0.4079011115865327,0.3526622388245974,0.05523887276193529,False,52.83283442485904,Зелёный,1.6020007717626754,Выше
2021-08-31 17:30:00+05:00,53.055,51.50854152447377,Вверх,3.0023340396688285,True,0.3911297777221705,0.3603557466041121,0.030774031118058376,False,52.83283442485904,Зелёный,1.5464584755262294,Выше
2021-08-31 18:00:00+05:00,53.33,51.52666548940439,Вверх,3.4998082904596997,True,0.3954698463159403,0.3673785665464777,0.028091279769462574,False,52.83283442485904,Зелёный,1.8033345105956116,Выше
2021-08-31 18:30:00+05:00,53.215,51.543464837768525,Вверх,3.2429623570952866,True,0.3851896169086046,0.3709407766189032,0.014248840289701414,False,52.918827416150016,Зелёный,1.6715351622314785,Выше
2021-08-31 19:00:00+05:00,53.17,51.559649267243465,Вверх,3.123277127836504,True,0.3691559372657167,0.3705838087482659,-0.0014278714825491923,Выше,52.918827416150016,Зелёный,1.6103507327565367,Выше
2021-08-31 19:30:00+05:00,52.94,51.57338410040522,Вверх,2.6498472486005413,True,0.3340394539299396,0.3632749377846007,-0.02923548385466107,False,52.918827416150016,Зелёный,1.3666158995947768,Выше
2021-08-31 20:00:00+05:00,53.035,51.58792754219224,Вверх,2.8050602665211524,True,0.3102981697901725,0.3526795841857151,-0.042381414395542605,False,52.918827416150016,Зелёный,1.4470724578077565,Выше
2021-08-31 20:30:00+05:00,52.89,51.600883487046055,Вверх,2.4982450412454025,True,0.2765943355520051,0.3374625344589731,-0.06086819890696804,False,53.48896558226397,Красный,1.289116512953946,Выше
2021-08-31 21:00:00+05:00,53.075,51.6155513130456,Вверх,2.827536759421445,True,0.2617939601739252,0.3223288196019636,-0.06053485942803838,False,53.40731902403758,Красный,1.4594486869544028,Выше
2021-08-31 21:30:00+05:00,53.04,51.62972493182127,Вверх,2.731517686838427,True,0.244422794733282,0.3067476146282272,-0.062324819894945205,False,53.40731902403758,Красный,1.410275068178727,Выше
2021-08-31 22:00:00+05:00,52.8,51.64136945986285,Вверх,2.2436092463381843,True,0.2088821631802631,0.2871745243386344,-0.0782923611583713,False,53.29472840947044,Красный,1.1586305401371462,Выше
2021-08-31 22:30:00+05:00,52.89,51.65379364434183,Вверх,2.393253754351464,True,0.1858360026964973,0.266906820010207,-0.08107081731370969,False,53.2285055685234,Красный,1.2362063556581688,Выше
2021-08-31 23:00:00+05:00,52.86,51.66579569763196,Вверх,2.311402130254577,True,0.1632689424576838,0.2461792444997024,-0.0829103020420186,False,53.19915501167105,Красный,1.1942043023680426,Выше
2021-08-31 23:30:00+05:00,52.965,51.67872310362567,Вверх,2.488987380348199,True,0.1521036509035482,0.2273641257804715,-0.0752604748769233,False,53.19915501167105,Красный,1.286276896374332,Выше
2021-09-01 00:00:00+05:00,53.07,51.69256665483338,Вверх,2.6646642531104208,True,0.1499986087924298,0.2118910223828632,-0.061892413590433404,False,53.19915501167105,Красный,1.3774333451666223,Выше
2021-09-01 00:30:00+05:00,52.975,51.705327185631056,Вверх,2.455593811079854,True,0.1390616258416415,0.1973251430746189,-0.0582635172329774,False,53.19915501167105,Красный,1.2696728143689455,Выше
2021-09-01 01:00:00+05:00,53.03,51.71850800965464,Вверх,2.5358271938172203,True,0.1332954810700357,0.1845192106737023,-0.05122372960366661,False,53.19915501167105,Красный,1.3114919903453597,Выше
2021-09-01 01:30:00+05:00,53.03,51.73155768120037,Вверх,2.509961766087499,True,0.1272588094561513,0.1730671304301921,-0.04580832097404078,False,53.19915501167105,Красный,1.29844231879963,Выше
2021-09-01 12:00:00+05:00,54.045,51.75457700775559,Вверх,4.425546733579103,True,0.2020476415597372,0.1788632326561011,0.0231844089036361,Выше,53.33236232644252,Зелёный,2.290422992244409,Выше
2021-09-01 12:30:00+05:00,54.095,51.77786479872319,Вверх,4.4751463009999295,True,0.2623289471501877,0.1955563755549184,0.06677257159526928,False,53.57412609379827,Зелёный,2.3171352012768054,Выше
2021-09-01 13:00:00+05:00,54.225,51.802214402716,Вверх,4.676992335595942,True,0.3169387569757518,0.2198328518390851,0.0971059051366667,False,53.83096348441844,Зелёный,2.4227855972840047,Выше
2021-09-01 13:30:00+05:00,54.4,51.828063015624295,Вверх,4.9624408760951715,True,0.3700724967880759,0.2498807808288833,0.12019171595919262,False,53.83386713597661,Зелёный,2.5719369843757036,Выше
2021-09-01 14:00:00+05:00,54.315,51.85280865725988,Вверх,4.748424254151544,True,0.4007035180451623,0.2800453282721391,0.12065818977302317,False,53.83386713597661,Зелёный,2.4621913427401196,Выше
2021-09-01 14:30:00+05:00,54.64,51.88054190445133,Вверх,5.318869067772619,False,0.446061685491081,0.3132485997159275,0.1328130857751535,False,53.96868238014105,Зелёный,2.7594580955486734,Выше
2021-09-01 15:00:00+05:00,54.435,51.90595939793938,Вверх,4.872351135390104,True,0.4601621108633438,0.3426313019454108,0.117530808917933,False,54.057814142126944,Зелёный,2.5290406020606255,Выше
2021-09-01 15:30:00+05:00,54.46,51.931372737263366,Вверх,4.869170848861882,True,0.4679597420141022,0.367696989959149,0.10026275205495316,False,54.057814142126944,Зелёный,2.5286272627366344,Выше
2021-09-01 16:00:00+05:00,54.305,51.95499091898214,Вверх,4.523163298560536,True,0.4563714502716607,0.3854318820216514,0.0709395682500093,False,54.057814142126944,Зелёный,2.350009081017859,Выше
2021-09-01 16:30:00+05:00,54.495,51.98026464118133,Вверх,4.8378656326162135,True,0.4572481852281953,0.3997951426629602,0.057453042565235146,False,54.057814142126944,Зелёный,2.514735358818669,Выше
2021-09-01 17:00:00+05:00,54.855,52.00886897310988,Вверх,5.4723955415405285,False,0.4814422290234503,0.4161245599350583,0.06531766908839198,False,54.15760935864948,Зелёный,2.84613102689012,Выше
2021-09-01 17:30:00+05:00,54.8,52.03664142113863,Вверх,5.310409172062393,False,0.4905236909254498,0.4310043861331366,0.05951930479231321,False,54.378598422784535,Зелёный,2.7633585788613644,Выше
2021-09-01 18:00:00+05:00,54.775,52.06388877018203,Вверх,5.207277623431523,False,0.4900544808381184,0.442814405074133,0.04724007576398542,False,54.378598422784535,Зелёный,2.7111112298179663,Выше
2021-09-01 18:30:00+05:00,54.64,52.089521717742414,Вверх,4.8963365340113265,True,0.4733329688798093,0.4489181178352683,0.024414851044540997,False,54.378598422784535,Зелёный,2.550478282257586,Выше
2021-09-01 19:00:00+05:00,54.685,52.11534737229224,Вверх,4.930702292649301,True,0.4584277048796465,0.450820035244144,0.007607669635502523,False,54.378598422784535,Зелёный,2.569652627707761,Выше
2021-09-01 19:30:00+05:00,54.655,52.14061754769232,Вверх,4.822310456925077,True,0.4391323817469867,0.4484825045447126,-0.009350122797725902,Выше,54.378598422784535,Зелёный,2.5143824523076788,Выше
2021-09-01 20:00:00+05:00,54.78,52.16688005965558,Вверх,5.009155114042048,False,0.4289821156829703,0.4445824267723642,-0.015600311089393915,False,54.378598422784535,Зелёный,2.6131199403444185,Выше
2021-09-01 20:30:00+05:00,54.755,52.19263249687295,Вверх,4.909442924306549,True,0.4141466409526728,0.4384952696084259,-0.024348628655753102,False,54.378598422784535,Зелёный,2.5623675031270494,Выше
2021-09-01 21:00:00+05:00,54.8,52.21857645212794,Вверх,4.943496593091943,True,0.4013935295149409,0.431074921589729,-0.029681392074788093,False,54.378598422784535,Зелёный,2.581423547872056,Выше
2021-09-01 21:30:00+05:00,54.77,52.24396375111175,Вверх,4.835077715240355,True,0.384434327909716,0.4217468028537264,-0.03731247494401041,False,54.40366603894146,Зелёный,2.5260362488882535,Выше
2021-09-01 22:00:00+05:00,54.825,52.26964570383701,Вверх,4.888792073781768,True,0.371153650550525,0.4116281723930861,-0.04047452184256106,False,54.42154943504732,Зелёный,2.555354296162996,Выше
2021-09-01 22:30:00+05:00,54.81,52.29492286101276,Вверх,4.809409788540487,True,0.3553223090235136,0.4003669997191716,-0.04504469069565803,False,54.47089449154258,Зелёный,2.5150771389872446,Выше
2021-09-01 23:00:00+05:00,54.775,52.319600245480295,Вверх,4.693078202048795,True,0.3360775564422624,0.3875091110637898,-0.05143155462152743,False,54.48305504238832,Зелёный,2.4553997545197035,Выше
2021-09-01 23:30:00+05:00,54.775,52.34403208383373,Вверх,4.644212185016337,True,0.3171698151727042,0.3734412518855727,-0.056271436712868494,False,54.48305504238832,Зелёный,2.430967916166267,Выше
2021-09-02 00:00:00+05:00,54.76,52.36807156558663,Вверх,4.567532015032624,True,0.297545005743018,0.3582620026570619,-0.060716996914043864,False,54.49102458433454,Зелёный,2.391928434413366,Выше
2021-09-02 00:30:00+05:00,54.78,52.39207085349124,Вверх,4.557806377202279,True,0.2803740581187028,0.34268441374939,-0.06231035563068721,False,54.504172125901086,Зелёный,2.3879291465087604,Выше
2021-09-02 01:00:00+05:00,54.69,52.414935820123176,Вверх,4.34048834417036,True,0.2565464033347666,0.3254568116664654,-0.06891040833169881,False,54.504172125901086,Зелёный,2.2750641798768214,Выше
2021-09-02 01:30:00+05:00,54.695,52.437623025893096,Вверх,4.3048804347829375,True,0.2353532674973806,0.3074361028326485,-0.07208283533526788,False,54.504172125901086,Зелёный,2.2573769741069043,Выше
2021-09-02 12:00:00+05:00,55.49,52.46799493608322,Вверх,5.759711358511415,False,0.2794856736931947,0.3018460170047577,-0.022360343311563002,False,54.80991397978189,Зелёный,3.0220050639167795,Выше
2021-09-02 12:30:00+05:00,56.5,52.50811438945553,Вверх,7.602416611147832,False,0.3914471238615036,0.3197662383761069,0.0716808854853967,Выше,55.4966725818037,Зелёный,3.9918856105444718,Выше
2021-09-02 13:00:00+05:00,56.76,52.55042170896344,Вверх,8.010550922598089,False,0.4954460136074843,0.3549021934223824,0.14054382018510192,False,56.20450532362333,Зелёный,4.209578291036557,Выше
2021-09-02 13:30:00+05:00,56.935,52.59404935365037,Вверх,8.253691624237605,False,0.5852406307747557,0.4009698808928571,0.18427074988189862,False,56.20450532362333,Зелёный,4.340950646349633,Выше
2021-09-02 14:00:00+05:00,57.525,52.64311353918619,Вверх,9.273551909462686,False,0.6959886569796012,0.459973636110206,0.23601502086939524,False,56.6268243121349,Зелёный,4.88188646081381,Выше
2021-09-02 14:30:00+05:00,57.54,52.69183877760224,Вверх,9.200971791590936,False,0.7760221401089851,0.5231833369099619,0.2528388031990232,False,56.82739188092141,Зелёный,4.848161222397756,Выше
2021-09-02 15:00:00+05:00,57.885,52.74351202359625,Вверх,9.748095602931333,False,0.8574042463772074,0.590027518803411,0.2673767275737964,False,56.95265269282927,Зелёный,5.141487976403745,Выше
2021-09-02 15:30:00+05:00,57.565,52.79148702833659,Вверх,9.042202143503092,False,0.8858671017568369,0.6491954353940962,0.23667166636274073,False,57.054387423546345,Зелёный,4.773512971663408,Выше
2021-09-02 16:00:00+05:00,57.54,52.83873591362678,Вверх,8.89738182620072,False,0.8960774060940864,0.6985718295340942,0.19750557655999212,False,57.054387423546345,Зелёный,4.701264086373222,Выше
2021-09-02 16:30:00+05:00,57.48,52.884917645829496,Вверх,8.688833336082293,False,0.889078899166357,0.7366732434605467,0.15240565570581022,False,57.054387423546345,Зелёный,4.595082354170501,Выше
2021-09-02 17:00:00+05:00,57.68,52.93262990806005,Вверх,8.968702481221449,False,0.88941820115555,0.7672222349995474,0.12219596615600259,False,57.054387423546345,Зелёный,4.747370091939949,Выше
2021-09-02 17:30:00+05:00,57.82,52.981260456238566,Вверх,9.132926438694554,False,0.8907163072592681,0.7919210494514917,0.09879525780777643,False,57.07268158858876,Зелёный,4.8387395437614344,Выше
2021-09-02 18:00:00+05:00,57.735,53.02856134722126,Вверх,8.875290095014726,False,0.8748021019871572,0.8084972599586248,0.06630484202853248,False,57.18916342972988,Зелёный,4.706438652778736,Выше
2021-09-02 18:30:00+05:00,57.65,53.07454581142802,Вверх,8.620807052835474,False,0.8455838260390607,0.815914573174712,0.029669252864348628,False,57.18916342972988,Зелёный,4.575454188571982,Выше
2021-09-02 19:00:00+05:00,57.79,53.12146575360287,Вверх,8.788413836416956,False,0.8242238226490883,0.8175764230695873,0.006647399579501001,False,57.18916342972988,Зелёный,4.6685342463971296,Выше
2021-09-02 19:30:00+05:00,57.9,53.16901335804463,Вверх,8.898014732935714,False,0.8068708419572275,0.8154353068471154,-0.008564464889887935,Выше,57.33431514027309,Зелёный,4.7309866419553686,Выше
2021-09-02 20:00:00+05:00,57.51,53.21220725497951,Вверх,8.07670451335827,False,0.7529689813928755,0.8029420417562674,-0.049973060363391886,False,57.33431514027309,Зелёный,4.297792745020487,Выше
2021-09-02 20:30:00+05:00,57.9,53.258851958910064,Вверх,8.714322352781174,False,0.7332684469747264,0.7890073227999592,-0.05573887582523285,False,57.33431514027309,Зелёный,4.641148041089934,Выше
2021-09-02 21:00:00+05:00,57.5,53.30105243693086,Вверх,7.87779484849309,False,0.6775683878496892,0.7667195358099053,-0.08915114796021606,False,57.33431514027309,Зелёный,4.19894756306914,Выше
2021-09-02 21:30:00+05:00,57.5,53.34283300969772,Вверх,7.793299972550215,False,0.6262071633175381,0.7386170613114319,-0.11240989799389378,False,57.33431514027309,Зелёный,4.157166990302279,Выше
2021-09-02 22:00:00+05:00,56.97,53.37892422353158,Вверх,6.727516203643032,False,0.5365514214383111,0.6982039333368077,-0.1616525118984966,False,57.70105120282015,Красный,3.591075776468422,Выше
2021-09-02 22:30:00+05:00,56.92,53.41415880837207,Вверх,6.5635053885346,False,0.456205168724523,0.6498041804143508,-0.19359901168982785,False,57.55294608253813,Красный,3.5058411916279297,Выше
2021-09-02 23:00:00+05:00,57.1,53.45083384510468,Вверх,6.827145420163598,False,0.40241588048751,0.6003265204289827,-0.19791063994147273,False,57.55294608253813,Красный,3.649166154895319,Выше
2021-09-02 23:30:00+05:00,56.92,53.48535291132255,Вверх,6.421659205225802,False,0.3413283654244594,0.548526889428078,-0.20719852400361866,False,57.47296132685589,Красный,3.434647088677451,Выше
2021-09-03 00:00:00+05:00,56.58,53.5161454196676,Вверх,5.725103249320355,False,0.2624554876351794,0.4913126090694983,-0.2288571214343189,False,57.2049151941703,Красный,3.0638545803323964,Выше
2021-09-03 00:30:00+05:00,56.275,53.54359670902414,Вверх,5.101269729449291,False,0.1733390678557143,0.4277179008267415,-0.2543788329710272,False,57.04017367475327,Красный,2.731403290975855,Выше
2021-09-03 01:00:00+05:00,56.625,53.57425743828759,Вверх,5.694418751816718,False,0.1294633649760115,0.3680669936565955,-0.23860362868058402,False,57.04017367475327,Красный,3.0507425617124113,Выше
2021-09-03 01:30:00+05:00,56.685,53.60521010059318,Вверх,5.745318213709863,False,0.0983987730904729,0.314133349543371,-0.21573457645289812,False,57.04017367475327,Красный,3.079789899406819,Выше
2021-09-03 12:00:00+05:00,57.325,53.64222293541315,Вверх,6.865444538010711,False,0.1239931951392421,0.2761053186625452,-0.15211212352330306,False,56.13277089110487,Зелёный,3.682777064586851,Выше
2021-09-03 12:30:00+05:00,57.7,53.68259882660307,Вверх,7.483619014744981,False,0.172547307056206,0.2553937163412774,-0.08284640928507139,False,56.73924380199438,Зелёный,4.017401173396934,Выше
2021-09-03 13:00:00+05:00,57.73,53.722871475094585,Вверх,7.458887462415478,False,0.2110150892469207,0.246517990922406,-0.03550290167548531,False,57.08256942179495,Зелёный,4.007128524905411,Выше
2021-09-03 13:30:00+05:00,57.715,53.76259414698419,Вверх,7.351590665826384,False,0.2375523534789891,0.2447248634337226,-0.007172509954733508,False,57.08256942179495,Зелёный,3.9524058530158115,Выше
2021-09-03 14:00:00+05:00,57.615,53.80092654353162,Вверх,7.089233776266525,False,0.2476593000599152,0.2453117507589612,0.002347549300954016,Выше,57.08256942179495,Зелёный,3.8140734564683854,Выше
2021-09-03 14:30:00+05:00,57.67,53.83942478687956,Вверх,7.114814521669881,False,0.2571429841326136,0.2476779974336917,0.009464986698921901,False,57.08256942179495,Зелёный,3.83057521312044,Выше
2021-09-03 15:00:00+05:00,57.865,53.87948026163698,Вверх,7.397101306488986,False,0.2771983721196847,0.2535820723708903,0.023616299748794367,False,57.08256942179495,Зелёный,3.985519738363024,Выше
2021-09-03 15:30:00+05:00,58.055,53.92102772172019,Вверх,7.666716405359946,False,0.3049090222848321,0.2638474623536787,0.0410615599311534,False,57.11615714287569,Зелёный,4.133972278279806,Выше
2021-09-03 16:00:00+05:00,58.635,53.967932918519,Вверх,8.64785221351234,False,0.3694127052086884,0.2849605109246806,0.0844521942840078,False,57.59779142858813,Зелёный,4.667067081481001,Выше
2021-09-03 16:30:00+05:00,59.24,54.0203912974392,Вверх,9.66229339921171,False,0.4640020555882458,0.3207688198573937,0.14323323573085212,False,58.05051228572931,Зелёный,5.219608702560805,Выше
2021-09-03 17:00:00+05:00,59.83,54.07819834920598,Вверх,10.636082240854599,False,0.5798882753376091,0.3725927109534368,0.2072955643841723,False,58.72096105715638,Зелёный,5.751801650794022,Выше
2021-09-03 17:30:00+05:00,59.485,54.13199737060691,Вверх,9.88879570200325,False,0.6365525412342592,0.4253846770096012,0.211167864224658,False,58.72096105715638,Зелёный,5.353002629393089,Выше
2021-09-03 18:00:00+05:00,60.785,54.19819640174515,Вверх,12.15317858444964,False,0.777397165042359,0.4957871746161528,0.2816099904262062,False,59.11945345629667,Зелёный,6.586803598254846,Выше
2021-09-03 18:30:00+05:00,60.86,54.26448300471287,Вверх,12.15439018319645,False,0.8848691960596113,0.5736035789048446,0.31126561715476675,False,59.811508110667006,Зелёный,6.595516995287127,Выше
2021-09-03 19:00:00+05:00,60.92,54.33070705441722,Вверх,12.128119258567716,False,0.9637732751066396,0.6516375181452037,0.3121357569614359,False,59.85510729960031,Зелёный,6.589292945582784,Выше
2021-09-03 19:30:00+05:00,61.23,54.39935673546779,Вверх,12.55647800717228,False,1.039338883760507,0.7291777912682644,0.31016109249224266,False,60.02184656964028,Зелёный,6.830643264532206,Выше
2021-09-03 20:00:00+05:00,61.14,54.46642781272682,Вверх,12.25263424695131,False,1.079518903261281,0.7992460136668678,0.2802728895944133,False,60.39141191267625,Зелёный,6.67357218727318,Выше
2021-09-03 20:30:00+05:00,61.26,54.53402554593352,Вверх,12.333537432334339,False,1.1082694153685964,0.8610506940072135,0.2472187213613829,False,60.39141191267625,Зелёный,6.725974454066481,Выше
2021-09-03 21:00:00+05:00,61.24,54.60075165990433,Вверх,12.159628097155215,False,1.1165694528843702,0.9121544457826448,0.20441500710172533,False,60.39141191267625,Зелёный,6.639248340095669,Выше
2021-09-03 21:30:00+05:00,61.605,54.67044567323862,Вверх,12.684283512537503,False,1.139464702187226,0.9576164970635612,0.18184820512366473,False,60.66628678434098,Зелёный,6.934554326761379,Выше
2021-09-03 22:00:00+05:00,61.455,54.73795367648997,Вверх,12.271277737580107,False,1.1324514108753618,0.9925834798259212,0.13986793104944062,False,60.75615810590689,Зелёный,6.717046323510026,Выше
2021-09-03 22:30:00+05:00,61.53,54.80553622697266,Вверх,12.269679736693972,False,1.120034143769189,1.0180736126145749,0.10196053115461412,False,60.75615810590689,Зелёный,6.724463773027338,Выше
2021-09-03 23:00:00+05:00,61.57,54.87284432421672,Вверх,12.204863367776364,False,1.1007324770191218,1.0346053854954844,0.06612709152363738,False,60.825263065784576,Зелёный,6.697155675783279,Выше
2021-09-03 23:30:00+05:00,61.505,54.93883592298073,Вверх,11.951771395783558,False,1.067880943502466,1.0412604970968808,0.026620446405585252,False,60.89123675920612,Зелёный,6.566164077019273,Выше
2021-09-04 00:00:00+05:00,61.68,55.00591218245357,Вверх,12.133400852273127,False,1.043933093100506,1.041795016297606,0.002138076802900013,False,61.01011308328551,Зелёный,6.674087817546429,Выше
2021-09-04 00:30:00+05:00,62.095,55.07645036969284,Вверх,12.743286074531202,False,1.0463792719240317,1.042711867422891,0.0036674045011406697,False,61.30960177495696,Зелёный,7.018549630307156,Выше
2021-09-04 01:00:00+05:00,62.64,55.1517095699944,Вверх,13.577621597571737,False,1.0798470271627068,1.0501388993708545,0.02970812779185228,False,61.93314159746127,Зелёный,7.488290430005598,Выше
2021-09-04 01:30:00+05:00,62.4,55.22383186283028,Вверх,12.99469431059131,False,1.074616954746716,1.0550345104460268,0.019582444300689117,False,61.93314159746127,Зелёный,7.176168137169718,Выше
2021-09-06 12:00:00+05:00,64.81,55.31921662041406,Вверх,17.156395118009723,False,1.250523684851025,1.0941323453270264,0.15639133952399864,False,63.75476969394362,Зелёный,9.490783379585942,Выше
2021-09-06 12:30:00+05:00,65.265,55.41817963911642,Вверх,17.76821329211127,False,1.410387662170919,1.157383408695805,0.253004253475114,False,63.75476969394362,Зелёный,9.846820360883584,Выше
2021-09-06 13:00:00+05:00,65.085,55.514366906388894,Вверх,17.239921171666392,False,1.5052054488213074,1.2269478167209056,0.2782576321004018,False,63.75476969394362,Зелёный,9.5706330936111,Выше
2021-09-06 13:30:00+05:00,65.095,55.60969658891239,Вверх,17.05692350959313,False,1.56313727085427,1.2941857075475784,0.26895156330669145,False,63.75476969394362,Зелёный,9.485303411087607,Выше
2021-09-06 14:00:00+05:00,64.41,55.69726179698291,Вверх,15.643027901039568,False,1.5360680457136624,1.3425621751807952,0.19350587053286716,False,63.75476969394362,Зелёный,8.71273820301709,Выше
2021-09-06 14:30:00+05:00,63.315,55.77306018706268,Вверх,13.522549753665428,False,1.4100044870341222,1.3560506375514607,0.053953849482661465,False,65.08596354342323,Красный,7.541939812937315,Выше
2021-09-06 15:00:00+05:00,62.965,55.844621777241166,Вверх,12.750338342627412,False,1.267248086507024,1.3382901273425736,-0.07104204083554966,Выше,64.75486718908091,Красный,7.120378222758838,Выше
2021-09-06 15:30:00+05:00,62.895,55.91477479438305,Вверх,12.48368652343773,False,1.1353762845384168,1.2977073587817425,-0.1623310742433257,False,64.22563047017282,Красный,6.980225205616954,Выше
2021-09-06 16:00:00+05:00,62.98,55.98507554269765,Вверх,12.494266354910225,False,1.0258997868759678,1.2433458444005876,-0.21744605752461976,False,64.22563047017282,Красный,6.994924457302346,Выше
2021-09-06 16:30:00+05:00,62.53,56.05019916913847,Вверх,11.560709733265925,False,0.8925390005378588,1.1731844756280418,-0.280645475090183,False,64.00963568083999,Красный,6.479800830861528,Выше
2021-09-06 17:00:00+05:00,61.97,56.10910265999282,Вверх,10.44553746568138,False,0.7332103046827783,1.0851896414389892,-0.35197933675621096,False,63.512172112755984,Красный,5.8608973400071775,Выше
2021-09-06 17:30:00+05:00,61.82,56.16592750914712,Вверх,10.066730385485164,False,0.5880586449139003,0.9857634421339716,-0.39770479722007135,False,63.02695490148039,Красный,5.654072490852883,Выше
2021-09-06 18:00:00+05:00,62.425,56.22820683741431,Вверх,11.020791007089937,False,0.5158964197968103,0.8917900376665393,-0.37589361786972897,False,63.02695490148039,Красный,6.196793162585685,Выше
2021-09-06 18:30:00+05:00,62.575,56.29135900818631,Вверх,11.162709699191801,False,0.4654457144224935,0.8065211730177302,-0.3410754585952367,False,63.02695490148039,Красный,6.283640991813691,Выше
2021-09-06 19:00:00+05:00,61.67,56.34487782402525,Вверх,9.450942803720382,False,0.3484208516429277,0.7149011087427697,-0.366480257099842,False,63.02695490148039,Красный,5.325122175974755,Выше
2021-09-06 19:30:00+05:00,61.535,56.39652083075137,Вверх,9.111340723782316,False,0.2419948668253937,0.6203198603592944,-0.3783249935339007,False,62.58605661086128,Красный,5.138479169248626,Выше
2021-09-06 20:00:00+05:00,61.11,56.44342112099265,Вверх,8.26771089761555,False,0.1219517748250496,0.5206462432524455,-0.39869446842739587,False,62.58605661086128,Красный,4.666578879007346,Выше
2021-09-06 20:30:00+05:00,61.505,56.493785089938,Вверх,8.870382648434969,False,0.0580211269635171,0.4281212199946598,-0.3701000930311427,False,62.58605661086128,Красный,5.011214910062002,Выше
2021-09-06 21:00:00+05:00,61.39,56.54250364625703,Вверх,8.573190151023425,False,-0.0019019860557847,0.3421165787845709,-0.3440185648403556,False,62.58605661086128,Красный,4.847496353742969,Выше
2021-09-06 21:30:00+05:00,61.995,56.59675734131915,Вверх,9.538077643080442,False,-0.0005665106600076,0.2735799608956552,-0.27414647155566285,False,62.58605661086128,Красный,5.39824265868085,Выше
2021-09-06 22:00:00+05:00,61.59,56.64644134787319,Вверх,8.727041866174384,False,-0.0318214343737466,0.2124996818417748,-0.2443211162155214,False,62.58605661086128,Красный,4.943558652126811,Выше
2021-09-06 22:30:00+05:00,61.515,56.694884717546095,Вверх,8.501852162620523,False,-0.0619291787719831,0.1576139097190232,-0.2195430884910063,False,62.57022895883273,Красный,4.820115282453905,Выше
2021-09-06 23:00:00+05:00,61.595,56.74364208354066,Вверх,8.54960615555298,False,-0.0784303553942891,0.1104050566963608,-0.1888354120906499,False,62.50070606294946,Красный,4.851357916459342,Выше
2021-09-06 23:30:00+05:00,61.275,56.788730222012894,Вверх,7.899929722760557,False,-0.1159918999799245,0.0651256653611037,-0.18111756534102819,False,62.37013545665452,Красный,4.486269777987104,Выше
2021-09-07 00:00:00+05:00,61.36,56.83421549343565,Вверх,7.96313359350773,False,-0.1373179887580704,0.0246369345372689,-0.16195492329533928,False,62.23987191098906,Красный,4.525784506564349,Выше
2021-09-07 00:30:00+05:00,61.415,56.8797954387746,Вверх,7.973313768519248,False,-0.1480741211197767,-0.0099052765941402,-0.1381688445256365,False,62.18738471989016,Красный,4.535204561225399,Выше
2021-09-07 01:00:00+05:00,61.56,56.92636463838879,Вверх,8.139700103889085,False,-0.1432468844103525,-0.0365735981573826,-0.1066732862529699,False,62.18738471989016,Красный,4.633635361611212,Выше
2021-09-07 01:30:00+05:00,61.575,56.972619716613785,Вверх,8.078231800255654,False,-0.1366358370236398,-0.0565860459306341,-0.0800497910930057,False,62.18738471989016,Красный,4.602380283386218,Выше
2021-09-07 12:00:00+05:00,61.975,57.02239464480669,Вверх,8.685368943277746,False,-0.0979903060280875,-0.0648668979501247,-0.03312340807796281,False,62.18738471989016,Красный,4.952605355193313,Выше
2021-09-07 12:30:00+05:00,62.75,57.07938574286831,Вверх,9.934609812860844,False,-0.0047724078859516,-0.0528479999372901,0.0480755920513385,Ниже,61.54207488528007,Зелёный,5.670614257131689,Выше
2021-09-07 13:00:00+05:00,62.65,57.13481474045172,Вверх,9.652932777680816,False,0.060338736332369,-0.0302106526833583,0.0905493890157273,False,61.62486739675206,Зелёный,5.515185259548275,Выше
2021-09-07 13:30:00+05:00,61.95,57.1827270315915,Вверх,8.336910839832369,False,0.0548236642945028,-0.0132037892877861,0.0680274535822889,False,61.62486739675206,Зелёный,4.767272968408506,Выше
2021-09-07 14:00:00+05:00,62.09,57.23155561834184,Вверх,8.489100687839962,False,0.06104605897373,0.0016461803645171,0.0593998786092129,False,61.62486739675206,Зелёный,4.858444381658167,Выше
2021-09-07 14:30:00+05:00,61.6,57.275022726617046,Вверх,7.551244971174908,False,0.0261371538480759,0.0065443750612288,0.0195927787868471,False,62.72013916776774,Красный,4.324977273382956,Выше
2021-09-07 15:00:00+05:00,61.67,57.31875384376514,Вверх,7.59131325167177,False,0.0040730583354005,0.0060501117160632,-0.0019770533806627005,Выше,62.34262525099097,Красный,4.351246156234865,Выше
2021-09-07 15:30:00+05:00,62.155,57.36687569606598,Вверх,8.346496555437081,False,0.0254294158871672,0.009925972550284,0.0155034433368832,Выше,62.34262525099097,Красный,4.788124303934019,Выше
2021-09-07 16:00:00+05:00,62.19,57.41486698267229,Вверх,8.316892937797519,False,0.0446638337310147,0.0168735447864301,0.0277902889445846,False,62.34262525099097,Красный,4.775133017327711,Выше
2021-09-07 16:30:00+05:00,62.195,57.46243049528252,Вверх,8.23593687897697,False,0.059623405161588,0.0254235168614617,0.0341998883001263,False,62.34262525099097,Красный,4.732569504717482,Выше
2021-09-07 17:00:00+05:00,62.26,57.51016750527971,Вверх,8.259117823442663,False,0.0758495832891199,0.0355087301469934,0.04034085314212651,False,62.34262525099097,Красный,4.7498324947202875,Выше
2021-09-07 17:30:00+05:00,62.445,57.55927031617246,Вверх,8.488171682841497,False,0.1024558529526942,0.0488981547081335,0.0535576982445607,False,61.594861740542335,Зелёный,4.885729683827542,Выше
2021-09-07 18:00:00+05:00,62.205,57.6054964821807,Вверх,7.984487242883291,False,0.1029883337095896,0.0597161905084247,0.043272143201164896,False,61.594861740542335,Зелёный,4.599503517819301,Выше
2021-09-07 18:30:00+05:00,62.18,57.6510139301192,Вверх,7.8558654239291315,False,0.1002375612688766,0.0678204646605151,0.032417096608361506,False,61.594861740542335,Зелёный,4.528986069880801,Выше
2021-09-07 19:00:00+05:00,62.25,57.696774985540905,Вверх,7.891645617281304,False,0.1025241348692418,0.0747611987022604,0.027762936166981403,False,61.594861740542335,Зелёный,4.553225014459095,Выше
2021-09-07 19:30:00+05:00,62.315,57.74272747324697,Вверх,7.918352192267718,False,0.1083324288881044,0.0814754447394292,0.026856984148675198,False,61.60968328796984,Зелёный,4.572272526753025,Выше
2021-09-07 20:00:00+05:00,62.25,57.78757595610024,Вверх,7.722116683506069,False,0.1064633438158466,0.0864730245547127,0.0199903192611339,False,61.60968328796984,Зелёный,4.462424043899759,Выше
2021-09-07 20:30:00+05:00,62.335,57.832823956537055,Вверх,7.784811004294817,False,0.1105663302257156,0.0912916856889133,0.019274644536802304,False,61.60968328796984,Зелёный,4.502176043462946,Выше
2021-09-07 21:00:00+05:00,62.44,57.8786665042332,Вверх,7.88085450350378,False,0.1208969739345775,0.0972127433380461,0.023684230596531408,False,61.74183411693001,Зелёный,4.561333495766796,Выше
2021-09-07 21:30:00+05:00,62.495,57.92460017085775,Вверх,7.890257016295547,False,0.1320005042029564,0.1041702955110282,0.02783020869192819,False,61.860650705237,Зелёный,4.5703998291422465,Выше
2021-09-07 22:00:00+05:00,62.52,57.970325542292,Вверх,7.848281711629868,False,0.1411898740234463,0.1115742112135118,0.029615662809934495,False,62.0895856347133,Зелёный,4.549674457708001,Выше
2021-09-07 22:30:00+05:00,62.54,58.01579493988114,Вверх,7.798229886890399,False,0.1483759629252716,0.1189345615558638,0.029441401369407816,False,62.0895856347133,Зелёный,4.5242050601188595,Выше
2021-09-07 23:00:00+05:00,62.59,58.06130941809128,Вверх,7.799842317193136,False,0.1563037993819662,0.1264084091210843,0.029895390260881893,False,62.0895856347133,Зелёный,4.528690581908727,Выше
2021-09-07 23:30:00+05:00,62.75,58.10796305572221,Вверх,7.9886416597090895,False,0.1734973601456886,0.1358261993260051,0.0376711608196835,False,62.156442927706,Зелёный,4.642036944277791,Выше
2021-09-08 00:00:00+05:00,62.795,58.154600239247365,Вверх,7.979419928366947,False,0.1885806643321217,0.1463770923272285,0.04220357200489319,False,62.2907986349354,Зелёный,4.640399760752636,Выше
2021-09-08 00:30:00+05:00,62.9,58.20181814731456,Вверх,8.072225236665071,False,0.2066250688732651,0.1584266876364358,0.04819838123682929,False,62.42396877144186,Зелёный,4.698181852685437,Выше
2021-09-08 01:00:00+05:00,62.85,58.24806871301292,Вверх,7.900573166915981,False,0.2144191172303067,0.16962517355521,0.044793943675096703,False,62.43982189429767,Зелёный,4.601931286987082,Выше
2021-09-08 01:30:00+05:00,62.91,58.29445608900284,Вверх,7.917637834977362,False,0.2228683674561367,0.1802738123353953,0.042594555120741395,False,62.460089704867904,Зелёный,4.615543910997154,Выше
2021-09-08 12:00:00+05:00,64.695,58.35814309309237,Вверх,10.8585650108831,False,0.3693415023344144,0.2180873503351992,0.1512541519992152,False,63.52158073438112,Зелёный,6.33685690690762,Выше
2021-09-08 12:30:00+05:00,64.9,58.42323619664369,Вверх,11.085938104415364,False,0.4962439128249869,0.2737186628331567,0.2225252499918302,False,64.131922660943,Зелёный,6.476763803356313,Выше
2021-09-08 13:00:00+05:00,64.95,58.488179120060174,Вверх,11.048080102947786,False,0.5940022810119032,0.3377753864689061,0.25622689454299713,False,64.131922660943,Зелёный,6.461820879939829,Выше
2021-09-08 13:30:00+05:00,65.085,58.5538191288158,Вверх,11.154150093635879,False,0.6745935691240206,0.405139022999929,0.2694545461240916,False,64.16490735536384,Зелёный,6.5311808711841906,Выше
2021-09-08 14:00:00+05:00,65.665,58.62457714743456,Вверх,12.009336689729185,False,0.7763150219853756,0.4793742227970183,0.2969407991883573,False,64.56716661982745,Зелёный,7.040422852565449,Выше
2021-09-08 14:30:00+05:00,66.48,58.70274055890288,Вверх,13.248545752805777,False,0.9121786671390312,0.565935111665421,0.3462435554736102,False,65.20094995784471,Зелёный,7.777259441097122,Выше
2021-09-08 15:00:00+05:00,67.155,58.786842642893895,Вверх,14.234745362902462,False,1.0620754983319074,0.6651631889987183,0.3969123093331891,False,66.04410496206023,Зелёный,8.368157357106107,Выше
2021-09-08 15:30:00+05:00,66.8,58.86657555191983,Вверх,13.476959333370688,False,1.1390935227897785,0.7599492557569304,0.3791442670328481,False,66.04410496206023,Зелёный,7.933424448080167,Выше
2021-09-08 16:00:00+05:00,66.095,58.93850017329376,Вверх,12.142317510056005,False,1.1302148408375103,0.8340023727730463,0.296212468064464,False,66.04410496206023,Зелёный,7.156499826706238,Выше
2021-09-08 16:30:00+05:00,66.885,59.01756982331074,Вверх,13.330657633384616,False,1.1733986103525496,0.901881620288947,0.2715169900636025,False,66.04410496206023,Зелёный,7.867430176689268,Выше
2021-09-08 17:00:00+05:00,67.435,59.1013253474569,Вверх,14.100656124967417,False,1.237734627945784,0.9690522218203144,0.26868240612546956,False,66.06998926560772,Зелёный,8.333674652543102,Выше
2021-09-08 17:30:00+05:00,67.37,59.18360071713395,Вверх,13.832208895151005,False,1.268849916624859,1.0290117607812237,0.23983815584363533,False,66.19174033904694,Зелёный,8.186399282866056,Выше
2021-09-08 18:00:00+05:00,67.765,59.268987774674905,Вверх,14.334667326570008,False,1.3102781352010453,1.0852650356651878,0.22501309953585746,False,66.31031630514224,Зелёный,8.496012225325096,Выше
2021-09-08 18:30:00+05:00,67.495,59.35083864258859,Вверх,13.722066180826262,False,1.3062657351088802,1.1294651755539262,0.176800559554954,False,66.31203467462802,Зелёный,8.144161357411413,Выше
2021-09-08 19:00:00+05:00,66.91,59.426054178483234,Вверх,12.593711504114168,False,1.2415692309328676,1.1518859866297146,0.089683244303153,False,66.31203467462802,Зелёный,7.4839458215167625,Выше
2021-09-08 19:30:00+05:00,66.745,59.49887951004062,Вверх,12.17858310884087,False,1.163569756368389,1.1542227405774497,0.009347015790939439,False,66.31203467462802,Зелёный,7.246120489959388,Выше
2021-09-08 20:00:00+05:00,66.585,59.569388171632255,Вверх,11.777209811445852,False,1.0764354699561238,1.1386652864531843,-0.0622298164970605,Выше,66.31203467462802,Зелёный,7.015611828367739,Выше
2021-09-08 20:30:00+05:00,66.75,59.64083704554636,Вверх,11.919958381912933,False,1.0090631889213597,1.1127448669468196,-0.10368167802545991,False,66.31203467462802,Зелёный,7.109162954453637,Выше
2021-09-08 21:00:00+05:00,67.37,59.71774413962053,Вверх,12.814040400602616,False,0.9942380321115536,1.0890434999797665,-0.09480546786821287,False,66.31203467462802,Зелёный,7.652255860379476,Выше
2021-09-08 21:30:00+05:00,67.46,59.7947815113656,Вверх,12.819209795385596,False,0.9784720200000409,1.0669292039838214,-0.08845718398378055,False,66.51598936951899,Зелёный,7.665218488634395,Выше
2021-09-08 22:00:00+05:00,67.785,59.87428617294405,Вверх,13.212205660717554,False,0.9808949789439936,1.0497223589758558,-0.06882738003186217,False,66.79964043256709,Зелёный,7.910713827055943,Выше
2021-09-08 22:30:00+05:00,68.05,59.95563655928292,Вверх,13.500587943409679,False,0.9927546193821968,1.038328811057124,-0.04557419167492727,False,67.13542638931038,Зелёный,8.094363440717075,Выше
2021-09-08 23:00:00+05:00,68.605,60.041699877101,Вверх,14.262254633741497,False,1.035006421783848,1.0376643332024689,-0.0026579114186209285,False,67.47263375037934,Зелёный,8.563300122899001,Выше
2021-09-08 23:30:00+05:00,69.2,60.132827241507954,Вверх,15.07857384133311,False,1.1037791282605411,1.0508872922140833,0.05289183604645786,Выше,68.12287037534142,Зелёный,9.067172758492049,Выше
2021-09-09 00:00:00+05:00,68.545,60.21653045303525,Вверх,13.83086917214599,False,1.0928314865740705,1.0592761310860808,0.03355535548798971,False,68.12287037534142,Зелёный,8.328469546964754,Выше
2021-09-09 00:30:00+05:00,68.805,60.30198786146276,Вверх,14.100716145663366,False,1.092541095092372,1.0659291238873392,0.02661197120503278,False,68.12287037534142,Зелёный,8.503012138537244,Выше
2021-09-09 01:00:00+05:00,69.62,60.39470440015467,Вверх,15.275007455490924,False,1.1448772146427046,1.0817187420384122,0.06315847260429241,False,68.12287037534142,Зелёный,9.225295599845332,Выше
2021-09-09 01:30:00+05:00,69.7,60.48729440612328,Вверх,15.230811171716244,False,1.1792160295081402,1.1012181995323578,0.07799782997578242,False,68.5035212532615,Зелёный,9.21270559387672,Выше
2021-09-09 12:00:00+05:00,67.415,60.55622680009221,Вверх,11.326288909231296,False,1.0104020977986323,1.0830549791856128,-0.07265288138698045,Выше,70.03308087206464,Красный,6.8587731999077945,Выше
2021-09-09 12:30:00+05:00,68.275,60.63303051352413,Вверх,12.60364098867092,False,0.9352299051738128,1.053489964383253,-0.11826005920944016,False,69.61227278485819,Красный,7.6419694864758725,Выше
2021-09-09 13:00:00+05:00,67.455,60.700910806921904,Вверх,11.126833359324001,False,0.8002633165911277,1.002844634824828,-0.2025813182337004,False,69.40904550637237,Красный,6.754089193078094,Выше
2021-09-09 13:30:00+05:00,66.795,60.76154851033562,Вверх,9.929719761236964,False,0.6327508803330062,0.9288258839264636,-0.2960750035934574,False,68.48664095573514,Красный,6.03345148966438,Выше
2021-09-09 14:00:00+05:00,66.9,60.82262762963577,Вверх,9.991959583480808,False,0.5026741752267014,0.8435955421865112,-0.3409213669598098,False,68.08872686016163,Красный,6.0773723703642375,Выше
2021-09-09 14:30:00+05:00,66.635,60.880462180584665,Вверх,9.452191414621874,False,0.3738941450126276,0.7496552627517346,-0.375761117739107,False,68.08872686016163,Красный,5.75453781941534,Выше
2021-09-09 15:00:00+05:00,68.0,60.95130335291716,Вверх,11.5644723891626,False,0.3776260968960372,0.6752494295805951,-0.2976233326845579,False,68.08872686016163,Красный,7.048696647082842,Выше
2021-09-09 15:30:00+05:00,67.95,61.02094212552495,Вверх,11.355212871380175,False,0.3722579555295198,0.61465113477038,-0.24239317924086023,False,68.08872686016163,Красный,6.929057874475056,Выше
2021-09-09 16:00:00+05:00,67.595,61.08635563671376,Вверх,10.65482511674743,False,0.3354908025440295,0.55881906832511,-0.22332826578108045,False,68.08872686016163,Красный,6.508644363286237,Выше
2021-09-09 16:30:00+05:00,68.38,61.158929212467854,Вверх,11.80705888823844,False,0.365482454164578,0.5201517454930036,-0.1546692913284256,False,66.49529137634316,Зелёный,7.221070787532142,Выше
2021-09-09 17:00:00+05:00,68.14,61.22839260338858,Вверх,11.28823916933745,False,0.3656698455577185,0.4892553655059466,-0.12358551994822814,False,66.92626223870884,Зелёный,6.911607396611423,Выше
2021-09-09 17:30:00+05:00,68.165,61.297413572509086,Вверх,11.203713219265296,False,0.3636437864434185,0.464133049693441,-0.1004892632500225,False,66.92626223870884,Зелёный,6.86758642749092,Выше
2021-09-09 18:00:00+05:00,68.215,61.36624527825526,Вверх,11.16045912649564,False,0.3619009334456819,0.4436866264438892,-0.08178569299820726,False,66.92626223870884,Зелёный,6.84875472174474,Выше
2021-09-09 18:30:00+05:00,68.585,61.43807368344676,Вверх,11.63273177049304,False,0.3859268926816952,0.4321346796914505,-0.04620778700975525,False,67.09818017201876,Зелёный,7.146926316553234,Выше
2021-09-09 19:00:00+05:00,69.045,61.51376449256669,Вверх,12.24317121470168,False,0.4370477793460168,0.4331172996223637,0.003930479723653069,Выше,67.54611215481687,Зелёный,7.531235507433308,Выше
2021-09-09 19:30:00+05:00,69.35,61.59173698517797,Вверх,12.59627247838302,False,0.4964496389337682,0.4457837674846446,0.0506658714491236,False,67.98175093933519,Зелёный,7.7582630148220275,Выше
2021-09-09 20:00:00+05:00,68.69,61.66236646791252,Вверх,11.396957227946277,False,0.4846824390217961,0.4535635017920749,0.0311189372297212,False,67.98175093933519,Зелёный,7.027633532087478,Выше
2021-09-09 20:30:00+05:00,68.34,61.72881058265966,Вверх,10.710054762010108,False,0.4420194483326867,0.4512546911001973,-0.009235242767510587,Выше,67.98175093933519,Зелёный,6.611189417340341,Выше
2021-09-09 21:00:00+05:00,68.26,61.79379754203618,Вверх,10.46416099215312,False,0.3971750032249019,0.4404387535251383,-0.04326375030023638,False,67.98175093933519,Зелёный,6.466202457963824,Выше
2021-09-09 21:30:00+05:00,68.585,61.86137169584677,Вверх,10.868863912703429,False,0.3834401815224879,0.4290390391246083,-0.0455988576021204,False,67.98175093933519,Зелёный,6.723628304153223,Выше
2021-09-09 22:00:00+05:00,68.4,61.92643267399755,Вверх,10.453641597735139,False,0.3535517578921343,0.4139415828781135,-0.060389824985979224,False,67.98175093933519,Зелёный,6.473567326002453,Выше
2021-09-09 22:30:00+05:00,68.36,61.99044826928116,Вверх,10.275053509937623,False,0.322914938718597,0.3957362540462102,-0.07282131532761321,False,67.98175093933519,Зелёный,6.36955173071884,Выше
2021-09-09 23:00:00+05:00,68.46,62.05482191834304,Вверх,10.321805596486005,False,0.3032089984690316,0.3772308029307745,-0.07402180446174289,False,67.98175093933519,Зелёный,6.405178081656956,Выше
2021-09-09 23:30:00+05:00,68.385,62.11780876492669,Вверх,10.08920204959311,False,0.2783315923080494,0.3574509608062295,-0.07911936849818013,False,67.98175093933519,Зелёный,6.267191235073312,Выше
2021-09-10 00:00:00+05:00,68.275,62.17907434935528,Вверх,9.803821807308603,False,0.2468939482524774,0.3353395582954791,-0.08844561004300172,False,67.98175093933519,Зелёный,6.095925650644723,Выше
2021-09-10 00:30:00+05:00,68.285,62.23982982846618,Вверх,9.712703566501371,False,0.2202474299952399,0.3123211326354313,-0.09207370264019141,False,67.98175093933519,Зелёный,6.045170171533819,Выше
2021-09-10 01:00:00+05:00,68.25,62.29963251674016,Вверх,9.551207997352073,False,0.1940685632125536,0.2886706187508558,-0.0946020555383022,False,67.98175093933519,Зелёный,5.950367483259839,Выше
2021-09-10 01:30:00+05:00,67.89,62.35525806383727,Вверх,8.876143100067752,False,0.1426284987735613,0.2594621947553969,-0.1168336959818356,False,68.70586086665473,Красный,5.534741936162732,Выше
2021-09-10 12:00:00+05:00,67.555,62.40699678957024,Вверх,8.249080191742413,False,0.0739774112640958,0.2223652380571367,-0.1483878267930409,False,68.34952477998925,Красный,5.1480032104297635,Выше
2021-09-10 12:30:00+05:00,67.455,62.45722567723621,Вверх,8.001915340574161,False,0.0113706912921429,0.180166328704138,-0.1687956374119951,False,68.34952477998925,Красный,4.997774322763789,Выше
2021-09-10 13:00:00+05:00,67.615,62.50854681477615,Вверх,8.169207965040625,False,-0.0250462054527531,0.1391238218727598,-0.1641700273255129,False,68.34952477998925,Красный,5.106453185223842,Выше
2021-09-10 13:30:00+05:00,68.5,62.56816326438037,Вверх,9.480599119642989,False,0.0173057552793522,0.1147602085540783,-0.0974544532747261,False,67.24077643538784,Зелёный,5.931836735619633,Выше
2021-09-10 14:00:00+05:00,69.395,62.63609198811788,Вверх,10.79075625146646,False,0.1216862857072982,0.1161454239847223,0.005540861722575896,Выше,67.66419879184905,Зелёный,6.758908011882113,Выше
2021-09-10 14:30:00+05:00,69.05,62.69991196833561,Вверх,10.127746327413144,False,0.1745577977439154,0.1278278987365609,0.0467298990073545,False,68.09727891266415,Зелёный,6.350088031664384,Выше
2021-09-10 15:00:00+05:00,69.08,62.76339543133725,Вверх,10.064153676282654,False,0.2163852468011669,0.1455393683494821,0.07084587845168477,False,68.09727891266415,Зелёный,6.316604568662747,Выше
2021-09-10 15:30:00+05:00,69.3,62.82843627281649,Вверх,10.300373701937113,False,0.2642399690334684,0.1692794884862794,0.094960480547189,False,68.21854591925795,Зелёный,6.471563727183508,Выше
2021-09-10 16:00:00+05:00,69.215,62.89198417059941,Вверх,10.053770624009767,False,0.29194107654844,0.1938118060987115,0.0981292704497285,False,68.28944132733217,Зелёный,6.323015829400596,Выше
2021-09-10 16:30:00+05:00,69.27,62.95544701467305,Вверх,10.030193231501022,False,0.3147047240140352,0.2179903896817763,0.0967143343322589,False,68.40524719459894,Зелёный,6.314552985326948,Выше
2021-09-10 17:00:00+05:00,69.185,63.01743261651711,Вверх,9.78708133194615,False,0.3221724851450318,0.2388268087744274,0.08334567637060436,False,68.40524719459894,Зелёный,6.16756738348289,Выше
2021-09-10 17:30:00+05:00,69.29,63.07984622232291,Вверх,9.844909506896403,False,0.3327278822118273,0.2576070234619074,0.07512085874991992,False,68.40524719459894,Зелёный,6.2101537776771,Выше
2021-09-10 18:00:00+05:00,70.61,63.154773125583375,Вверх,11.804692670800817,False,0.4425051547603118,0.2945866497215883,0.1479185050387235,False,69.05156520486263,Зелёный,7.455226874416624,Выше
2021-09-10 18:30:00+05:00,71.68,63.23960125368703,Вверх,13.346698238108962,False,0.608826320947756,0.3574345839668219,0.25139173698093414,False,69.83540868437638,Зелёный,8.44039874631298,Выше
2021-09-10 19:00:00+05:00,71.435,63.32114750986925,Вверх,12.813811513548657,False,0.7126525756992095,0.4284781823132993,0.28417439338591016,False,70.44311781593873,Зелёный,8.113852490130753,Выше
2021-09-10 19:30:00+05:00,71.285,63.40038982320389,Вверх,12.436217188542306,False,0.7739107231460878,0.4975646904798571,0.2763460326662307,False,70.44311781593873,Зелёный,7.884610176796109,Выше
2021-09-10 20:00:00+05:00,71.485,63.48083370556007,Вверх,12.608792019911466,False,0.829039918745238,0.5638597361329333,0.2651801826123047,False,70.44311781593873,Зелёный,8.004166294439926,Выше
2021-09-10 20:30:00+05:00,72.0,63.56560152938535,Вверх,13.268809336627715,False,0.90386718118053,0.6318612251424527,0.2720059560380773,False,70.60253538781934,Зелёный,8.434398470614653,Выше
2021-09-10 21:00:00+05:00,71.815,63.647685096257135,Вверх,12.832069055443384,False,0.9374342137873128,0.6929758228714247,0.24445839091588817,False,70.60253538781934,Зелёный,8.167314903742863,Выше
2021-09-10 21:30:00+05:00,71.89,63.72969817987647,Вверх,12.804551179720253,False,0.959033065957442,0.7461872714886282,0.2128457944688138,False,70.80135366413366,Зелёный,8.160301820123529,Выше
2021-09-10 22:00:00+05:00,72.55,63.81746237709163,Вверх,13.683617771118179,False,1.0176756644843865,0.8004849500877799,0.21719071439660664,False,71.1594682977203,Зелёный,8.732537622908367,Выше
2021-09-10 22:30:00+05:00,73.125,63.91007469174744,Вверх,14.418580095076095,False,1.097892222709376,0.8599664046120992,0.23792581809727675,False,71.80127146794827,Зелёный,9.21492530825256,Выше
2021-09-10 23:00:00+05:00,73.3,64.00350678436688,Вверх,14.524974775138144,False,1.162188475190959,0.9204108187278712,0.2417776564630878,False,72.09864432115343,Зелёный,9.29649321563312,Выше
2021-09-10 23:30:00+05:00,72.725,64.09028781138811,Вверх,13.472731178900396,False,1.153449773001995,0.967018609582696,0.186431163419299,False,72.09864432115343,Зелёный,8.634712188611886,Выше
2021-09-11 00:00:00+05:00,72.13,64.1702849475932,Вверх,12.404051281535306,False,1.085994097235684,0.9908137071132936,0.09518039012239043,False,72.09864432115343,Зелёный,7.959715052406793,Выше
2021-09-11 00:30:00+05:00,72.3,64.25117763468182,Вверх,12.52712037603734,False,1.0343294612679443,0.9995168579442238,0.03481260332372049,False,72.09864432115343,Зелёный,8.048822365318173,Выше
2021-09-11 01:00:00+05:00,72.305,64.33131517065515,Вверх,12.39471757757888,False,0.982463100196142,0.9961061063946076,-0.01364300619846559,Выше,72.09864432115343,Зелёный,7.973684829344862,Выше
2021-09-11 01:30:00+05:00,72.13,64.40891402467848,Вверх,11.987604654168143,False,0.9166707876732688,0.9802190426503398,-0.06354825497707095,False,72.09864432115343,Зелёный,7.721085975321515,Выше
2021-09-13 12:00:00+05:00,73.775,64.50210891000506,Вверх,14.376105288173926,False,0.985902784555094,0.9813557910312908,0.004546993523803167,Выше,72.6121651041781,Зелёный,9.272891089994943,Выше
2021-09-13 12:30:00+05:00,73.195,64.58860533876124,Вверх,13.324942714119636,False,0.9826412119177091,0.9816128752085744,0.001028336709134714,False,72.6121651041781,Зелёный,8.606394661238753,Выше
2021-09-13 13:00:00+05:00,73.775,64.68001225081338,Вверх,14.061512100397378,False,1.0151554645588732,0.9883213930786344,0.026834071480238753,False,72.6121651041781,Зелёный,9.094987749186629,Выше
2021-09-13 13:30:00+05:00,74.845,64.7811564075217,Вверх,15.535140387382441,False,1.1144169962343256,1.0135405137097726,0.10087648252455295,False,72.92757086094585,Зелёный,10.063843592478293,Выше
2021-09-13 14:00:00+05:00,74.765,64.88049813481004,Вверх,15.234935226070148,False,1.1731043273619974,1.0454532764402176,0.12765105092177986,False,73.49306377485125,Зелёный,9.88450186518996,Выше
2021-09-13 14:30:00+05:00,74.575,64.97696083993631,Вверх,14.771449812353366,False,1.1905590246573183,1.0744744260836376,0.1160845985736807,False,73.49306377485125,Зелёный,9.598039160063692,Выше
2021-09-13 15:00:00+05:00,75.15,65.0781851101857,Вверх,15.476483975023939,False,1.2365356789524498,1.1068866766574,0.12964900229504983,False,73.49306377485125,Зелёный,10.071814889814306,Выше
2021-09-13 15:30:00+05:00,74.975,65.17666088023361,Вверх,15.033508908612966,False,1.244505585548879,1.134410458435696,0.11009512711318292,False,73.61017849186658,Зелёный,9.798339119766382,Выше
2021-09-13 16:00:00+05:00,75.03,65.27470405555466,Вверх,14.944986860672243,False,1.2409548789159004,1.155719342531737,0.08523553638416348,False,73.61017849186658,Зелёный,9.755295944445336,Выше
2021-09-13 16:30:00+05:00,74.895,65.37042839331033,Вверх,14.570153264689875,False,1.2132618195434477,1.167227837934079,0.04603398160936867,False,73.67724457841192,Зелёный,9.524571606689662,Выше
2021-09-13 17:00:00+05:00,74.845,65.46470273765551,Вверх,14.328786155090729,False,1.1737500286443066,1.1685322760761243,0.005217752568182243,False,73.70602012057073,Зелёный,9.380297262344484,Выше
2021-09-13 17:30:00+05:00,74.535,65.5549544517087,Вверх,13.698500171953418,False,1.1046880838812143,1.1557634376371426,-0.05107535375592831,Выше,73.70602012057073,Зелёный,8.9800455482913,Выше
2021-09-13 18:00:00+05:00,73.85,65.63749221835837,Вверх,12.511915833592186,False,0.983346809962768,1.1212801121022675,-0.1379333021394995,False,73.70602012057073,Зелёный,8.21250778164162,Выше
2021-09-13 18:30:00+05:00,73.865,65.71935796742945,Вверх,12.394585529285807,False,0.878269210055592,1.072677931692933,-0.1944087216373409,False,73.70602012057073,Зелёный,8.14564203257055,Выше
2021-09-13 19:00:00+05:00,73.695,65.79871758964408,Вверх,12.000663082221966,False,0.7723734356547425,1.0126170324852948,-0.2402435968305523,False,74.43083619889354,Красный,7.896282410355909,Выше
2021-09-13 19:30:00+05:00,73.99,65.88022288725958,Вверх,12.309881110479285,False,0.7041374478973239,0.9509211155677006,-0.24678366767037674,False,74.43083619889354,Красный,8.109777112740417,Выше
2021-09-13 20:00:00+05:00,73.095,65.95201171425201,Вверх,10.830584390202027,False,0.5712558341512306,0.8749880592844067,-0.3037322251331761,False,74.43083619889354,Красный,7.14298828574799,Выше
2021-09-13 20:30:00+05:00,72.805,66.02020065241867,Вверх,10.276853569866844,False,0.4375023665820521,0.7874909207439358,-0.3499885541618837,False,74.32249958899338,Красный,6.784799347581341,Выше
2021-09-13 21:00:00+05:00,73.125,66.09089517329012,Вверх,10.64307694466307,False,0.3532510473573893,0.7006429460666265,-0.34739189870923715,False,74.32249958899338,Красный,7.0341048267098785,Выше
2021-09-13 21:30:00+05:00,72.985,66.15949323126733,Вверх,10.31674584458107,False,0.2720484348895695,0.6149240438312151,-0.34287560894164565,False,74.17522466708465,Красный,6.825506768732666,Выше
2021-09-13 22:00:00+05:00,72.64,66.22397588568259,Вверх,9.688370455728759,False,0.1778065198804341,0.527500539041059,-0.34969401916062487,False,73.90220220037618,Красный,6.416024114317409,Выше
2021-09-13 22:30:00+05:00,72.72,66.28861294154645,Вверх,9.702099309461754,False,0.1083257429372963,0.4436655798203064,-0.3353398368830101,False,73.85273198033856,Красный,6.431387058453552,Выше
2021-09-13 23:00:00+05:00,72.025,66.34569141974002,Вверх,8.560176944015092,False,-0.0027868400573112,0.354375095844783,-0.3571619359020942,False,73.5377087823047,Красный,5.679308580259985,Выше
2021-09-13 23:30:00+05:00,71.98,66.4017541916829,Вверх,8.400750667240363,False,-0.0933988428017187,0.2648203081154826,-0.35821915091720136,False,73.05618790407424,Красный,5.5782458083171065,Выше
2021-09-14 00:00:00+05:00,72.15,66.45895066738755,Вверх,8.563254874568969,False,-0.1497655248060283,0.1819031415311804,-0.3316686663372087,False,73.05618790407424,Красный,5.691049332612451,Выше
2021-09-14 00:30:00+05:00,72.25,66.51657304880659,Вверх,8.61954651059143,False,-0.1842435175466477,0.1086738097156148,-0.2929173272622625,False,73.05618790407424,Красный,5.733426951193408,Выше
2021-09-14 01:00:00+05:00,72.005,66.57118426225131,Вверх,8.162414110499597,False,-0.2287007082403391,0.041198906124424,-0.2698996143647631,False,73.01532348207012,Красный,5.433815737748688,Выше
2021-09-14 01:30:00+05:00,72.27,66.62788889645776,Вверх,8.468092261350629,False,-0.2397859635332224,-0.0149980678071052,-0.2247878957261172,False,73.01532348207012,Красный,5.642111103542234,Выше
2021-09-14 12:00:00+05:00,71.0,66.67139248952785,Вверх,6.49245103310547,False,-0.3470489303463608,-0.0814082403149564,-0.2656406900314044,False,72.1471620204768,Красный,4.328607510472153,Выше
2021-09-14 12:30:00+05:00,70.945,66.7139159473435,Вверх,6.342131161954341,False,-0.4315193581304726,-0.1514304638780596,-0.280088894252413,False,72.13669581842912,Красный,4.231084052656499,Выше
2021-09-14 13:00:00+05:00,70.935,66.75591678368835,Вверх,6.260243911941604,False,-0.493580013994034,-0.2198603739012545,-0.2737196400927795,False,72.13669581842912,Красный,4.179083216311653,Выше
2021-09-14 13:30:00+05:00,72.655,66.8146141291243,Вверх,8.74118027470565,False,-0.3993702142974626,-0.2557623419804962,-0.14360787231696642,False,70.5294263870724,Зелёный,5.840385870875707,Выше
2021-09-14 14:00:00+05:00,73.25,66.87864781938177,Вверх,9.52673594392227,False,-0.2735435026913393,-0.2593185741226648,-0.014224928568674522,False,71.68648374836519,Зелёный,6.371352180618231,Выше
2021-09-14 14:30:00+05:00,72.33,66.93289012963668,Вверх,8.063464553689697,False,-0.2452343297498913,-0.2565017252481101,0.011267395498218813,Ниже,71.68648374836519,Зелёный,5.397109870363323,Выше
2021-09-14 15:00:00+05:00,72.0,66.98330913332188,Вверх,7.489464064388075,False,-0.2465848714083023,-0.2545183544801486,0.007933483071846298,False,71.68648374836519,Зелёный,5.016690866678118,Выше
2021-09-14 15:30:00+05:00,72.2,67.03521650512963,Вверх,7.704582403303137,False,-0.2288784881331764,-0.2493903812107542,0.02051189307757778,False,71.68648374836519,Зелёный,5.1647834948703775,Выше
2021-09-14 16:00:00+05:00,71.57,67.08033872895919,Вверх,6.692961538523917,False,-0.262654074021512,-0.2520431197729058,-0.010610954248606197,Ниже,73.22688851269761,Красный,4.489661271040802,Выше
2021-09-14 16:30:00+05:00,71.155,67.12088262220338,Вверх,6.010226952024832,False,-0.3192286319223711,-0.2654802222027989,-0.05374840971957223,False,72.92469966142785,Красный,4.034117377796619,Выше
2021-09-14 17:00:00+05:00,72.15,67.17092359113668,Вверх,7.412547189570456,False,-0.2805422754980213,-0.2684926328618434,-0.012049642636177915,False,72.92469966142785,Красный,4.979076408863321,Выше
2021-09-14 17:30:00+05:00,72.195,67.22091440117512,Вверх,7.399610140884838,False,-0.2434456455302438,-0.2634832353955235,0.020037589865279676,Ниже,72.92469966142785,Красный,4.974085598824871,Выше
2021-09-14 18:00:00+05:00,72.205,67.27050729270572,Вверх,7.335298789740715,False,-0.2108093041534289,-0.2529484491471045,0.042139144993675604,False,72.92469966142785,Красный,4.934492707294282,Выше
2021-09-14 18:30:00+05:00,71.905,67.31662164800218,Вверх,6.816115009440601,False,-0.20676875972255,-0.2437125112621936,0.036943751539643604,False,72.92469966142785,Красный,4.588378351997818,Выше
2021-09-14 19:00:00+05:00,71.3,67.3562572534947,Вверх,5.855050306110464,False,-0.2495088601288699,-0.2448717810355289,-0.004637079093341018,Ниже,72.90931857807654,Красный,3.9437427465052934,Выше
2021-09-14 19:30:00+05:00,71.575,67.39823479326093,Вверх,6.19714332215227,False,-0.2582139660297997,-0.2475402180343831,-0.010673747995416566,False,72.5711367202689,Красный,4.176765206739077,Выше
2021-09-14 20:00:00+05:00,71.335,67.43740658636281,Вверх,5.779571918510509,False,-0.281236895541582,-0.2542795535358229,-0.02695734200575911,False,72.5711367202689,Красный,3.897593413637182,Выше
2021-09-14 20:30:00+05:00,71.1,67.4738503019214,Вверх,5.374155590429279,False,-0.3148162631585904,-0.2663868954603764,-0.04842936769821399,False,72.5544457434178,Красный,3.626149698078592,Выше
2021-09-14 21:00:00+05:00,71.075,67.50968263722567,Вверх,5.28119407986726,False,-0.3395315367826441,-0.2810158237248299,-0.05851571305781417,False,72.44825116907602,Красный,3.565317362774337,Выше
2021-09-14 21:30:00+05:00,70.88,67.54321813337268,Вверх,4.940217476813763,True,-0.3705816054421547,-0.2989289800682949,-0.0716526253738598,False,72.06692605216843,Красный,3.3367818666273195,Выше
2021-09-14 22:00:00+05:00,70.985,67.57746471911027,Вверх,5.04241361384798,False,-0.382309361737299,-0.3156050564020958,-0.06670430533520322,False,72.06692605216843,Красный,3.407535280889732,Выше
2021-09-14 22:30:00+05:00,71.225,67.6137586025022,Вверх,5.340986024350598,False,-0.3679956738005927,-0.3260831798817952,-0.04191249391879753,False,72.06692605216843,Красный,3.6112413974977926,Выше
2021-09-14 23:00:00+05:00,71.055,67.6479998104375,Вверх,5.036365005779283,False,-0.3661488165988942,-0.334096307225215,-0.032052509373679205,False,72.05856159203077,Красный,3.4070001895625097,Выше
2021-09-14 23:30:00+05:00,70.945,67.68080578247294,Вверх,4.822924579264341,True,-0.3693041413941529,-0.3411378740590026,-0.02816626733515032,False,71.82645543282769,Красный,3.2641942175270486,Выше
2021-09-15 00:00:00+05:00,70.645,67.71030025229909,Вверх,4.334199873233108,True,-0.3914992916879356,-0.3512101575847892,-0.04028913410314644,False,71.71355988954492,Красный,2.934699747700904,Выше
2021-09-15 00:30:00+05:00,70.675,67.73979975227623,Вверх,4.333051261529807,True,-0.4020339616709663,-0.3613749184020246,-0.04065904326894165,False,71.46595390059043,Красный,2.9352002477237704,Выше
2021-09-15 01:00:00+05:00,70.755,67.7698017447909,Вверх,4.404909234426904,True,-0.3993242704990223,-0.3689647888214242,-0.03035948167759811,False,71.46595390059043,Красный,2.9851982552090988,Выше
2021-09-15 01:30:00+05:00,70.76,67.79955496126064,Вверх,4.3664667716932755,True,-0.3922517287489313,-0.3736221768069256,-0.018629551942005718,False,71.46595390059043,Красный,2.9604450387393655,Выше
2021-09-15 12:00:00+05:00,72.485,67.8461763049297,Вверх,6.837266221491165,False,-0.244633620782352,-0.3478244656020109,0.1031908448196589,Ниже,70.56210460646956,Зелёный,4.6388236950703,Выше
2021-09-15 12:30:00+05:00,72.175,67.88924917751746,Вверх,6.312856416007959,False,-0.150919905187095,-0.3084435535190278,0.1575236483319328,False,71.16414414582262,Зелёный,4.285750822482541,Выше
2021-09-15 13:00:00+05:00,71.48,67.92497804142276,Вверх,5.23374767439642,False,-0.1312191889208662,-0.2729986805993955,0.14177949167852932,False,71.16414414582262,Зелёный,3.5550219585772425,Выше
2021-09-15 13:30:00+05:00,71.595,67.9614956728514,Вверх,5.346416071593429,False,-0.1051149902630328,-0.239421942532123,0.13430695226909023,False,71.16414414582262,Зелёный,3.6335043271486,Выше
2021-09-15 14:00:00+05:00,71.965,68.00133153680314,Вверх,5.828810074184625,False,-0.0539494216249778,-0.2023274383506939,0.1483780167257161,False,71.16414414582262,Зелёный,3.9636684631968677,Выше
2021-09-15 14:30:00+05:00,71.875,68.03987550161106,Вверх,5.636583650565508,False,-0.0204271166051484,-0.1659473740015848,0.1455202573964364,False,71.16414414582262,Зелёный,3.835124498388936,Выше
2021-09-15 15:00:00+05:00,71.9,68.07828470060001,Вверх,5.613706802701382,False,0.0080638872320975,-0.1311451217548484,0.1392090089869459,False,71.16414414582262,Зелёный,3.8217152993999974,Выше
2021-09-15 15:30:00+05:00,71.74,68.1147196787035,Вверх,5.322315555869443,False,0.0175304698711755,-0.1014100034296436,0.1189404733008191,False,71.16414414582262,Зелёный,3.6252803212965006,Выше
2021-09-15 16:00:00+05:00,71.905,68.1524339107562,Вверх,5.506136573431383,False,0.037909923849142,-0.0735460179738864,0.1114559418230284,False,71.16414414582262,Зелёный,3.7525660892437998,Выше
2021-09-15 16:30:00+05:00,71.585,68.18658879721633,Вверх,4.983987705984789,True,0.0279176450700617,-0.0532532853650968,0.0811709304351585,False,71.16414414582262,Зелёный,3.398411202783663,Выше
2021-09-15 17:00:00+05:00,70.96,68.21418492858731,Вверх,4.025284586024509,True,-0.0300867630340206,-0.0486199808988816,0.018533217864861,False,72.05547858410141,Красный,2.7458150714126788,Выше
2021-09-15 17:30:00+05:00,70.515,68.23707861088994,Вверх,3.338245768256746,True,-0.1106875185225675,-0.0610334884236188,-0.049654030098948705,Ниже,71.49418072569128,Красный,2.2779213891100625,Выше
2021-09-15 18:00:00+05:00,71.245,68.26700817695074,Вверх,4.362270886883156,True,-0.1143412441216042,-0.0716950395632159,-0.04264620455838829,False,71.49418072569128,Красный,2.9779918230492655,Выше
2021-09-15 18:30:00+05:00,70.88,68.29300809558805,Вверх,3.7880772520533825,True,-0.1450176246436854,-0.0863595565793098,-0.058658068064375596,False,71.49418072569128,Красный,2.5869919044119456,Выше
2021-09-15 19:00:00+05:00,70.71,68.31705776627872,Вверх,3.5027009534102436,True,-0.1809604569656073,-0.1052797366565693,-0.07568072030903801,False,71.49418072569128,Красный,2.3929422337212714,Выше
2021-09-15 19:30:00+05:00,70.105,68.334848236266,Вверх,2.590408568134594,True,-0.2553206765116727,-0.13528792462759,-0.12003275188408266,False,71.49418072569128,Красный,1.770151763734006,Выше
2021-09-15 20:00:00+05:00,70.42,68.35559601500962,Вверх,3.0200950695200914,True,-0.2855422653125714,-0.1653387927645863,-0.12020347254798508,False,71.42116780171342,Красный,2.0644039849903777,Выше
2021-09-15 20:30:00+05:00,70.31,68.37504282083043,Вверх,2.8299173197447542,True,-0.3147410341416474,-0.1952192410399985,-0.1195217931016489,False,71.39380102154209,Красный,1.9349571791695723,Выше
2021-09-15 21:00:00+05:00,70.4,68.39519164848386,Вверх,2.931212418878554,True,-0.3268512828351646,-0.2215456493990317,-0.10530563343613292,False,71.39380102154209,Красный,2.0048083515161466,Выше
2021-09-15 21:30:00+05:00,70.695,68.41807531367307,Вверх,3.3279578180006,True,-0.3090818049416555,-0.2390528805075565,-0.070028924434099,False,71.39380102154209,Красный,2.2769246863269217,Выше
2021-09-15 22:00:00+05:00,70.655,68.44033327075095,Вверх,3.235908744756973,True,-0.2948284327465558,-0.2502079909553564,-0.044620441791199394,False,71.39380102154209,Красный,2.2146667292490463,Выше
2021-09-15 22:30:00+05:00,70.735,68.46316577551961,Вверх,3.318330665469645,True,-0.273919626237614,-0.2549503180118079,-0.018969308225806114,False,71.39380102154209,Красный,2.2718342244803864,Выше
2021-09-15 23:00:00+05:00,70.54,68.48383079267863,Вверх,3.0024155826592467,True,-0.2699720470498334,-0.257954663819413,-0.012017383230420398,False,71.39380102154209,Красный,2.056169207321375,Выше
2021-09-15 23:30:00+05:00,70.885,68.50772302359725,Вверх,3.470086103407508,True,-0.2362812423067026,-0.253619979516871,0.017338737210168376,Ниже,71.39380102154209,Красный,2.3772769764027544,Выше
2021-09-16 00:00:00+05:00,71.205,68.53456160047689,Вверх,3.896484251391965,True,-0.1816655834075788,-0.2392291002950126,0.0575635168874338,False,71.39380102154209,Красный,2.670438399523107,Выше
2021-09-16 00:30:00+05:00,71.075,68.559839594502,Вверх,3.668562266735096,True,-0.1471756445731529,-0.2208184091506406,0.0736427645774877,False,71.39380102154209,Красный,2.5151604054980083,Выше
2021-09-16 01:00:00+05:00,71.02,68.5843188025169,Вверх,3.551367484594317,True,-0.1228638617875077,-0.2012274996780141,0.07836363789050639,False,71.39380102154209,Красный,2.435681197483092,Выше
2021-09-16 01:30:00+05:00,70.995,68.6083056801038,Вверх,3.4787250555705556,True,-0.1044103127470492,-0.1818640622918211,0.07745374954477188,False,71.39380102154209,Красный,2.3866943198962076,Выше
2021-09-16 12:00:00+05:00,70.18,68.62394442955551,Вверх,2.267511119303024,True,-0.15377678785498,-0.1762466074044529,0.022469819549472886,False,71.06420118631874,Красный,1.5560555704444994,Выше
2021-09-16 12:30:00+05:00,70.54,68.64300965911218,Вверх,2.763559392731267,True,-0.1619838348728279,-0.1733940528981279,0.011410218025300012,False,71.06420118631874,Красный,1.8969903408878253,Выше
2021-09-16 13:00:00+05:00,70.175,68.65825334409614,Вверх,2.2091250243468106,True,-0.1956846969537764,-0.1778521817092576,-0.017832515244518815,Ниже,71.06420118631874,Красный,1.5167466559038587,Выше
2021-09-16 13:30:00+05:00,69.535,68.66697719141857,Вверх,1.264105169740758,True,-0.270912612294083,-0.1964642678262227,-0.07444834446786028,False,70.74554266482637,Красный,0.8680228085814292,Выше
2021-09-16 14:00:00+05:00,69.3,68.67327592583231,Вверх,0.9126171217527906,True,-0.34551097773398,-0.2262736098077742,-0.11923736792620579,False,70.13423839834374,Красный,0.6267240741676829,Выше
2021-09-16 14:30:00+05:00,68.805,68.67458661313748,Вверх,0.18990050511287743,True,-0.439506722990501,-0.2689202324443196,-0.17058649054618136,False,70.12231455850936,Красный,0.13041338686252857,Выше
2021-09-16 15:00:00+05:00,68.295,68.67080963191223,Вниз,0.5472625616716034,True,-0.5488252502086794,-0.3249012359971915,-0.22392401421148794,False,69.55883310265843,Красный,-0.37580963191223304,Ниже
2021-09-16 15:30:00+05:00,68.945,68.67353789428127,Вверх,0.3952936080512195,True,-0.576367398311703,-0.3751944684600938,-0.20117292985160923,False,69.55883310265843,Красный,0.27146210571872587,Выше
2021-09-16 16:00:00+05:00,69.465,68.6814131391143,Вверх,1.1409009003622992,True,-0.5498962334544046,-0.410134821458956,-0.13976141199544861,False,69.55883310265843,Красный,0.7835868608857055,Выше
2021-09-16 16:30:00+05:00,68.81,68.6826926103669,Вверх,0.18535585137191762,True,-0.5751408053359626,-0.4431360182343573,-0.1320047871016053,False,69.55883310265843,Красный,0.12730738963310273,Выше
2021-09-16 17:00:00+05:00,69.45,68.69032750976623,Вверх,1.1059380814944575,True,-0.5373108738433103,-0.461970989356148,-0.07533988448716233,False,69.55883310265843,Красный,0.7596724902337684,Выше
2021-09-16 17:30:00+05:00,70.415,68.70748843006707,Вверх,2.4851899100793053,True,-0.4245687808066947,-0.4544905476462573,0.029921766839562602,Ниже,68.80293126621123,Зелёный,1.707511569932933,Выше
2021-09-16 18:00:00+05:00,70.0,68.72034924170819,Вверх,1.8621132930959472,True,-0.3645051035750981,-0.4364934588320255,0.07198835525692743,False,69.04238813959012,Зелёный,1.2796507582918082,Выше
2021-09-16 18:30:00+05:00,69.945,68.73253482139269,Вверх,1.7640338476647144,True,-0.3176802270708521,-0.4127308124797909,0.09505058540893879,False,69.04238813959012,Зелёный,1.212465178607303,Выше
2021-09-16 19:00:00+05:00,69.28,68.7379822361052,Вверх,0.788527312357018,True,-0.3304222158259762,-0.396269093149028,0.06584687732305178,False,69.04238813959012,Зелёный,0.5420177638948047,Выше
2021-09-16 19:30:00+05:00,69.25,68.74307694022355,Вверх,0.7374168895833046,True,-0.339032922505055,-0.3848218590202334,0.0457889365151784,False,69.04238813959012,Зелёный,0.5069230597764545,Выше
2021-09-16 20:00:00+05:00,69.155,68.74717567713674,Вверх,0.5932233853192215,True,-0.3494939271965762,-0.377756272655502,0.02826234545892581,False,69.04238813959012,Зелёный,0.407824322863263,Выше
2021-09-16 20:30:00+05:00,70.0,68.75964159079707,Вверх,1.80390470413525,True,-0.2862996268586357,-0.3594649434961288,0.0731653166374931,False,69.04238813959012,Зелёный,1.2403584092029263,Выше
2021-09-16 21:00:00+05:00,69.17,68.76372475904786,Вверх,0.5908278563672245,True,-0.2997365752906233,-0.3475192698550277,0.04778269456440437,False,69.04238813959012,Зелёный,0.40627524095214085,Выше
2021-09-16 21:30:00+05:00,69.08,68.76687177637076,Вверх,0.4553474886098136,True,-0.3140277847425778,-0.3408209728325377,0.026793188089959896,False,69.04238813959012,Зелёный,0.313128223629235,Выше
2021-09-16 22:00:00+05:00,68.665,68.76585812685464,Вниз,0.14666889878488237,True,-0.3547513501565902,-0.3436070482973483,-0.011144301859241923,Ниже,69.88790785046355,Красный,-0.10085812685463225,Ниже
2021-09-16 22:30:00+05:00,67.95,68.75774013554266,Вниз,1.1747624833951122,True,-0.4396515640831495,-0.3628159514545085,-0.07683561262864097,False,69.4871170654172,Красный,-0.8077401355426588,Ниже
2021-09-16 23:00:00+05:00,68.235,68.75253874115916,Вниз,0.7527558263813308,True,-0.4784235087369239,-0.3859374629109916,-0.09248604582593228,False,69.23865535887548,Красный,-0.5175387411591572,Ниже
2021-09-16 23:30:00+05:00,68.475,68.74977716164514,Вниз,0.3996771669515213,True,-0.4842029695484484,-0.405590564238483,-0.07861240530996538,False,69.23865535887548,Красный,-0.2747771616451473,Ниже
2021-09-17 00:00:00+05:00,68.54,68.74768982670341,Вниз,0.30210444485762034,True,-0.4780278693916671,-0.4200780252691198,-0.05794984412254728,False,69.23865535887548,Красный,-0.20768982670340108,Ниже
2021-09-17 00:30:00+05:00,68.635,68.74656853489542,Вниз,0.162289605536864,True,-0.4601638693327601,-0.4280951940818479,-0.032068675250912226,False,69.23865535887548,Красный,-0.11156853489541163,Ниже
2021-09-17 01:00:00+05:00,68.62,68.7453091464885,Вниз,0.18228028653048994,True,-0.4421204063882271,-0.4309002365431237,-0.011220169845103378,False,69.23865535887548,Красный,-0.12530914648849034,Ниже
2021-09-17 01:30:00+05:00,68.585,68.74371403060304,Вниз,0.23087788147785393,True,-0.4257374037235593,-0.4298676699792109,0.0041302662556516045,Ниже,69.23865535887548,Красный,-0.15871403060305056,Ниже
2021-09-17 12:00:00+05:00,71.11,68.76725916462689,Вверх,3.406767790126186,True,-0.2066255081461179,-0.3852192376125923,0.1785937294664744,False,68.34092228242385,Зелёный,2.3427408353731067,Выше
2021-09-17 12:30:00+05:00,71.09,68.79037101373508,Вверх,3.342951858488688,True,-0.0341973790396252,-0.3150148658979989,0.28081748685837365,False,69.80158005418146,Зелёный,2.2996289862649206,Выше
2021-09-17 13:00:00+05:00,71.025,68.81260612802627,Вверх,3.215099669176254,True,0.0961004130414124,-0.2327918101101166,0.328892223151529,False,69.80158005418146,Зелёный,2.212393871973731,Выше
2021-09-17 13:30:00+05:00,71.985,68.84417223620513,Вверх,4.562227508551717,True,0.2736716129562779,-0.1314991254968377,0.4051707384531156,False,70.211054843887,Зелёный,3.1408277637948743,Выше
2021-09-17 14:00:00+05:00,72.3,68.87855858211353,Вверх,4.967353394609153,True,0.4348037882405009,-0.0182385427493699,0.45304233098987085,False,70.9191993594983,Зелёный,3.42144141788647,Выше
2021-09-17 14:30:00+05:00,72.385,68.91344854647062,Вверх,5.037552940321081,False,0.5628725433692807,0.0979836744743601,0.46488886889492065,False,70.9191993594983,Зелёный,3.4715514535293863,Выше
2021-09-17 15:00:00+05:00,72.29,68.94704607337141,Вверх,4.848581798662009,True,0.6492184621354937,0.2082306320065869,0.44098783012890685,False,71.07252648119362,Зелёный,3.3429539266285957,Выше
2021-09-17 15:30:00+05:00,72.375,68.98115506766624,Вверх,4.91995955852669,True,0.7162505242784079,0.309834610460951,0.40641591381745684,False,71.18802383307425,Зелёный,3.3938449323337636,Выше
2021-09-17 16:00:00+05:00,72.455,69.01572068888349,Вверх,4.9833273880026,True,0.7669878889285258,0.401265266154466,0.36572262277405976,False,71.18802383307425,Зелёный,3.4392793111165076,Выше
2021-09-17 16:30:00+05:00,72.38,69.04919610491451,Вверх,4.823812705979373,True,0.7920158767435339,0.4794153882722796,0.3126004884712543,False,71.18802383307425,Зелёный,3.330803895085481,Выше
2021-09-17 17:00:00+05:00,72.21,69.08064688994025,Вверх,4.529999719089842,True,0.7890376235872623,0.5413398353352762,0.24769778825198607,False,71.27116187431113,Зелёный,3.129353110059739,Выше
2021-09-17 17:30:00+05:00,72.195,69.11163547810006,Вверх,4.4614260689533065,True,0.7765157714154043,0.5883750225513018,0.18814074886410248,False,71.27116187431113,Зелёный,3.083364521899938,Выше
2021-09-17 18:00:00+05:00,72.07,69.14107194100453,Вверх,4.2361623515102735,True,0.747884510922745,0.6202769202255904,0.12760759069715455,False,71.27116187431113,Зелёный,2.928928058995467,Выше
2021-09-17 18:30:00+05:00,72.445,69.17394684706419,Вверх,4.728735748110104,True,0.7468442411815062,0.6455903844167736,0.10125385676473253,False,71.27116187431113,Зелёный,3.2710531529358065,Выше
2021-09-17 19:00:00+05:00,72.285,69.20490259982972,Вверх,4.450692486312166,True,0.7247546367838993,0.6614232348901987,0.06333140189370057,False,71.27116187431113,Зелёный,3.080097400170274,Выше
2021-09-17 19:30:00+05:00,72.36,69.23629660381152,Вверх,4.511655806871265,True,0.7051715605546178,0.6701729000230825,0.03499866053153533,False,71.27116187431113,Зелёный,3.123703396188475,Выше
2021-09-17 20:00:00+05:00,72.19,69.2656866873557,Вверх,4.221878757722802,True,0.6682312978615386,0.6697845795907738,-0.0015532817292351897,Выше,71.27116187431113,Зелёный,2.9243133126443013,Выше
2021-09-17 20:30:00+05:00,72.48,69.29766990439694,Вверх,4.592261327102926,True,0.6548082282545664,0.6667893093235323,-0.011981081068965893,False,71.35086359388119,Зелёный,3.1823300956030636,Выше
2021-09-17 21:00:00+05:00,72.25,69.32704632325867,Вверх,4.216180887199721,True,0.6184817978986388,0.6571278070385537,-0.038646009139914894,False,71.43677723449308,Зелёный,2.9229536767413293,Выше
2021-09-17 21:30:00+05:00,72.235,69.3559811857138,Вверх,4.151075026358691,True,0.5817761126009771,0.6420574681510385,-0.06028135555006142,False,71.43677723449308,Зелёный,2.879018814286198,Выше
2021-09-17 22:00:00+05:00,72.24,69.38467789033356,Вверх,4.115205541747172,True,0.5467870302441185,0.6230033805696545,-0.07621635032553609,False,71.4547895599394,Зелёный,2.8553221096664316,Выше
2021-09-17 22:30:00+05:00,72.15,69.41219353321583,Вверх,3.9442730843451237,True,0.5059632531241363,0.599595355080551,-0.09363210195641469,False,71.4547895599394,Зелёный,2.7378064667841784,Выше
2021-09-17 23:00:00+05:00,72.21,69.44003240353209,Вверх,3.989006774033435,True,0.4729991741483701,0.5742761188941148,-0.10127694474574467,False,71.52117954355091,Зелёный,2.7699675964679074,Выше
2021-09-17 23:30:00+05:00,72.22,69.46769377265117,Вверх,3.9619945299413177,True,0.4425800333650898,0.5479369017883098,-0.10535686842322001,False,71.58606158919581,Зелёный,2.752306227348825,Выше
2021-09-18 00:00:00+05:00,72.175,69.49463214307255,Вверх,3.856942290750199,True,0.4101139825136357,0.520372317933375,-0.11025833541973934,False,71.61870543027625,Зелёный,2.6803678569274467,Выше
2021-09-18 00:30:00+05:00,72.18,69.52135222125094,Вверх,3.824217587552028,True,0.3804028146669083,0.4923784172800817,-0.11197560261317341,False,71.66033488724861,Зелёный,2.6586477787490708,Выше
2021-09-18 01:00:00+05:00,72.215,69.54815468671113,Вверх,3.834530657645817,True,0.355581782141229,0.4650190902523112,-0.10943730811108221,False,71.70580139852376,Зелёный,2.6668453132888743,Выше
2021-09-18 01:30:00+05:00,72.295,69.57548648087321,Вверх,3.9087236851364393,True,0.3384646565767468,0.4397082035171983,-0.10124354694045151,False,71.83322125867137,Зелёный,2.7195135191267923,Выше
2021-09-20 12:00:00+05:00,70.22,69.58189955071528,Вверх,0.9170494818406573,True,0.1556695906037077,0.3829004809345003,-0.2272308903307926,False,71.00510086719576,Красный,0.6381004492847211,Выше
2021-09-20 12:30:00+05:00,70.91,69.5951144805589,Вверх,1.8893359530407827,True,0.0657228056891767,0.3194649458854356,-0.2537421401962589,False,71.00510086719576,Красный,1.3148855194410913,Выше
2021-09-20 13:00:00+05:00,70.445,69.60357105289167,Вверх,1.2088876107648638,True,-0.0425913170294904,0.2470536933024504,-0.2896450103319408,False,71.00510086719576,Красный,0.8414289471083265,Выше
2021-09-20 13:30:00+05:00,70.395,69.61144596778827,Вверх,1.1256109125707634,True,-0.1309560420423565,0.171451746233489,-0.30240778827584547,False,71.00510086719576,Красный,0.7835540322117254,Выше
2021-09-20 14:00:00+05:00,70.24,69.6177002367655,Вверх,0.8938815288613258,True,-0.21105996002062,0.0949494049826672,-0.3060093650032872,False,71.00510086719576,Красный,0.6222997632344942,Выше
2021-09-20 14:30:00+05:00,70.135,69.62284749809122,Вверх,0.7356098182034685,True,-0.2797902665845413,0.0200014706692255,-0.2997917372537668,False,71.00510086719576,Красный,0.5121525019087869,Выше
2021-09-20 15:00:00+05:00,70.42,69.63077936378185,Вверх,1.133436453575955,True,-0.3077152615667131,-0.0455418757779622,-0.2621733857887509,False,71.00510086719576,Красный,0.7892206362181469,Выше
2021-09-20 15:30:00+05:00,70.215,69.63659250444076,Вверх,0.830608556158692,True,-0.3424403686146604,-0.1049215743453018,-0.23751879426935857,False,71.00510086719576,Красный,0.5784074955592473,Выше
2021-09-20 16:00:00+05:00,70.165,69.64185029046622,Вверх,0.7512001868873387,True,-0.369732798710757,-0.1578838192183929,-0.2118489794923641,False,71.00510086719576,Красный,0.5231497095337829,Выше
2021-09-20 16:30:00+05:00,69.535,69.64078710349641,Вниз,0.151903945800032,True,-0.437158687832067,-0.2137387929411277,-0.22341989489093933,False,70.5759611481108,Красный,-0.10578710349641085,Ниже
2021-09-20 17:00:00+05:00,69.125,69.63565489351137,Вниз,0.7333238903149237,True,-0.5177099264561065,-0.2745330196441234,-0.24317690681198306,False,70.40611503329971,Красный,-0.5106548935113722,Ниже
2021-09-20 17:30:00+05:00,69.265,69.63196678511824,Вниз,0.5270090765218268,True,-0.563751951857185,-0.3323768060867358,-0.23137514577044915,False,70.15325352996975,Красный,-0.36696678511823677,Ниже
2021-09-20 18:00:00+05:00,69.8,69.63363875740562,Вверх,0.23890930527694718,True,-0.550722177435162,-0.376045880356421,-0.17467629707874105,False,70.15325352996975,Красный,0.1663612425943768,Выше
2021-09-20 18:30:00+05:00,70.1,69.6382791677797,Вверх,0.6630273432056941,True,-0.5103060045696566,-0.4028979051990682,-0.10740809937058837,False,70.15325352996975,Красный,0.46172083222029414,Выше
2021-09-20 19:00:00+05:00,70.09,69.64277390242866,Вверх,0.6421715743228734,True,-0.4736231796229475,-0.4170429600838441,-0.05658021953910336,False,70.15325352996975,Красный,0.44722609757134535,Выше
2021-09-20 19:30:00+05:00,69.78,69.64413933623534,Вверх,0.19507838715435585,True,-0.4642150041846662,-0.4264773689040085,-0.03773763528065771,False,70.15325352996975,Красный,0.13586066376466022,Выше
2021-09-20 20:00:00+05:00,69.56,69.64330212890962,Вниз,0.11961254903656092,True,-0.4691035846340696,-0.4350026120500208,-0.034100972584048816,False,70.15325352996975,Красный,-0.0833021289096223,Ниже
2021-09-20 20:30:00+05:00,69.58,69.64267225698018,Вниз,0.08999117200574823,True,-0.4659923176399019,-0.441200553167997,-0.024791764471904898,False,70.15325352996975,Красный,-0.06267225698017853,Ниже
2021-09-20 21:00:00+05:00,69.235,69.63861581661222,Вниз,0.5795862135960695,True,-0.4857656290531196,-0.4501135683450216,-0.03565206070809801,False,70.15325352996975,Красный,-0.40361581661221635,Ниже
2021-09-20 21:30:00+05:00,69.405,69.63629128112353,Вниз,0.3321418715275964,True,-0.4821604954987748,-0.4565229537757723,-0.025637541723002533,False,70.15325352996975,Красный,-0.23129128112353214,Ниже
2021-09-20 22:00:00+05:00,69.36,69.63354211414719,Вниз,0.39283096312806376,True,-0.4774309977510711,-0.460704562570832,-0.01672643518023914,False,70.15325352996975,Красный,-0.2735421141471903,Ниже
2021-09-20 22:30:00+05:00,69.35,69.63072079957855,Вниз,0.40315653256925554,True,-0.4690824625042893,-0.4623801425575235,-0.006702319946765789,False,70.15325352996975,Красный,-0.28072079957856033,Ниже
2021-09-20 23:00:00+05:00,69.245,69.62688278167231,Вниз,0.5484703126373839,True,-0.4655719865986327,-0.4630185113657454,-0.0025534752328872923,False,70.08573329904446,Красный,-0.38188278167230294,Ниже
2021-09-20 23:30:00+05:00,68.775,69.61840633608354,Вниз,1.2114703287116055,True,-0.4950088275660249,-0.4694165746058013,-0.025592252960223605,False,69.80790996914,Красный,-0.8434063360835324,Ниже
2021-09-21 00:00:00+05:00,68.875,69.61100925811256,Вниз,1.057317320861548,True,-0.5044535453887278,-0.4764239687623866,-0.0280295766263412,False,69.627868972226,Красный,-0.7360092581125599,Ниже
2021-09-21 00:30:00+05:00,69.01,69.60502906648955,Вниз,0.8548650499393496,True,-0.4953352639633408,-0.4802062278025775,-0.015129036160763332,False,69.627868972226,Красный,-0.5950290664895448,Ниже
2021-09-21 01:00:00+05:00,69.095,69.59995415040508,Вниз,0.7255093147243757,True,-0.4757658381860352,-0.4793181498792691,0.0035523116932338894,Ниже,69.59977386750306,Красный,-0.5049541504050836,Ниже
2021-09-21 01:30:00+05:00,69.005,69.59403420861001,Вниз,0.8463860664326056,True,-0.4621913212586719,-0.4758927841551497,0.013701462896477778,False,69.59977386750306,Красный,-0.5890342086100162,Ниже
2021-09-21 12:00:00+05:00,69.82,69.59628262444474,Вверх,0.32145017969203377,True,-0.3812746333952646,-0.4569691540031727,0.0756945206079081,False,69.05935816732251,Зелёный,0.22371737555525328,Выше
2021-09-21 12:30:00+05:00,69.905,69.59935443912688,Вверх,0.43914999404260463,True,-0.3067527311274034,-0.4269258694280188,0.12017313830061538,False,69.05935816732251,Зелёный,0.305645560873117,Выше
2021-09-21 13:00:00+05:00,69.74,69.60075389744404,Вверх,0.20006407223855074,True,-0.258033260904682,-0.3931473477233515,0.13511408681866954,False,69.05935816732251,Зелёный,0.13924610255595837,Выше
2021-09-21 13:30:00+05:00,69.715,69.6018906745839,Вверх,0.1625089840517908,True,-0.2189164878138996,-0.3583011757414612,0.1393846879275616,False,69.05935816732251,Зелёный,0.11310932541610441,Выше
2021-09-21 14:00:00+05:00,69.69,69.60276738428954,Вверх,0.12532923472544596,True,-0.1877689705739555,-0.3241947347079601,0.13642576413400462,False,69.05935816732251,Зелёный,0.08723261571046237,Выше
2021-09-21 14:30:00+05:00,69.91,69.60582442524188,Вверх,0.4369973019783857,True,-0.1436759702227164,-0.2880909818109113,0.14441501158819492,False,69.05935816732251,Зелёный,0.3041755747581192,Выше
2021-09-21 15:00:00+05:00,69.9,69.60875154538873,Вверх,0.41840781244491637,True,-0.1082905600304826,-0.2521308974548256,0.143840337424343,False,69.11311271880005,Зелёный,0.2912484546112779,Выше
2021-09-21 15:30:00+05:00,69.975,69.61239580861869,Вверх,0.5208902626741866,True,-0.07334996161741,-0.2163747102873425,0.1430247486699325,False,69.19755144692004,Зелёный,0.3626041913813083,Выше
2021-09-21 16:00:00+05:00,69.935,69.61560580057272,Вверх,0.45879683980951785,True,-0.0483298350929999,-0.182765735248474,0.1344359001554741,False,69.24579630222804,Зелёный,0.3193941994272791,Выше
2021-09-21 16:30:00+05:00,69.725,69.61669430006953,Вверх,0.15557432167582916,True,-0.0449285412622799,-0.1551982964512352,0.11026975518895529,False,69.24579630222804,Зелёный,0.10830569993046879,Выше
2021-09-21 17:00:00+05:00,69.95,69.62001077469571,Вверх,0.47398617384906705,True,-0.0238029857964789,-0.1289192343202839,0.10511624852380501,False,69.24579630222804,Зелёный,0.3299892253042884,Выше
2021-09-21 17:30:00+05:00,69.85,69.62229922469875,Вверх,0.3270515019424502,True,-0.0149575735563587,-0.1061269021674989,0.0911693286111402,False,69.33448050432423,Зелёный,0.2277007753012441,Выше
2021-09-21 18:00:00+05:00,69.725,69.62332112296046,Вверх,0.1460414059535584,True,-0.0178284605641749,-0.0884672138468341,0.0706387532826592,False,69.33448050432423,Зелёный,0.10167887703953227,Выше
2021-09-21 18:30:00+05:00,69.75,69.62458160929917,Вверх,0.180135216330088,True,-0.0178802556778236,-0.074349822213032,0.056469566535208404,False,69.33448050432423,Зелёный,0.12541839070082972,Выше
2021-09-21 19:00:00+05:00,69.235,69.6207051753758,Вниз,0.5540092913511951,True,-0.058799693380223,-0.0712397964464702,0.012440103066247203,False,70.06821121234763,Красный,-0.3857051753758043,Ниже
2021-09-21 19:30:00+05:00,68.75,69.61204144228749,Вниз,1.238351044484416,True,-0.1288784586071187,-0.0827675288785999,-0.046110929728518796,Ниже,69.67139009111288,Красный,-0.8620414422874916,Ниже
2021-09-21 20:00:00+05:00,69.235,69.60828978614533,Вниз,0.5362720263522893,True,-0.1436253150258295,-0.0949390861080458,-0.04868622891778371,False,69.65025108200157,Красный,-0.37328978614533526,Ниже
2021-09-21 20:30:00+05:00,69.295,69.60517247484042,Вниз,0.4456169905369161,True,-0.1487560393991742,-0.1057024767662715,-0.043053562632902706,False,69.65025108200157,Красный,-0.31017247484041377,Ниже
2021-09-21 21:00:00+05:00,69.15,69.60064339548877,Вниз,0.6474701576077343,True,-0.1626475637441018,-0.1170914941618376,-0.0455560695822642,False,69.65025108200157,Красный,-0.4506433954887683,Ниже
2021-09-21 21:30:00+05:00,69.265,69.59730366021029,Вниз,0.47746628494785853,True,-0.1625039140001689,-0.1261739781295039,-0.03632993587066499,False,69.65025108200157,Красный,-0.332303660210286,Ниже
2021-09-21 22:00:00+05:00,69.195,69.59330063871566,Вниз,0.5723261219975647,True,-0.1661235170327017,-0.1341638859101434,-0.03195963112255831,False,69.65025108200157,Красный,-0.3983006387156678,Ниже
2021-09-21 22:30:00+05:00,69.555,69.59291953783293,Вниз,0.05448763765731333,True,-0.1383482941432845,-0.1350007675567717,-0.0033475265865128,False,69.65025108200157,Красный,-0.037919537832920014,Ниже
2021-09-21 23:00:00+05:00,69.715,69.59413426879976,Вверх,0.17367229648034618,True,-0.1022469281285793,-0.1284499996711332,0.026203071542553913,Ниже,69.17911347973,Зелёный,0.12086573120024013,Выше
2021-09-21 23:30:00+05:00,71.74,69.61548616662265,Вверх,3.051783375170846,True,0.0887412865909595,-0.0850117424187146,0.1737530290096741,False,69.91895213175698,Зелёный,2.1245138333773497,Выше
2021-09-22 00:00:00+05:00,71.445,69.63369028436769,Вверх,2.6011973632811074,True,0.2138318675069541,-0.0252430204335809,0.239074887940535,False,70.64980691858129,Зелёный,1.811309715632305,Выше
2021-09-22 00:30:00+05:00,71.245,69.64972321686155,Вверх,2.2904280296583543,True,0.293446062042193,0.0384947960615738,0.2549512659806192,False,70.64980691858129,Зелёный,1.595276783138459,Выше
2021-09-22 01:00:00+05:00,71.37,69.66684039878332,Вверх,2.4447206037586104,True,0.3624492507858434,0.1032856870064277,0.2591635637794157,False,70.64980691858129,Зелёный,1.703159601216683,Выше
2021-09-22 01:30:00+05:00,71.32,69.68328974804916,Вверх,2.3487844185723907,True,0.4083924983680589,0.164307049278754,0.2440854490893049,False,70.64980691858129,Зелёный,1.6367102519508308,Выше
2021-09-22 12:00:00+05:00,73.31,69.7193764172228,Вверх,5.1501085742502495,False,0.5984803134439574,0.2511417021117947,0.34733861133216265,False,71.6524413192812,Зелёный,3.590623582777198,Выше
2021-09-22 12:30:00+05:00,73.365,69.75565127874299,Вверх,5.174274277555062,False,0.7449766892049183,0.3499086995304195,0.39506798967449885,False,71.99544718735307,Зелёный,3.609348721257007,Выше
2021-09-22 13:00:00+05:00,73.17,69.78962489785998,Вверх,4.8436642367505796,True,0.835707733585096,0.4470685063413548,0.38863922724374117,False,72.07990246861777,Зелёный,3.3803751021400217,Выше
2021-09-22 13:30:00+05:00,73.54,69.82694206305541,Вверх,5.317514740358547,False,0.9267852443264246,0.5430118539383688,0.3837733903880558,False,72.316412221756,Зелёный,3.713057936944594,Выше
2021-09-22 14:00:00+05:00,73.285,69.86135059974143,Вверх,4.900634429290922,True,0.9672387328636348,0.627857229723422,0.33938150314021287,False,72.3517709995804,Зелёный,3.4236494002585687,Выше
2021-09-22 14:30:00+05:00,73.24,69.89496900173405,Вверх,4.785796525902962,True,0.9843206542775248,0.6991499146342426,0.2851707396432822,False,72.3517709995804,Зелёный,3.3450309982659405,Выше
2021-09-22 15:00:00+05:00,73.315,69.92899916092078,Вверх,4.842055341429016,True,0.9924695026299872,0.7578138322333916,0.23465567039659563,False,72.46200950966012,Зелёный,3.386000839079216,Выше
2021-09-22 15:30:00+05:00,73.655,69.9660737961355,Вверх,5.272449922819952,False,1.0146662413377072,0.8091843140542547,0.2054819272834525,False,72.67605855869411,Зелёный,3.688926203864497,Выше
2021-09-22 16:00:00+05:00,73.615,70.00238151955703,Вверх,5.160707967390624,False,1.01730281734703,0.8508080147128099,0.16649480263422012,False,72.67605855869411,Зелёный,3.6126184804429613,Выше
2021-09-22 16:30:00+05:00,73.77,70.03987026065597,Вверх,5.325723370791816,False,1.0201399886666138,0.8846744095035708,0.13546557916304303,False,72.87408243254222,Зелёный,3.7301297393440223,Выше
2021-09-22 17:00:00+05:00,74.32,70.08245861627134,Вверх,6.0465078814241355,False,1.0546119606273407,0.9186619197283248,0.13595004089901597,False,73.19942418928802,Зелёный,4.237541383728654,Выше
2021-09-22 17:30:00+05:00,74.585,70.12726002307461,Вверх,6.356643586899889,False,1.0907411470851542,0.9530777651996908,0.13766338188546345,False,73.55223177035921,Зелёный,4.457739976925382,Выше
2021-09-22 18:00:00+05:00,74.655,70.1723121621485,Вверх,6.38811477024338,False,1.112201436793299,0.9849024995184124,0.12729893727488673,False,73.69600859332328,Зелёный,4.4826878378515005,Выше
2021-09-22 18:30:00+05:00,73.86,70.2090055734704,Вверх,5.2001796588743865,False,1.0529215904188334,0.9985063176984966,0.05441527272033675,False,73.69600859332328,Зелёный,3.650994426529593,Выше
2021-09-22 19:00:00+05:00,74.055,70.24727417472941,Вверх,5.420460608620138,False,1.01003371544833,1.0008117972484634,0.00922191819986673,False,73.69600859332328,Зелёный,3.8077258252705946,Выше
2021-09-22 19:30:00+05:00,73.96,70.28421672025449,Вверх,5.229884391222384,False,0.957343400694242,0.9921181179376192,-0.03477471724337722,Выше,73.69600859332328,Зелёный,3.6757832797455023,Выше
2021-09-22 20:00:00+05:00,73.345,70.31467227527683,Вверх,4.309666285380172,True,0.8560920896966593,0.9649129122894272,-0.10882082259276793,False,74.53486951192059,Красный,3.030327724723165,Выше
2021-09-22 20:30:00+05:00,73.69,70.3482576257716,Вверх,4.750284494614376,True,0.7945294717960252,0.9308362241907469,-0.13630675239472168,False,74.37113256072853,Красный,3.341742374228403,Выше
2021-09-22 21:00:00+05:00,73.36,70.37822521158482,Вверх,4.236785993751312,True,0.7109173982636747,0.8868524590053325,-0.17593506074165777,False,74.19476930465568,Красный,2.98177478841518,Выше
2021-09-22 21:30:00+05:00,74.19,70.41615331893225,Вверх,5.359347966616499,False,0.70351856688346,0.850185680580958,-0.14666711369749796,False,74.19476930465568,Красный,3.7738466810677522,Выше
2021-09-22 22:00:00+05:00,73.955,70.451365723719,Вверх,4.973124708498632,True,0.6709580173191085,0.8143401479285882,-0.14338213060947969,False,74.19476930465568,Красный,3.503634276281005,Выше
2021-09-22 22:30:00+05:00,73.905,70.485730243881,Вверх,4.851009905534519,True,0.6338127660385453,0.7782346715505797,-0.14442190551203438,False,74.19476930465568,Красный,3.4192697561190073,Выше
2021-09-22 23:00:00+05:00,73.915,70.51985233100655,Вверх,4.814456577500039,True,0.5982851444821193,0.7422447661368876,-0.14395962165476828,False,74.19476930465568,Красный,3.3951476689934594,Выше
2021-09-22 23:30:00+05:00,73.76,70.55209260631992,Вверх,4.546863565876329,True,0.5512673766589131,0.7040492882412928,-0.15278191158237964,False,74.19476930465568,Красный,3.207907393680088,Выше
2021-09-23 00:00:00+05:00,73.65,70.58291755551076,Вверх,4.345360819177107,True,0.4993729160947566,0.6631140138119856,-0.16374109771722906,False,74.19476930465568,Красный,3.0670824444892446,Выше
2021-09-23 00:30:00+05:00,73.74,70.61433131117732,Вверх,4.426394232990377,True,0.4602034906830141,0.6225319091861914,-0.1623284185031773,False,74.19476930465568,Красный,3.125668688822671,Выше
2021-09-23 01:00:00+05:00,73.605,70.64408920857855,Вверх,4.191307191574496,True,0.4135014794267135,0.5807258232342958,-0.16722434380758228,False,74.19476930465568,Красный,2.9609107914214547,Выше
2021-09-23 01:30:00+05:00,73.52,70.67270523635388,Вверх,4.02884643247175,True,0.3654186902153498,0.5376643966305066,-0.1722457064151568,False,74.19476930465568,Красный,2.8472947636461186,Выше
2021-09-23 12:00:00+05:00,73.11,70.69695692554438,Вверх,3.4132205676079517,True,0.2908761210017161,0.4883067415047485,-0.1974306205030324,False,74.19476930465568,Красный,2.413043074455615,Выше
2021-09-23 12:30:00+05:00,72.39,70.71380312529021,Вверх,2.3703955955245606,True,0.1717230981591058,0.42499001283562,-0.2532669146765142,False,73.61713389976354,Красный,1.6761968747097882,Выше
2021-09-23 13:00:00+05:00,72.565,70.7322229946903,Вверх,2.5911485991996552,True,0.0903727458105123,0.3580665594305985,-0.2676938136200862,False,73.37267050978718,Красный,1.8327770053096941,Выше
2021-09-23 13:30:00+05:00,73.215,70.75692724349936,Вверх,3.473967641417712,True,0.0774586777788783,0.3019449831002544,-0.22448630532137612,False,73.37267050978718,Красный,2.4580727565006413,Выше
2021-09-23 14:00:00+05:00,73.4,70.78322647490734,Вверх,3.6968836480212084,True,0.081215932993075,0.2577991730788186,-0.1765832400857436,False,72.17753688707239,Зелёный,2.6167735250926683,Выше
2021-09-23 14:30:00+05:00,73.895,70.81418939555503,Вверх,4.350555489996675,True,0.1227212932549832,0.2307835971140515,-0.1080623038590683,False,72.64403319836514,Зелёный,3.080810604444963,Выше
2021-09-23 15:00:00+05:00,73.225,70.83817756077339,Вверх,3.369401248611889,True,0.100393911200868,0.2047056599314148,-0.10431174873054679,False,72.64403319836514,Зелёный,2.3868224392266058,Выше
2021-09-23 15:30:00+05:00,73.385,70.86351907758161,Вверх,3.5582214307729556,True,0.0945203906604632,0.1826686060772245,-0.0881482154167613,False,72.64403319836514,Зелёный,2.521480922418391,Выше
2021-09-23 16:00:00+05:00,73.415,70.88890694745642,Вверх,3.5634532415853903,True,0.0912346364973615,0.1643818121612519,-0.0731471756638904,False,72.64403319836514,Зелёный,2.5260930525435867,Выше
2021-09-23 16:30:00+05:00,73.66,70.91648001265587,Вверх,3.868663513550752,True,0.1071647762670124,0.152938404982404,-0.04577362871539159,False,72.64403319836514,Зелёный,2.743519987344129,Выше
2021-09-23 17:00:00+05:00,73.85,70.94566926626129,Вверх,4.093739284971236,True,0.1335810991490262,0.1490669438157285,-0.015485844666702303,False,72.89255023830263,Зелёный,2.9043307337387034,Выше
2021-09-23 17:30:00+05:00,73.91,70.9751650944577,Вверх,4.135016666233128,True,0.1575416814736883,0.1507618913473205,0.006779790126367813,Выше,73.17729521447238,Зелёный,2.934834905542303,Выше
2021-09-23 18:00:00+05:00,74.075,71.00600922287104,Вверх,4.322156407207909,True,0.1876812638480203,0.1581457658474604,0.029535498000559907,False,73.22656569302512,Зелёный,3.0689907771289597,Выше
2021-09-23 18:30:00+05:00,73.99,71.03570067338974,Вверх,4.158893765535766,True,0.2023754521601262,0.1669917031099936,0.03538374905013261,False,73.32740912372262,Зелёный,2.954299326610254,Выше
2021-09-23 19:00:00+05:00,73.785,71.06305688559483,Вверх,3.830320892031494,True,0.1952284435481317,0.1726390511976212,0.022589392350510495,False,73.32740912372262,Зелёный,2.721943114405164,Выше
2021-09-23 19:30:00+05:00,74.07,71.09297671757896,Вверх,4.1875068675875395,True,0.2101391525438742,0.1801390714668718,0.03000008107700239,False,73.32740912372262,Зелёный,2.9770232824210296,Выше
2021-09-23 20:00:00+05:00,74.08,71.12269834227968,Вверх,4.158027924486551,True,0.220224304577087,0.1881561180889149,0.03206818648817211,False,73.4161562511938,Зелёный,2.957301657720322,Выше
2021-09-23 20:30:00+05:00,74.175,71.153069503053,Вверх,4.24708381248026,True,0.2331944458614856,0.197163783643429,0.03603066221805659,False,73.4161562511938,Зелёный,3.021930496946993,Выше
2021-09-23 21:00:00+05:00,73.935,71.18075040352014,Вверх,3.8693742070238963,True,0.2215534517582398,0.2020417172663912,0.019511734491848592,False,73.4161562511938,Зелёный,2.754249596479866,Выше
2021-09-23 21:30:00+05:00,73.82,71.20701159353487,Вверх,3.6695661676979614,True,0.2007343999479189,0.2017802538026968,-0.0010458538547779006,Выше,73.4161562511938,Зелёный,2.6129884064651208,Выше
2021-09-23 22:00:00+05:00,73.83,71.23311098066388,Вверх,3.6456206721633135,True,0.1829333263079462,0.1980108683037467,-0.015077541995800497,False,73.4161562511938,Зелёный,2.5968890193361176,Выше
2021-09-23 22:30:00+05:00,73.875,71.2593984335926,Вверх,3.6705355699078956,True,0.1704916495095858,0.1925070245449145,-0.022015375035328688,False,73.4161562511938,Зелёный,2.615601566407406,Выше
2021-09-23 23:00:00+05:00,73.7,71.28368302629318,Вверх,3.389719597983682,True,0.1448408582913884,0.1829737912942093,-0.03813293300282089,False,73.4161562511938,Зелёный,2.4163169737068273,Выше
2021-09-23 23:30:00+05:00,73.75,71.30822349369323,Вверх,3.42425653967207,True,0.1270820804618466,0.1717954491277367,-0.044713368665890096,False,73.4161562511938,Зелёный,2.4417765063067662,Выше
2021-09-24 00:00:00+05:00,73.745,71.3324700260943,Вверх,3.3820922968504696,True,0.111321418852242,0.1597006430726378,-0.04837922422039578,False,73.4161562511938,Зелёный,2.4125299739057056,Выше
2021-09-24 00:30:00+05:00,73.76,71.35662455319785,Вверх,3.3681181836318395,True,0.0989012831882831,0.1475407710957669,-0.048639487907483805,False,73.4161562511938,Зелёный,2.4033754468021584,Выше
2021-09-24 01:00:00+05:00,73.86,71.38153376162374,Вверх,3.472139232330048,True,0.0960205354950005,0.1372367239756136,-0.04121618848061309,False,73.4161562511938,Зелёный,2.4784662383762566,Выше
2021-09-24 01:30:00+05:00,73.9,71.40659312717973,Вверх,3.4918440491613363,True,0.0958601715131521,0.1289614134831213,-0.03310124196996919,False,73.42085761186537,Зелёный,2.493406872820273,Выше
2021-09-24 12:00:00+05:00,72.965,71.42209966322771,Вверх,2.160256200878209,True,0.0200552120229389,0.1071801731910848,-0.0871249611681459,False,73.65822814932116,Красный,1.5429003367722913,Выше
2021-09-24 12:30:00+05:00,72.375,71.4315812586185,Вверх,1.3207305854897056,True,-0.086630214495301,0.0684180956538076,-0.1550483101491086,False,73.35440533438904,Красный,0.9434187413815067,Выше
2021-09-24 13:00:00+05:00,73.325,71.45042124609492,Вверх,2.6236077005739666,True,-0.0934449479270256,0.036045486937641,-0.1294904348646666,False,73.35440533438904,Красный,1.8745787539050838,Выше
2021-09-24 13:30:00+05:00,73.29,71.46872551230292,Вверх,2.5483517085855407,True,-0.1005112496421674,0.0087341396216793,-0.10924538926384669,False,73.35440533438904,Красный,1.8212744876970817,Выше
2021-09-24 14:00:00+05:00,73.395,71.48789242262828,Вверх,2.667735070572672,True,-0.0965260301922938,-0.0123178943411153,-0.0842081358511785,False,72.61841101123038,Зелёный,1.9071075773717183,Выше
2021-09-24 14:30:00+05:00,73.02,71.50313727414442,Вверх,2.1213932474597486,True,-0.1222182254359296,-0.0342979605600781,-0.0879202648758515,False,72.61841101123038,Зелёный,1.5168627258555745,Выше
2021-09-24 15:00:00+05:00,73.4,71.5220115301231,Вверх,2.625748954342474,True,-0.1106412476303972,-0.049566617974142,-0.06107462965625521,False,72.61841101123038,Зелёный,1.877988469876911,Выше
2021-09-24 15:30:00+05:00,73.48,71.54149400246018,Вверх,2.709624707408485,True,-0.0939283305732914,-0.0584389604939719,-0.0354893700793195,False,72.63969162718695,Зелёный,1.9385059975398207,Выше
2021-09-24 16:00:00+05:00,73.285,71.55884232084367,Вверх,2.4122213596146103,True,-0.0953193120177502,-0.0658150307987275,-0.029504281219022696,False,72.63969162718695,Зелёный,1.72615767915633,Выше
2021-09-24 16:30:00+05:00,73.085,71.57402796939249,Вверх,2.1110618942022494,True,-0.1112772682831462,-0.0749074782956113,-0.0363697899875349,False,72.63969162718695,Зелёный,1.5109720306075047,Выше
2021-09-24 17:00:00+05:00,72.92,71.58742072591595,Вверх,1.861471276058471,True,-0.1356742167157705,-0.0870608259796431,-0.048613390736127415,False,72.63969162718695,Зелёный,1.332579274084054,Выше
2021-09-24 17:30:00+05:00,72.955,71.60102847988693,Вверх,1.890994513428533,True,-0.1504504672915629,-0.0997387542420271,-0.050711713049535784,False,72.63969162718695,Зелёный,1.3539715201130633,Выше
2021-09-24 18:00:00+05:00,72.995,71.61489884327113,Вверх,1.9271145795363258,True,-0.1571218833576182,-0.1112153800651453,-0.04590650329247291,False,72.63969162718695,Зелёный,1.3801011567288697,Выше
2021-09-24 18:30:00+05:00,73.04,71.62907895428337,Вверх,1.9697601397571258,True,-0.1569684699238109,-0.1203659980368784,-0.03660247188693248,False,72.63969162718695,Зелёный,1.4109210457166341,Выше
2021-09-24 19:00:00+05:00,73.145,71.64416274578305,Вверх,2.094849317372036,True,-0.1466833913654284,-0.1256294767025884,-0.021053914662840012,False,72.63969162718695,Зелёный,1.5008372542169468,Выше
2021-09-24 19:30:00+05:00,73.165,71.65929545478023,Вверх,2.1011992033467988,True,-0.1353582341887289,-0.1275752281998165,-0.007783005988912378,False,72.63969162718695,Зелёный,1.5057045452197713,Выше
2021-09-24 20:00:00+05:00,73.08,71.67343181841427,Вверх,1.9624680246221333,True,-0.1317233305979925,-0.1284048486794518,-0.0033184819185407,False,72.63969162718695,Зелёный,1.406568181585726,Выше
2021-09-24 20:30:00+05:00,73.165,71.68827329285791,Вверх,2.059927850555739,True,-0.1205937243021395,-0.1268426238039893,0.006248899501849814,Ниже,72.63969162718695,Зелёный,1.4767267071420918,Выше
2021-09-24 21:00:00+05:00,73.14,71.70271833472003,Вверх,2.004500943144864,True,-0.1124939618275817,-0.1239728914087078,0.011478929581126104,False,72.63969162718695,Зелёный,1.4372816652799685,Выше
2021-09-24 21:30:00+05:00,73.1,71.71662163487208,Вверх,1.92895082561341,True,-0.1080568947968032,-0.1207896920863269,0.0127327972895237,False,72.65289119023431,Зелёный,1.3833783651279106,Выше
2021-09-24 22:00:00+05:00,73.15,71.73088410616688,Вверх,1.9783889624624296,True,-0.0993605386353948,-0.1165038613961405,0.01714332276074569,False,72.6991020712109,Зелёный,1.4191158938331228,Выше
2021-09-24 22:30:00+05:00,73.04,71.74391013496125,Вверх,1.8065503575155146,True,-0.100189769122764,-0.1132410429414652,0.013051273818701192,False,72.6991020712109,Зелёный,1.296089865038752,Выше
2021-09-24 23:00:00+05:00,73.075,71.75715481023528,Вверх,1.8365348978088951,True,-0.096905664585833,-0.1099739672703388,0.013068302684505803,False,72.6991020712109,Зелёный,1.317845189764725,Выше
2021-09-24 23:30:00+05:00,73.045,71.76996919023294,Вверх,1.7765519814944781,True,-0.0956214725459432,-0.1071034683254597,0.011481995779516488,False,72.6991020712109,Зелёный,1.2750308097670597,Выше
2021-09-25 00:00:00+05:00,73.075,71.78295457142465,Вверх,1.7999334748610172,True,-0.0911324733973657,-0.1039092693398409,0.012776795942475203,False,72.73506986892147,Зелёный,1.2920454285753493,Выше
2021-09-25 00:30:00+05:00,73.14,71.79645751101248,Вверх,1.8713214210902325,True,-0.0813917193818269,-0.0994057593482381,0.018014039966411197,False,72.77356288202931,Зелёный,1.3435424889875236,Выше
2021-09-25 01:00:00+05:00,73.195,71.81037335667405,Вверх,1.9281707901011174,True,-0.0684450691487938,-0.0932136213083493,0.024768552159555507,False,72.8382065938264,Зелёный,1.3846266433259444,Выше
2021-09-25 01:30:00+05:00,73.195,71.82415073620965,Вверх,1.9086188277047647,True,-0.057521681426067,-0.0860752333318928,0.028553551905825807,False,72.8382065938264,Зелёный,1.3708492637903475,Выше
2021-09-27 12:00:00+05:00,72.5,71.83087560450606,Вверх,0.9315275497657485,True,-0.1037495493763316,-0.0896100965407806,-0.014139452835551,Ниже,73.31505265900063,Красный,0.6691243954939381,Выше
2021-09-27 12:30:00+05:00,72.255,71.83509574774482,Вверх,0.5845391418836686,True,-0.1583297929342251,-0.1033540358194695,-0.05497575711475561,False,72.77504739310058,Красный,0.41990425225517924,Выше
2021-09-27 13:00:00+05:00,72.565,71.84235847662298,Вверх,1.0058711026478395,True,-0.1745584191641001,-0.1175949124883956,-0.05696350667570449,False,72.77504739310058,Красный,0.7226415233770211,Выше
2021-09-27 13:30:00+05:00,72.865,71.85253401416901,Вверх,1.4090887673235457,True,-0.1613522611485933,-0.1263463822204351,-0.03500587892815821,False,72.25341161158853,Зелёный,1.0124659858309855,Выше
2021-09-27 14:00:00+05:00,72.75,71.86146402397827,Вверх,1.2364568243770366,True,-0.1583405731176554,-0.1327452203998792,-0.025595352717776187,False,72.28132045042969,Зелёный,0.8885359760217284,Выше
2021-09-27 14:30:00+05:00,72.25,71.86533005359044,Вверх,0.5352649826038626,True,-0.1940625773883653,-0.1450086917975764,-0.04905388559078891,False,72.98306159461328,Красный,0.3846699464095593,Выше
2021-09-27 15:00:00+05:00,71.805,71.86472975454974,Вниз,0.08311414341045932,True,-0.255336938826801,-0.1670743412034213,-0.08826259762337968,False,72.56300543515195,Красный,-0.0597297545497355,Ниже
2021-09-27 15:30:00+05:00,72.46,71.87065284156915,Вверх,0.8200108599681016,True,-0.248183382246367,-0.1832961494120105,-0.06488723283435649,False,72.56300543515195,Красный,0.5893471584308401,Выше
2021-09-27 16:00:00+05:00,71.975,71.87169112175255,Вверх,0.1437407088034683,True,-0.2784399019369488,-0.2023248999169981,-0.0761150020199507,False,72.56300543515195,Красный,0.1033088782474465,Выше
2021-09-27 16:30:00+05:00,71.495,71.86794295138685,Вниз,0.5189281007237316,True,-0.3372626464017969,-0.2293124492139579,-0.10795019718783896,False,72.40306096222577,Красный,-0.37294295138684674,Ниже
2021-09-27 17:00:00+05:00,70.925,71.85856043445763,Вниз,1.2991638418767593,True,-0.4249754787158366,-0.2684450551143337,-0.15653042360150288,False,72.01425486600318,Красный,-0.9335604344576325,Ниже
2021-09-27 17:30:00+05:00,71.325,71.8532513754083,Вниз,0.7351808934133998,True,-0.4569445014266478,-0.3061449443767965,-0.15079955704985126,False,72.01425486600318,Красный,-0.5282513754083027,Ниже
2021-09-27 18:00:00+05:00,71.43,71.84903991893658,Вниз,0.5832227116873887,True,-0.4684080434202826,-0.3385975641854937,-0.1298104792347889,False,72.01425486600318,Красный,-0.4190399189365763,Ниже
2021-09-27 18:30:00+05:00,71.43,71.84487036750438,Вниз,0.5774530114428664,True,-0.4720514675643557,-0.3652883448612661,-0.10676312270308957,False,72.01425486600318,Красный,-0.41487036750437767,Ниже
2021-09-27 19:00:00+05:00,71.775,71.84417513996702,Вниз,0.0962849665018049,True,-0.4420051307249224,-0.3806317020339974,-0.06137342869092505,False,72.01425486600318,Красный,-0.0691751399670153,Ниже
2021-09-27 19:30:00+05:00,71.555,71.84129777539025,Вниз,0.3985142031890074,True,-0.4309773154720915,-0.3907008247216162,-0.04027649075047529,False,72.01425486600318,Красный,-0.2862977753902385,Ниже
2021-09-27 20:00:00+05:00,71.55,71.83839929006298,Вниз,0.401455618322604,True,-0.4178247272771784,-0.3961256052327287,-0.02169912204444968,False,72.01425486600318,Красный,-0.2883992900629835,Ниже
2021-09-27 20:30:00+05:00,71.89,71.83891272996286,Вверх,0.07111364592776744,True,-0.3756359504603495,-0.3920276742782529,0.016391723817903436,Ниже,72.01425486600318,Красный,0.05108727003714364,Выше
2021-09-27 21:00:00+05:00,71.73,71.83782902120701,Вниз,0.15010061227654617,True,-0.3510648466812256,-0.3838351087588475,0.0327702620776219,False,72.01425486600318,Красный,-0.1078290212070101,Ниже
2021-09-27 21:30:00+05:00,71.725,71.8367063443791,Вниз,0.15550037030315716,True,-0.3282121033023486,-0.3727105076675477,0.044498404365199085,False,72.01425486600318,Красный,-0.1117063443791011,Ниже
2021-09-27 22:00:00+05:00,71.65,71.83484856980816,Вниз,0.25732436761319244,True,-0.3125501293923776,-0.3606784320125137,0.04812830262013612,False,72.01425486600318,Красный,-0.18484856980815323,Ниже
2021-09-27 22:30:00+05:00,71.765,71.83415355916331,Вниз,0.09626835667570814,True,-0.2875437381023289,-0.3460514932304768,0.058507755128147876,False,72.01425486600318,Красный,-0.06915355916331123,Ниже
2021-09-27 23:00:00+05:00,71.78,71.8336147177786,Вниз,0.07463736579210614,True,-0.263478403181594,-0.3295368752207002,0.0660584720391062,False,72.01425486600318,Красный,-0.05361471777860061,Ниже
2021-09-27 23:30:00+05:00,71.805,71.83332999421862,Вниз,0.03943850886613378,True,-0.2396268911704027,-0.3115548784106408,0.07192798724023808,False,72.01425486600318,Красный,-0.028329994218609045,Ниже
2021-09-28 00:00:00+05:00,71.81,71.83309785497266,Вниз,0.03215489191249257,True,-0.2178101579289233,-0.2928059343142973,0.074995776385374,False,72.01425486600318,Красный,-0.02309785497266148,Ниже
2021-09-28 00:30:00+05:00,71.855,71.83331578676399,Вверх,0.030186847145387864,True,-0.1946453651280251,-0.2731738204770428,0.0785284553490177,False,72.01425486600318,Красный,0.021684213236014216,Выше
2021-09-28 01:00:00+05:00,71.95,71.83447682371163,Вверх,0.160818567067568,True,-0.16669978256175,-0.2518790128939843,0.08517923033223429,False,72.01425486600318,Красный,0.11552317628837727,Выше
2021-09-28 01:30:00+05:00,71.92,71.83532780059012,Вверх,0.11786985874822505,True,-0.1452985451373223,-0.2305629193426519,0.08526437420532962,False,72.01425486600318,Красный,0.08467219940988002,Выше
2021-09-28 12:00:00+05:00,70.945,71.82646881749967,Вниз,1.2272200374201339,True,-0.2046531477804336,-0.2253809650302082,0.020727817249774627,False,72.24228064112033,Красный,-0.8814688174996803,Ниже
2021-09-28 12:30:00+05:00,70.945,71.81769798349471,Вниз,1.2151572773820773,True,-0.2488238119848063,-0.2300695344211278,-0.018754277563678506,Ниже,71.6120525770083,Красный,-0.8726979834947173,Ниже
2021-09-28 13:00:00+05:00,71.03,71.80986019261418,Вниз,1.0860071172989005,True,-0.273814231951377,-0.2388184739271777,-0.0349957580241993,False,71.58909731930747,Красный,-0.7798601926141799,Ниже
2021-09-28 13:30:00+05:00,71.285,71.80463770313543,Вниз,0.7236826474687995,True,-0.2699313503644731,-0.2450410492146368,-0.024890301149836286,False,71.58909731930747,Красный,-0.5196377031354302,Ниже
2021-09-28 14:00:00+05:00,71.4,71.80061145733309,Вниз,0.5579499243835058,True,-0.2546392767523571,-0.2469606947221808,-0.007678582030176295,False,71.58909731930747,Красный,-0.4006114573330848,Ниже
2021-09-28 14:30:00+05:00,71.15,71.79413771148899,Вниз,0.8972009860714589,True,-0.2596994552414031,-0.2495084468260253,-0.010191008415377789,False,71.58909731930747,Красный,-0.6441377114889804,Ниже
2021-09-28 15:00:00+05:00,71.125,71.7874796248075,Вниз,0.9228344946359848,True,-0.2626987465904733,-0.252146506778915,-0.01055223981155834,False,71.58909731930747,Красный,-0.6624796248075029,Ниже
2021-09-28 15:30:00+05:00,70.885,71.77849972804326,Вниз,1.2448013422244457,True,-0.2812001999654967,-0.2579572454162313,-0.02324295454926545,False,71.52981722607787,Красный,-0.8934997280432526,Ниже
2021-09-28 16:00:00+05:00,70.98,71.77055445711746,Вниз,1.1015025076750717,True,-0.2849127323822102,-0.2633483428094271,-0.021564389572783116,False,71.50433550347009,Красный,-0.7905544571174516,Ниже
2021-09-28 16:30:00+05:00,71.145,71.76433003465858,Вниз,0.863005387717663,True,-0.2714121497185857,-0.2649611041912588,-0.006451045527326893,False,71.50433550347009,Красный,-0.6193300346585886,Ниже
2021-09-28 17:00:00+05:00,70.855,71.75528197461223,Вниз,1.2546560334481804,True,-0.2808756573215305,-0.2681440148173132,-0.012731642504217322,False,71.50433550347009,Красный,-0.900281974612227,Ниже
2021-09-28 17:30:00+05:00,70.36,71.74139857187977,Вниз,1.925525009797109,True,-0.3245764036506386,-0.2794304925839783,-0.04514591106666033,False,71.26721308202968,Красный,-1.381398571879771,Ниже
2021-09-28 18:00:00+05:00,70.41,71.7281508248959,Вниз,1.8377036208751616,True,-0.3511273997358302,-0.2937698740143487,-0.057357525721481506,False,71.01124177382671,Красный,-1.318150824895909,Ниже
2021-09-28 18:30:00+05:00,70.235,71.71329360275763,Вниз,2.0613940993232887,True,-0.3818881243070251,-0.311393524072884,-0.07049460023414111,False,70.96861759644405,Красный,-1.4782936027576312,Ниже
2021-09-28 19:00:00+05:00,69.935,71.6955991390486,Вниз,2.455658590193291,True,-0.425568029605742,-0.3342284251794556,-0.09133960442628641,False,70.60200583679965,Красный,-1.760599139048594,Ниже
2021-09-28 19:30:00+05:00,70.15,71.68022004313767,Вниз,2.1347870336011288,True,-0.4377894023656523,-0.3549406206166949,-0.08284878174895738,False,70.60200583679965,Красный,-1.5302200431376605,Ниже
2021-09-28 20:00:00+05:00,69.97,71.66320292828057,Вниз,2.3627229304488404,True,-0.4567344733044223,-0.3752993911542404,-0.08143508215018191,False,70.60200583679965,Красный,-1.69320292828057,Ниже
2021-09-28 20:30:00+05:00,69.95,71.6461561329743,Вниз,2.3674070243576666,True,-0.4679679679338875,-0.3938331065101698,-0.07413486142371772,False,70.60200583679965,Красный,-1.696156132974295,Ниже
2021-09-28 21:00:00+05:00,70.115,71.6309207485666,Вниз,2.11629381937958,True,-0.4582737774819492,-0.4067212407045257,-0.0515525367774235,False,70.60200583679965,Красный,-1.5159207485666002,Ниже
2021-09-28 21:30:00+05:00,70.05,71.6151901938545,Вниз,2.1855561503330594,True,-0.4506413060169478,-0.4155052537670102,-0.0351360522499376,False,70.60200583679965,Красный,-1.5651901938545052,Ниже
2021-09-28 22:00:00+05:00,70.045,71.59956641083107,Вниз,2.1711952861713253,True,-0.4399247963960278,-0.4203891622928137,-0.019535634103214072,False,70.60200583679965,Красный,-1.5545664108310717,Ниже
2021-09-28 22:30:00+05:00,70.115,71.58479460574819,Вниз,2.0532217963927337,True,-0.4209312370474976,-0.4204975772437506,-0.00043365980374698854,False,70.60200583679965,Красный,-1.4697946057481914,Ниже
2021-09-28 23:00:00+05:00,70.09,71.56992102758154,Вниз,2.0677974857778723,True,-0.4032476080758869,-0.4170475834101779,0.013799975334291004,Ниже,70.57830790367086,Красный,-1.4799210275815398,Ниже
2021-09-28 23:30:00+05:00,70.06,71.55489693775486,Вниз,2.089160912432395,True,-0.3871906610687716,-0.4110761989418967,0.023885537873125084,False,70.51372711330377,Красный,-1.4948969377548593,Ниже
2021-09-29 00:00:00+05:00,70.205,71.54146512742894,Вниз,1.868098626507633,True,-0.3586310511792163,-0.4005871693893607,0.04195611821014439,False,70.51372711330377,Красный,-1.3364651274289372,Ниже
2021-09-29 00:30:00+05:00,70.275,71.52886348436995,Вниз,1.752947584081118,True,-0.3265842793149858,-0.3857865913744857,0.059202312059499884,False,70.51372711330377,Красный,-1.253863484369944,Ниже
2021-09-29 01:00:00+05:00,70.13,71.51494444472448,Вниз,1.9365804664715036,True,-0.3093216030189154,-0.3704935937033717,0.06117199068445628,False,70.51372711330377,Красный,-1.384944444724482,Ниже
2021-09-29 01:30:00+05:00,69.925,71.4991241019909,Вниз,2.2015991409146123,True,-0.3086249580232163,-0.3581198665673407,0.04949490854412436,False,70.43204410903861,Красный,-1.574124101990904,Ниже
2021-09-29 12:00:00+05:00,68.9,71.47326217062782,Вниз,3.6003144287505386,True,-0.3863284417670485,-0.3637615816072822,-0.022566860159766278,Ниже,69.79158969813476,Красный,-2.573262170627814,Ниже
2021-09-29 12:30:00+05:00,69.355,71.45218493509918,Вниз,2.9350886008651456,True,-0.4065083399507614,-0.3723109332759781,-0.034197406674783326,False,69.79158969813476,Красный,-2.097184935099179,Ниже
2021-09-29 13:00:00+05:00,69.05,71.4282825974365,Вниз,3.329609100137967,True,-0.4420167121465397,-0.3862520890500904,-0.055764623096449306,False,69.79158969813476,Красный,-2.3782825974365096,Ниже
2021-09-29 13:30:00+05:00,69.17,71.40581212383017,Вниз,3.1311346476290787,True,-0.4552267848110745,-0.4000470282022872,-0.05517975660878727,False,69.79158969813476,Красный,-2.235812123830172,Ниже
2021-09-29 14:00:00+05:00,69.32,71.38505777433933,Вниз,2.8928431785645485,True,-0.4484229752484197,-0.4097222176115138,-0.03870075763690589,False,69.79158969813476,Красный,-2.065057774339337,Ниже
2021-09-29 14:30:00+05:00,69.285,71.36416167708222,Вниз,2.9134535153517045,True,-0.4407741446765669,-0.4159326030245244,-0.024841541652042498,False,69.79158969813476,Красный,-2.079161677082226,Ниже
2021-09-29 15:00:00+05:00,69.3,71.34362275492221,Вниз,2.864478528014216,True,-0.4285618227792156,-0.4184584469754627,-0.010103375803752923,False,69.79158969813476,Красный,-2.043622754922211,Ниже
2021-09-29 15:30:00+05:00,69.44,71.32468123497273,Вниз,2.6423969968597816,True,-0.4029417777282589,-0.4153551131260219,0.012413335397763015,Ниже,69.79158969813476,Красный,-1.8846812349727315,Ниже
2021-09-29 16:00:00+05:00,69.575,71.30727147144066,Вниз,2.429305505167798,True,-0.3675079329991177,-0.4057856771006412,0.03827774410152346,False,69.79158969813476,Красный,-1.7322714714406544,Ниже
2021-09-29 16:30:00+05:00,69.6,71.29028369560542,Вниз,2.3709874726022795,True,-0.3335639471515037,-0.3913413311108137,0.05777738395930998,False,69.79158969813476,Красный,-1.6902836956054301,Ниже
2021-09-29 17:00:00+05:00,69.73,71.27475848470388,Вниз,2.1673289640615114,True,-0.2927979873318378,-0.3716326623550186,0.07883467502318076,False,69.79158969813476,Красный,-1.5447584847038769,Ниже
2021-09-29 17:30:00+05:00,69.315,71.25525840027896,Вниз,2.7229687237670137,True,-0.2906275289280415,-0.3554316356696232,0.06480410674158171,False,69.79158969813476,Красный,-1.9402584002789638,Ниже
2021-09-29 18:00:00+05:00,69.3,71.23580309281351,Вниз,2.71745808816298,True,-0.2868116138945424,-0.3417076313146071,0.05489601742006467,False,69.79158969813476,Красный,-1.935803092813515,Ниже
2021-09-29 18:30:00+05:00,69.35,71.21703888293477,Вниз,2.621618242235235,True,-0.2765648244649412,-0.3286790699446739,0.0521142454797327,False,69.791006538982,Красный,-1.8670388829347786,Ниже
2021-09-29 19:00:00+05:00,69.42,71.19915789902497,Вниз,2.4988468284248215,True,-0.2598009316130856,-0.3149034422783562,0.05510251066527061,False,69.791006538982,Красный,-1.7791578990249661,Ниже
2021-09-29 19:30:00+05:00,69.4,71.18125583037796,Вниз,2.5024225965085787,True,-0.2453015747449569,-0.3009830687716764,0.055681494026719514,False,69.791006538982,Красный,-1.7812558303779582,Ниже
2021-09-29 20:00:00+05:00,69.31,71.16263636937919,Вниз,2.6033835505514813,True,-0.2383257074010458,-0.2884515964975503,0.050125889096504506,False,69.791006538982,Красный,-1.8526363693791836,Ниже
2021-09-29 20:30:00+05:00,69.45,71.14559521147491,Вниз,2.383275038229536,True,-0.2189762306227578,-0.2745565233225918,0.05558029269983397,False,69.75279739022609,Красный,-1.6955952114749095,Ниже
2021-09-29 21:00:00+05:00,68.99,71.12414650290302,Вниз,3.000593480325158,True,-0.23801608521957,-0.2672484357019875,0.029232350482417485,False,69.75279739022609,Красный,-2.1341465029030218,Ниже
2021-09-29 21:30:00+05:00,69.175,71.10475201033682,Вниз,2.7139564596980663,True,-0.235463081439633,-0.2608913648495166,0.025428283409883595,False,69.61406588608313,Красный,-1.929752010336827,Ниже
2021-09-29 22:00:00+05:00,69.065,71.08445597043298,Вниз,2.840924844769105,True,-0.2395544536184388,-0.2566239826033011,0.017069528984862303,False,69.58465929747481,Красный,-2.019455970432986,Ниже
2021-09-29 22:30:00+05:00,69.045,71.06416287619982,Вниз,2.8413236636831685,True,-0.2416254209537527,-0.2536242702733914,0.01199884931963871,False,69.52194336772733,Красный,-2.0191628761998146,Ниже
2021-09-29 23:00:00+05:00,69.06,71.04422095703364,Вниз,2.7929378777109344,True,-0.2392978264620211,-0.2507589815111173,0.0114611550490962,False,69.52194336772733,Красный,-1.9842209570336422,Ниже
2021-09-29 23:30:00+05:00,69.495,71.02880582313281,Вниз,2.159413783405149,True,-0.2000463170857216,-0.2406164486260382,0.040570131540316606,False,69.52194336772733,Красный,-1.533805823132809,Ниже
2021-09-30 00:00:00+05:00,69.75,71.01608138708175,Вниз,1.7828094177441653,True,-0.1466720995734078,-0.2218275788155121,0.0751554792421043,False,69.14309078492677,Зелёный,-1.2660813870817549,Ниже
2021-09-30 00:30:00+05:00,69.655,71.00253828870284,Вниз,1.8978734016854744,True,-0.1107615633506782,-0.1996143757225454,0.08885281237186719,False,69.2200317064341,Зелёный,-1.347538288702836,Ниже
2021-09-30 01:00:00+05:00,69.72,70.98977671369087,Вниз,1.7886754578930637,True,-0.0761791026251614,-0.1749273211030686,0.09874821847790721,False,69.2762785357907,Зелёный,-1.2697767136908737,Ниже
2021-09-30 01:30:00+05:00,69.715,70.977092368281,Вниз,1.7781685980208173,True,-0.0486153045909389,-0.1496649178006427,0.10104961320970379,False,69.32815068221161,Зелёный,-1.262092368281003,Ниже
2021-09-30 12:00:00+05:00,69.28,70.96020587705434,Вниз,2.3678142647520763,True,-0.0611665704662129,-0.1319652483337567,0.07079867786754379,False,70.37316438600955,Красный,-1.680205877054334,Ниже
2021-09-30 12:30:00+05:00,69.24,70.94308940066574,Вниз,2.4006417186700135,True,-0.0734940115882523,-0.1202710009846558,0.0467769893964035,False,69.8785979474086,Красный,-1.7030894006657462,Ниже
2021-09-30 13:00:00+05:00,69.215,70.92589448125614,Вниз,2.412228275398456,True,-0.0843090265802999,-0.1130786061037847,0.0287695795234848,False,69.79973815266773,Красный,-1.7108944812561333,Ниже
2021-09-30 13:30:00+05:00,69.46,70.91130846651728,Вниз,2.0466530626812007,True,-0.0722773827526452,-0.1049183614335568,0.032640978680911606,False,69.79973815266773,Красный,-1.4513084665172897,Ниже
2021-09-30 14:00:00+05:00,69.73,70.89955415341761,Вниз,1.6495931002426911,True,-0.0404887457622749,-0.0920324382993004,0.051543692537025496,False,69.79973815266773,Красный,-1.1695541534176073,Ниже
2021-09-30 14:30:00+05:00,69.935,70.88995659965227,Вниз,1.3470971706829165,True,0.0012315680707786,-0.0733796370252846,0.0746112050960632,False,69.26828088670523,Зелёный,-0.9549565996522631,Ниже
2021-09-30 15:00:00+05:00,69.825,70.87936001657116,Вниз,1.4875416712631853,True,0.0251294598992899,-0.0536778176403697,0.0788072775396596,False,69.51420279803469,Зелёный,-1.0543600165711524,Ниже
2021-09-30 15:30:00+05:00,70.145,70.87205295172966,Вниз,1.0258669270168461,True,0.0690935693387331,-0.0291235402445491,0.0982171095832822,False,69.51420279803469,Зелёный,-0.7270529517296609,Ниже
2021-09-30 16:00:00+05:00,70.395,70.86730615619005,Вниз,0.6664655139410902,True,0.1226940132660558,0.0012399704575718,0.121454042808484,False,69.51420279803469,Зелёный,-0.4723061561900579,Ниже
2021-09-30 16:30:00+05:00,70.14,70.86006927901403,Вниз,1.016184836312717,True,0.1429485603513711,0.0295816884363317,0.1133668719150394,False,69.59420133976728,Зелёный,-0.7200692790140266,Ниже
2021-09-30 17:00:00+05:00,70.15,70.8530039130537,Вниз,0.9922005761624078,True,0.1579861848728967,0.0552625877236447,0.102723597149252,False,69.59420133976728,Зелёный,-0.703003913053692,Ниже
2021-09-30 17:30:00+05:00,70.1,70.8455113368044,Вниз,1.0523056757402747,True,0.1639787831746986,0.0770058268138555,0.08697295636084311,False,69.59420133976728,Зелёный,-0.7455113368044124,Ниже
2021-09-30 18:00:00+05:00,69.77,70.83480973146307,Вниз,1.5032294651454532,True,0.1404803484176966,0.0897007311346237,0.0507796172830729,False,69.59420133976728,Зелёный,-1.0648097314630718,Ниже
2021-09-30 18:30:00+05:00,69.66,70.82312008239379,Вниз,1.6422886778225034,True,0.1116940494095928,0.0940993947896175,0.017594654619975295,False,69.59420133976728,Зелёный,-1.1631200823937888,Ниже
2021-09-30 19:00:00+05:00,69.87,70.81363630047942,Вниз,1.3325629776662427,True,0.104619951333035,0.096203506098301,0.008416445234734005,False,69.59420133976728,Зелёный,-0.9436363004794117,Ниже
2021-09-30 19:30:00+05:00,69.81,70.80364986962887,Вниз,1.4033879206205906,True,0.0930989918561664,0.0955826032498741,-0.002483611393707702,Выше,69.59420133976728,Зелёный,-0.993649869628868,Ниже
2021-09-30 20:00:00+05:00,69.945,70.79510608983156,Вниз,1.2007978189239161,True,0.0937808727007194,0.0952222571400431,-0.0014413844393237063,False,69.59420133976728,Зелёный,-0.85010608983157,Ниже
2021-09-30 20:30:00+05:00,70.14,70.78858762127602,Вниз,0.916231899901735,True,0.1088019374911652,0.0979381932102676,0.010863744280897591,Выше,69.59420133976728,Зелёный,-0.6485876212760218,Ниже
2021-09-30 21:00:00+05:00,69.9,70.77974595340262,Вниз,1.2429346016327802,True,0.1001853707316371,0.0983876287145415,0.0017977420170955938,False,69.59420133976728,Зелёный,-0.8797459534026189,Ниже
2021-09-30 21:30:00+05:00,69.86,70.77059425237375,Вниз,1.2866844796109829,True,0.0891019025214063,0.0965304834759145,-0.007428580954508199,Выше,69.59420133976728,Зелёный,-0.9105942523737554,Ниже
2021-09-30 22:00:00+05:00,69.9,70.7619316229969,Вниз,1.218072490713033,True,0.0825937504760929,0.0937431368759502,-0.011149386399857311,False,69.59420133976728,Зелёный,-0.8619316229968916,Ниже
2021-09-30 22:30:00+05:00,69.915,70.75350444266859,Вниз,1.1851065883924066,True,0.0777501128283262,0.0905445320664254,-0.012794419238099208,False,69.59420133976728,Зелёный,-0.8385044426685795,Ниже
2021-09-30 23:00:00+05:00,69.92,70.74521086612462,Вниз,1.166454740924042,True,0.0734680592544094,0.0871292375040222,-0.013661178249612799,False,69.59420133976728,Зелёный,-0.8252108661246211,Ниже
2021-09-30 23:30:00+05:00,69.97,70.73749732516816,Вниз,1.0849936090332841,True,0.0732645351237835,0.0843562970279745,-0.011091761904190992,False,69.59420133976728,Зелёный,-0.7674973251681649,Ниже
2021-10-01 00:00:00+05:00,69.9,70.72916401845008,Вниз,1.1723085235869326,True,0.0666861098348619,0.0808222595893519,-0.014136149754489999,False,69.59420133976728,Зелёный,-0.8291640184500721,Ниже
2021-10-01 00:30:00+05:00,69.66,70.7185255705053,Вниз,1.4968151017939084,True,0.0416268181146506,0.0729831712944117,-0.031356353179761105,False,69.59420133976728,Зелёный,-1.05852557050531,Ниже
2021-10-01 01:00:00+05:00,69.375,70.70515715686844,Вниз,1.8812731777362635,True,-0.0012159525278434,0.0581433465299606,-0.059359299057804,False,70.01015871404928,Красный,-1.330157156868438,Ниже
2021-10-01 01:30:00+05:00,69.845,70.69659837918815,Вниз,1.2045818309680407,True,0.002724508678483,0.0470595789596651,-0.0443350702811821,False,70.01015871404928,Красный,-0.8515983791881467,Ниже
2021-10-01 12:00:00+05:00,69.12,70.68091083312657,Вниз,2.2083909427989514,True,-0.0520540417573442,0.0272368548162632,-0.0792908965736074,False,69.86620355837991,Красный,-1.5609108331265702,Ниже
2021-10-01 12:30:00+05:00,69.7,70.6711505263293,Вниз,1.3741824196954084,True,-0.0481106947568292,0.0121673449016447,-0.0602780396584739,False,69.86620355837991,Красный,-0.9711505263292963,Ниже
2021-10-01 13:00:00+05:00,69.7,70.66148733701259,Вниз,1.3606950168298488,True,-0.0444729078503627,0.0008392943512432,-0.0453122022016059,False,69.86620355837991,Красный,-0.9614873370125849,Ниже
2021-10-01 13:30:00+05:00,69.8,70.65291532370898,Вниз,1.2071905593721082,True,-0.0331387681618053,-0.0059563181513664,-0.027182450010438897,False,69.86620355837991,Красный,-0.8529153237089844,Ниже
2021-10-01 14:00:00+05:00,69.605,70.64248830556262,Вниз,1.4686463210001668,True,-0.0394366499652392,-0.012652384514141,-0.0267842654510982,False,69.86620355837991,Красный,-1.0374883055626185,Ниже
2021-10-01 14:30:00+05:00,69.28,70.62893120799484,Вниз,1.9098847808164843,True,-0.0698473932589109,-0.024091386263095,-0.045756006995815904,False,69.86620355837991,Красный,-1.3489312079948377,Ниже
2021-10-01 15:00:00+05:00,69.54,70.61809607159688,Вниз,1.5266569499464213,True,-0.0721367517567017,-0.0337004593618163,-0.0384362923948854,False,69.86620355837991,Красный,-1.0780960715968746,Ниже
2021-10-01 15:30:00+05:00,69.655,70.60851302610837,Вниз,1.350422187414986,True,-0.0639345482805566,-0.0397472771455644,-0.0241872711349922,False,69.86620355837991,Красный,-0.953513026108368,Ниже
2021-10-01 16:00:00+05:00,69.72,70.59967210047546,Вниз,1.2460002636039664,True,-0.0515945364598451,-0.0421167290084205,-0.009477807451424604,False,69.86620355837991,Красный,-0.8796721004754602,Ниже
2021-10-01 16:30:00+05:00,69.815,70.59186441788366,Вниз,1.1005013457143487,True,-0.0337601165267074,-0.0404454065120779,0.0066852899853704975,Ниже,69.86620355837991,Красный,-0.7768644178836581,Ниже
2021-10-01 17:00:00+05:00,70.005,70.58602497093953,Вниз,0.8231444838815438,True,-0.0042458545674008,-0.0332054961231425,0.028959641555741697,False,69.47701145900027,Зелёный,-0.5810249709395379,Ниже
2021-10-01 17:30:00+05:00,70.215,70.58233318018392,Вниз,0.5204321869697685,True,0.0356783775040554,-0.0194287213977029,0.0551070989017583,False,69.55531031310024,Зелёный,-0.3673331801839197,Ниже
2021-10-01 18:00:00+05:00,70.355,70.58007115849055,Вниз,0.3188876899615805,True,0.0777195464773825,9.321773141671846e-07,0.07771861430006832,False,69.79952928179021,Зелёный,-0.22507115849055026,Ниже
2021-10-01 18:30:00+05:00,70.95,70.58375204248567,Вверх,0.5188842288999893,True,0.157236478904025,0.0314480415226563,0.1257884373813687,False,70.1268263536112,Зелёный,0.36624795751433226,Выше
2021-10-01 19:00:00+05:00,70.88,70.58669978335647,Вверх,0.4155176790297922,True,0.2121601555470817,0.0675904643275414,0.1445696912195403,False,70.32564371825008,Зелёный,0.2933002166435301,Выше
2021-10-01 19:30:00+05:00,71.03,70.59111073078576,Вверх,0.6217344714804689,True,0.2647395585517813,0.1070202831723894,0.15771927537939187,False,70.32564371825008,Зелёный,0.4388892692142434,Выше
2021-10-01 20:00:00+05:00,71.665,70.60179619615108,Вверх,1.5059160830626046,True,0.3535725431446082,0.1563307351668331,0.19724180797777507,False,70.71617141178255,Зелёный,1.0632038038489213,Выше
2021-10-01 20:30:00+05:00,71.4,70.60973852255755,Вверх,1.1191961533606205,True,0.3980021174763806,0.2046650116287426,0.193337105847638,False,70.91830427060431,Зелёный,0.7902614774424563,Выше
2021-10-01 21:00:00+05:00,71.175,70.61536301487041,Вверх,0.7925144915161535,True,0.4103272584203381,0.2457974609870618,0.16452979743327634,False,70.91830427060431,Зелёный,0.5596369851295862,Выше
2021-10-01 21:30:00+05:00,71.135,70.62053353213538,Вверх,0.7284941675362986,True,0.4121167305739419,0.2790613149044378,0.13305541566950407,False,70.91830427060431,Зелёный,0.5144664678646222,Выше
2021-10-01 22:00:00+05:00,71.375,70.62804066116887,Вверх,1.0575960083822755,True,0.427967550858682,0.3088425620952867,0.11912498876339528,False,70.91830427060431,Зелёный,0.7469593388311324,Выше
2021-10-01 22:30:00+05:00,71.15,70.63323428643086,Вверх,0.7316183646264335,True,0.4175604436645699,0.3305861384091433,0.0869743052554266,False,70.91830427060431,Зелёный,0.5167657135691428,Выше
2021-10-01 23:00:00+05:00,71.275,70.63962001492409,Вверх,0.899466878419897,True,0.4146197135989382,0.3473928534471023,0.06722686015183588,False,70.91830427060431,Зелёный,0.6353799850759145,Выше
2021-10-01 23:30:00+05:00,71.25,70.64569344761141,Вверх,0.8554046579452537,True,0.4055964098312898,0.3590335647239399,0.046562845107349926,False,70.91830427060431,Зелёный,0.6043065523885929,Выше
2021-10-02 00:00:00+05:00,71.39,70.65309948295857,Вверх,1.0429839914088601,True,0.4050727797018538,0.3682414077195227,0.03683137198233111,False,70.91830427060431,Зелёный,0.736900517041434,Выше
2021-10-02 00:30:00+05:00,71.5,70.6615263537749,Вверх,1.1866056247174512,True,0.4088212429371793,0.376357374763054,0.03246386817412533,False,70.91830427060431,Зелёный,0.838473646225097,Выше
2021-10-02 01:00:00+05:00,71.505,70.66991912637415,Вверх,1.181663830876223,True,0.4074980019627361,0.3825855002029905,0.02491250175974563,False,71.02291628174581,Зелёный,0.8350808736258415,Выше
2021-10-02 01:30:00+05:00,71.45,70.67768112511669,Вверх,1.092733749309232,True,0.3974299584418475,0.3855543918507619,0.011875566591085573,False,71.02291628174581,Зелёный,0.772318874883311,Выше
2021-10-04 12:00:00+05:00,70.6,70.67690817859811,Вниз,0.1088165577415651,True,0.3172065060144717,0.3718848146835039,-0.05467830866903217,Выше,71.68741281178589,Красный,-0.07690817859811716,Ниже
2021-10-04 12:30:00+05:00,70.625,70.67639167930858,Вниз,0.07271406772118132,True,0.2527327868076838,0.3480544091083399,-0.0953216223006561,False,71.1011715306073,Красный,-0.051391679308579796,Ниже
2021-10-04 13:00:00+05:00,70.9,70.67861663772342,Вверх,0.3132253753795515,True,0.2212763653572551,0.322698800358123,-0.1014224350008679,False,71.1011715306073,Красный,0.22138336227658328,Выше
2021-10-04 13:30:00+05:00,70.925,70.68106821346747,Вверх,0.3451161572655031,True,0.1961036549290469,0.2973797712723078,-0.10127611634326089,False,71.1011715306073,Красный,0.2439317865325279,Выше
2021-10-04 14:00:00+05:00,70.96,70.68384365412948,Вверх,0.39069231608542376,True,0.1769386692097612,0.2732915508597985,-0.0963528816500373,False,71.1011715306073,Красный,0.2761563458705183,Выше
2021-10-04 14:30:00+05:00,70.96,70.6865914784665,Вверх,0.3867897939551754,True,0.1599069719173229,0.2506146350713034,-0.09070766315398049,False,71.1011715306073,Красный,0.27340852153349715,Выше
2021-10-04 15:00:00+05:00,70.855,70.68826718514842,Вверх,0.23587056450948835,True,0.1363646794868742,0.2277646439544176,-0.0913999644675434,False,71.1011715306073,Красный,0.16673281485158498,Выше
2021-10-04 15:30:00+05:00,70.9,70.69037397932605,Вверх,0.29654111143231227,True,0.1199555936284184,0.2062028338892177,-0.0862472402607993,False,71.1011715306073,Красный,0.20962602067395153,Выше
2021-10-04 16:00:00+05:00,70.915,70.69260906410888,Вверх,0.3145886661071568,True,0.106929038113904,0.186348074734155,-0.07941903662025099,False,71.1011715306073,Красный,0.22239093589112713,Выше
2021-10-04 16:30:00+05:00,70.705,70.69273235700332,Вверх,0.017353471265933625,True,0.0787523460371488,0.1648289289947538,-0.086076582957605,False,71.1011715306073,Красный,0.012267642996675931,Выше
2021-10-04 17:00:00+05:00,70.52,70.6910136270829,Вниз,0.24191706740131044,True,0.0410212927458104,0.1400674017449651,-0.0990461089991547,False,70.99898285924826,Красный,-0.1710136270828997,Ниже
2021-10-04 17:30:00+05:00,70.0,70.68413786959948,Вниз,0.9678803338616127,True,-0.0304890343940797,0.1059561145171561,-0.1364451489112358,False,70.71533457332343,Красный,-0.684137869599482,Ниже
2021-10-04 18:00:00+05:00,69.955,70.6768827664194,Вниз,1.021384557670935,True,-0.0897579341829413,0.0668133047771366,-0.1565712389600779,False,70.4850511159911,Красный,-0.7218827664193981,Ниже
2021-10-04 18:30:00+05:00,69.975,70.66989885829582,Вниз,0.9833024661450415,True,-0.1335753578445064,0.026735572252808,-0.1603109300973144,False,70.47454600439198,Красный,-0.6948988582958293,Ниже
2021-10-04 19:00:00+05:00,70.06,70.66383021293964,Вниз,0.8545110152111038,True,-0.1596023950967975,-0.010532021217113,-0.1490703738796845,False,70.47454600439198,Красный,-0.6038302129396413,Ниже
2021-10-04 19:30:00+05:00,70.3,70.66021001181586,Вниз,0.5097777260435984,True,-0.1590298186409313,-0.0402315807018767,-0.1187982379390546,False,70.47454600439198,Красный,-0.360210011815866,Ниже
2021-10-04 20:00:00+05:00,70.42,70.65781986244457,Вниз,0.33657967781563447,True,-0.147196263655374,-0.0616245172925762,-0.0855717463627978,False,70.47454600439198,Красный,-0.23781986244456732,Ниже
2021-10-04 20:30:00+05:00,70.495,70.6561997643108,Вниз,0.22814666632016883,True,-0.130264603610783,-0.0753525345562175,-0.054912069054565485,False,69.82039636651841,Зелёный,-0.16119976431079408,Ниже
2021-10-04 21:00:00+05:00,70.12,70.65086444327288,Вниз,0.75139129217466,True,-0.1454290909991016,-0.0893678458447944,-0.05606124515430719,False,69.82039636651841,Зелёный,-0.5308644432728755,Ниже
2021-10-04 21:30:00+05:00,70.175,70.64612947368808,Вниз,0.6668864624261558,True,-0.1512653236708701,-0.1017473414100095,-0.049517982260860585,False,69.82039636651841,Зелёный,-0.4711294736880802,Ниже
2021-10-04 22:00:00+05:00,70.125,70.6409441057907,Вниз,0.7303754392325581,True,-0.1581026532721665,-0.1130184037824409,-0.0450842494897256,False,69.82039636651841,Зелёный,-0.5159441057906946,Ниже
2021-10-04 22:30:00+05:00,69.775,70.6323277465291,Вниз,1.2137894557371764,True,-0.1895780237202302,-0.1283303277699988,-0.061247695950231384,False,70.46363419392726,Красный,-0.8573277465290943,Ниже
2021-10-04 23:00:00+05:00,69.85,70.62454339084225,Вниз,1.096705696992425,True,-0.2060948749405327,-0.1438832372041056,-0.0622116377364271,False,70.32752077453453,Красный,-0.7745433908422541,Ниже
2021-10-04 23:30:00+05:00,69.995,70.61827927750053,Вниз,0.8826033200997442,True,-0.2051198167804955,-0.1561305531193835,-0.048989263661112004,False,70.32752077453453,Красный,-0.6232792775005294,Ниже
2021-10-05 00:00:00+05:00,69.87,70.61083371255027,Вниз,1.0491785376251619,True,-0.2119898445265562,-0.1673024114008181,-0.044687433125738085,False,70.32752077453453,Красный,-0.7408337125502698,Ниже
2021-10-05 00:30:00+05:00,69.9,70.60376074028609,Вниз,0.9967751475376069,True,-0.2125633438201788,-0.1763545978846902,-0.03620874593548859,False,70.32752077453453,Красный,-0.7037607402860857,Ниже
2021-10-05 01:00:00+05:00,70.045,70.59820093192505,Вниз,0.7835906929958126,True,-0.1990233407730812,-0.1808883464623684,-0.018134994310712804,False,70.32752077453453,Красный,-0.5532009319250477,Ниже
2021-10-05 01:30:00+05:00,69.9,70.59125365897057,Вниз,0.9792341446576983,True,-0.1977139555849163,-0.184253468286878,-0.01346048729803831,False,70.32752077453453,Красный,-0.6912536589705667,Ниже
2021-10-05 12:00:00+05:00,69.85,70.58387800067237,Вниз,1.0397246814143393,True,-0.198423537496339,-0.1870874821287702,-0.01133605536756882,False,70.32752077453453,Красный,-0.7338780006723766,Ниже
2021-10-05 12:30:00+05:00,69.66,70.57468518474529,Вниз,1.296052801866418,True,-0.2118749360024878,-0.1920449729035138,-0.019829963098974,False,70.14459044164546,Красный,-0.914685184745295,Ниже
2021-10-05 13:00:00+05:00,69.965,70.5686186654941,Вниз,0.855364150395716,True,-0.1956687674702522,-0.1927697318168615,-0.002899035653390697,False,70.14459044164546,Красный,-0.6036186654940963,Ниже
2021-10-05 13:30:00+05:00,70.15,70.56445330563844,Вниз,0.5873400646119865,True,-0.1659839486205356,-0.1874125751775963,0.02142862655706071,Ниже,69.42358174226717,Зелёный,-0.41445330563843186,Ниже
2021-10-05 14:00:00+05:00,70.36,70.56241894438831,Вниз,0.28686508685004636,True,-0.1240829201927482,-0.1747466441806267,0.05066372398787848,False,69.69972356804045,Зелёный,-0.2024189443883131,Ниже
2021-10-05 14:30:00+05:00,70.445,70.56125059668297,Вниз,0.16475132696760758,True,-0.0830598019636426,-0.1564092757372299,0.0733494737735873,False,69.76800121123641,Зелёный,-0.1162505966829741,Ниже
2021-10-05 15:00:00+05:00,70.54,70.56103914795976,Вниз,0.02981694744551255,True,-0.0423942842404017,-0.1336062774378643,0.09121199319746259,False,70.00570109011277,Зелёный,-0.0210391479597547,Ниже
2021-10-05 15:30:00+05:00,70.085,70.55630244001988,Вниз,0.6679806391789578,True,-0.0463470064317022,-0.1161544232366318,0.0698074168049296,False,70.00570109011277,Зелёный,-0.4713024400198833,Ниже
2021-10-05 16:00:00+05:00,70.28,70.55355316200973,Вниз,0.38772414676491557,True,-0.0333601419783775,-0.099595566984981,0.0662354250066035,False,70.00570109011277,Зелёный,-0.27355316200973334,Ниже
2021-10-05 16:30:00+05:00,70.375,70.55177651363154,Вниз,0.2505628098498441,True,-0.0152267280394227,-0.0827217991958693,0.06749507115644661,False,70.00570109011277,Зелёный,-0.17677651363153757,Ниже
2021-10-05 17:00:00+05:00,70.35,70.54976878712775,Вниз,0.28316008764043055,True,-0.0028404153745356,-0.0667455224316026,0.063905107057067,False,70.00570109011277,Зелёный,-0.19976878712775203,Ниже
2021-10-05 17:30:00+05:00,70.42,70.54847755541503,Вниз,0.18211244220559375,True,0.0124803756349933,-0.0509003428182834,0.0633807184532767,False,70.00570109011277,Зелёный,-0.12847755541503147,Ниже
2021-10-05 18:00:00+05:00,70.44,70.5473981767542,Вниз,0.15223548923111188,True,0.0259370594671253,-0.0355328623612016,0.061469921828326904,False,70.00570109011277,Зелёный,-0.10739817675420227,Ниже
2021-10-05 18:30:00+05:00,70.61,70.54802108046809,Вверх,0.08785351960647626,True,0.0497457199114705,-0.0184771459066672,0.06822286581813769,False,70.02254352872755,Зелёный,0.06197891953191004,Выше
2021-10-05 19:00:00+05:00,71.0,70.55251838315,Вверх,0.6342532160508534,True,0.0989434371267208,0.0050069707000103,0.0939364664267105,False,70.2742891758548,Зелёный,0.44748161684999843,Выше
2021-10-05 19:30:00+05:00,71.265,70.5596077524719,Вверх,0.9997111236823503,True,0.1575006977697057,0.0355057161139494,0.12199498165575631,False,70.71711025826933,Зелёный,0.7053922475280956,Выше
2021-10-05 20:00:00+05:00,71.155,70.56553205344233,Вверх,0.8353482633862184,True,0.1928090849085748,0.0669663898728745,0.12584269503570028,False,70.71711025826933,Зелёный,0.5894679465576758,Выше
2021-10-05 20:30:00+05:00,71.2,70.57184516733842,Вверх,0.8900926866402771,True,0.2218648402463259,0.0979460799475648,0.12391876029876112,False,70.71711025826933,Зелёный,0.6281548326615791,Выше
2021-10-05 21:00:00+05:00,71.035,70.57645367313606,Вверх,0.6497157380386739,True,0.2289385535138421,0.1241445746608203,0.1047939788530218,False,70.71711025826933,Зелёный,0.4585463268639387,Выше
2021-10-05 21:30:00+05:00,70.955,70.58022030325411,Вверх,0.5309981962873108,True,0.2254898838115906,0.1444136364909743,0.0810762473206163,False,70.71711025826933,Зелёный,0.3747796967458896,Выше
2021-10-05 22:00:00+05:00,70.945,70.58384995197795,Вверх,0.5116610219869702,True,0.2194205285313444,0.1594150148990484,0.060005513632295976,False,70.71711025826933,Зелёный,0.36115004802204,Выше
2021-10-05 22:30:00+05:00,70.925,70.58724447981896,Вверх,0.4784937033171749,True,0.2105693752088484,0.1696458869610084,0.040923488247840006,False,70.71711025826933,Зелёный,0.33775552018103383,Выше
2021-10-05 23:00:00+05:00,70.925,70.59060523126355,Вверх,0.47371001798458334,True,0.2012350599253238,0.1759637215538715,0.025271338371452318,False,70.71711025826933,Зелёный,0.3343947687364448,Выше
2021-10-05 23:30:00+05:00,70.895,70.59363403493256,Вверх,0.4269024667554368,True,0.1892354105160052,0.1786180593462982,0.010617351169706996,False,70.71711025826933,Зелёный,0.30136596506743274,Выше
2021-10-06 00:00:00+05:00,70.935,70.5970307112019,Вверх,0.47873017518352884,True,0.1808683300897229,0.1790681134949832,0.0018002165947396953,False,70.71711025826933,Зелёный,0.3379692887981065,Выше
2021-10-06 00:30:00+05:00,70.7,70.59805528123968,Вверх,0.14440159626806628,True,0.1535053089000229,0.1739555525759911,-0.020450243675968205,Выше,71.24600452967493,Красный,0.10194471876032196,Выше
2021-10-06 01:00:00+05:00,70.81,70.60016418391392,Вверх,0.29721717861655433,True,0.1390926249605115,0.1669829670528952,-0.027890342092383696,False,71.18790407670744,Красный,0.20983581608608404,Выше
2021-10-06 01:30:00+05:00,70.75,70.60165508755657,Вверх,0.21011534681370375,True,0.1214292101935115,0.1578722156810184,-0.036443005487506897,False,71.1406136690367,Красный,0.1483449124434344,Выше
2021-10-06 12:00:00+05:00,70.5,70.60064359414804,Вниз,0.14255336640639518,True,0.0862635238638915,0.1435504773175931,-0.057286953453701606,False,71.07355230213304,Красный,-0.10064359414803903,Ниже
2021-10-06 12:30:00+05:00,70.285,70.59750286186797,Вниз,0.44265427132658874,True,0.0405780029633291,0.1229559824467403,-0.0823779794834112,False,71.07355230213304,Красный,-0.3125028618679693,Ниже
2021-10-06 13:00:00+05:00,69.45,70.58608492294391,Вниз,1.6095026720693295,True,-0.0622876103116141,0.0859072638950694,-0.1481948742066835,False,70.38730236472776,Красный,-1.1360849229439083,Ниже
2021-10-06 13:30:00+05:00,69.5,70.57527810779024,Вниз,1.5235903231553096,True,-0.1381818929593805,0.0410894325241794,-0.1792713254835599,False,70.20332212825498,Красный,-1.0752781077902398,Ниже
2021-10-06 14:00:00+05:00,69.59,70.56547434552368,Вниз,1.3823677295036256,True,-0.1888890159117835,-0.0049062571630131,-0.1839827587487704,False,70.20332212825498,Красный,-0.9754743455236792,Ниже
2021-10-06 14:30:00+05:00,69.33,70.5531810684538,Вниз,1.7337008054491738,True,-0.2472049781575549,-0.0533660013619215,-0.1938389767956334,False,70.16519092388653,Красный,-1.2231810684537976,Ниже
2021-10-06 15:00:00+05:00,69.335,70.54105986379257,Вниз,1.709727449688665,True,-0.2896781112201125,-0.1006284233335597,-0.1890496878865528,False,69.96717183149788,Красный,-1.206059863792575,Ниже
2021-10-06 15:30:00+05:00,69.605,70.53174583529712,Вниз,1.3139414377480623,True,-0.2981151458278788,-0.1401257678324235,-0.1579893779954553,False,69.96717183149788,Красный,-0.9267458352971119,Ниже
2021-10-06 16:00:00+05:00,69.74,70.52386776728422,Вниз,1.1114928776607096,True,-0.2905588037589979,-0.1702123750177384,-0.1203464287412595,False,69.96717183149788,Красный,-0.7838677672842209,Ниже
2021-10-06 16:30:00+05:00,69.5,70.51368002830627,Вниз,1.437565062409659,True,-0.300472680442823,-0.1962644361027553,-0.1042082443400677,False,69.96717183149788,Красный,-1.0136800283062684,Ниже
2021-10-06 17:00:00+05:00,69.9,70.5075737593679,Вниз,0.8617141776023326,True,-0.2729069407456137,-0.211592937031327,-0.06131400371428672,False,69.96717183149788,Красный,-0.6075737593678951,Ниже
2021-10-06 17:30:00+05:00,69.88,70.50132924434931,Вниз,0.8813014605665911,True,-0.2497952422279183,-0.2192333980706453,-0.030561844157273005,False,69.96717183149788,Красный,-0.6213292443493117,Ниже
2021-10-06 18:00:00+05:00,70.075,70.49708716231598,Вниз,0.5987299324071942,True,-0.2132855611416317,-0.2180438306848426,0.004758269543210902,Ниже,69.29570087469692,Зелёный,-0.4220871623159752,Ниже
2021-10-06 18:30:00+05:00,70.38,70.49592211592478,Вниз,0.1644380447058551,True,-0.1579200211322557,-0.2060190687743253,0.0480990476420696,False,69.58813078722723,Зелёный,-0.11592211592478918,Ниже
2021-10-06 19:00:00+05:00,70.28,70.49377363715938,Вниз,0.3032517995982144,True,-0.1207200109125778,-0.1889592572019758,0.068239246289398,False,69.71481770850451,Зелёный,-0.21377363715937747,Ниже
2021-10-06 19:30:00+05:00,70.475,70.49358683479959,Вниз,0.026366703177056396,True,-0.0746434215847813,-0.1660960900785369,0.0914526684937556,False,69.77983593765407,Зелёный,-0.01858683479959211,Ниже
2021-10-06 20:00:00+05:00,70.435,70.4930038812195,Вниз,0.08228317425262197,True,-0.0408837755691564,-0.1410536271766608,0.10016985160750441,False,69.77983593765407,Зелёный,-0.058003881219491404,Ниже
2021-10-06 20:30:00+05:00,70.495,70.49302374309791,Вверх,0.002803478694996972,True,-0.0091816736985634,-0.1146792364810414,0.105497562782478,False,69.77983593765407,Зелёный,0.0019762569020969067,Выше
2021-10-06 21:00:00+05:00,70.295,70.49105335759445,Вниз,0.2781251637706289,True,-0.0001936260939885,-0.0917821144036308,0.0915884883096423,False,69.77983593765407,Зелёный,-0.19605335759445097,Ниже
2021-10-06 21:30:00+05:00,70.235,70.48850556299152,Вниз,0.3596409953179916,True,0.0020641733237738,-0.0730128568581499,0.0750770301819237,False,69.77983593765407,Зелёный,-0.2535055629915206,Ниже
2021-10-06 22:00:00+05:00,70.12,70.4848388409717,Вниз,0.5176132157936142,True,-0.0053642080249858,-0.059483127091517,0.0541189190665312,False,69.77983593765407,Зелёный,-0.36483884097170005,Ниже
2021-10-06 22:30:00+05:00,70.19,70.48190512116105,Вниз,0.4141561166078796,True,-0.0055389887623391,-0.0486942994256815,0.0431553106633424,False,69.77983593765407,Зелёный,-0.29190512116105083,Ниже
2021-10-06 23:00:00+05:00,70.005,70.47715979657238,Вниз,0.6699472537418395,True,-0.0203706376162386,-0.0430295670637929,0.0226589294475543,False,69.77983593765407,Зелёный,-0.4721597965723845,Ниже
2021-10-06 23:30:00+05:00,70.025,70.47266069411893,Вниз,0.6352260432764976,True,-0.0301632897084402,-0.0404563115927224,0.010293021884282199,False,69.77983593765407,Зелёный,-0.4476606941189232,Ниже
2021-10-07 00:00:00+05:00,70.12,70.46915163248592,Вниз,0.4954673419467651,True,-0.0299135067070608,-0.0383477506155901,0.008434243908529298,False,69.77983593765407,Зелёный,-0.3491516324859134,Ниже
2021-10-07 00:30:00+05:00,70.04,70.46488146698854,Вниз,0.6029691076505771,True,-0.0357586794927868,-0.0378299363910294,0.002071256898242599,False,69.77983593765407,Зелёный,-0.4248814669885377,Ниже
2021-10-07 01:00:00+05:00,70.03,70.46055428821253,Вниз,0.6110571972672686,True,-0.0407284452993508,-0.0384096381726937,-0.0023188071266571006,Ниже,69.77983593765407,Зелёный,-0.4305542882125337,Ниже
2021-10-07 01:30:00+05:00,70.125,70.4572154395736,Вниз,0.4715137229039669,True,-0.0365796470532302,-0.038043639948801,0.0014639928955708023,Ниже,69.77983593765407,Зелёный,-0.3322154395736021,Ниже
2021-10-07 12:00:00+05:00,69.985,70.45251677848333,Вниз,0.6635913092406543,True,-0.0440803931902706,-0.0392509905970949,-0.0048294025931756995,Ниже,69.80468845269428,Зелёный,-0.4675167784833292,Ниже
2021-10-07 12:30:00+05:00,69.97,70.44771561650838,Вниз,0.6781137079147973,True,-0.050651286680079,-0.0415310498136917,-0.009120236866387299,False,69.80468845269428,Зелёный,-0.4777156165083767,Ниже
2021-10-07 13:00:00+05:00,70.81,70.45132043624461,Вверх,0.5091168789092848,True,0.011786347043639,-0.0308675704422256,0.0426539174858646,Выше,69.71007264668236,Зелёный,0.3586795637553877,Выше
2021-10-07 13:30:00+05:00,70.96,70.45638192444119,Вверх,0.7147941205651105,True,0.0725362156642717,-0.0101868132209261,0.0827230288851978,False,70.13006538201412,Зелёный,0.5036180755588049,Выше
2021-10-07 14:00:00+05:00,70.92,70.46099503962088,Вверх,0.6514312778594963,True,0.1161147598466669,0.0150735013925924,0.1010412584540745,False,70.28680884381271,Зелёный,0.45900496037911864,Выше
2021-10-07 14:30:00+05:00,71.21,70.4684478252963,Вверх,1.0523180197499704,True,0.1720681519001345,0.0464724314941009,0.1255957204060336,False,70.41512795943144,Зелёный,0.741552174703699,Выше
2021-10-07 15:00:00+05:00,70.65,70.47025431459683,Вверх,0.25506603765149877,True,0.1692730242850473,0.0710325500522901,0.09824047423275721,False,70.41512795943144,Зелёный,0.17974568540317648,Выше
2021-10-07 15:30:00+05:00,70.99,70.47542591345656,Вверх,0.7301468275982149,True,0.1922765792956227,0.0952813559009566,0.0969952233946661,False,70.41512795943144,Зелёный,0.5145740865434334,Выше
2021-10-07 16:00:00+05:00,71.005,70.48069530735252,Вверх,0.7438982977694616,True,0.2093047026880015,0.1180860252583656,0.0912186774296359,False,70.41512795943144,Зелёный,0.5243046926474761,Выше
2021-10-07 16:30:00+05:00,70.935,70.48521575205548,Вверх,0.6381256596088444,True,0.2146765406428556,0.1374041283352636,0.07727241230759199,False,70.41512795943144,Зелёный,0.4497842479445211,Выше
2021-10-07 17:00:00+05:00,71.05,70.49083549581613,Вверх,0.7932442568609606,True,0.2256125784634122,0.1550458183608933,0.07056676010251892,False,70.41512795943144,Зелёный,0.5591645041838689,Выше
2021-10-07 17:30:00+05:00,71.1,70.49689683416622,Вверх,0.8555031397374634,True,0.2355982197363459,0.1711562986359839,0.06444192110036201,False,70.5239670428882,Зелёный,0.6031031658337724,Выше
2021-10-07 18:00:00+05:00,71.945,70.51130582089094,Вверх,2.033282694765074,True,0.3081442552665692,0.1985538899621009,0.10959036530446828,False,70.84282033859937,Зелёный,1.4336941791090538,Выше
2021-10-07 18:30:00+05:00,72.265,70.5287555142154,Вверх,2.461754036528615,True,0.3869977673741118,0.2362426654445031,0.1507551019296087,False,71.20078830473945,Зелёный,1.7362444857845958,Выше
2021-10-07 19:00:00+05:00,72.75,70.55085744939734,Вверх,3.117102513148044,True,0.4830568122746115,0.2856054948105249,0.19745131746408662,False,71.88945947426551,Зелёный,2.1991425506026587,Выше
2021-10-07 19:30:00+05:00,72.81,70.5733364797516,Вверх,3.169275581706593,True,0.5575981515867028,0.3400040261657605,0.2175941254209423,False,72.11626352683896,Зелёный,2.236663520248399,Выше
2021-10-07 20:00:00+05:00,72.86,70.59608935059984,Вверх,3.2068499405922455,True,0.6136336949042942,0.3947299599134672,0.218903734990827,False,72.11626352683896,Зелёный,2.2639106494001595,Выше
2021-10-07 20:30:00+05:00,72.9,70.61901383467348,Вверх,3.229988697755752,True,0.6537340927183095,0.4465307864744356,0.2072033062438739,False,72.13674845673954,Зелёный,2.2809861653265244,Выше
2021-10-07 21:00:00+05:00,72.65,70.63922265223893,Вверх,2.846545123606829,True,0.6577588021997371,0.488776389619496,0.16898241258024116,False,72.13674845673954,Зелёный,2.0107773477610777,Выше
2021-10-07 21:30:00+05:00,72.27,70.65544929251516,Вверх,2.2851042964861232,True,0.6231028474948772,0.5156416811945723,0.10746116630030489,False,72.13674845673954,Зелёный,1.6145507074848382,Выше
2021-10-07 22:00:00+05:00,72.495,70.6737532796543,Вверх,2.5769774998917487,True,0.6067985770281581,0.5338730603612896,0.07292551666686853,False,72.13674845673954,Зелёный,1.8212467203456981,Выше
2021-10-07 22:30:00+05:00,72.4,70.69092986393635,Вверх,2.4176653770904166,True,0.5795311448730018,0.543004677263632,0.03652646760936984,False,72.13674845673954,Зелёный,1.7090701360636587,Выше
2021-10-07 23:00:00+05:00,72.41,70.70803503941957,Вверх,2.4070319018645963,True,0.5523611493682665,0.5448759716845589,0.0074851776837076,False,72.13674845673954,Зелёный,1.7019649605804261,Выше
2021-10-07 23:30:00+05:00,72.26,70.72347747683828,Вверх,2.172577732288303,True,0.5128135899344386,0.5384634953345349,-0.025649905400096262,Выше,72.13674845673954,Зелёный,1.5365225231617217,Выше
2021-10-08 00:00:00+05:00,72.175,70.737920487019,Вверх,2.031554650019316,True,0.4692043785269106,0.5246116719730101,-0.05540729344609946,False,72.13674845673954,Зелёный,1.4370795129810006,Выше
2021-10-08 00:30:00+05:00,72.25,70.75296605431235,Вверх,2.1158603365666306,True,0.4356734649907992,0.5068240305765679,-0.07115056558576871,False,72.13674845673954,Зелёный,1.4970339456876474,Выше
2021-10-08 01:00:00+05:00,72.24,70.76776241198088,Вверх,2.080378886997089,True,0.4036401456677367,0.4861872535948017,-0.08254710792706499,False,72.13674845673954,Зелёный,1.4722375880191123,Выше
2021-10-08 01:30:00+05:00,72.5,70.78499860688655,Вверх,2.4228317113318476,True,0.3946836687545954,0.4678865366267604,-0.07320286787216501,False,72.13674845673954,Зелёный,1.7150013931134538,Выше
2021-10-08 12:00:00+05:00,71.685,70.79395384462896,Вверх,1.2586472530219412,True,0.3181544213866942,0.4379401135787472,-0.11978569219205298,False,72.57440675866185,Красный,0.8910461553710434,Выше
2021-10-08 12:30:00+05:00,71.755,70.80351649294111,Вверх,1.3438365129135097,True,0.2601539635185474,0.4023828835667072,-0.1422289200481598,False,72.47396608279567,Красный,0.9514835070588816,Выше
2021-10-08 13:00:00+05:00,72.74,70.82278498554868,Вверх,2.7070596204915147,True,0.2903227903908743,0.3799708649315407,-0.08964807454066642,False,71.5196805254839,Зелёный,1.9172150144513154,Выше
2021-10-08 13:30:00+05:00,73.27,70.84713538370244,Вверх,3.4198483864951177,True,0.3529300161125945,0.3745626951677515,-0.021632679055156978,False,72.30021247293551,Зелёный,2.4228646162975593,Выше
2021-10-08 14:00:00+05:00,73.745,70.87596985749644,Вверх,4.047958917912583,True,0.4358510047422896,0.3868203570826591,0.0490306476596305,Выше,72.57419122564195,Зелёный,2.8690301425035614,Выше
2021-10-08 14:30:00+05:00,73.765,70.90471642607858,Вверх,4.033982107386888,True,0.4974460698539644,0.4089454996369203,0.0885005702170441,False,72.83127210307777,Зелёный,2.8602835739214214,Выше
2021-10-08 15:00:00+05:00,73.9,70.93452024273452,Вверх,4.180587599828342,True,0.5508046414388588,0.437317327997308,0.11348731344155077,False,73.02839489276998,Зелёный,2.9654797572654843,Выше
2021-10-08 15:30:00+05:00,73.9,70.96402750400085,Вверх,4.137268696923418,True,0.5863328141456776,0.4671204252269819,0.11921238891869573,False,73.02839489276998,Зелёный,2.9359724959991524,Выше
2021-10-08 16:00:00+05:00,74.015,70.99438543928444,Вверх,4.254723161592597,True,0.6166602108345245,0.4970283823484905,0.11963182848603399,False,73.18674986314369,Зелёный,3.0206145607155577,Выше
2021-10-08 16:30:00+05:00,73.73,71.0216054846647,Вверх,3.8134797106496108,True,0.6106584821909138,0.5197544023169752,0.09090407987393856,False,73.19407487682932,Зелёный,2.7083945153353,Выше
2021-10-08 17:00:00+05:00,74.06,71.05183826591183,Вверх,4.2337563777451015,True,0.6253219884423231,0.5408679195420448,0.08445406890027829,False,73.19407487682932,Зелёный,3.0081617340881763,Выше
2021-10-08 17:30:00+05:00,74.43,71.08545181550474,Вверх,4.704968596353176,True,0.6591999835003577,0.5645343323337074,0.09466565116665027,False,73.23132565023175,Зелёный,3.3445481844952667,Выше
2021-10-08 18:00:00+05:00,74.37,71.11813388699225,Вверх,4.572485152907714,True,0.6734439969104926,0.5863162652490644,0.08712773166142818,False,73.50744308520858,Зелёный,3.2518661130077504,Выше
2021-10-08 18:30:00+05:00,74.44,71.15118728115154,Вверх,4.622287897815153,True,0.6825133065975137,0.6055556735187543,0.07695763307875947,False,73.50744308520858,Зелёный,3.2888127188484617,Выше
2021-10-08 19:00:00+05:00,74.49,71.18440929825451,Вверх,4.643700403406371,True,0.68582956567883,0.6216104519507695,0.06421911372806055,False,73.62460389901895,Зелёный,3.305590701745487,Выше
2021-10-08 19:30:00+05:00,74.88,71.22118134503805,Вверх,5.137261957557878,False,0.7117231639256829,0.6396329943457522,0.07209016957993075,False,73.97089350911706,Зелёный,3.658818654961948,Выше
2021-10-08 20:00:00+05:00,74.995,71.25873177941578,Вверх,5.243242655721109,False,0.7330731549860445,0.6583210264738107,0.07475212851223378,False,74.06405415820535,Зелёный,3.736268220584222,Выше
2021-10-08 20:30:00+05:00,74.96,71.29556031892407,Вверх,5.139786635638885,False,0.7386542231389086,0.6743876658068304,0.0642665573320782,False,74.19464874238481,Зелёный,3.664439681075919,Выше
2021-10-08 21:00:00+05:00,74.495,71.3273955396313,Вверх,4.440936664522829,True,0.697515125843978,0.67901315781426,0.01850196802971804,False,74.19464874238481,Зелёный,3.1676044603687075,Выше
2021-10-08 21:30:00+05:00,74.63,71.36025727555537,Вверх,4.58202205160026,True,0.668103979805565,0.676831322212521,-0.00872734240695594,Выше,74.19464874238481,Зелёный,3.269742724444626,Выше
2021-10-08 22:00:00+05:00,74.5,71.39149849669413,Вверх,4.3541620063484405,True,0.6270769681822514,0.666880451406467,-0.03980348322421556,False,74.19464874238481,Зелёный,3.108501503305874,Выше
2021-10-08 22:30:00+05:00,74.45,71.42193134747329,Вверх,4.239690239955738,True,0.5837985178428085,0.6502640646937353,-0.06646554685092687,False,74.19464874238481,Зелёный,3.028068652526713,Выше
2021-10-08 23:00:00+05:00,74.495,71.45250914501086,Вверх,4.258060201657146,True,0.5468276690829441,0.6295767855715771,-0.08274911648863303,False,74.19464874238481,Зелёный,3.04249085498914,Выше
2021-10-08 23:30:00+05:00,74.475,71.48258368088142,Вверх,4.186217348378974,True,0.5100348084410626,0.6056683901454742,-0.09563358170441161,False,74.19464874238481,Зелёный,2.9924163191185755,Выше
2021-10-09 00:00:00+05:00,74.455,71.5121599626637,Вверх,4.1151603291982015,True,0.4738006890385549,0.5792948499240904,-0.10549416088553554,False,74.19464874238481,Зелёный,2.942840037336296,Выше
2021-10-09 00:30:00+05:00,74.4,71.54089468940336,Вверх,3.9964628944179776,True,0.4356252315119491,0.5505609262416622,-0.1149356947297131,False,74.19464874238481,Зелёный,2.8591053105966466,Выше
2021-10-09 01:00:00+05:00,74.3,71.5683484735884,Вверх,3.81684303839942,True,0.392774086936825,0.5190035583806948,-0.1262294714438698,False,74.19464874238481,Зелёный,2.7316515264115964,Выше
2021-10-09 01:30:00+05:00,74.31,71.59562858827907,Вверх,3.7912529930148597,True,0.3555229156949337,0.4863074298435426,-0.13078451414860887,False,74.19464874238481,Зелёный,2.7143714117209328,Выше
2021-10-11 12:00:00+05:00,75.17,71.63119447297282,Вверх,4.940313438947896,True,0.3908899705259756,0.4672239379800292,-0.07633396745405358,False,74.42648234888028,Зелёный,3.538805527027179,Выше
2021-10-11 12:30:00+05:00,75.035,71.66506318468454,Вверх,4.702342627719388,True,0.4033753841910368,0.4544542272222308,-0.05107884303119398,False,74.42648234888028,Зелёный,3.369936815315455,Выше
2021-10-11 13:00:00+05:00,75.98,71.7079978793643,Вверх,5.957497415870645,False,0.4839451483537971,0.460352411448544,0.023592736905253098,Выше,74.72852570259303,Зелёный,4.272002120635705,Выше
2021-10-11 13:30:00+05:00,75.8,71.7487143183756,Вверх,5.646492372877009,False,0.5271955886709918,0.4737210468930336,0.053474541777958184,False,75.09092313233374,Зелёный,4.0512856816243925,Выше
2021-10-11 14:00:00+05:00,75.815,71.78917487242161,Вверх,5.607844267234975,False,0.5562699155443624,0.4902308206232993,0.06603909492106314,False,75.09092313233374,Зелёный,4.025825127578386,Выше
2021-10-11 14:30:00+05:00,76.14,71.83246666473582,Вверх,5.996638477373696,False,0.5986356141996225,0.511911779338564,0.0867238348610585,False,75.20759773719031,Зелёный,4.307533335264182,Выше
2021-10-11 15:00:00+05:00,76.425,71.87816351384292,Вверх,6.32575494959802,False,0.6477410975996065,0.5390776429907725,0.10866345460883398,False,75.48783796347129,Зелёный,4.546836486157076,Выше
2021-10-11 15:30:00+05:00,76.245,71.92161462315792,Вверх,6.011246270672577,False,0.6644734153904892,0.5641567974707159,0.10031661791977331,False,75.52505416712417,Зелёный,4.323385376842083,Выше
2021-10-11 16:00:00+05:00,76.35,71.96567815924591,Вверх,6.092240013430347,False,0.6783865029430132,0.5870027385651754,0.0913837643778378,False,75.60204875041175,Зелёный,4.384321840754083,Выше
2021-10-11 16:30:00+05:00,76.475,72.01054703328327,Вверх,6.199720944562816,False,0.6915276797668497,0.6079077268055103,0.0836199529613394,False,75.64784387537058,Зелёный,4.4644529667167205,Выше
2021-10-11 17:00:00+05:00,76.88,72.05899930160882,Вверх,6.690351996441808,False,0.7262505085630977,0.6315762831570277,0.09467422540606996,False,75.99805948783352,Зелёный,4.821000698391174,Выше
2021-10-11 17:30:00+05:00,76.375,72.10194458218983,Вверх,5.926408008232379,False,0.7048937447019057,0.6462397754660034,0.05865396923590227,False,75.99805948783352,Зелёный,4.27305541781017,Выше
2021-10-11 18:00:00+05:00,75.935,72.14008443709342,Вверх,5.2604811770296305,False,0.6450285451559239,0.6459975294039876,-0.0009689842480636868,Выше,76.90882181485485,Красный,3.7949155629065814,Выше
2021-10-11 18:30:00+05:00,76.765,72.18610349742085,Вверх,6.343182802134148,False,0.6569856845981832,0.6481951604428267,0.008790524155356527,Выше,76.90882181485485,Красный,4.5788965025791555,Выше
2021-10-11 19:00:00+05:00,76.885,72.23285868650123,Вверх,6.440477918352356,False,0.6684394470147907,0.6522440177572195,0.016195429257571226,False,76.90882181485485,Красный,4.652141313498774,Выше
2021-10-11 19:30:00+05:00,76.935,72.27964616225745,Вверх,6.4407534969000135,False,0.6737842529307727,0.6565520647919303,0.01723218813884242,False,75.8797738969708,Зелёный,4.6553538377425525,Выше
2021-10-11 20:00:00+05:00,76.9,72.32561983228473,Вверх,6.324702336907402,False,0.6675013031164525,0.6587419124568348,0.008759390659617727,False,76.08454650727374,Зелёный,4.574380167715276,Выше
2021-10-11 20:30:00+05:00,76.78,72.36994202300826,Вверх,6.093770222435257,False,0.6453992620583193,0.6560733823771318,-0.01067412031881243,Выше,76.08454650727374,Зелёный,4.410057976991737,Выше
2021-10-11 21:00:00+05:00,76.79,72.41392269939624,Вверх,6.0431435523382495,False,0.6215255915762157,0.6491638242169486,-0.02763823264073295,False,76.16440767089173,Зелёный,4.376077300603768,Выше
2021-10-11 21:30:00+05:00,76.475,72.4543314287555,Вверх,5.549245285905415,False,0.5706100310380862,0.6334530655811762,-0.06284303454309004,False,76.16440767089173,Зелёный,4.020668571244499,Выше
2021-10-11 22:00:00+05:00,76.72,72.49677589215096,Вверх,5.825395758470235,False,0.543760403482139,0.6155145331613688,-0.07175412967922978,False,76.16440767089173,Зелёный,4.223224107849035,Выше
2021-10-11 22:30:00+05:00,76.725,72.5388477738211,Вверх,5.7709108355725105,False,0.5169265311407685,0.5957969327572488,-0.07887040161648029,False,76.16440767089173,Зелёный,4.186152226178891,Выше
2021-10-11 23:00:00+05:00,76.715,72.58040152731543,Вверх,5.696577017596862,False,0.489214220546927,0.5744803903151844,-0.0852661697682574,False,76.16440767089173,Зелёный,4.134598472684573,Выше
2021-10-11 23:30:00+05:00,76.835,72.62273584047648,Вверх,5.800200324008996,False,0.4714998550327181,0.5538842832586911,-0.08238442822597303,False,76.16440767089173,Зелёный,4.212264159523514,Выше
2021-10-12 00:00:00+05:00,76.8,72.66430065798417,Вверх,5.691514684056077,False,0.4494558381195048,0.5329985942308539,-0.08354275611134915,False,76.16440767089173,Зелёный,4.135699342015826,Выше
2021-10-12 00:30:00+05:00,76.815,72.70560114894951,Вверх,5.652107658984483,False,0.4282594620408275,0.5120507677928487,-0.08379130575202126,False,76.23174941157373,Зелёный,4.109398851050486,Выше
2021-10-12 01:00:00+05:00,76.95,72.74783397333807,Вверх,5.776345214899474,False,0.4175413957451042,0.4931488933832998,-0.07560749763819563,False,76.31857447041635,Зелёный,4.202166026661928,Выше
2021-10-12 01:30:00+05:00,77.0,72.79014408305612,Вверх,5.7835521140613295,False,0.4083743478410895,0.4761939842748577,-0.0678196364337682,False,76.44396702337474,Зелёный,4.20985591694388,Выше
2021-10-12 12:00:00+05:00,76.195,72.8240232464088,Вверх,4.628935072956749,True,0.3323218248639961,0.4474195523926854,-0.1150977275286893,False,76.83467967896276,Красный,3.3709767535911936,Выше
2021-10-12 12:30:00+05:00,76.2,72.85761505490224,Вверх,4.58755744691765,True,0.2693482319347708,0.4118052883011026,-0.14245705636633177,False,76.83467967896276,Красный,3.3423849450977627,Выше
2021-10-12 13:00:00+05:00,76.325,72.89211639763954,Вверх,4.70954030698391,True,0.226911961327147,0.3748266229063115,-0.14791466157916452,False,76.83467967896276,Красный,3.4328836023604623,Выше
2021-10-12 13:30:00+05:00,76.07,72.92373713000134,Вверх,4.314456436029602,True,0.1707363993259747,0.3340085781902441,-0.1632721788642694,False,76.83467967896276,Красный,3.146262869998651,Выше
2021-10-12 14:00:00+05:00,76.115,72.95549098940432,Вверх,4.330735038236588,True,0.1283682365122302,0.2928805098546413,-0.16451227334241111,False,76.83467967896276,Красный,3.15950901059567,Выше
2021-10-12 14:30:00+05:00,76.185,72.98762540742021,Вверх,4.380707790850712,True,0.0992949666551794,0.254163401214749,-0.1548684345595696,False,76.83467967896276,Красный,3.1973745925797914,Выше
2021-10-12 15:00:00+05:00,76.055,73.01814654764489,Вверх,4.159039356570832,True,0.0650148268337744,0.2163336863385541,-0.1513188595047797,False,76.76948657076764,Красный,3.0368534523551176,Выше
2021-10-12 15:30:00+05:00,76.18,73.04960777602655,Вверх,4.285296416062062,True,0.0473877676935359,0.1825445026095505,-0.1351567349160146,False,76.76948657076764,Красный,3.130392223973459,Выше
2021-10-12 16:00:00+05:00,75.885,73.07782063397654,Вверх,3.8413561620614365,True,0.0095045986498547,0.1479365218176113,-0.1384319231677566,False,76.64525912232179,Красный,2.807179366023462,Выше
2021-10-12 16:30:00+05:00,75.68,73.10371296597678,Вверх,3.524153465669048,True,-0.0366375377650172,0.1110217099010856,-0.1476592476661028,False,76.40823321008962,Красный,2.576287034023224,Выше
2021-10-12 17:00:00+05:00,76.01,73.13263124492228,Вверх,3.9344526596361264,True,-0.0460464761212193,0.0796080726966246,-0.12565454881784388,False,76.40823321008962,Красный,2.8773687550777254,Выше
2021-10-12 17:30:00+05:00,76.125,73.16240605840565,Вверх,4.049339136317231,True,-0.0437196161310993,0.0549425349310798,-0.0986621510621791,False,76.40823321008962,Красный,2.962593941594349,Выше
2021-10-12 18:00:00+05:00,76.53,73.19591445583445,Вверх,4.555015903486382,True,-0.0090906561259629,0.0421358967196713,-0.0512265528456342,False,75.74592798984467,Зелёный,3.3340855441655464,Выше
2021-10-12 18:30:00+05:00,76.575,73.22953719756745,Вверх,4.568460938660254,True,0.0217336362555755,0.0380554446268521,-0.0163218083712766,False,76.1958351908602,Зелёный,3.34546280243255,Выше
2021-10-12 19:00:00+05:00,77.06,73.2676512553031,Вверх,5.176020630827059,False,0.0843255048023081,0.0473094566619433,0.037016048140364806,Выше,76.30050167177419,Зелёный,3.792348744696909,Выше
2021-10-12 19:30:00+05:00,77.325,73.30802288460356,Вверх,5.4795873048161345,False,0.1535433447770771,0.0685562342849701,0.084987110492107,False,76.46020150459677,Зелёный,4.016977115396443,Выше
2021-10-12 20:00:00+05:00,77.37,73.34844056734383,Вверх,5.482815178550167,False,0.2096138080646881,0.0967677490409137,0.1128460590237744,False,76.61418135413709,Зелёный,4.021559432656176,Выше
2021-10-12 20:30:00+05:00,77.15,73.38626702936031,Вверх,5.128661155545497,False,0.2336050393234643,0.1241352070974238,0.1094698322260405,False,76.61418135413709,Зелёный,3.763732970639694,Выше
2021-10-12 21:00:00+05:00,77.025,73.42247332757563,Вверх,4.9065722103253595,True,0.2397679123686771,0.1472617481516745,0.09250616421700258,False,76.61418135413709,Зелёный,3.602526672424375,Выше
2021-10-12 21:30:00+05:00,76.85,73.45657807058483,Вверх,4.619629743920839,True,0.2279038623343723,0.163390170988214,0.06451369134615828,False,76.61418135413709,Зелёный,3.393421929415169,Выше
2021-10-12 22:00:00+05:00,76.84,73.49024396042977,Вверх,4.558096230261376,True,0.2152137506284788,0.173754886916267,0.0414588637122118,False,76.61418135413709,Зелёный,3.349756039570238,Выше
2021-10-12 22:30:00+05:00,76.73,73.52248033893295,Вверх,4.362637993550592,True,0.1940438482876487,0.1778126791905433,0.016231169097105397,False,76.61418135413709,Зелёный,3.207519661067053,Выше
2021-10-12 23:00:00+05:00,77.015,73.55723177834656,Вверх,4.7007862287054145,True,0.1979814592936719,0.181846435211169,0.01613502408250289,False,76.61418135413709,Зелёный,3.4577682216534384,Выше
2021-10-12 23:30:00+05:00,76.715,73.5886523576665,Вверх,4.248409968344522,True,0.1748786592637117,0.1804528800216776,-0.005574220757965875,Выше,76.61418135413709,Зелёный,3.1263476423334993,Выше
2021-10-13 00:00:00+05:00,76.58,73.61841701082406,Вверх,4.02288328033527,True,0.1440160249466373,0.1731655090066696,-0.029149484060032316,False,77.28461332422559,Красный,2.9615829891759375,Выше
2021-10-13 00:30:00+05:00,76.53,73.64738798584074,Вверх,3.9140723018085417,True,0.114206086094839,0.1613736244243035,-0.047167538329464506,False,77.28461332422559,Красный,2.882612014159264,Выше
2021-10-13 01:00:00+05:00,76.485,73.67562293125526,Вверх,3.813170431373334,True,0.0859594834491872,0.1462907962292802,-0.060331312780093,False,77.11601179262274,Красный,2.8093770687447375,Выше
2021-10-13 01:30:00+05:00,76.21,73.70084061353133,Вверх,3.4045193590478404,True,0.0409120371205489,0.125215044407534,-0.0843030072869851,False,76.89066061336045,Красный,2.509159386468667,Выше
2021-10-13 12:00:00+05:00,75.85,73.72222528404345,Вверх,2.8862052220459584,True,-0.0235657289445754,0.0954588897371121,-0.1190246186816875,False,76.89066061336045,Красный,2.127774715956548,Выше
2021-10-13 12:30:00+05:00,75.955,73.74444194788381,Вверх,2.9975927591647045,True,-0.0654378735375473,0.0632795370821802,-0.12871741061972752,False,76.89066061336045,Красный,2.210558052116184,Выше
2021-10-13 13:00:00+05:00,76.48,73.77166143098945,Вверх,3.6712451861262423,True,-0.0556176121954337,0.0395001072266574,-0.0951177194220911,False,76.89066061336045,Красный,2.70833856901055,Выше
2021-10-13 13:30:00+05:00,76.835,73.80214241177563,Вверх,4.109443830644741,True,-0.0189707679849817,0.0278059321843296,-0.0467767001693113,False,76.89066061336045,Красный,3.03285758822436,Выше
2021-10-13 14:00:00+05:00,77.3,73.8369469648923,Вверх,4.690135734829732,True,0.0470513551768903,0.0316550167828417,0.015396338394048595,Выше,76.11586323941678,Зелёный,3.4630530351076914,Выше
2021-10-13 14:30:00+05:00,76.93,73.86772361200781,Вверх,4.145621711692224,True,0.0687262225523994,0.0390692579367532,0.029656964615646195,False,76.21877691547512,Зелёный,3.062276387992199,Выше
2021-10-13 15:00:00+05:00,76.455,73.89346765566943,Вверх,3.4665206893075626,True,0.0470330135440093,0.0406620090582045,0.006371004485804799,False,76.21877691547512,Зелёный,2.5615323443305726,Выше
2021-10-13 15:30:00+05:00,76.1,73.91542320138416,Вверх,2.955508747699259,True,0.0011818325426418,0.0327659737550919,-0.0315841412124501,Выше,77.17616569846517,Красный,2.1845767986158364,Выше
2021-10-13 16:00:00+05:00,76.14,73.9375582939077,Вверх,2.9787860958802828,True,-0.0315640424019534,0.0198999705236828,-0.0514640129256362,False,77.07754912861864,Красный,2.2024417060923014,Выше
2021-10-13 16:30:00+05:00,75.995,73.95803035068474,Вверх,2.754223766718266,True,-0.0684268898097997,0.0022345984569863,-0.070661488266786,False,76.95354421575679,Красный,2.0369696493152674,Выше
2021-10-13 17:00:00+05:00,76.16,73.97994049644907,Вверх,2.946825164931785,True,-0.0833658512853361,-0.0148854914914781,-0.06848035979385801,False,76.95354421575679,Красный,2.180059503550922,Выше
2021-10-13 17:30:00+05:00,75.56,73.99566248155904,Вверх,2.1140935373486576,True,-0.1419833755036705,-0.0403050682939166,-0.10167830720975389,False,76.76874581476301,Красный,1.564337518440965,Выше
2021-10-13 18:00:00+05:00,76.065,74.0162529046281,Вверх,2.7679692161825034,True,-0.1460058417658558,-0.0614452229883044,-0.08456061877755139,False,76.76874581476301,Красный,2.048747095371894,Выше
2021-10-13 18:30:00+05:00,76.12,74.03718571154724,Вверх,2.813200243142034,True,-0.1431059980480142,-0.0777773780002464,-0.0653286200477678,False,76.76874581476301,Красный,2.0828142884527665,Выше
2021-10-13 19:00:00+05:00,76.27,74.05940276914379,Вверх,2.984897458256624,True,-0.1272373911688049,-0.0876693806339581,-0.03956801053484679,False,76.76874581476301,Красный,2.2105972308562087,Выше
2021-10-13 19:30:00+05:00,75.94,74.07811517940107,Вверх,2.5134073890647075,True,-0.1396795095264877,-0.098071406412464,-0.0416081031140237,False,76.76874581476301,Красный,1.861884820598931,Выше
2021-10-13 20:00:00+05:00,76.42,74.10141751592444,Вверх,3.1289313508439944,True,-0.1095452203819178,-0.1003661692063548,-0.009179051175563002,False,76.76874581476301,Красный,2.318582484075563,Выше
2021-10-13 20:30:00+05:00,76.37,74.12399047596499,Вверх,3.0300709791970726,True,-0.088675959993651,-0.0980281273638141,0.009352167370163103,Ниже,76.76874581476301,Красный,2.246009524035017,Выше
2021-10-13 21:00:00+05:00,76.35,74.14613982446285,Вверх,2.9723195040964634,True,-0.0729102892051969,-0.0930045597320906,0.020094270526893693,False,76.76874581476301,Красный,2.2038601755371445,Выше
2021-10-13 21:30:00+05:00,76.35,74.16806878143338,Вверх,2.9418741170092653,True,-0.0597273814455121,-0.0863491240747749,0.02662174262926279,False,76.76874581476301,Красный,2.1819312185666178,Выше
2021-10-13 22:00:00+05:00,76.3,74.18928202738927,Вверх,2.845044344588066,True,-0.0527068425290053,-0.079620667765621,0.0269138252366157,False,76.76874581476301,Красный,2.110717972610729,Выше
2021-10-13 22:30:00+05:00,76.445,74.21172698234062,Вверх,3.0093262998593198,True,-0.0350388209559184,-0.0707042984036805,0.035665477447762106,False,76.76874581476301,Красный,2.2332730176593714,Выше
2021-10-13 23:00:00+05:00,76.2,74.23151079346161,Вверх,2.6518242529313847,True,-0.0403412106527127,-0.0646316808534869,0.024290470200774204,False,76.76874581476301,Красный,1.9684892065383934,Выше
2021-10-13 23:30:00+05:00,76.35,74.25259028805404,Вверх,2.8246956824122997,True,-0.0320699637125585,-0.0581193374253013,0.026049373712742803,False,76.76874581476301,Красный,2.097409711945957,Выше
2021-10-14 00:00:00+05:00,76.195,74.2719177478744,Вверх,2.589245451630516,True,-0.0375888447285319,-0.0540132388859474,0.0164243941574155,False,76.76874581476301,Красный,1.923082252125596,Выше
2021-10-14 00:30:00+05:00,76.005,74.28916234739803,Вверх,2.309674249089254,True,-0.0566410866102415,-0.0545388084308062,-0.002102278179435306,Ниже,76.76874581476301,Красный,1.7158376526019623,Выше
2021-10-14 01:00:00+05:00,75.86,74.30479257279707,Вверх,2.0930109261516066,True,-0.0824895258439539,-0.0601289519134358,-0.0223605739305181,False,76.55899124992278,Красный,1.5552074272029301,Выше
2021-10-14 01:30:00+05:00,75.915,74.32081453724685,Вверх,2.1450053698674316,True,-0.0974136360601676,-0.0675858887427821,-0.02982774731738551,False,76.4850921249305,Красный,1.5941854627531598,Выше
2021-10-14 12:00:00+05:00,76.92,74.34667707916479,Вверх,3.461248063709855,True,-0.0278252479268843,-0.0596337605796026,0.03180851265271831,Ниже,76.14216708756253,Зелёный,2.57332292083521,Выше
2021-10-14 12:30:00+05:00,77.08,74.37387432215819,Вверх,3.6385433762935975,True,0.0397761985926621,-0.0397517687451496,0.0795279673378117,False,76.24020037880629,Зелёный,2.7061256778418112,Выше
2021-10-14 13:00:00+05:00,77.175,74.40174621945015,Вверх,3.7274041557708295,True,0.0998653524345485,-0.01182834450921,0.1116936969437585,False,76.47793034092565,Зелёный,2.773253780549851,Выше
2021-10-14 13:30:00+05:00,77.66,74.43416665507752,Вверх,4.333807295607612,True,0.1844951413142723,0.0274363526554864,0.15705878865878592,False,76.6841373068331,Зелёный,3.225833344922478,Выше
2021-10-14 14:00:00+05:00,77.89,74.46855305651954,Вверх,4.594485595663016,True,0.2670456010768447,0.0753582023397581,0.19168739873708662,False,77.01247357614979,Зелёный,3.4214469434804613,Выше
2021-10-14 14:30:00+05:00,77.875,74.50244805098203,Вверх,4.526766619413818,True,0.3274820513059069,0.1257829721329879,0.20169907917291902,False,77.09497621853481,Зелёный,3.372551949017975,Выше
2021-10-14 15:00:00+05:00,78.38,74.54103065743992,Вверх,5.150142557328472,False,0.4113854575958555,0.1829034692255614,0.2284819883702941,False,77.39472859668133,Зелёный,3.838969342560077,Выше
2021-10-14 15:30:00+05:00,78.645,74.5818661732863,Вверх,5.447884365447839,False,0.493573192351846,0.2450374138508183,0.2485357785010277,False,77.82750573701318,Зелёный,4.063133826713695,Выше
2021-10-14 16:00:00+05:00,78.385,74.6197083009153,Вверх,5.045974830001463,False,0.5315997857663319,0.302349888233921,0.22924989753241093,False,77.82875516331187,Зелёный,3.765291699084699,Выше
2021-10-14 16:30:00+05:00,78.67,74.66000971085644,Вверх,5.3710015638538815,False,0.5780696263530132,0.3574938358577395,0.2205757904952737,False,77.9003796469807,Зелёный,4.009990289143559,Выше
2021-10-14 17:00:00+05:00,78.765,74.70085538537528,Вверх,5.440559674528694,False,0.6154682806433982,0.4090887248148712,0.20637955582852702,False,77.9003796469807,Зелёный,4.064144614624723,Выше
2021-10-14 17:30:00+05:00,78.9,74.74263791885413,Вверх,5.56223622406718,False,0.6485245678436229,0.4569758934206216,0.19154867442300128,False,78.03273251405435,Зелёный,4.157362081145877,Выше
2021-10-14 18:00:00+05:00,78.795,74.78295992961179,Вверх,5.364912105865393,False,0.6586567066148064,0.4973120560594586,0.16134465055534775,False,78.20520926264892,Зелёный,4.01204007038821,Выше
2021-10-14 18:30:00+05:00,78.815,74.8230797313072,Вверх,5.335145630235947,False,0.6606843742376611,0.5299865196950991,0.130697854542562,False,78.20520926264892,Зелёный,3.9919202686927946,Выше
2021-10-14 19:00:00+05:00,79.0,74.8646411270156,Вверх,5.523781067711704,False,0.6695016708169703,0.5578895499194734,0.11161212089749695,False,78.20520926264892,Зелёный,4.135358872984398,Выше
2021-10-14 19:30:00+05:00,79.315,74.90892330485624,Вверх,5.881911661194725,False,0.6939083656204872,0.5850933130596762,0.10881505256081103,False,78.36521505247107,Зелёный,4.406076695143753,Выше
2021-10-14 20:00:00+05:00,79.21,74.95172008789251,Вверх,5.681363826092302,False,0.6967465639352497,0.6074239632347909,0.08932260070045883,False,78.36521505247107,Зелёный,4.258279912107483,Выше
2021-10-14 20:30:00+05:00,78.72,74.98921541040104,Вверх,4.975094844213415,True,0.651941772712533,0.6163275251303393,0.03561424758219367,False,78.36521505247107,Зелёный,3.7307845895989544,Выше
2021-10-14 21:00:00+05:00,78.93,75.02842719736222,Вверх,5.200126070049027,False,0.6261609046865999,0.6182942010415915,0.00786670364500841,False,78.36521505247107,Зелёный,3.901572802637787,Выше
2021-10-14 21:30:00+05:00,78.955,75.06749757350786,Вверх,5.178675927867983,False,0.6008207841000655,0.6147995176532863,-0.013978733553220879,Выше,78.36521505247107,Зелёный,3.8875024264921336,Выше
2021-10-14 22:00:00+05:00,78.88,75.10543292103516,Вверх,5.0256911280084955,False,0.5681375467846692,0.605467123479563,-0.037329576694893785,False,78.36521505247107,Зелёный,3.774567078964836,Выше
2021-10-14 22:30:00+05:00,79.02,75.14438383724377,Вверх,5.157559307626342,False,0.5472246110329024,0.593818620990231,-0.04659400995732854,False,78.36521505247107,Зелёный,3.8756161627562307,Выше
2021-10-14 23:00:00+05:00,78.95,75.18225066473389,Вверх,5.0114878205335165,False,0.5190196088224752,0.5788588185566799,-0.059839209734204646,False,78.36521505247107,Зелёный,3.7677493352661173,Выше
2021-10-14 23:30:00+05:00,78.975,75.21998946408978,Вверх,4.992038104050611,True,0.4930012212351329,0.5616872990923705,-0.06868607785723757,False,78.36521505247107,Зелёный,3.755010535910216,Выше
2021-10-15 00:00:00+05:00,78.945,75.25705424554162,Вверх,4.900465200811191,True,0.4646050347067501,0.5422708462152463,-0.07766581150849627,False,78.36985088495351,Зелёный,3.6879457544583687,Выше
2021-10-15 00:30:00+05:00,78.965,75.29394922817305,Вверх,4.875625212196126,True,0.4386581075439721,0.5215482984809916,-0.08289019093701949,False,78.39786579645815,Зелёный,3.6710507718269554,Выше
2021-10-15 01:00:00+05:00,78.995,75.33077560401212,Вверх,4.864179834347452,True,0.4157235280569722,0.5003833443961877,-0.08465981633921549,False,78.48357921681234,Зелёный,3.664224395987887,Выше
2021-10-15 01:30:00+05:00,79.0,75.3672852994946,Вверх,4.820015323717337,True,0.3934161107602563,0.4789898976690014,-0.08557378690874512,False,78.50947129513109,Зелёный,3.632714700505403,Выше
2021-10-15 12:00:00+05:00,80.165,75.415023754226,Вверх,6.298448252504642,False,0.4643898879692614,0.4760698957290535,-0.01168000775979211,False,79.42427416561799,Зелёный,4.749976245774008,Выше
2021-10-15 12:30:00+05:00,79.865,75.45930212483071,Вверх,5.838508641228922,False,0.4907723072872016,0.4790103780406831,0.011761929246518532,Выше,79.42427416561799,Зелёный,4.405697875169281,Выше
2021-10-15 13:00:00+05:00,79.26,75.49712001413587,Вверх,4.984137123587735,True,0.4575873388635045,0.4747257702052475,-0.017138431341742977,Выше,80.30186292584943,Красный,3.7628799858641315,Выше
2021-10-15 13:30:00+05:00,79.785,75.53978548663203,Вверх,5.619839248973282,False,0.4682533910801254,0.4734312943802231,-0.005177903300097653,False,80.30186292584943,Красный,4.245214513367969,Выше
2021-10-15 14:00:00+05:00,79.98,75.58396672557102,Вверх,5.816092307499592,False,0.4868293192717203,0.4761108993585226,0.010718419913197719,Выше,80.30186292584943,Красный,4.396033274428987,Выше
2021-10-15 14:30:00+05:00,79.975,75.62765859894841,Вверх,5.748348529610605,False,0.4954363362962084,0.4799759867460598,0.015460349550148633,False,80.30186292584943,Красный,4.34734140105158,Выше
2021-10-15 15:00:00+05:00,80.255,75.67370179696883,Вверх,6.054016249030221,False,0.518869909904609,0.4877547713777697,0.031115138526839337,False,80.30186292584943,Красный,4.581298203031167,Выше
2021-10-15 15:30:00+05:00,80.135,75.71809282386467,Вверх,5.83335767107862,False,0.5217438503681251,0.4945525871758408,0.02719126319228432,False,80.30186292584943,Красный,4.416907176135339,Выше
2021-10-15 16:00:00+05:00,80.475,75.76542523357745,Вверх,6.215994633308513,False,0.5451722213823587,0.5046765140171443,0.04049570736521435,False,79.47115320732367,Зелёный,4.7095747664225485,Выше
2021-10-15 16:30:00+05:00,80.98,75.81731154966126,Вверх,6.809379473917544,False,0.5975998941555218,0.5232611900448199,0.07433870411070198,False,79.96503788659129,Зелёный,5.162688450338749,Выше
2021-10-15 17:00:00+05:00,80.985,75.86873133523677,Вверх,6.74358009514653,False,0.6322643113521167,0.5450618143062793,0.08720249704583738,False,80.17703409793216,Зелёный,5.116268664763226,Выше
2021-10-15 17:30:00+05:00,81.205,75.92182853588119,Вверх,6.958698922302621,False,0.6697676090263514,0.5700029732502938,0.09976463577605754,False,80.43733068813894,Зелёный,5.283171464118809,Выше
2021-10-15 18:00:00+05:00,81.28,75.97514367482765,Вверх,6.982357740417114,False,0.6975007612323623,0.5955025308467076,0.1019982303856547,False,80.43733068813894,Зелёный,5.304856325172352,Выше
2021-10-15 18:30:00+05:00,81.465,76.02976911089903,Вверх,7.148819406741862,False,0.7260381225192987,0.6216096491812259,0.10442847333807281,False,80.53818785739253,Зелёный,5.435230889100978,Выше
2021-10-15 19:00:00+05:00,81.74,76.08658732870103,Вверх,7.430235564220676,False,0.7620598372310781,0.6496996867911964,0.11236015043988168,False,80.76086907165329,Зелёный,5.653412671298966,Выше
2021-10-15 19:30:00+05:00,81.495,76.14040238015674,Вверх,7.032531287539852,False,0.7620533762533626,0.6721704246836296,0.08988295156973292,False,80.87553216448796,Зелёный,5.354597619843261,Выше
2021-10-15 20:00:00+05:00,81.68,76.19552275448355,Вверх,7.197899623562511,False,0.7681217800314641,0.6913606957531966,0.07676108427826756,False,80.87922894803916,Зелёный,5.484477245516459,Выше
2021-10-15 20:30:00+05:00,81.69,76.25019416986183,Вверх,7.134153413458812,False,0.7649204236749085,0.706072641337539,0.058847782337369536,False,80.91905605323524,Зелёный,5.4398058301381695,Выше
2021-10-15 21:00:00+05:00,81.755,76.3049683572264,Вверх,7.142433527079045,False,0.7588803818152172,0.7166341894330747,0.042246192382142556,False,80.91905605323524,Зелёный,5.450031642773595,Выше
2021-10-15 21:30:00+05:00,81.955,76.36118757755251,Вверх,7.325465462105867,False,0.7614543617620058,0.7255982238988609,0.0358561378631449,False,81.31903540312057,Зелёный,5.593812422447485,Выше
2021-10-15 22:00:00+05:00,81.935,76.41664839767637,Вверх,7.221399679302648,False,0.7531980285378523,0.7311181848266592,0.022079843711193092,False,81.31903540312057,Зелёный,5.518351602323634,Выше
2021-10-15 22:30:00+05:00,82.085,76.47304990615721,Вверх,7.3384677356655725,False,0.7501117500455337,0.7349168978704341,0.015194852175099527,False,81.37169367652764,Зелёный,5.611950093842779,Выше
2021-10-15 23:00:00+05:00,82.685,76.53486035485217,Вверх,8.03573641688617,False,0.7870086913972045,0.7453352565757883,0.04167343482141628,False,81.77252430887488,Зелёный,6.150139645147831,Выше
2021-10-15 23:30:00+05:00,82.985,76.59904084883374,Вверх,8.336865684478726,False,0.83087941534626,0.7624440883298826,0.06843532701637733,False,82.42277187798739,Зелёный,6.3859591511662614,Выше
2021-10-16 00:00:00+05:00,83.095,76.66367725829808,Вверх,8.389008943613897,False,0.8645572826528252,0.7828667271944713,0.08169055545835391,False,82.42277187798739,Зелёный,6.431322741701919,Выше
2021-10-16 00:30:00+05:00,83.36,76.73030733532994,Вверх,8.640252978131189,False,0.9022301726206337,0.8067394162797038,0.09549075634092985,False,82.42277187798739,Зелёный,6.62969266467006,Выше
2021-10-16 01:00:00+05:00,83.44,76.79707044642119,Вверх,8.649977811605932,False,0.9278459106567,0.8309607151551031,0.09688519550159691,False,82.62682069905281,Зелёный,6.64292955357881,Выше
2021-10-16 01:30:00+05:00,83.41,76.86287074048666,Вверх,8.517934857804775,False,0.934948316119076,0.8517582353478977,0.08319008077117829,False,82.62682069905281,Зелёный,6.547129259513341,Выше
2021-10-18 12:00:00+05:00,84.64,76.94025511122808,Вверх,10.007433530914136,False,1.0279778552577596,0.8870021593298701,0.1409756959278895,False,83.41647476623277,Зелёный,7.699744888771917,Выше
2021-10-18 12:30:00+05:00,84.565,77.01612321957407,Вверх,9.801683679797765,False,1.08316649298456,0.9262350260608082,0.1569314669237517,False,83.41647476623277,Зелёный,7.548876780425928,Выше
2021-10-18 13:00:00+05:00,84.99,77.09546527709075,Вверх,10.239946921048205,False,1.1479648103718318,0.970580982923013,0.17738382744881886,False,83.86714456064855,Зелёный,7.894534722909242,Выше
2021-10-18 13:30:00+05:00,84.97,77.1738188564232,Вверх,10.102106205319558,False,1.184055061198066,1.0132757985780236,0.1707792626200424,False,83.86714456064855,Зелёный,7.796181143576803,Выше
2021-10-18 14:00:00+05:00,84.855,77.25024851954336,Вверх,9.844306816090997,False,1.1896636045952818,1.0485533597814751,0.14111024481380663,False,83.86714456064855,Зелёный,7.604751480456642,Выше
2021-10-18 14:30:00+05:00,85.22,77.32954952929916,Вверх,10.203667962285559,False,1.2096171516489989,1.08076611815498,0.12885103349401894,False,84.3095558847128,Зелёный,7.890450470700841,Выше
2021-10-18 15:00:00+05:00,85.58,77.4116435638335,Вверх,10.55184473564483,False,1.2401834104329623,1.1126495766105766,0.1275338338223857,False,84.44860029624152,Зелёный,8.168356436166505,Выше
2021-10-18 15:30:00+05:00,85.48,77.4919257174272,Вверх,10.308266582122592,False,1.2420209817260144,1.1385238576336645,0.1034971240923499,False,84.72674026661737,Зелёный,7.988074282572811,Выше
2021-10-18 16:00:00+05:00,84.685,77.56349859586076,Вверх,9.181511320479919,False,1.1658877856538936,1.1439966432377102,0.021891142416183396,False,85.91218376004439,Красный,7.121501404139238,Выше
2021-10-18 16:30:00+05:00,83.49,77.62246875908603,Вверх,7.559062903712584,False,0.9976251643933552,1.1147223474688392,-0.117097183075484,Выше,85.17921538403995,Красный,5.867531240913962,Выше
2021-10-18 17:00:00+05:00,81.855,77.6645834978016,Вверх,5.395530772809743,False,0.7239991772018328,1.036577713415438,-0.3125785362136051,False,83.87204384563594,Красный,4.190416502198403,Выше
2021-10-18 17:30:00+05:00,83.075,77.71841848787324,Вверх,6.892293508214631,False,0.5986910769554896,0.9490003861234484,-0.35030930916795877,False,83.87204384563594,Красный,5.356581512126766,Выше
2021-10-18 18:00:00+05:00,83.755,77.77848397555609,Вверх,7.684022262920663,False,0.5479375388484442,0.8687878166684477,-0.3208502778200035,False,83.87204384563594,Красный,5.97651602444391,Выше
2021-10-18 18:30:00+05:00,83.3,77.83342443351076,Вверх,7.02342933807193,False,0.4656327720825572,0.7881568077512697,-0.3225240356687125,False,83.87204384563594,Красный,5.46657556648924,Выше
2021-10-18 19:00:00+05:00,83.895,77.89373861825194,Вверх,7.704420776565274,False,0.4433070115442348,0.7191868485098628,-0.275879836965628,False,81.93140778287825,Зелёный,6.001261381748051,Выше
2021-10-18 19:30:00+05:00,83.45,77.9490248011549,Вверх,7.057144348986896,False,0.3852648115607167,0.6524024411200335,-0.26713762955931686,False,81.93140778287825,Зелёный,5.500975198845097,Выше
2021-10-18 20:00:00+05:00,83.3,78.00226833547178,Вверх,6.791766159599046,False,0.3234338593051262,0.5866087247570521,-0.26317486545192587,False,81.93140778287825,Зелёный,5.297731664528214,Выше
2021-10-18 20:30:00+05:00,83.975,78.06169850128798,Вверх,7.5751637643580745,False,0.3251511034432752,0.5343172004942967,-0.20916609705102146,False,82.08814877371825,Зелёный,5.913301498712016,Выше
2021-10-18 21:00:00+05:00,83.985,78.12063682465825,Вверх,7.5068041092705275,False,0.3235888177572832,0.492171523946894,-0.1685827061896108,False,82.57433389634642,Зелёный,5.864363175341751,Выше
2021-10-18 21:30:00+05:00,83.85,78.17764541346762,Вверх,7.255724518859973,False,0.307907952131444,0.455318809583804,-0.14741085745236,False,82.57433389634642,Зелёный,5.672354586532379,Выше
2021-10-18 22:00:00+05:00,83.675,78.23234545910476,Вверх,6.957038688991283,False,0.2781533371581162,0.4198857150986665,-0.14173237794055032,False,82.57433389634642,Зелёный,5.442654540895234,Выше
2021-10-18 22:30:00+05:00,83.62,78.28595396199924,Вверх,6.813541597244842,False,0.2472840138923118,0.3853653748573956,-0.13808136096508378,False,82.57433389634642,Зелёный,5.334046038000764,Выше
2021-10-18 23:00:00+05:00,83.54,78.33823302705397,Вверх,6.640138246607645,False,0.2138988288391345,0.3510720656537434,-0.13717323681460888,False,82.57433389634642,Зелёный,5.201766972946032,Выше
2021-10-18 23:30:00+05:00,83.715,78.39173319593901,Вверх,6.790597154875455,False,0.1992648652921786,0.3207106255814305,-0.12144576028925189,False,82.6313054224536,Зелёный,5.323266804060992,Выше
2021-10-19 00:00:00+05:00,83.72,78.44475077607892,Вверх,6.724795695991584,False,0.1859275449600375,0.2937540094571519,-0.10782646449711442,False,82.70617488020824,Зелёный,5.2752492239210795,Выше
2021-10-19 00:30:00+05:00,83.38,78.49385773353087,Вверх,6.2248721206396604,False,0.1462367379196365,0.2642505551496488,-0.11801381723001228,False,82.70617488020824,Зелёный,4.886142266469122,Выше
2021-10-19 01:00:00+05:00,83.365,78.54232681080919,Вверх,6.140221947851819,False,0.1122768550484494,0.2338558151294089,-0.12157896008095949,False,82.70617488020824,Зелёный,4.822673189190809,Выше
2021-10-19 01:30:00+05:00,83.415,78.5908111211494,Вверх,6.138362500692373,False,0.0883792048781657,0.2047604930791603,-0.11638128820099461,False,82.70617488020824,Зелёный,4.824188878850606,Выше
2021-10-19 12:00:00+05:00,82.8,78.63269359755587,Вверх,5.299712132173045,False,0.0195889752019695,0.1677261895037222,-0.1481372143017527,False,82.70617488020824,Зелёный,4.167306402444126,Выше
2021-10-19 12:30:00+05:00,82.3,78.66918420852546,Вверх,4.615296101012646,True,-0.0744157799597502,0.1192977956110277,-0.1937135755707779,False,83.29247319498583,Красный,3.6308157914745323,Выше
2021-10-19 13:00:00+05:00,81.94,78.70172963928641,Вверх,4.114611426655484,True,-0.1759361348020007,0.060251009528422,-0.2361871443304227,False,83.06572587548726,Красный,3.238270360713585,Выше
2021-10-19 13:30:00+05:00,82.38,78.73832934436815,Вверх,4.625029113463551,True,-0.2183701890538856,0.0045267698119604,-0.222896958865846,False,83.06572587548726,Красный,3.6416706556318417,Выше
2021-10-19 14:00:00+05:00,82.24,78.77317183845405,Вверх,4.401026492440381,True,-0.2602957849600216,-0.0484377411424359,-0.2118580438175857,False,83.06572587548726,Красный,3.4668281615459478,Выше
2021-10-19 14:30:00+05:00,82.02,78.80547858633014,Вверх,4.07905829814662,True,-0.3077269978783761,-0.1002955924896239,-0.2074314053887522,False,83.0505641632302,Красный,3.214521413669857,Выше
2021-10-19 15:00:00+05:00,81.15,78.82880715761044,Вверх,2.9445997295741995,True,-0.4107830536078154,-0.1623930847132622,-0.24838996889455323,False,82.2632577469072,Красный,2.3211928423895642,Выше
2021-10-19 15:30:00+05:00,81.135,78.85175435007204,Вверх,2.8956180731137744,True,-0.4880402704487494,-0.2275225218603597,-0.2605177485883897,False,82.02268197221646,Красный,2.283245649927963,Выше
2021-10-19 16:00:00+05:00,80.915,78.87228415753401,Вверх,2.589903239503013,True,-0.5605575740084703,-0.2941295322899818,-0.2664280417184885,False,81.87541377499483,Красный,2.042715842465995,Выше
2021-10-19 16:30:00+05:00,80.86,78.89206242462322,Вверх,2.494468410249802,True,-0.6153724691164228,-0.35837811965527,-0.25699434946115285,False,81.85962239749534,Красный,1.96793757537678,Выше
2021-10-19 17:00:00+05:00,81.075,78.91378319651753,Вверх,2.738706365275172,True,-0.6341548231854119,-0.4135334603612984,-0.22062136282411354,False,81.85962239749534,Красный,2.161216803482475,Выше
2021-10-19 17:30:00+05:00,81.14,78.93593460749746,Вверх,2.792220556407014,True,-0.636458321978111,-0.458118432684661,-0.17833988929345002,False,81.85962239749534,Красный,2.2040653925025424,Выше
2021-10-19 18:00:00+05:00,81.025,78.95672132782087,Вверх,2.6195093177588196,True,-0.6401837603828824,-0.4945314982243053,-0.14565226215857707,False,81.85962239749534,Красный,2.068278672179133,Выше
2021-10-19 18:30:00+05:00,80.73,78.97436589172315,Вверх,2.2230429943355188,True,-0.6593397732597595,-0.5274931532313962,-0.13184662002836323,False,81.85962239749534,Красный,1.7556341082768512,Выше
2021-10-19 19:00:00+05:00,80.16,78.98616324603437,Вверх,1.4861296026105755,True,-0.712304287356929,-0.5644553800565028,-0.1478489073004262,False,81.33878795449702,Красный,1.173836753965631,Выше
2021-10-19 19:30:00+05:00,80.185,78.99809196995443,Вверх,1.5024515155340616,True,-0.7436889717651667,-0.6003020983982356,-0.14338687336693112,False,80.82290915904733,Красный,1.186908030045572,Выше
2021-10-19 20:00:00+05:00,77.705,78.98522538318872,Вниз,1.6208415902820295,True,-0.9576377818084724,-0.671769235080283,-0.2858685467281894,False,80.3041182431426,Красный,-1.2802253831887214,Ниже
2021-10-19 20:30:00+05:00,78.5,78.98039726992316,Вниз,0.6082487383310509,True,-1.050929438887323,-0.747601275841691,-0.3033281630456319,False,79.31445641882834,Красный,-0.48039726992315934,Ниже
2021-10-19 21:00:00+05:00,79.31,78.98367689907816,Вверх,0.41315258257576604,True,-1.0474294045315844,-0.8075669015796697,-0.2398625029519147,False,79.31445641882834,Красный,0.32632310092184014,Выше
2021-10-19 21:30:00+05:00,79.37,78.98752091003261,Вверх,0.4842272368606638,True,-1.0279643701556438,-0.8516463952948646,-0.17631797486077916,False,77.84531530074904,Зелёный,0.38247908996739,Выше
2021-10-19 22:00:00+05:00,80.245,79.00003313978353,Вверх,1.5759067569169511,True,-0.931198723620014,-0.8675568609598945,-0.06364186266011951,False,78.47053377067415,Зелёный,1.2449668602164792,Выше
2021-10-19 22:30:00+05:00,80.195,79.01192335729812,Вверх,1.4973393792123144,True,-0.8487618356092526,-0.8637978558897661,0.01503602028051354,Ниже,78.92423039360673,Зелёный,1.1830766427018773,Выше
2021-10-19 23:00:00+05:00,80.04,79.02215297563346,Вверх,1.288052762470797,True,-0.7868667030012944,-0.8484116253120718,0.06154492231077746,False,78.92423039360673,Зелёный,1.0178470243665458,Выше
2021-10-19 23:30:00+05:00,79.77,79.02959423955751,Вверх,0.9368715195451198,True,-0.7509446851118327,-0.8289182372720241,0.07797355216019142,False,78.92423039360673,Зелёный,0.740405760442485,Выше
2021-10-20 00:00:00+05:00,80.1,79.04024504314401,Вверх,1.3407789364487888,True,-0.6879180934877667,-0.8007182085151726,0.11280011502740594,False,78.92423039360673,Зелёный,1.0597549568559828,Выше
2021-10-20 00:30:00+05:00,79.94,79.04919782878437,Вверх,1.126895902403776,True,-0.643462295565925,-0.7692670259253231,0.1258047303593981,False,78.92423039360673,Зелёный,0.8908021712156255,Выше
2021-10-20 01:00:00+05:00,79.93,79.05796202949298,Вверх,1.103036238376224,True,-0.6020970716036089,-0.7358330350609803,0.13373596345737138,False,78.96889933012085,Зелёный,0.8720379705070229,Выше
2021-10-20 01:30:00+05:00,79.975,79.06708678541843,Вверх,1.1482821126894063,True,-0.5592371716718532,-0.7005138623831548,0.14127669071130167,False,79.06950939710875,Зелёный,0.9079132145815692,Выше
2021-10-20 12:00:00+05:00,80.66,79.08293666815058,Вверх,1.9941891364848037,True,-0.4646405301677987,-0.6533391959400836,0.1886986657722849,False,79.06950939710875,Зелёный,1.5770633318494163,Выше
2021-10-20 12:30:00+05:00,79.895,79.09101690030829,Вверх,1.016528970293935,True,-0.4462569446000373,-0.6119227456720744,0.1656658010720371,False,79.06950939710875,Зелёный,0.8039830996917061,Выше
2021-10-20 13:00:00+05:00,80.495,79.10498688139975,Вверх,1.7571750826332417,True,-0.3789050534047788,-0.5653192072186153,0.18641415381383647,False,79.06950939710875,Зелёный,1.3900131186002511,Выше
2021-10-20 13:30:00+05:00,80.495,79.11881785770423,Вверх,1.7393866333681185,True,-0.3218184713753942,-0.516619060049971,0.19480058867457684,False,79.06950939710875,Зелёный,1.3761821422957752,Выше
2021-10-20 14:00:00+05:00,80.55,79.13305847603554,Вверх,1.790581017911189,True,-0.2690376054392658,-0.46710276912783,0.1980651636885642,False,79.26919767889875,Зелёный,1.4169415239644536,Выше
2021-10-20 14:30:00+05:00,80.805,79.14969471010485,Вверх,2.0913602964078453,True,-0.2042772391879879,-0.4145376631398616,0.21026042395187372,False,79.47802791100888,Зелёный,1.6553052898951535,Выше
2021-10-20 15:00:00+05:00,81.325,79.17133953886002,Вверх,2.720252649107809,True,-0.1097296332738864,-0.3535760571666666,0.24384642389278022,False,79.800475119908,Зелёный,2.153660461139978,Выше
2021-10-20 15:30:00+05:00,81.44,79.19391327479177,Вверх,2.836186055631098,True,-0.0252296043295103,-0.2879067665992353,0.262677162269725,False,80.19017760791718,Зелёный,2.2460867252082295,Выше
2021-10-20 16:00:00+05:00,81.245,79.21432209792818,Вверх,2.5635236763895013,True,0.0257060833543221,-0.2251841966085238,0.2508902799628459,False,80.19017760791718,Зелёный,2.0306779020718295,Выше
2021-10-20 16:30:00+05:00,81.19,79.23398058451595,Вверх,2.468662310102718,True,0.0609325499629704,-0.167960847294225,0.2288933972571954,False,80.19017760791718,Зелёный,1.9560194154840502,Выше
2021-10-20 17:00:00+05:00,80.925,79.25080664835161,Вверх,2.1125253135618483,True,0.0666976443148996,-0.1210291489724,0.1877267932872996,False,80.19017760791718,Зелёный,1.674193351648384,Выше
2021-10-20 17:30:00+05:00,81.11,79.26930608468643,Вверх,2.322076483610291,True,0.0852122037722153,-0.0797808784234769,0.1649930821956922,False,80.19017760791718,Зелёный,1.8406939153135653,Выше
2021-10-20 18:00:00+05:00,81.16,79.28811895946568,Вверх,2.3608594390936144,True,0.1027354374920577,-0.04327761524037,0.1460130527324277,False,80.22864285069902,Зелёный,1.8718810405343191,Выше
2021-10-20 18:30:00+05:00,80.995,79.30510285041626,Вверх,2.130880723742574,True,0.1021312993809289,-0.0141958323161102,0.1163271316970391,False,80.22864285069902,Зелёный,1.689897149583743,Выше
2021-10-20 19:00:00+05:00,80.92,79.32117147877034,Вверх,2.015639067632248,True,0.0945111763664527,0.0075455694204023,0.0869656069460504,False,80.22864285069902,Зелёный,1.5988285212296631,Выше
2021-10-20 19:30:00+05:00,80.98,79.33767723520049,Вверх,2.0700414002930394,True,0.0922502688608943,0.0244865093085007,0.0677637595523936,False,80.22864285069902,Зелёный,1.6423227647995162,Выше
2021-10-20 20:00:00+05:00,81.0,79.35421776022336,Вверх,2.0739694577414025,True,0.0910230590618397,0.0377938192591685,0.053229239802671205,False,80.24901157434363,Зелёный,1.6457822397766364,Выше
2021-10-20 20:30:00+05:00,81.195,79.37253400141516,Вверх,2.2960914899760394,True,0.1045798256402008,0.051151020535375,0.0534288051048258,False,80.34561041690927,Зелёный,1.822465998584832,Выше
2021-10-20 21:00:00+05:00,81.295,79.39166301632645,Вверх,2.397401580166099,True,0.1219866390490125,0.0653181442381025,0.05666849481090999,False,80.48629937521834,Зелёный,1.9033369836735545,Выше
2021-10-20 21:30:00+05:00,81.285,79.41050219029334,Вверх,2.360516251634763,True,0.133436573895807,0.0789418301696434,0.054494743726163586,False,80.5164194376965,Зелёный,1.8744978097066536,Выше
2021-10-20 22:00:00+05:00,81.255,79.42885540233023,Вверх,2.2990946909908425,True,0.1384935134607303,0.0908521668278608,0.047641346632869494,False,80.53727749392687,Зелёный,1.8261445976697672,Выше
2021-10-20 22:30:00+05:00,81.415,79.44861803514286,Вверх,2.4750360843121912,True,0.1536407622541986,0.1034098859131283,0.05023087634107029,False,80.67329974453416,Зелёный,1.966381964857149,Выше
2021-10-20 23:00:00+05:00,81.435,79.46838302981806,Вверх,2.474716227010726,True,0.1653528145880898,0.1157984716481206,0.049554342939969215,False,80.78246977008075,Зелёный,1.9666169701819456,Выше
2021-10-20 23:30:00+05:00,81.35,79.4871055867353,Вверх,2.3436435375445033,True,0.1658639346264294,0.1258115642437824,0.040052370382647,False,80.82822279307268,Зелёный,1.8628944132646978,Выше
2021-10-21 00:00:00+05:00,81.385,79.50599010826032,Вверх,2.363356382558229,True,0.1671662203017661,0.1340824954553791,0.033083724846387,False,80.82822279307268,Зелёный,1.8790098917396847,Выше
2021-10-21 00:30:00+05:00,81.44,79.52523398778013,Вверх,2.4077464676357887,True,0.1706689658274314,0.1413997895297896,0.029269176297641808,False,80.89976046238887,Зелёный,1.9147660122198715,Выше
2021-10-21 01:00:00+05:00,81.4,79.54388837596143,Вверх,2.333443413359086,True,0.1682774534520774,0.1467753223142472,0.0215021311378302,False,80.89976046238887,Зелёный,1.8561116240385758,Выше
2021-10-21 01:30:00+05:00,81.335,79.56171038217077,Вверх,2.2288228964803687,True,0.1593008844576928,0.1492804347429363,0.01002044971475649,False,80.89976046238887,Зелёный,1.7732896178292208,Выше
2021-10-21 12:00:00+05:00,79.68,79.56288739329345,Вверх,0.1471950183603159,True,0.0184297733144234,0.1231103024572337,-0.1046805291428103,Выше,80.60108962291852,Красный,0.11711260670655577,Выше
2021-10-21 12:30:00+05:00,79.85,79.56574423515123,Вверх,0.35725897819627844,True,-0.0785881032031312,0.0827706213251607,-0.16135872452829192,False,80.60108962291852,Красный,0.2842557648487656,Выше
2021-10-21 13:00:00+05:00,80.105,79.5711099641547,Вверх,0.6709596436267015,True,-0.1333617887572984,0.0395441393086689,-0.1729059280659673,False,80.60108962291852,Красный,0.5338900358453031,Выше
2021-10-21 13:30:00+05:00,79.955,79.57492976550641,Вверх,0.47762559843104924,True,-0.1867216644620555,-0.0057090214454759,-0.1810126430165796,False,80.60108962291852,Красный,0.3800702344935871,Выше
2021-10-21 14:00:00+05:00,79.545,79.57463195689441,Вниз,0.037237944010168104,True,-0.2591065053764509,-0.0563885182316709,-0.20271798714478,False,80.46996715159683,Красный,-0.029631956894405675,Ниже
2021-10-21 14:30:00+05:00,79.69,79.57577989762184,Вверх,0.14353626508606646,True,-0.3012985430686257,-0.1053705231990619,-0.1959280198695638,False,80.36897043643715,Красный,0.11422010237815527,Выше
2021-10-21 15:00:00+05:00,79.005,79.57010049565547,Вниз,0.7101920094801514,True,-0.3855652558694231,-0.1614094697331342,-0.2241557861362889,False,80.08407339279343,Красный,-0.5651004956554715,Ниже
2021-10-21 15:30:00+05:00,79.71,79.57149253052457,Вверх,0.17406669784696438,True,-0.3909529624128254,-0.2073181682690724,-0.183634794143753,False,80.08407339279343,Красный,0.13850746947542802,Выше
2021-10-21 16:00:00+05:00,79.265,79.56844285360393,Вниз,0.3813608042603309,True,-0.4262173711016714,-0.2510980088355923,-0.1751193622660791,False,80.08407339279343,Красный,-0.30344285360392576,Ниже
2021-10-21 16:30:00+05:00,78.935,79.56213993963773,Вниз,0.7882391550975478,True,-0.4753137896345123,-0.2959411649953763,-0.179372624639136,False,79.83878450334642,Красный,-0.6271399396377291,Ниже
2021-10-21 17:00:00+05:00,78.995,79.55649675615875,Вниз,0.705783661992732,True,-0.5035766384607143,-0.3374682596884439,-0.16610837877227042,False,79.83878450334642,Красный,-0.5614967561587463,Ниже
2021-10-21 17:30:00+05:00,79.03,79.55125798246563,Вниз,0.6552479441375031,True,-0.5171891081853914,-0.3734124293878335,-0.14377667879755796,False,79.83878450334642,Красный,-0.5212579824656274,Ниже
2021-10-21 18:00:00+05:00,78.705,79.54283750502817,Вниз,1.0533160889253084,True,-0.5478861815231255,-0.4083071798148919,-0.13957900170823362,False,79.83878450334642,Красный,-0.8378375050281761,Ниже
2021-10-21 18:30:00+05:00,78.995,79.53738638557516,Вниз,0.6819263370634505,True,-0.5425589748045638,-0.4351575388128263,-0.10740143599173751,False,79.82923376264559,Красный,-0.5423863855751563,Ниже
2021-10-21 19:00:00+05:00,78.135,79.52343229218636,Вниз,1.745941104610462,True,-0.6008062176911011,-0.4682872745884813,-0.1325189431026198,False,79.51881038638102,Красный,-1.3884322921863514,Ниже
2021-10-21 19:30:00+05:00,77.81,79.50638321465216,Вниз,2.1336440497767897,True,-0.6655206533692564,-0.5077339503446363,-0.15778670302462006,False,79.03692934774293,Красный,-1.6963832146521582,Ниже
2021-10-21 20:00:00+05:00,77.1,79.4824391030636,Вниз,2.99744085605417,True,-0.765276742252496,-0.5592425087262083,-0.2060342335262877,False,78.62048641296865,Красный,-2.3824391030636036,Ниже
2021-10-21 20:30:00+05:00,77.5,79.46271334084406,Вниз,2.4699802691424346,True,-0.8028032877621172,-0.6079546645333901,-0.1948486232287271,False,78.51018777167178,Красный,-1.9627133408440613,Ниже
2021-10-21 21:00:00+05:00,77.93,79.4474624618307,Вниз,1.9100200494883404,True,-0.7887536776883337,-0.6441144671643788,-0.1446392105239549,False,78.51018777167178,Красный,-1.5174624618306893,Ниже
2021-10-21 21:30:00+05:00,77.74,79.43047278559358,Вниз,2.1282421296379193,True,-0.7839141976853625,-0.6720744132685755,-0.11183978441678699,False,78.51018777167178,Красный,-1.6904727855935846,Ниже
2021-10-21 22:00:00+05:00,77.92,79.41544320563743,Вниз,1.8830634764137062,True,-0.7568301128091122,-0.6890255531766829,-0.06780455963242926,False,78.51018777167178,Красный,-1.4954432056374287,Ниже
2021-10-21 22:30:00+05:00,77.805,79.39941889513358,Вниз,2.008098947473902,True,-0.7361593327743492,-0.6984523090962163,-0.037707023678132945,False,78.51018777167178,Красный,-1.5944188951335718,Ниже
2021-10-21 23:00:00+05:00,77.845,79.38395204045563,Вниз,1.9386185757939416,True,-0.7083841138550895,-0.7004386700479909,-0.007945443807098607,False,78.51018777167178,Красный,-1.5389520404556265,Ниже
2021-10-21 23:30:00+05:00,77.83,79.36848983109786,Вниз,1.9384138899100707,True,-0.6797467302134663,-0.696300282081086,0.016553551867619642,Ниже,78.51018777167178,Красный,-1.5384898310978627,Ниже
2021-10-22 00:00:00+05:00,77.915,79.3540272457138,Вниз,1.8134268614470546,True,-0.6427830053636114,-0.685596826737591,0.0428138213739796,False,78.51018777167178,Красный,-1.4390272457137883,Ниже
2021-10-22 00:30:00+05:00,78.36,79.34413642734849,Вниз,1.2403392004267557,True,-0.5709990841238266,-0.6626772782148381,0.09167819409101152,False,78.51018777167178,Красный,-0.9841364273484885,Ниже
2021-10-22 01:00:00+05:00,78.795,79.33867238329528,Вниз,0.6852552065261728,True,-0.4735501534188842,-0.6248518532556473,0.15130169983676311,False,77.6751509845671,Зелёный,-0.5436723832952737,Ниже
2021-10-22 01:30:00+05:00,78.62,79.33152141430726,Вниз,0.896896216815697,True,-0.4057648071011073,-0.5810344440247394,0.17526963692363207,False,77.9436358861104,Зелёный,-0.7115214143072564,Ниже
2021-10-22 12:00:00+05:00,76.7,79.30533712162759,Вниз,3.2851977132785883,True,-0.5011949225831813,-0.5650665397364278,0.06387161715324652,False,77.86072770250065,Красный,-2.605337121627585,Ниже
2021-10-22 12:30:00+05:00,76.8,79.2804083940492,Вниз,3.1286523925567793,True,-0.5622732760510871,-0.5645078869993597,0.0022346109482725973,False,77.86072770250065,Красный,-2.4804083940492063,Ниже
2021-10-22 13:00:00+05:00,78.09,79.26856353440692,Вниз,1.4867981477869947,True,-0.5008130313202344,-0.5517689158635346,0.050955884543300245,False,76.33583556097447,Зелёный,-1.1785635344069192,Ниже
2021-10-22 13:30:00+05:00,78.275,79.25867733008447,Вниз,1.2410973324571033,True,-0.4321953121570772,-0.5278541951222432,0.095658882965166,False,77.02850200487703,Зелёный,-0.9836773300844612,Ниже
2021-10-22 14:00:00+05:00,78.49,79.25102879943687,Вниз,0.9602762398994618,True,-0.3563586910217537,-0.4935550943021453,0.13719640328039157,False,77.24890180438932,Зелёный,-0.7610287994368719,Ниже
2021-10-22 14:30:00+05:00,78.29,79.24146632382059,Вниз,1.2007177150564219,True,-0.3088358831120814,-0.4566112520641325,0.14777536895205112,False,77.3885116239504,Зелёный,-0.9514663238205827,Ниже
2021-10-22 15:00:00+05:00,78.255,79.23165073850895,Вниз,1.2326522663679274,True,-0.2708754395006565,-0.4194640895514374,0.14858865005078087,False,77.3885116239504,Зелёный,-0.9766507385089511,Ниже
2021-10-22 15:30:00+05:00,78.11,79.22049003464318,Вниз,1.401771226304659,True,-0.2496144031726146,-0.3854941522756728,0.1358797491030582,False,77.3885116239504,Зелёный,-1.1104900346431776,Ниже
2021-10-22 16:00:00+05:00,78.38,79.21212694972137,Вниз,1.0505044893562192,True,-0.2085738259563641,-0.3501100870118111,0.14153626105544703,False,77.39375747385984,Зелёный,-0.8321269497213706,Ниже
2021-10-22 16:30:00+05:00,78.305,79.20310081091817,Вниз,1.1339212754589052,True,-0.1800255238529757,-0.3160931743800441,0.13606765052706837,False,77.46888172647385,Зелёный,-0.8981008109181658,Ниже
2021-10-22 17:00:00+05:00,78.42,79.19530876304835,Вниз,0.9789831937748489,True,-0.1464332584004353,-0.2821611911841223,0.135727932783687,False,77.61949355382647,Зелёный,-0.7753087630483435,Ниже
2021-10-22 17:30:00+05:00,78.41,79.18749474550559,Вниз,0.9818403120395727,True,-0.1192434976225058,-0.249577652471799,0.1303341548492932,False,77.62404419844381,Зелёный,-0.7774947455055923,Ниже
2021-10-22 18:00:00+05:00,78.12,79.17687290724186,Вниз,1.3348252695961011,True,-0.1197159813705752,-0.2236053182515543,0.10388933688097911,False,77.62404419844381,Зелёный,-1.0568729072418535,Ниже
2021-10-22 18:30:00+05:00,78.29,79.16804830119966,Вниз,1.1090942874568122,True,-0.1051606226960615,-0.1999163791404557,0.09475575644439421,False,77.62404419844381,Зелёный,-0.8780483011996552,Ниже
2021-10-22 19:00:00+05:00,78.315,79.15956025840167,Вниз,1.0669087292106743,True,-0.0905641380058028,-0.1780459309135252,0.08748179290772239,False,77.62404419844381,Зелёный,-0.8445602584016711,Ниже
2021-10-22 19:30:00+05:00,77.73,79.14533577821858,Вниз,1.7882743996243025,True,-0.1247627424450001,-0.1673892932198202,0.04262655077482011,False,77.62404419844381,Зелёный,-1.4153357782185765,Ниже
2021-10-22 20:00:00+05:00,77.93,79.13324288490298,Вниз,1.520527708757063,True,-0.1341803072626533,-0.1607474960283868,0.026567188765733524,False,77.62404419844381,Зелёный,-1.203242884902977,Ниже
2021-10-22 20:30:00+05:00,78.0,79.12196683629699,Вниз,1.4180219238208975,True,-0.1344455753418572,-0.1554871118910809,0.021041536549223694,False,77.62404419844381,Зелёный,-1.1219668362969912,Ниже
2021-10-22 21:00:00+05:00,77.765,79.1084646787219,Вниз,1.6982565445784181,True,-0.1518677018957532,-0.1547632298920153,0.0028955279962621094,False,77.62404419844381,Зелёный,-1.343464678721901,Ниже
2021-10-22 21:30:00+05:00,77.795,79.09539537843612,Вниз,1.6440848069780936,True,-0.1613936676927352,-0.1560893174521593,-0.005304350240575906,Ниже,77.62404419844381,Зелёный,-1.3003953784361215,Ниже
2021-10-22 22:00:00+05:00,77.69,79.08141134481986,Вниз,1.7594670114736144,True,-0.1753938555086591,-0.1599502250634593,-0.015443630445199807,False,77.62404419844381,Зелёный,-1.3914113448198577,Ниже
2021-10-22 22:30:00+05:00,77.585,79.06652167969727,Вниз,1.873766100017659,True,-0.1927399416264705,-0.1665081683760615,-0.026231773250409013,False,78.39134029828865,Красный,-1.4815216796972805,Ниже
2021-10-22 23:00:00+05:00,77.72,79.05312345402864,Вниз,1.6863640496177006,True,-0.1933644826973903,-0.1718794312403273,-0.021485051457062976,False,78.3617062684598,Красный,-1.3331234540286374,Ниже
2021-10-22 23:30:00+05:00,77.735,79.04000779776965,Вниз,1.6510724557474958,True,-0.1904536304572559,-0.1755942710837131,-0.014859359373542824,False,78.34353564161381,Красный,-1.3050077977696475,Ниже
2021-10-23 00:00:00+05:00,77.565,79.02533110326448,Вниз,1.8479278515849895,True,-0.1995638900359893,-0.1803881948741683,-0.019175695161820994,False,78.27143207745245,Красный,-1.4603311032644797,Ниже
2021-10-23 00:30:00+05:00,77.62,79.01134770920214,Вниз,1.760946686193649,True,-0.2000398610445444,-0.1843185281082436,-0.01572133293630082,False,78.0630388697072,Красный,-1.3913477092021367,Ниже
2021-10-23 01:00:00+05:00,77.62,78.99750345338919,Вниз,1.7437303625701894,True,-0.1981331162672717,-0.1870814457400492,-0.011051670527222501,False,78.0630388697072,Красный,-1.3775034533891812,Ниже
2021-10-23 01:30:00+05:00,77.58,78.98339894141516,Вниз,1.7768277387709204,True,-0.1975721838489903,-0.1891795933618374,-0.008392590487152907,False,78.0630388697072,Красный,-1.403398941415162,Ниже
2021-10-25 12:00:00+05:00,76.935,78.96301686239612,Вниз,2.5683122846359985,True,-0.2463341634774138,-0.2006105073849527,-0.045723656092461096,False,78.29813033601654,Красный,-2.0280168623961146,Ниже
2021-10-25 12:30:00+05:00,76.92,78.94268833640213,Вниз,2.562223784149269,True,-0.2829273479329828,-0.2170738754945587,-0.0658534724384241,False,77.74981730241488,Красный,-2.022688336402126,Ниже
2021-10-25 13:00:00+05:00,77.3,78.926343178826,Вниз,2.060583467222276,True,-0.2780595881994969,-0.2292710180355464,-0.048788570163950495,False,77.74981730241488,Красный,-1.626343178826005,Ниже
2021-10-25 13:30:00+05:00,78.19,78.91901638102675,Вниз,0.9237524926907462,True,-0.2000798950954987,-0.2234327934475369,0.023352898352038187,Ниже,76.90154798504395,Зелёный,-0.7290163810267529,Ниже
2021-10-25 14:00:00+05:00,78.745,78.91728487474788,Вниз,0.21831069710686618,True,-0.0924310769075162,-0.1972324501395327,0.10480137323201649,False,77.83714318653955,Зелёный,-0.17228487474787357,Ниже
2021-10-25 14:30:00+05:00,78.625,78.91437656753646,Вниз,0.36669689367540104,True,-0.0166101387042942,-0.1611079878524851,0.1444978491481909,False,77.83714318653955,Зелёный,-0.2893765675364648,Ниже
2021-10-25 15:00:00+05:00,78.585,78.91109918875502,Вниз,0.41324882317884765,True,0.0397921363974091,-0.1209279630025062,0.1607200993999153,False,77.83714318653955,Зелёный,-0.3260991887550233,Ниже
2021-10-25 15:30:00+05:00,79.31,78.91506835105596,Вверх,0.5004515071661256,True,0.1413632392674486,-0.0684697225485152,0.20983296181596378,False,77.97617488298732,Зелёный,0.39493164894403776,Выше
2021-10-25 16:00:00+05:00,79.355,78.91944578039869,Вверх,0.5518972102430727,True,0.2229205051711176,-0.0101916770045886,0.2331121821757062,False,78.3333073946886,Зелёный,0.4355542196013147,Выше
2021-10-25 16:30:00+05:00,79.52,78.92542144427532,Вверх,0.7533422626630868,True,0.2974406365182034,0.0513347856999697,0.24610585081823372,False,78.68747665521973,Зелёный,0.5945785557246808,Выше
2021-10-25 17:00:00+05:00,79.43,78.93044212642184,Вверх,0.6329090020527619,True,0.3452562307471822,0.1101190747094122,0.23513715603777,False,78.68747665521973,Зелёный,0.49955787357816916,Выше
2021-10-25 17:30:00+05:00,79.41,78.93521384655695,Вверх,0.6014883982781,True,0.3771886053625195,0.1635329808400337,0.21365562452248582,False,78.68747665521973,Зелёный,0.4747861534430484,Выше
2021-10-25 18:00:00+05:00,79.48,78.94063460430264,Вверх,0.683254446079613,True,0.4034924475214012,0.2115248741763072,0.19196757334509398,False,78.73733048165518,Зелёный,0.5393653956973594,Выше
2021-10-25 18:30:00+05:00,79.455,78.94575266794142,Вверх,0.6450598225347913,True,0.4175083643407902,0.2527215722092038,0.16478679213158637,False,78.73733048165518,Зелёный,0.5092473320585782,Выше
2021-10-25 19:00:00+05:00,78.91,78.94539692000171,Вниз,0.0448372183593999,True,0.3802557821982475,0.2782284142070125,0.10202736799123502,False,78.73733048165518,Зелёный,-0.035396920001716126,Ниже
2021-10-25 19:30:00+05:00,79.425,78.95016908995194,Вверх,0.6014311502069823,True,0.3878185080729111,0.3001464329801923,0.0876720750927188,False,78.73733048165518,Зелёный,0.47483091004805544,Выше
2021-10-25 20:00:00+05:00,79.4,78.95464501940516,Вверх,0.5640643188065567,True,0.3873298345208837,0.3175831132883305,0.06974672123255321,False,78.73733048165518,Зелёный,0.4453549805948427,Выше
2021-10-25 20:30:00+05:00,79.49,78.95997193463496,Вверх,0.6712617195505096,True,0.3897124425981246,0.3320089791502894,0.057703463447835224,False,78.75676062611257,Зелёный,0.5300280653650304,Выше
2021-10-25 21:00:00+05:00,79.37,78.96405181588239,Вверх,0.514092393668139,True,0.3775653413185011,0.3411202515839318,0.036445089734569336,False,78.75676062611257,Зелёный,0.40594818411761935,Выше
2021-10-25 21:30:00+05:00,78.92,78.96361348935619,Вниз,0.05523238796824913,True,0.3278482067966308,0.3384658426264716,-0.010617635829840821,Выше,78.75676062611257,Зелёный,-0.043613489356189916,Ниже
2021-10-25 22:00:00+05:00,79.17,78.96566708647704,Вверх,0.25876171387141167,True,0.3051028939171516,0.3317932528846076,-0.026690358967455974,False,78.75676062611257,Зелёный,0.20433291352296123,Выше
2021-10-25 22:30:00+05:00,79.1,78.96700373238275,Вверх,0.16842005056689927,True,0.2782214904484164,0.3210789003973693,-0.04285740994895293,False,78.75676062611257,Зелёный,0.13299626761724426,Выше
2021-10-25 23:00:00+05:00,79.095,78.9682773270854,Вверх,0.16047288506714244,True,0.2535910861302,0.3075813375439354,-0.053990251413735424,False,78.75676062611257,Зелёный,0.12672267291459605,Выше
2021-10-25 23:30:00+05:00,79.075,78.96933924422883,Вверх,0.13379972123660694,True,0.2298083923067366,0.2920267484964957,-0.06221835618975907,False,78.75676062611257,Зелёный,0.10566075577116862,Выше
2021-10-26 00:00:00+05:00,79.195,78.97158462488328,Вверх,0.2829060302866448,True,0.2181289781452591,0.2772471944262484,-0.05911821628098929,False,78.75676062611257,Зелёный,0.2234153751167156,Выше
2021-10-26 00:30:00+05:00,79.23,78.97415592214813,Вверх,0.323959243203668,True,0.2092846624558433,0.2636546880321674,-0.054370025576324116,False,78.75676062611257,Зелёный,0.2558440778518758,Выше
2021-10-26 01:00:00+05:00,79.185,78.97625387317153,Вверх,0.26431505242537773,True,0.196380601303673,0.2501998706864685,-0.05381926938279549,False,78.75676062611257,Зелёный,0.2087461268284727,Выше
2021-10-26 01:30:00+05:00,79.345,78.97992298886138,Вверх,0.46224027236657456,True,0.1967961590755749,0.2395191283642898,-0.042722969288714885,False,78.79310102621955,Зелёный,0.3650770111386237,Выше
2021-10-26 12:00:00+05:00,78.07,78.97086902877321,Вниз,1.1407611944158567,True,0.0931696455455721,0.2102492318005463,-0.11707958625497421,False,78.76045907640243,Красный,-0.9008690287732151,Ниже
2021-10-26 12:30:00+05:00,78.005,78.961258391671,Вниз,1.211047558193257,True,0.0057338341412105,0.1693461522686792,-0.16361231812746868,False,78.73591316876218,Красный,-0.9562583916709997,Ниже
2021-10-26 13:00:00+05:00,78.325,78.95492746240065,Вниз,0.7978317283625191,True,-0.0373082840148271,0.1280152650119779,-0.16532354902680502,False,78.73591316876218,Красный,-0.6299274624006443,Ниже
2021-10-26 13:30:00+05:00,78.1,78.94642072148125,Вниз,1.0721457841228532,True,-0.0885542935784968,0.0847013532938829,-0.1732556468723797,False,78.73591316876218,Красный,-0.8464207214812518,Ниже
2021-10-26 14:00:00+05:00,78.015,78.93715285360581,Вниз,1.168211444509536,True,-0.1344757621132402,0.0408659302124583,-0.1753416923256985,False,78.71801570002764,Красный,-0.9221528536058088,Ниже
2021-10-26 14:30:00+05:00,78.18,78.92961899436597,Вниз,0.9497309171345022,True,-0.1557592401719318,0.0015408961355802,-0.157300136307512,False,78.71801570002764,Красный,-0.7496189943659601,Ниже
2021-10-26 15:00:00+05:00,78.14,78.9217620889494,Вниз,0.9905532621893328,True,-0.1738501789339182,-0.0335373188783194,-0.1403128600555988,False,78.71801570002764,Красный,-0.7817620889493924,Ниже
2021-10-26 15:30:00+05:00,78.18,78.91438137164643,Вниз,0.9306052444203547,True,-0.1828519095430607,-0.0634002370112676,-0.11945167253179309,False,78.71801570002764,Красный,-0.7343813716464211,Ниже
2021-10-26 16:00:00+05:00,78.315,78.90841737789872,Вниз,0.7520330499809597,True,-0.1770515342705323,-0.0861304964631206,-0.0909210378074117,False,78.71801570002764,Красный,-0.5934173778987173,Ниже
2021-10-26 16:30:00+05:00,78.41,78.90345800100421,Вниз,0.6253946449317008,True,-0.162911051828857,-0.1014866075362679,-0.061424444292589114,False,78.71801570002764,Красный,-0.493458001004214,Ниже
2021-10-26 17:00:00+05:00,78.36,78.89805045870567,Вниз,0.6819565953499428,True,-0.1539643940545687,-0.111982164839928,-0.04198222921464069,False,78.71801570002764,Красный,-0.5380504587056691,Ниже
2021-10-26 17:30:00+05:00,78.61,78.89518428498721,Вниз,0.36147236053985243,True,-0.1252573044131111,-0.1146371927545646,-0.010620111658546483,False,78.71801570002764,Красный,-0.28518428498720994,Ниже
2021-10-26 18:00:00+05:00,78.54,78.8916501129973,Вниз,0.4457380628921044,True,-0.106922606780472,-0.1130942755597461,0.006171668779274109,Ниже,78.71801570002764,Красный,-0.3516501129972909,Ниже
2021-10-26 18:30:00+05:00,78.78,78.89053916659932,Вниз,0.14011713922488173,True,-0.072194024797298,-0.1049142254072565,0.032720200609958505,False,78.12020813433563,Зелёный,-0.11053916659932383,Ниже
2021-10-26 19:00:00+05:00,78.79,78.88953877688192,Вниз,0.12617487492661505,True,-0.0433645770919923,-0.0926042957442037,0.049239718652211405,False,78.28218732090205,Зелёный,-0.09953877688191426,Ниже
2021-10-26 19:30:00+05:00,78.99,78.8905383910423,Вверх,0.12607545972710713,True,-0.0043288037947633,-0.0749491973543156,0.0706203935595523,False,78.32196858881184,Зелёный,0.09946160895769651,Выше
2021-10-26 20:00:00+05:00,78.2,78.88366736227572,Вниз,0.8666779640656784,True,-0.0367158326497047,-0.0673025244133934,0.03058669176368871,False,79.16347827006933,Красный,-0.6836673622757132,Ниже
2021-10-26 20:30:00+05:00,78.09,78.87577017459138,Вниз,0.9962123638882717,True,-0.070446800183916,-0.067931379567498,-0.0025154206164180043,Ниже,78.84188044306241,Красный,-0.7857701745913772,Ниже
2021-10-26 21:00:00+05:00,78.25,78.86954360568998,Вниз,0.7855295940184535,True,-0.0833078510989508,-0.0710066738737885,-0.012301177225162288,False,78.84188044306241,Красный,-0.6195436056899837,Ниже
2021-10-26 21:30:00+05:00,78.11,78.86198595787216,Вниз,0.9535468182019582,True,-0.1036028869885115,-0.0775259164967331,-0.0260769704917784,False,78.78707315888055,Красный,-0.751985957872165,Ниже
2021-10-26 22:00:00+05:00,78.15,78.85490152048041,Вниз,0.8939222634084784,True,-0.1151320132610891,-0.0850471358496043,-0.0300848774114848,False,78.70186584299249,Красный,-0.704901520480405,Ниже
2021-10-26 22:30:00+05:00,78.22,78.84858409241593,Вниз,0.7972040330859853,True,-0.1172687131810619,-0.0914914513158958,-0.0257772618651661,False,78.70186584299249,Красный,-0.6285840924159345,Ниже
2021-10-26 23:00:00+05:00,78.195,78.84208076811329,Вниз,0.8207302011935256,True,-0.1196006722274205,-0.0971132954982008,-0.022487376729219702,False,78.70186584299249,Красный,-0.6470807681132982,Ниже
2021-10-26 23:30:00+05:00,78.205,78.83574165599276,Вниз,0.8000706820835981,True,-0.1192670142469012,-0.1015440392479409,-0.017722974998960292,False,78.70186584299249,Красный,-0.6307416559927645,Ниже
2021-10-27 00:00:00+05:00,78.155,78.82896810717692,Вниз,0.8549751739241116,True,-0.1216350370342809,-0.1055622388052089,-0.016072798229071997,False,78.65915517958737,Красный,-0.6739681071769184,Ниже
2021-10-27 00:30:00+05:00,78.11,78.82181419566272,Вниз,0.9030675111026487,True,-0.1256939148644562,-0.1095885740170583,-0.016105340847397898,False,78.55323966162864,Красный,-0.7118141956627255,Ниже
2021-10-27 01:00:00+05:00,78.145,78.81507972605414,Вниз,0.85019228348586,True,-0.1246495152742568,-0.112600762268498,-0.012048753005758805,False,78.55323966162864,Красный,-0.6700797260541407,Ниже
2021-10-27 01:30:00+05:00,78.185,78.80881027604366,Вниз,0.7915489065989394,True,-0.1192198629996141,-0.1139245824147213,-0.0052952805848928,False,78.55323966162864,Красный,-0.6238102760436561,Ниже
2021-10-27 12:00:00+05:00,76.14,78.78225494991386,Вниз,3.353870680134361,True,-0.2767411341462775,-0.1464878927610325,-0.130253241385245,False,76.98539671332726,Красный,-2.6422549499138626,Ниже
2021-10-27 12:30:00+05:00,75.785,78.75243151757641,Вниз,3.7680506625552597,True,-0.4253205786726113,-0.2022544299433483,-0.223066148729263,False,76.51460704199457,Красный,-2.967431517576415,Ниже
2021-10-27 13:00:00+05:00,75.235,78.71743219899356,Вниз,4.423965698207936,True,-0.5807566610944122,-0.2779548761735611,-0.302801784920851,False,76.3788963377951,Красный,-3.482432198993564,Ниже
2021-10-27 13:30:00+05:00,75.645,78.68686073432696,Вниз,3.865779757814071,True,-0.6632122053155598,-0.3550063420019609,-0.3082058633135989,False,76.30850670401558,Красный,-3.04186073432696,Ниже
2021-10-27 14:00:00+05:00,75.295,78.65311087627396,Вниз,4.269520733333057,True,-0.7481763814966058,-0.4336403499008899,-0.3145360315957159,False,76.30565603361403,Красный,-3.3581108762739547,Ниже
2021-10-27 14:30:00+05:00,75.475,78.62148788248018,Вниз,4.0020711477546875,True,-0.7918585550686998,-0.505283990934452,-0.28657456413424787,False,76.18034043025263,Красный,-3.146487882480187,Ниже
2021-10-27 15:00:00+05:00,75.125,78.58669695827639,Вниз,4.404940139059785,True,-0.8449786790346394,-0.5732229285544894,-0.27175575048015,False,76.18034043025263,Красный,-3.4616969582763915,Ниже
2021-10-27 15:30:00+05:00,75.355,78.55454076963683,Вниз,4.073018234578648,True,-0.8586200447739571,-0.630302351798383,-0.22831769297557414,False,76.07797574850463,Красный,-3.199540769636826,Ниже
2021-10-27 16:00:00+05:00,75.405,78.52320205551109,Вниз,3.971058201761453,True,-0.855534276680558,-0.675348736774818,-0.18018553990574004,False,76.07797574850463,Красный,-3.118202055511091,Ниже
2021-10-27 16:30:00+05:00,75.5,78.49312044301846,Вниз,3.8132264663771274,True,-0.8357886261608769,-0.7074367146520298,-0.12835191150884706,False,76.07797574850463,Красный,-2.993120443018455,Ниже
2021-10-27 17:00:00+05:00,75.32,78.46154710527698,Вниз,4.003932144062576,True,-0.8251527048003169,-0.7309799126816873,-0.09417279211862961,False,76.07797574850463,Красный,-3.1415471052769846,Ниже
2021-10-27 17:30:00+05:00,75.235,78.42944215895582,Вниз,4.073013999617045,True,-0.8141968951326248,-0.7476233091718748,-0.06657358596075003,False,75.94430813859388,Красный,-3.194442158955823,Ниже
2021-10-27 18:00:00+05:00,75.3,78.39830343100603,Вниз,3.9520031625846017,True,-0.7911495012889134,-0.7563285475952826,-0.03482095369363081,False,75.8741273247345,Красный,-3.0983034310060305,Ниже
2021-10-27 18:30:00+05:00,75.085,78.36533523766269,Вниз,4.18595189788221,True,-0.7812274747585093,-0.761308333027928,-0.01991914173058129,False,75.74496459226104,Красный,-3.2803352376626975,Ниже
2021-10-27 19:00:00+05:00,74.91,78.33095379251182,Вниз,4.367307720487448,True,-0.7785110440038068,-0.7647488752231038,-0.013762168780703021,False,75.74496459226104,Красный,-3.420953792511824,Ниже
2021-10-27 19:30:00+05:00,74.72,78.29502390402912,Вниз,4.566093380865741,True,-0.7826675607173144,-0.7683326123219459,-0.014334948395368419,False,75.53684631973145,Красный,-3.5750239040291234,Ниже
2021-10-27 20:00:00+05:00,74.99,78.26213809403879,Вниз,4.180997572679441,True,-0.7554663409262901,-0.7657593580428148,0.01029301711652475,Ниже,75.3561616877583,Красный,-3.2721380940387945,Ниже
2021-10-27 20:30:00+05:00,75.27,78.23236557569015,Вниз,3.7866240575635612,True,-0.7032093585723374,-0.7532493581487194,0.050039999576382055,False,75.3561616877583,Красный,-2.962365575690157,Ниже
2021-10-27 21:00:00+05:00,75.04,78.20060074409125,Вниз,4.041657882442869,True,-0.672601074864005,-0.7371197014917765,0.06451862662777152,False,75.3561616877583,Красный,-3.1606007440912407,Ниже
2021-10-27 21:30:00+05:00,74.78,78.16656491579184,Вниз,4.332498069270606,True,-0.6616959970313729,-0.7220349605996959,0.06033896356832291,False,75.3561616877583,Красный,-3.386564915791837,Ниже
2021-10-27 22:00:00+05:00,74.935,78.13441004100785,Вниз,4.094751645694492,True,-0.6332467651450457,-0.7042773215087659,0.07103055636372013,False,75.3561616877583,Красный,-3.1994100410078516,Ниже
2021-10-27 22:30:00+05:00,74.955,78.1027741202018,Вниз,4.030297458266094,True,-0.602145551956113,-0.6838509675982354,0.08170541564212241,False,75.3561616877583,Красный,-3.1477741202018024,Ниже
2021-10-27 23:00:00+05:00,75.095,78.07284601950327,Вниз,3.8141891468377915,True,-0.5597483558456275,-0.6590304452477138,0.09928208940208627,False,75.3561616877583,Красный,-2.977846019503275,Ниже
2021-10-27 23:30:00+05:00,75.06,78.04286745214503,Вниз,3.82208848742531,True,-0.522944303555704,-0.6318132169093119,0.10886891335360793,False,75.3561616877583,Красный,-2.9828674521450296,Ниже
2021-10-28 00:00:00+05:00,75.16,78.01418220386498,Вниз,3.658542745992636,True,-0.4801725326327499,-0.6014850800539996,0.1213125474212497,False,75.3561616877583,Красный,-2.85418220386498,Ниже
2021-10-28 00:30:00+05:00,75.09,77.98508586352801,Вниз,3.712358371438276,True,-0.4467738798283562,-0.570542840008871,0.12376896018051481,False,75.3561616877583,Красный,-2.89508586352801,Ниже
2021-10-28 01:00:00+05:00,74.605,77.95145316836854,Вниз,4.292996515588343,True,-0.4542048626188943,-0.5472752445308757,0.09307038191198141,False,75.3561616877583,Красный,-3.346453168368541,Ниже
2021-10-28 01:30:00+05:00,74.42,77.91631433087234,Вниз,4.487268630322023,True,-0.4696085686500026,-0.5317419093547011,0.0621333407046985,False,75.05981528544226,Красный,-3.4963143308723375,Ниже
2021-10-28 12:00:00+05:00,71.58,77.85326642708256,Вниз,8.05780761036932,False,-0.702878041253868,-0.5659691357345346,-0.13690890551933343,Ниже,72.46583375689804,Красный,-6.273266427082561,Ниже
2021-10-28 12:30:00+05:00,71.895,77.79398019397726,Вниз,7.582823477174343,False,-0.8525008127668201,-0.6232754711409917,-0.22922534162582842,False,72.46583375689804,Красный,-5.898980193977266,Ниже
2021-10-28 13:00:00+05:00,72.4,77.74030874926108,Вниз,6.869420555667434,False,-0.919726621641459,-0.6825657012410852,-0.23716092040037384,False,72.46583375689804,Красный,-5.3403087492610695,Ниже
2021-10-28 13:30:00+05:00,72.46,77.68776836369629,Вниз,6.729203932364788,False,-0.9571288750715468,-0.7374783360071775,-0.21965053906436927,False,72.46583375689804,Красный,-5.227768363696299,Ниже
2021-10-28 14:00:00+05:00,72.1,77.63216867848539,Вниз,7.126129248555374,False,-1.0042431320316183,-0.7908312952120657,-0.21341183681955256,False,72.46583375689804,Красный,-5.532168678485391,Ниже
2021-10-28 14:30:00+05:00,71.44,77.57055505979399,Вниз,7.903198649369407,False,-1.0823612178888595,-0.8491372797474246,-0.23322393814143494,False,72.46583375689804,Красный,-6.130555059793991,Ниже
2021-10-28 15:00:00+05:00,71.57,77.51084804427366,Вниз,7.664537537868626,False,-1.1208598752654524,-0.9034817988510302,-0.2173780764144222,False,72.46583375689804,Красный,-5.940848044273665,Ниже
2021-10-28 15:30:00+05:00,72.06,77.4566107503008,Вниз,6.967269414482917,False,-1.0991609900161734,-0.9426176370840588,-0.15654335293211463,False,72.46583375689804,Красный,-5.396610750300795,Ниже
2021-10-28 16:00:00+05:00,72.5,77.40729124034755,Вниз,6.3395723603226735,False,-1.0345346726269469,-0.9610010441926364,-0.07353362843431044,False,71.12256908201928,Зелёный,-4.907291240347547,Ниже
2021-10-28 16:30:00+05:00,72.05,77.35398485984659,Вниз,6.856770041590734,False,-1.0080093849558835,-0.970402712345286,-0.03760667261059758,False,71.12256908201928,Зелёный,-5.303984859846594,Ниже
2021-10-28 17:00:00+05:00,72.735,77.30802481148991,Вниз,5.915330035453511,False,-0.9210963033337408,-0.9605414305429768,0.039445127209235986,Ниже,71.12256908201928,Зелёный,-4.5730248114899155,Ниже
2021-10-28 17:30:00+05:00,72.785,77.26301958948504,Вниз,5.795812295814634,False,-0.8385165806573269,-0.936136460565847,0.09761987990852006,False,71.56513786079206,Зелёный,-4.478019589485044,Ниже
2021-10-28 18:00:00+05:00,73.4,77.22458158361952,Вниз,4.952544261412703,True,-0.7152017941654805,-0.8919495272857737,0.17674773312029324,False,72.11562407471285,Зелёный,-3.824581583619519,Ниже
2021-10-28 18:30:00+05:00,73.33,77.18582952806113,Вниз,4.995514787671405,True,-0.6160212429919056,-0.8367638704270002,0.22074262743509454,False,72.11562407471285,Зелёный,-3.855829528061136,Ниже
2021-10-28 19:00:00+05:00,74.29,77.15701530390133,Вниз,3.715819349165985,True,-0.4547143012691208,-0.7603539565954244,0.30563965532630355,False,72.5590305005174,Зелёный,-2.8670153039013258,Ниже
2021-10-28 19:30:00+05:00,74.845,77.13401017649933,Вниз,2.9675757441647086,True,-0.278878785090086,-0.6640589222943567,0.3851801372042707,False,73.15537745046566,Зелёный,-2.289010176499332,Ниже
2021-10-28 20:00:00+05:00,74.735,77.11013942847445,Вниз,3.080190810285823,True,-0.1467127392507876,-0.5605896856856429,0.41387694643485534,False,73.32658970541911,Зелёный,-2.375139428474455,Ниже
2021-10-28 20:30:00+05:00,74.01,77.07929226998218,Вниз,3.9819933208928524,True,-0.0993266607242446,-0.4683370806933633,0.36901041996911865,False,73.32658970541911,Зелёный,-3.0692922699821708,Ниже
2021-10-28 21:00:00+05:00,74.505,77.05367742152464,Вниз,3.307664873127368,True,-0.0215817084800988,-0.3789860062507104,0.35740429777061156,False,73.32658970541911,Зелёный,-2.548677421524644,Ниже
2021-10-28 21:30:00+05:00,74.46,77.02786968598708,Вниз,3.3336890874112255,True,0.0359857806967056,-0.2959916488612272,0.3319774295579328,False,73.32658970541911,Зелёный,-2.567869685987091,Ниже
2021-10-28 22:00:00+05:00,74.17,76.99943317169866,Вниз,3.6746155850126687,True,0.057544516881407,-0.2252844157127004,0.2828289325941074,False,73.32658970541911,Зелёный,-2.8294331716986534,Ниже
2021-10-28 22:30:00+05:00,74.045,76.97003582670662,Вниз,3.8002266665071587,True,0.063807976662801,-0.1674659372376001,0.23127391390040108,False,73.32658970541911,Зелёный,-2.925035826706619,Ниже
2021-10-28 23:00:00+05:00,74.28,76.94326930106776,Вниз,3.4613414860847334,True,0.0867345280395426,-0.1166258441821715,0.2033603722217141,False,73.32658970541911,Зелёный,-2.663269301067757,Ниже
2021-10-28 23:30:00+05:00,74.445,76.91841090006211,Вниз,3.2156292246803595,True,0.1168708913342442,-0.0699264970788884,0.1867973884131326,False,73.52835627892388,Зелёный,-2.4734109000621203,Ниже
2021-10-29 00:00:00+05:00,74.4,76.89335208513612,Вниз,3.2426107296967324,True,0.1355603965784411,-0.0288291183474225,0.1643895149258636,False,73.52835627892388,Зелёный,-2.4933520851361095,Ниже
2021-10-29 00:30:00+05:00,74.37,76.86824410418949,Вниз,3.2500340463134396,True,0.1462651611249725,0.0061897375470565,0.140075423577916,False,73.54579358592834,Зелёный,-2.4982441041894816,Ниже
2021-10-29 01:00:00+05:00,74.445,76.84413222255577,Вниз,3.122076016952625,True,0.1589681514548857,0.0367454203286223,0.12222273112626339,False,73.66771422733551,Зелёный,-2.399132222555778,Ниже
2021-10-29 01:30:00+05:00,74.465,76.8204592651174,Вниз,3.0661874292998,True,0.168704475485967,0.0631372313600912,0.10556724412587581,False,73.74119280460194,Зелёный,-2.3554592651174033,Ниже
2021-10-29 12:00:00+05:00,72.435,76.77682285451922,Вниз,5.655121810323328,False,0.0124727695218638,0.0530043389924458,-0.04053156947058199,Выше,73.31392647585824,Красный,-4.341822854519222,Ниже
2021-10-29 12:30:00+05:00,71.945,76.72874501517077,Вниз,6.234619130320638,False,-0.1491614476240386,0.0125711816691489,-0.1617326292931875,False,73.15528382827243,Красный,-4.78374501517078,Ниже
2021-10-29 13:00:00+05:00,71.9,76.68069780108948,Вниз,6.234551768804521,False,-0.2776878405717013,-0.0454806227790211,-0.23220721779268022,False,72.88875544544518,Красный,-4.780697801089474,Ниже
2021-10-29 13:30:00+05:00,71.92,76.63332767371546,Вниз,6.150493286398268,False,-0.3736251815925584,-0.1111095345417285,-0.2625156470508299,False,72.72012990090066,Красный,-4.713327673715455,Ниже
2021-10-29 14:00:00+05:00,72.32,76.5904089903949,Вниз,5.575644583554134,False,-0.4126230962773576,-0.1714122468888544,-0.2412108493885032,False,72.72012990090066,Красный,-4.2704089903949125,Ниже
2021-10-29 14:30:00+05:00,72.275,76.54746959745565,Вниз,5.581464181537951,False,-0.4420645041212623,-0.225542698335336,-0.2165218057859263,False,72.72012990090066,Красный,-4.27246959745564,Ниже
2021-10-29 15:00:00+05:00,72.27,76.5049077109138,Вниз,5.53547195549348,False,-0.4604922224705206,-0.2725326031623729,-0.1879596193081477,False,72.72012990090066,Красный,-4.234907710913802,Ниже
2021-10-29 15:30:00+05:00,72.265,76.4627195744868,Вниз,5.489890495455833,False,-0.4700809793257008,-0.3120422783950385,-0.1580387009306623,False,72.72012990090066,Красный,-4.197719574486797,Ниже
2021-10-29 16:00:00+05:00,72.04,76.41871241454166,Вниз,5.72989556640113,False,-0.4901852078666309,-0.347670864289357,-0.14251434357727388,False,72.72012990090066,Красный,-4.378712414541653,Ниже
2021-10-29 16:30:00+05:00,72.17,76.37643666912334,Вниз,5.507505786563971,False,-0.4899798574885494,-0.3761326629291955,-0.11384719455935388,False,72.72012990090066,Красный,-4.206436669123335,Ниже
2021-10-29 17:00:00+05:00,71.975,76.33264127938081,Вниз,5.708752122740856,False,-0.4997907099559882,-0.4008642723345541,-0.0989264376214341,False,72.72012990090066,Красный,-4.357641279380815,Ниже
2021-10-29 17:30:00+05:00,71.29,76.2824657442626,Вниз,6.544709450006321,False,-0.5564255292970728,-0.4319765237270578,-0.12444900557001498,False,72.4391739331783,Красный,-4.992465744262589,Ниже
2021-10-29 18:00:00+05:00,71.565,76.23552578660825,Вниз,6.126442676714233,False,-0.572519185142113,-0.4600850560100689,-0.11243412913204409,False,72.26800653986045,Красный,-4.670525786608252,Ниже
2021-10-29 18:30:00+05:00,71.65,76.18989866435344,Вниз,5.95866216380399,False,-0.5718231128253564,-0.4824326673731264,-0.08939044545222996,False,72.26800653986045,Красный,-4.53989866435343,Ниже
2021-10-29 19:00:00+05:00,71.545,76.14368076719569,Вниз,6.039477893452318,False,-0.5731373226874581,-0.5005735984359927,-0.0725637242514654,False,72.26800653986045,Красный,-4.598680767195688,Ниже
2021-10-29 19:30:00+05:00,71.61,76.09856951578081,Вниз,5.89836253735361,False,-0.5624503096427844,-0.5129489406773511,-0.049501368965433334,False,72.26800653986045,Красный,-4.48856951578081,Ниже
2021-10-29 20:00:00+05:00,71.735,76.05515091363374,Вниз,5.680287083434481,False,-0.5376960936147128,-0.5178983712648234,-0.019797722349889413,False,72.26800653986045,Красный,-4.320150913633739,Ниже
2021-10-29 20:30:00+05:00,71.96,76.01440314334883,Вниз,5.333730155985038,False,-0.4942254560586576,-0.5131637882235903,0.018938332164932736,Ниже,72.26800653986045,Красный,-4.054403143348836,Ниже
2021-10-29 21:00:00+05:00,71.96,75.97406082351452,Вниз,5.283462250147548,False,-0.4545350653118021,-0.5014380436412327,0.04690297832943058,False,72.26800653986045,Красный,-4.0140608235145265,Ниже
2021-10-29 21:30:00+05:00,71.965,75.93416967104174,Вниз,5.227119343290091,False,-0.4178598581418811,-0.4847224065413624,0.0668625483994813,False,72.26800653986045,Красный,-3.9691696710417403,Ниже
2021-10-29 22:00:00+05:00,71.885,75.89387942555875,Вниз,5.282217032390464,False,-0.390745552146754,-0.4659270356624407,0.07518148351568671,False,72.26800653986045,Красный,-4.008879425558746,Ниже
2021-10-29 22:30:00+05:00,71.85,75.8536418193343,Вниз,5.278114172645853,False,-0.3678412320406181,-0.4463098749380763,0.0784686428974582,False,72.26800653986045,Красный,-4.003641819334305,Ниже
2021-10-29 23:00:00+05:00,71.855,75.81385433854491,Вниз,5.2218085639951015,False,-0.3453054686293768,-0.4261089936763364,0.08080352504695965,False,72.26800653986045,Красный,-3.95885433854491,Ниже
2021-10-29 23:30:00+05:00,71.785,75.77376623567383,Вниз,5.264046429034366,False,-0.3292981842629672,-0.4067468317936626,0.07744864753069541,False,72.26800653986045,Красный,-3.988766235673836,Ниже
2021-10-30 00:00:00+05:00,71.885,75.7350720442741,Вниз,5.083605178355649,False,-0.3050269707649136,-0.3864028595879128,0.08137588882299923,False,72.26800653986045,Красный,-3.8500720442741,Ниже
2021-10-30 00:30:00+05:00,71.85,75.69641461099775,Вниз,5.081369614088589,False,-0.2853269947107151,-0.3661876866124733,0.08086069190175821,False,72.26800653986045,Красный,-3.846414610997755,Ниже
2021-10-30 01:00:00+05:00,71.875,75.65839058501767,Вниз,5.000622608759114,False,-0.264646648859582,-0.345879479061895,0.08123283020231298,False,72.19351665111441,Красный,-3.7833905850176706,Ниже
2021-10-30 01:30:00+05:00,71.705,75.61905336526625,Вниз,5.176014762258422,False,-0.2589894360262548,-0.328501470454767,0.06951203442851223,False,72.19351665111441,Красный,-3.9140533652662555,Ниже
2021-11-01 12:00:00+05:00,71.745,75.580505570587,Вниз,5.074728650769464,False,-0.248414817014094,-0.3124841397666324,0.0640693227525384,False,71.71524848740268,Красный,-3.8355055705869887,Ниже
2021-11-01 12:30:00+05:00,71.9,75.54388362461101,Вниз,4.823532296430531,True,-0.2249342486482817,-0.2949741615429623,0.07003991289468059,False,71.2365263613376,Зелёный,-3.643883624611007,Ниже
2021-11-01 13:00:00+05:00,72.62,75.5147902552119,Вниз,3.833408323625859,True,-0.1465385412545714,-0.2652870374852841,0.11874849623071271,False,71.56637372520385,Зелёный,-2.894790255211902,Ниже
2021-11-01 13:30:00+05:00,72.46,75.48439433227448,Вниз,4.006648472214551,True,-0.0962109808605902,-0.2314718261603454,0.13526084529975518,False,71.74173635268346,Зелёный,-3.0243943322744826,Ниже
2021-11-01 14:00:00+05:00,73.4,75.4636540901623,Вниз,2.7346331357035534,True,0.0193016203695748,-0.1813171368543613,0.2006187572239361,False,72.50431271741512,Зелёный,-2.063654090162288,Ниже
2021-11-01 14:30:00+05:00,73.24,75.44152817881739,Вниз,2.9181913886992907,True,0.0968194518704876,-0.1256898191093916,0.2225092709798792,False,72.50431271741512,Зелёный,-2.201528178817398,Ниже
2021-11-01 15:00:00+05:00,72.97,75.41693585863017,Вниз,3.2445442535838054,True,0.1349109785236635,-0.0735696595827805,0.208480638106444,False,72.50431271741512,Зелёный,-2.4469358586301695,Ниже
2021-11-01 15:30:00+05:00,73.06,75.39348376053434,Вниз,3.095073531747085,True,0.1703968073428399,-0.0247763661976564,0.1951731735404963,False,72.50431271741512,Зелёный,-2.3334837605343353,Ниже
2021-11-01 16:00:00+05:00,72.95,75.36917048928524,Вниз,3.2097613302366836,True,0.187482322145982,0.0176753714710712,0.1698069506749108,False,72.50431271741512,Зелёный,-2.4191704892852357,Ниже
2021-11-01 16:30:00+05:00,72.855,75.3441538675013,Вниз,3.3037120197522905,True,0.1911535109843924,0.0523709993737354,0.138782511610657,False,72.50431271741512,Зелёный,-2.489153867501301,Ниже
2021-11-01 17:00:00+05:00,72.66,75.3174458688197,Вниз,3.528327120184315,True,0.1762958553907196,0.0771559705771323,0.09913988481358729,False,72.50431271741512,Зелёный,-2.657445868819707,Ниже
2021-11-01 17:30:00+05:00,72.32,75.28762053679165,Вниз,3.9417111546797208,True,0.1355236653342473,0.0888295095285553,0.046694155805692014,False,73.13248323112978,Красный,-2.9676205367916566,Ниже
2021-11-01 18:00:00+05:00,72.15,75.25640043194797,Вниз,4.127755797670635,True,0.0884739589898941,0.0887583994208231,-0.00028444043092899773,Выше,73.1097349080168,Красный,-3.106400431947961,Ниже
2021-11-01 18:30:00+05:00,72.445,75.22842629829675,Вниз,3.699966136816263,True,0.0741361667373183,0.0858339528841221,-0.011697786146803807,False,73.1097349080168,Красный,-2.78342629829676,Ниже
2021-11-01 19:00:00+05:00,72.68,75.20306882269182,Вниз,3.3550077971425813,True,0.0808044358643655,0.0848280494801708,-0.004023613615805291,False,73.1097349080168,Красный,-2.523068822691812,Ниже
2021-11-01 19:30:00+05:00,72.43,75.17547609808793,Вниз,3.6520900705778847,True,0.0651649950281267,0.080895438589762,-0.015730443561635304,False,73.1097349080168,Красный,-2.74547609808792,Ниже
2021-11-01 20:00:00+05:00,72.54,75.14925245532089,Вниз,3.472093693642775,True,0.0609441796147933,0.0769051867947683,-0.015961007179974993,False,73.1097349080168,Красный,-2.6092524553208847,Ниже
2021-11-01 20:30:00+05:00,72.57,75.12358825178535,Вниз,3.3991830145635635,True,0.0593359147796803,0.0733913323917507,-0.014055417612070402,False,73.1097349080168,Красный,-2.5535882517853565,Ниже
2021-11-01 21:00:00+05:00,72.415,75.09663712490192,Вниз,3.570915060339879,True,0.0450350131022787,0.0677200685338563,-0.022685055431577603,False,73.1097349080168,Красный,-2.6816371249019113,Ниже
2021-11-01 21:30:00+05:00,72.495,75.07075018833574,Вниз,3.431096907748691,True,0.0396991498153624,0.0621158847901575,-0.0224167349747951,False,73.1097349080168,Красный,-2.575750188335732,Ниже
2021-11-01 22:00:00+05:00,72.695,75.04711088297915,Вниз,3.134179124692494,True,0.0510206341368473,0.0598968346594955,-0.008876200522648203,False,73.1097349080168,Красный,-2.3521108829791615,Ниже
2021-11-01 22:30:00+05:00,72.705,75.02380629707888,Вниз,3.090760668549503,True,0.0601070320054049,0.0599388741286774,0.0001681578767275052,Выше,73.1097349080168,Красный,-2.318806297078879,Ниже
2021-11-01 23:00:00+05:00,72.72,75.0008828513368,Вниз,3.041141336773137,True,0.0677376054693041,0.0614986203968027,0.006238985072501403,False,73.1097349080168,Красный,-2.2808828513367985,Ниже
2021-11-01 23:30:00+05:00,72.61,74.97709297221903,Вниз,3.1570882230604704,True,0.0641691076935018,0.0620327178561425,0.0021363898373593024,False,73.1097349080168,Красный,-2.3670929722190266,Ниже
2021-11-02 00:00:00+05:00,72.66,74.95403732075415,Вниз,3.0605920678257537,True,0.0646306082088301,0.06255229592668,0.0020783122821500938,False,73.1097349080168,Красный,-2.294037320754157,Ниже
2021-11-02 00:30:00+05:00,72.66,74.9312110787566,Вниз,3.031061484338544,True,0.0642556515389713,0.0628929670491383,0.0013626844898329965,False,73.1097349080168,Красный,-2.2712110787566075,Ниже
2021-11-02 01:00:00+05:00,72.645,74.90846270981376,Вниз,3.0216381806981456,True,0.0620330427345123,0.0627209821862131,-0.0006879394517007933,Выше,73.1097349080168,Красный,-2.2634627098137656,Ниже
2021-11-02 01:30:00+05:00,72.685,74.88633870275095,Вниз,2.939573146296815,True,0.0627756364890217,0.0627319130467748,4.37234422468874e-05,Выше,73.1097349080168,Красный,-2.2013387027509452,Ниже
2021-11-02 12:00:00+05:00,72.185,74.85945971068378,Вниз,3.572640947476788,True,0.0227560089577849,0.0547367322289768,-0.0319807232711919,Выше,72.85087912690749,Красный,-2.6744597106837773,Ниже
2021-11-02 12:30:00+05:00,72.11,74.83210190261727,Вниз,3.6376125130892016,True,-0.0148406337969646,0.0408212590237885,-0.055661892820753095,False,72.63154121421674,Красный,-2.7221019026172684,Ниже
2021-11-02 13:00:00+05:00,72.345,74.80735462000418,Вниз,3.2915942991328837,True,-0.025381130157001,0.0275807811876306,-0.0529619113446316,False,72.63154121421674,Красный,-2.4623546200041773,Ниже
2021-11-02 13:30:00+05:00,72.17,74.78111228547677,Вниз,3.4916735064181017,True,-0.0473102241124934,0.0126025801276058,-0.059912804240099204,False,72.63154121421674,Красный,-2.6111122854767643,Ниже
2021-11-02 14:00:00+05:00,71.73,74.75075295925312,Вниз,4.041100376473449,True,-0.0990517054267741,-0.0097282769832701,-0.08932342844350401,False,72.507453545164,Красный,-3.020752959253116,Ниже
2021-11-02 14:30:00+05:00,71.78,74.72119322831527,Вниз,3.9362235816126105,True,-0.1344725046852346,-0.034677122523663,-0.0997953821615716,False,72.3009581906476,Красный,-2.941193228315271,Ниже
2021-11-02 15:00:00+05:00,71.725,74.69138036037184,Вниз,3.9715163196336944,True,-0.1650788573272166,-0.0607574694843737,-0.10432138784284291,False,72.3009581906476,Красный,-2.9663803603718435,Ниже
2021-11-02 15:30:00+05:00,71.745,74.6620631428557,Вниз,3.9070218797387,True,-0.1855815113079444,-0.0857222778490879,-0.0998592334588565,False,72.3009581906476,Красный,-2.917063142855696,Ниже
2021-11-02 16:00:00+05:00,71.61,74.6316943553646,Вниз,4.048808460620725,True,-0.2102991859502907,-0.1106376594693284,-0.09966152648096231,False,72.2139235209821,Красный,-3.021694355364602,Ниже
2021-11-02 16:30:00+05:00,71.655,74.6020755060575,Вниз,3.950393452281641,True,-0.2236785699469976,-0.1332458415648623,-0.09043272838213531,False,72.2139235209821,Красный,-2.9470755060575016,Ниже
2021-11-02 17:00:00+05:00,71.585,74.57205485425594,Вниз,4.005595474194538,True,-0.2371959953581353,-0.1540358723235169,-0.0831601230346184,False,72.15640305199551,Красный,-2.9870548542559447,Ниже
2021-11-02 17:30:00+05:00,71.555,74.54203440794494,Вниз,4.007181225559044,True,-0.2474766449496712,-0.1727240268487477,-0.07475261810092348,False,72.10501274679595,Красный,-2.9870344079449325,Ниже
2021-11-02 18:00:00+05:00,71.625,74.51300918995544,Вниз,3.875845602467967,True,-0.2471269926928982,-0.1876046200175778,-0.0595223726753204,False,72.09501147211634,Красный,-2.88800918995544,Ниже
2021-11-02 18:30:00+05:00,71.13,74.47934740697082,Вниз,4.497014976070188,True,-0.2835239660792865,-0.2067884892299196,-0.07673547684936688,False,72.00101032490471,Красный,-3.3493474069708213,Ниже
2021-11-02 19:00:00+05:00,71.285,74.44756285565768,Вниз,4.248040814699876,True,-0.2964443986061695,-0.2247196711051696,-0.0717247275009999,False,71.80290929241424,Красный,-3.162562855657683,Ниже
2021-11-02 19:30:00+05:00,71.21,74.41534829988,Вниз,4.307375256732044,True,-0.3091718668411261,-0.2416101102523609,-0.06756175658876518,False,71.70886836317283,Красный,-3.2053482998800007,Ниже
2021-11-02 20:00:00+05:00,71.3,74.38434980933393,Вниз,4.146503689606624,True,-0.3084407166908249,-0.2549762315400538,-0.053464485150771124,False,71.70886836317283,Красный,-3.084349809333929,Ниже
2021-11-02 20:30:00+05:00,71.42,74.3548537913306,Вниз,3.947091066263095,True,-0.2947802347589316,-0.2629370321838293,-0.031843202575102314,False,71.70886836317283,Красный,-2.934853791330596,Ниже
2021-11-02 21:00:00+05:00,71.375,74.3252035048497,Вниз,3.969317762657988,True,-0.2843080026498086,-0.2672112262770252,-0.017096776372783395,False,71.70886836317283,Красный,-2.9502035048496964,Ниже
2021-11-02 21:30:00+05:00,71.395,74.2960472510701,Вниз,3.904712778684637,True,-0.2712678435597411,-0.2680225497335684,-0.0032452938261726683,False,71.70886836317283,Красный,-2.9010472510701106,Ниже
2021-11-02 22:00:00+05:00,71.33,74.26653434309927,Вниз,3.9540479020240245,True,-0.2631450084486317,-0.2670470414765811,0.003902033027949392,Ниже,71.70886836317283,Красный,-2.936534343099268,Ниже
2021-11-02 22:30:00+05:00,71.36,74.23761360336694,Вниз,3.8762205083009684,True,-0.2513889979376529,-0.2639154327687955,0.012526434831142574,False,71.70886836317283,Красный,-2.877613603366939,Ниже
2021-11-02 23:00:00+05:00,71.28,74.20818461228866,Вниз,3.945905195750822,True,-0.2456953828884422,-0.2602714227927248,0.014576039904282606,False,71.70886836317283,Красный,-2.9281846122886606,Ниже
2021-11-02 23:30:00+05:00,71.255,74.17879969077335,Вниз,3.9415570256753885,True,-0.2404289279879066,-0.2563029238317612,0.01587399584385457,False,71.62763289740228,Красный,-2.9237996907733503,Ниже
2021-11-03 00:00:00+05:00,71.29,74.15005541524326,Вниз,3.857118378707647,True,-0.2307708345132653,-0.2511965059680621,0.02042567145479679,False,71.62586960766204,Красный,-2.8600554152432522,Ниже
2021-11-03 00:30:00+05:00,71.26,74.12129864494234,Вниз,3.8602921120535143,True,-0.2229672474945374,-0.2455506542733571,0.022583406778819703,False,71.57953264689584,Красный,-2.8612986449423374,Ниже
2021-11-03 01:00:00+05:00,71.28,74.09302701663447,Вниз,3.7966150525918154,True,-0.2127169471522876,-0.2389839128491432,0.026266965696855604,False,71.54907938220626,Красный,-2.8130270166344644,Ниже
2021-11-03 01:30:00+05:00,71.195,74.06419092691672,Вниз,3.87392461999338,True,-0.2090425870875378,-0.2329956476968221,0.023953060609284288,False,71.54692144398564,Красный,-2.8691909269167297,Ниже
2021-11-03 12:00:00+05:00,71.005,74.03375121620114,Вниз,4.091041135219889,True,-0.2189382584090253,-0.2301841698392628,0.011245911430237482,False,71.54692144398564,Красный,-3.028751216201144,Ниже
2021-11-03 12:30:00+05:00,70.16,73.99520642798024,Вниз,5.183047136591283,False,-0.2916036617701962,-0.2424680682254495,-0.0491355935447467,Ниже,71.02503136962837,Красный,-3.835206427980239,Ниже
2021-11-03 13:00:00+05:00,70.6,73.96142327944311,Вниз,4.544833144628509,True,-0.3101124118478111,-0.2559969369499218,-0.05411547489788926,False,70.96102823266553,Красный,-3.361423279443116,Ниже
2021-11-03 13:30:00+05:00,70.915,73.93111060999591,Вниз,4.079623023528757,True,-0.2959513196083634,-0.2639878134816102,-0.031963506126753194,False,70.96102823266553,Красный,-3.0161106099959056,Ниже
2021-11-03 14:00:00+05:00,71.11,73.90303985765765,Вниз,3.7793301372138868,True,-0.2659282266047,-0.2643758961062282,-0.00155233049847181,False,70.28926713154092,Зелёный,-2.7930398576576465,Ниже
2021-11-03 14:30:00+05:00,70.81,73.87226334166105,Вниз,4.145349286914369,True,-0.2633069631220053,-0.2641621095093836,0.0008551463873783249,Ниже,70.28926713154092,Зелёный,-3.062263341661051,Ниже
2021-11-03 15:00:00+05:00,70.75,73.8411960447291,Вниз,4.186275697452976,True,-0.2630389422951538,-0.2639374760665376,0.0008985337713838248,False,70.28926713154092,Зелёный,-3.0911960447291023,Ниже
2021-11-03 15:30:00+05:00,70.62,73.8091443427915,Вниз,4.320798420288093,True,-0.2702017300542252,-0.2651903268640752,-0.005011403190150032,Ниже,70.28926713154092,Зелёный,-3.1891443427914936,Ниже
2021-11-03 16:00:00+05:00,70.5,73.77621753341049,Вниз,4.440750207784523,True,-0.2823070283833573,-0.2686136671679316,-0.013693361215425692,False,70.28926713154092,Зелёный,-3.276217533410488,Ниже
2021-11-03 16:30:00+05:00,70.715,73.74575765745615,Вниз,4.109738314078764,True,-0.2714230652123603,-0.2691755467768174,-0.002247518435542939,False,70.28926713154092,Зелёный,-3.0307576574561494,Ниже
2021-11-03 17:00:00+05:00,70.595,73.71440683499391,Вниз,4.231746505098453,True,-0.269375252867988,-0.2692154879950515,-0.00015976487293650754,False,70.28926713154092,Зелёный,-3.11940683499391,Ниже
2021-11-03 17:30:00+05:00,70.28,73.68023363265567,Вниз,4.614851860551999,True,-0.2898292431637799,-0.2733382390287972,-0.016491004134982667,False,71.10154380246209,Красный,-3.40023363265567,Ниже
2021-11-03 18:00:00+05:00,70.445,73.64804225322627,Вниз,4.349120703321828,True,-0.2893891587156076,-0.2765484229661593,-0.012840735749448329,False,71.04063942221589,Красный,-3.203042253226272,Ниже
2021-11-03 18:30:00+05:00,70.16,73.61333536513446,Вниз,4.6911817648328835,True,-0.30848152379221,-0.2829350431313695,-0.025546480660840476,False,70.95882547999429,Красный,-3.453335365134464,Ниже
2021-11-03 19:00:00+05:00,70.23,73.57967033662567,Вниз,4.55243998960716,True,-0.3143404249343717,-0.28921611949197,-0.025124305442401684,False,70.95882547999429,Красный,-3.349670336625664,Ниже
2021-11-03 19:30:00+05:00,70.235,73.54639003476869,Вниз,4.502450811254296,True,-0.3149496446334012,-0.2943628245202562,-0.020586820113145,False,70.82324863879536,Красный,-3.311390034768692,Ниже
2021-11-03 20:00:00+05:00,70.085,73.51194834288046,Вниз,4.661756925413283,True,-0.3238035957407845,-0.3002509787643619,-0.02355261697642258,False,70.82324863879536,Красный,-3.426948342880465,Ниже
2021-11-03 20:30:00+05:00,70.275,73.47973990165778,Вниз,4.361392549765234,True,-0.3118936873976707,-0.3025795204910236,-0.009314166906647103,False,70.74163139742426,Красный,-3.2047399016577742,Ниже
2021-11-03 21:00:00+05:00,70.23,73.44740418124327,Вниз,4.380555333587837,True,-0.3025979622012471,-0.3025832088330683,-1.4753368178799242e-05,False,70.71846825768182,Красный,-3.2174041812432677,Ниже
2021-11-03 21:30:00+05:00,69.955,73.41265389088265,Вниз,4.709888156368736,True,-0.3138038987316776,-0.3048273468127902,-0.008976551918887354,False,70.71846825768182,Красный,-3.4576538908826535,Ниже
2021-11-03 22:00:00+05:00,70.15,73.38018967306293,Вниз,4.401991446812369,True,-0.3034518102728185,-0.3045522395047959,0.0011004292319773956,Ниже,70.71846825768182,Красный,-3.230189673062924,Ниже
2021-11-03 22:30:00+05:00,70.17,73.3482474872613,Вниз,4.33309260430971,True,-0.2902876177734583,-0.3016993151585284,0.011411697385070085,False,70.71846825768182,Красный,-3.1782474872613022,Ниже
2021-11-03 23:00:00+05:00,70.3,73.31791666649254,Вниз,4.1162062476766685,True,-0.2662953003705439,-0.2946185122009315,0.028323211830387607,False,70.71846825768182,Красный,-3.017916666492539,Ниже
2021-11-03 23:30:00+05:00,70.495,73.28982794344286,Вниз,3.8133913284659355,True,-0.2289076408626158,-0.2814763379332684,0.052568697070652565,False,70.71846825768182,Красный,-2.7948279434428542,Ниже
2021-11-04 00:00:00+05:00,70.615,73.26321274002552,Вниз,3.6146554880451527,True,-0.1874340313807749,-0.2626678766227697,0.07523384524199478,False,70.71846825768182,Красный,-2.648212740025528,Ниже
2021-11-04 00:30:00+05:00,70.7,73.23770813564715,Вниз,3.4650294230219996,True,-0.1460238355601717,-0.2393390684102501,0.0933152328500784,False,70.71846825768182,Красный,-2.5377081356471507,Ниже
2021-11-04 01:00:00+05:00,70.685,73.21230805469544,Вниз,3.452026198665036,True,-0.1131124418481874,-0.2140937430978376,0.1009813012496502,False,70.71846825768182,Красный,-2.527308054695439,Ниже
2021-11-04 01:30:00+05:00,70.675,73.18706120838007,Вниз,3.4323843134344063,True,-0.0868358519958008,-0.1886421648774302,0.10180631288162942,False,70.71846825768182,Красный,-2.512061208380075,Ниже
2021-11-05 12:00:00+05:00,67.43,73.12977701725193,Вниз,7.794057700883313,False,-0.3241195966756152,-0.2157376512370672,-0.10838194543854798,Ниже,69.01427980113486,Красный,-5.699777017251918,Ниже
2021-11-05 12:30:00+05:00,67.6,73.07475436036385,Вниз,7.491991465842542,False,-0.4927707402660672,-0.2711442690428673,-0.2216264712231999,False,68.58785182102137,Красный,-5.47475436036386,Ниже
2021-11-05 13:00:00+05:00,67.99,73.02415978961398,Вниз,6.893827747032804,False,-0.5881780950418829,-0.3345510342426704,-0.2536270607992125,False,68.58785182102137,Красный,-5.03415978961398,Ниже
2021-11-05 13:30:00+05:00,67.84,72.97257611011533,Вниз,7.033568476971796,False,-0.6681903747660272,-0.4012789023473417,-0.26691147241868546,False,68.58785182102137,Красный,-5.132576110115323,Ниже
2021-11-05 14:00:00+05:00,67.96,72.92269973091021,Вниз,6.805425127186624,False,-0.7136907036124001,-0.4637612626003534,-0.24992944101204667,False,68.58785182102137,Красный,-4.9626997309102165,Ниже
2021-11-05 14:30:00+05:00,68.085,72.87456341517976,Вниз,6.572339086126319,False,-0.7312343720406176,-0.5172558844884063,-0.21397848755221127,False,68.58785182102137,Красный,-4.789563415179771,Ниже
2021-11-05 15:00:00+05:00,68.13,72.82735382895908,Вниз,6.449985591940077,False,-0.733056512580788,-0.5604160101068827,-0.17264050247390528,False,68.58785182102137,Красный,-4.697353828959081,Ниже
2021-11-05 15:30:00+05:00,68.4,72.78330055702914,Вниз,6.0223987143790065,False,-0.7045917336583329,-0.5892511548171728,-0.11534057884116011,False,68.58785182102137,Красный,-4.383300557029131,Ниже
2021-11-05 16:00:00+05:00,67.77,72.73341696939701,Вниз,6.824121808391598,False,-0.7245171435206998,-0.6163043525578782,-0.10821279096282166,False,68.58785182102137,Красный,-4.9634169693970165,Ниже
2021-11-05 16:30:00+05:00,67.68,72.68313421348262,Вниз,6.883487163318469,False,-0.7390511011790153,-0.6408537022821056,-0.0981973988969097,False,68.4966061976635,Красный,-5.0031342134826104,Ниже
2021-11-05 17:00:00+05:00,67.665,72.63320252976638,Вниз,6.840125943407652,False,-0.7432124514676843,-0.6613254521192213,-0.081886999348463,False,68.35369557789714,Красный,-4.968202529766373,Ниже
2021-11-05 17:30:00+05:00,67.88,72.58590698220651,Вниз,6.483224055270269,False,-0.7208521139278474,-0.6732307844809465,-0.047621329446900895,False,68.35369557789714,Красный,-4.705906982206514,Ниже
2021-11-05 18:00:00+05:00,67.98,72.54007706198556,Вниз,6.286286486970455,False,-0.6871412840726663,-0.6760128843992905,-0.011128399673375755,False,68.35369557789714,Красный,-4.560077061985552,Ниже
2021-11-05 18:30:00+05:00,68.185,72.4967429618663,Вниз,5.947498860927176,False,-0.6365457189830153,-0.6681194513160356,0.0315737323330203,Ниже,68.35369557789714,Красный,-4.311742961866301,Ниже
2021-11-05 19:00:00+05:00,68.175,72.45374054433529,Вниз,5.905479154270967,False,-0.5904489575141127,-0.6525853525556511,0.06213639504153834,False,68.35369557789714,Красный,-4.278740544335292,Ниже
2021-11-05 19:30:00+05:00,68.31,72.41250929513794,Вниз,5.665470420886787,False,-0.5368352673887387,-0.6294353355222687,0.09260006813353006,False,68.35369557789714,Красный,-4.102509295137935,Ниже
2021-11-05 20:00:00+05:00,68.22,72.37079278473855,Вниз,5.7354529707651185,False,-0.495891945867271,-0.6027266575912692,0.10683471172399822,False,68.35369557789714,Красный,-4.150792784738556,Ниже
2021-11-05 20:30:00+05:00,68.0,72.32730230926852,Вниз,5.982944436065311,False,-0.4757125122437031,-0.577323828521756,0.10161131627805292,False,68.35369557789714,Красный,-4.327302309268518,Ниже
2021-11-05 21:00:00+05:00,68.315,72.28737890320615,Вниз,5.495259287966745,False,-0.4293529843364183,-0.5477296596846886,0.11837667534827029,False,68.35369557789714,Красный,-3.972378903206149,Ниже
2021-11-05 21:30:00+05:00,68.39,72.24859901362201,Вниз,5.34072503315185,False,-0.3821555994023811,-0.5146148476282271,0.13245924822584598,False,67.68908511947396,Зелёный,-3.858599013622012,Ниже
2021-11-05 22:00:00+05:00,68.25,72.20881195876011,Вниз,5.482449927331674,False,-0.351990632865423,-0.4820900046756662,0.13009937181024323,False,67.68908511947396,Зелёный,-3.9588119587601085,Ниже
2021-11-05 22:30:00+05:00,68.17,72.16862477509085,Вниз,5.540669214014148,False,-0.3307275891927048,-0.4518175215790739,0.12108993238636911,False,67.68908511947396,Зелёный,-3.998624775090846,Ниже
2021-11-05 23:00:00+05:00,68.185,72.12898671762726,Вниз,5.4679635706894,False,-0.3091029528201545,-0.4232746078272901,0.11417165500713561,False,67.68908511947396,Зелёный,-3.9439867176272543,Ниже
2021-11-05 23:30:00+05:00,68.15,72.08939480998919,Вниз,5.464596866671591,False,-0.2914300559149296,-0.396905697444818,0.10547564152988842,False,67.68908511947396,Зелёный,-3.9393948099891816,Ниже
2021-11-06 00:00:00+05:00,68.125,72.04994809546193,Вниз,5.447537714061368,False,-0.2762569309217753,-0.3727759441402095,0.0965190132184342,False,67.68908511947396,Зелёный,-3.9249480954619287,Ниже
2021-11-06 00:30:00+05:00,67.91,72.00875458207425,Вниз,5.692022596228303,False,-0.2783719249479759,-0.3538951403017628,0.07552321535378687,False,67.68908511947396,Зелёный,-4.09875458207425,Ниже
2021-11-06 01:00:00+05:00,68.22,71.97105553150635,Вниз,5.211894564842494,False,-0.252127297191322,-0.3335415716796747,0.0814142744883527,False,67.68908511947396,Зелёный,-3.7510555315063527,Ниже
2021-11-06 01:30:00+05:00,67.9,71.93054751626748,Вниз,5.603387789250381,False,-0.2542190868726663,-0.317677074718273,0.06345798784560669,False,67.68908511947396,Зелёный,-4.030547516267475,Ниже
2021-11-08 12:00:00+05:00,68.925,71.90064157083198,Вниз,4.138546619087631,True,-0.1711944880546667,-0.2883805573855517,0.11718606933088499,False,67.87973077568172,Зелёный,-2.975641570831982,Ниже
2021-11-08 12:30:00+05:00,69.38,71.87556056017694,Вниз,3.4720571787228884,True,-0.067899494814867,-0.2442843448714148,0.1763848500565478,False,68.41575769811354,Зелёный,-2.4955605601769406,Ниже
2021-11-08 13:00:00+05:00,69.0,71.8469480172896,Вниз,3.9625176793932875,True,-0.0165099759538804,-0.1987294710879079,0.1822194951340275,False,68.41575769811354,Зелёный,-2.8469480172896056,Ниже
2021-11-08 13:30:00+05:00,68.535,71.8139933106499,Вниз,4.5659531791607515,True,-0.0131534016217216,-0.1616142571946707,0.1484608555729491,False,68.41575769811354,Зелёный,-3.278993310649909,Ниже
2021-11-08 14:00:00+05:00,68.48,71.78081924785738,Вниз,4.59846973389887,True,-0.0147611749897293,-0.1322436407536824,0.11748246576395309,False,68.41575769811354,Зелёный,-3.300819247857376,Ниже
2021-11-08 14:30:00+05:00,68.49,71.74807477772944,Вниз,4.540992615931142,True,-0.0150548871727664,-0.1088058900374992,0.0937510028647328,False,68.41575769811354,Зелёный,-3.2580747777294476,Ниже
2021-11-08 15:00:00+05:00,68.68,71.71754667048836,Вниз,4.235430255924104,True,4.325726699505594e-05,-0.0870360605766004,0.08707931784359546,False,68.41575769811354,Зелёный,-3.0375466704883536,Ниже
2021-11-08 15:30:00+05:00,68.57,71.6862277981452,Вниз,4.34703832780811,True,0.0030968660757366,-0.069009475246133,0.0721063413218696,False,68.41575769811354,Зелёный,-3.1162277981452036,Ниже
2021-11-08 16:00:00+05:00,68.47,71.65422553149698,Вниз,4.443876837517824,True,-0.0025232052687158,-0.0557122212506495,0.0531890159819337,False,68.41575769811354,Зелёный,-3.1842255314969776,Ниже
2021-11-08 16:30:00+05:00,68.475,71.62259144660646,Вниз,4.39469081337688,True,-0.0064987801936382,-0.0458695330392473,0.0393707528456091,False,68.41575769811354,Зелёный,-3.1475914466064694,Ниже
2021-11-08 17:00:00+05:00,68.65,71.59301342226212,Вниз,4.110755060558704,True,0.0044206272605578,-0.0358115009792862,0.040232128239844,False,68.41575769811354,Зелёный,-2.943013422262112,Ниже
2021-11-08 17:30:00+05:00,68.485,71.56208791557295,Вниз,4.299885603118809,True,-0.0002370521102079,-0.0286966112054706,0.0284595590952627,False,68.41575769811354,Зелёный,-3.077087915572946,Ниже
2021-11-08 18:00:00+05:00,68.59,71.53251490148764,Вниз,4.113534810764001,True,0.0044925387202283,-0.0220587812203308,0.0265513199405591,False,68.41575769811354,Зелёный,-2.942514901487641,Ниже
2021-11-08 18:30:00+05:00,68.65,71.50383316117434,Вниз,3.9911610818704055,True,0.0129331863654869,-0.0150603877031672,0.0279935740686541,False,68.41575769811354,Зелёный,-2.853833161174336,Ниже
2021-11-08 19:00:00+05:00,68.515,71.47409352772982,Вниз,4.140092419054996,True,0.0086296118839612,-0.0103223877857415,0.0189519996697027,False,68.41575769811354,Зелёный,-2.95909352772982,Ниже
2021-11-08 19:30:00+05:00,68.57,71.4451970747176,Вниз,4.02433920325073,True,0.0095469867274005,-0.0063485128831131,0.0158954996105136,False,68.41575769811354,Зелёный,-2.8751970747176046,Ниже
2021-11-08 20:00:00+05:00,68.765,71.41852844710846,Вниз,3.7154622264075656,True,0.025712485687606,6.368683103069074e-05,0.02564879885657531,False,68.41575769811354,Зелёный,-2.6535284471084566,Ниже
2021-11-08 20:30:00+05:00,69.085,71.39530925858001,Вниз,3.235939843348148,True,0.06361180839788,0.0127733111444005,0.0508384972534795,False,68.41575769811354,Зелёный,-2.31030925858002,Ниже
2021-11-08 21:00:00+05:00,68.99,71.3713758331215,Вниз,3.3365979082280464,True,0.0850017414797434,0.0272189972114691,0.0577827442682743,False,68.41575769811354,Зелёный,-2.38137583312151,Ниже
2021-11-08 21:30:00+05:00,69.05,71.34827756612528,Вниз,3.2212095996224224,True,0.1055778800312907,0.0428907737754334,0.0626871062558573,False,68.50833969847776,Зелёный,-2.298277566125279,Ниже
2021-11-08 22:00:00+05:00,68.865,71.3235683366116,Вниз,3.447063003085308,True,0.1057377848220397,0.0554601759847547,0.050277608837285,False,68.50833969847776,Зелёный,-2.458568336611606,Ниже
2021-11-08 22:30:00+05:00,69.17,71.3021397959488,Вниз,2.990288653398793,True,0.1289885616829167,0.0701658531243871,0.0588227085585296,False,68.52335515576699,Зелёный,-2.1321397959488024,Ниже
2021-11-08 23:00:00+05:00,69.205,71.28127273330256,Вниз,2.9127885259160453,True,0.1485270499735378,0.0858380924942172,0.0626889574793206,False,68.67601964019029,Зелёный,-2.0762727333025595,Ниже
2021-11-08 23:30:00+05:00,69.24,71.26096156182692,Вниз,2.8360009709853697,True,0.1649343892328687,0.1016573518419475,0.0632770373909212,False,68.79141767617126,Зелёный,-2.0209615618269225,Ниже
2021-11-09 00:00:00+05:00,69.21,71.2405539840973,Вниз,2.8502782060770904,True,0.1735163856413635,0.1160291586018307,0.05748722703953281,False,68.82002590855413,Зелёный,-2.0305539840973097,Ниже
2021-11-09 00:30:00+05:00,69.21,71.2203494668426,Вниз,2.822717779247281,True,0.1782627772931277,0.1284758823400901,0.04978689495303759,False,68.82002590855413,Зелёный,-2.0103494668426123,Ниже
2021-11-09 01:00:00+05:00,69.25,71.20074399951083,Вниз,2.739780358930289,True,0.1831408587605523,0.1394088776241826,0.043731981136369696,False,68.82632098592885,Зелёный,-1.9507439995108342,Ниже
2021-11-09 01:30:00+05:00,69.175,71.18058734279929,Вниз,2.8176043745474595,True,0.1788927361636894,0.1473056493320839,0.03158708683160549,False,68.82632098592885,Зелёный,-2.005587342799288,Ниже
2021-11-09 12:00:00+05:00,68.87,71.15759642396547,Вниз,3.2148309371436534,True,0.1491952869933328,0.1476835768643337,0.0015117101289990886,False,68.82632098592885,Зелёный,-2.287596423965468,Ниже
2021-11-09 12:30:00+05:00,68.555,71.13169994213497,Вниз,3.6224354882999963,True,0.0990996184183501,0.137966785175137,-0.03886716675678689,Выше,69.30834200125787,Красный,-2.5766999421349652,Ниже
2021-11-09 13:00:00+05:00,69.045,71.11093675863114,Вниз,2.905230689961885,True,0.0978098539403049,0.1299353989281705,-0.03212554498786559,False,69.30834200125787,Красный,-2.065936758631139,Ниже
2021-11-09 13:30:00+05:00,69.35,71.09341499983879,Вниз,2.452287599129602,True,0.1200151968257046,0.1279513585076774,-0.007936161681972781,False,68.63761797898111,Зелёный,-1.743414999838791,Ниже
2021-11-09 14:00:00+05:00,69.74,71.07994818392,Вниз,1.8851282508716423,True,0.1671559618005886,0.1357922791662596,0.03136368263432898,Выше,68.98285618108301,Зелёный,-1.3399481839200007,Ниже
2021-11-09 14:30:00+05:00,71.66,71.08571984378149,Вверх,0.8078699315144431,True,0.3553470914897332,0.1797032416309543,0.1756438498587789,False,69.7978205629747,Зелёный,0.5742801562185065,Выше
2021-11-09 15:00:00+05:00,72.22,71.0970062134951,Вверх,1.5795233109150721,True,0.54341310943434,0.2524452151916315,0.29096789424270847,False,70.88803850667723,Зелёный,1.1229937865048925,Выше
2021-11-09 15:30:00+05:00,71.89,71.10489669893298,Вверх,1.1041480088090847,True,0.6582407518760078,0.3336043225285068,0.32463642934750103,False,70.9999846560095,Зелёный,0.785103301067025,Выше
2021-11-09 16:00:00+05:00,72.315,71.11693752779932,Вверх,1.684637322483631,True,0.7746072437961118,0.4218049067820278,0.352802337014084,False,71.08898619040856,Зелёный,1.1980624722006752,Выше
2021-11-09 16:30:00+05:00,72.705,71.13273914443815,Вверх,2.210319572214569,True,0.8880612503569267,0.5150561754970077,0.3730050748599191,False,71.4878375713677,Зелёный,1.5722608555618507,Выше
2021-11-09 17:00:00+05:00,72.63,71.14763726240393,Вверх,2.083502410809329,True,0.9608464549232992,0.604214231382266,0.3566322235410332,False,71.59630381423095,Зелёный,1.4823627375960626,Выше
2021-11-09 17:30:00+05:00,72.945,71.16552146874818,Вверх,2.5004784543499152,True,1.0320502880744584,0.6897814427207045,0.3422688453537539,False,71.59630381423095,Зелёный,1.7794785312518115,Выше
2021-11-09 18:00:00+05:00,73.435,71.18810334468104,Вверх,3.1562811056221864,True,1.115163829283205,0.7748579200332046,0.34030590925000026,False,72.13638108952706,Зелёный,2.246896655318963,Выше
2021-11-09 18:30:00+05:00,74.01,71.2161819183658,Вверх,3.9230102013004817,True,1.213441802261201,0.8625746964788039,0.3508671057823971,False,72.78349298057437,Зелёный,2.7938180816341998,Выше
2021-11-09 19:00:00+05:00,74.265,71.24651841669052,Вверх,4.2366724022297735,True,1.2969536978734624,0.9494504967577356,0.34750320111572675,False,73.28514368251692,Зелёный,3.0184815833094802,Выше
2021-11-09 19:30:00+05:00,73.78,71.27172718866375,Вверх,3.5193097042486334,True,1.3089136879072925,1.021343134987647,0.2875705529196455,False,73.28514368251692,Зелёный,2.508272811336255,Выше
2021-11-09 20:00:00+05:00,73.83,71.29718263952282,Вверх,3.5524788872556967,True,1.3073562591542327,1.0785457598209642,0.22881049933326847,False,73.28514368251692,Зелёный,2.532817360477182,Выше
2021-11-09 20:30:00+05:00,73.9,71.32308131972657,Вверх,3.613022085685902,True,1.296821450197811,1.1222008978963336,0.17462055230147744,False,73.28514368251692,Зелёный,2.5769186802734367,Выше
2021-11-09 21:00:00+05:00,73.4,71.34374717724174,Вверх,2.8821766505337147,True,1.2339030505857949,1.1445413284342258,0.08936172215156901,False,73.28514368251692,Зелёный,2.0562528227582675,Выше
2021-11-09 21:30:00+05:00,73.23,71.36251586204531,Вверх,2.6168978425099585,True,1.156985181367432,1.147030099020867,0.009955082346564836,False,74.5091657819106,Красный,1.8674841379546905,Выше
2021-11-09 22:00:00+05:00,73.19,71.380699783816,Вверх,2.5347190790559018,True,1.0803459940155449,1.1336932780198026,-0.0533472840042577,Выше,74.20524920371952,Красный,1.809300216183999,Выше
2021-11-09 22:30:00+05:00,73.235,71.39915053223575,Вверх,2.571248332899125,True,1.011579154990386,1.1092704534139193,-0.09769129842353319,False,74.19322428334756,Красный,1.8358494677642483,Выше
2021-11-09 23:00:00+05:00,73.2,71.41706943241252,Вверх,2.496504801663431,True,0.9433820115377358,1.076092765038683,-0.13271075350094708,False,74.08090185501283,Красный,1.782930567587485,Выше
2021-11-09 23:30:00+05:00,73.61,71.43888963706513,Вверх,3.0391154929267215,True,0.9119069616926224,1.0432556043694707,-0.13134864267684832,False,74.08090185501283,Красный,2.1711103629348685,Выше
2021-11-10 00:00:00+05:00,73.3,71.45740814813912,Вверх,2.5785875805080654,True,0.8521255754983912,1.0050295985952549,-0.15290402309686368,False,74.08090185501283,Красный,1.842591851860874,Выше
2021-11-10 00:30:00+05:00,73.18,71.47454836557057,Вверх,2.3860964125391475,True,0.7860048247707283,0.9612246438303496,-0.17521981905962125,False,74.05472745230435,Красный,1.705451634429437,Выше
2021-11-10 01:00:00+05:00,73.43,71.49400559576391,Вверх,2.7079115068505932,True,0.7451865177929875,0.9180170186228772,-0.1728305008298897,False,74.05472745230435,Красный,1.935994404236098,Выше
2021-11-10 01:30:00+05:00,73.435,71.51331897292049,Вверх,2.6871652087734685,True,0.7051130691033762,0.8754362287189772,-0.17032315961560096,False,74.05472745230435,Красный,1.921681027079515,Выше
2021-11-10 12:00:00+05:00,73.1,71.52910684383671,Вверх,2.196159333560356,True,0.6389573692000852,0.8281404568151989,-0.1891830876151137,False,74.05472745230435,Красный,1.5708931561632795,Выше
2021-11-10 12:30:00+05:00,72.405,71.53782219862441,Вверх,1.2121948568239538,True,0.5244028194843935,0.7673929293490379,-0.24299010986464442,False,73.57405118145687,Красный,0.8671778013755898,Выше
2021-11-10 13:00:00+05:00,72.85,71.55087869416049,Вверх,1.8156608689496527,True,0.4641745788868121,0.7067492592565928,-0.24257468036978075,False,73.57405118145687,Красный,1.2991213058395061,Выше
2021-11-10 13:30:00+05:00,72.43,71.55962616984048,Вверх,1.2162917510130176,True,0.3781931986022471,0.6410380471257238,-0.26284484852347667,False,73.55603145698007,Красный,0.8703738301595223,Выше
2021-11-10 14:00:00+05:00,72.425,71.5682368547177,Вверх,1.1971276406061468,True,0.3061201149194232,0.5740544606844636,-0.26793434576504044,False,73.31267831128207,Красный,0.8567631452823008,Выше
2021-11-10 14:30:00+05:00,72.515,71.57765738352649,Вверх,1.3095463734598882,True,0.2533435380748443,0.5099122761625398,-0.2565687380876955,False,73.25916048015385,Красный,0.937342616473515,Выше
2021-11-10 15:00:00+05:00,72.485,71.58668566826752,Вверх,1.254862302042121,True,0.2067140999421894,0.4492726409184697,-0.2425585409762803,False,73.25916048015385,Красный,0.8983143317324789,Выше
2021-11-10 15:30:00+05:00,72.8,71.59875844768774,Вверх,1.6777407574600869,True,0.1929535532577375,0.3980088233863233,-0.20505527012858582,False,73.25916048015385,Красный,1.2012415523122542,Выше
2021-11-10 16:00:00+05:00,73.075,71.61344741835752,Вверх,2.0408912492429767,True,0.2019109192085721,0.3587892425507731,-0.156878323342201,False,73.25916048015385,Красный,1.4615525816424793,Выше
2021-11-10 16:30:00+05:00,73.35,71.63072654852311,Вверх,2.400189882636795,True,0.228565141315812,0.3327444223037809,-0.10417928098796889,False,72.41412480897105,Зелёный,1.7192734514768802,Выше
2021-11-10 17:00:00+05:00,73.07,71.64504767739353,Вверх,1.9889055403002813,True,0.2245071655728736,0.3110969709575995,-0.08658980538472588,False,72.41412480897105,Зелёный,1.4249523226064582,Выше
2021-11-10 17:30:00+05:00,73.265,71.66116660597669,Вверх,2.2380788228607327,True,0.2343249091865544,0.2957425586033905,-0.061417649416836084,False,72.43846609526655,Зелёный,1.6038333940233116,Выше
2021-11-10 18:00:00+05:00,73.125,71.67573211238488,Вверх,2.021978492445286,True,0.2281784130526745,0.2822297294932473,-0.054051316440572816,False,72.4503694857399,Зелёный,1.4492678876151217,Выше
2021-11-10 18:30:00+05:00,73.595,71.69482930529648,Вверх,2.650359465411466,True,0.2582553358759867,0.2774348507697952,-0.01917951489380848,False,72.51583253716592,Зелёный,1.9001706947035188,Выше
2021-11-10 19:00:00+05:00,73.305,71.71085090424876,Вверх,2.223023539184915,True,0.2557428926648839,0.2730964591488129,-0.017353566483928995,False,72.56674928344931,Зелёный,1.5941490957512485,Выше
2021-11-10 19:30:00+05:00,73.255,71.72621557186817,Вверх,2.1314165482493896,True,0.2468714013437676,0.2678514475878039,-0.020980046244036293,False,72.56674928344931,Зелёный,1.5287844281318286,Выше
2021-11-10 20:00:00+05:00,73.3,71.74187511841674,Вверх,2.171848559870259,True,0.2406971970170417,0.2624205974736515,-0.02172340045660978,False,72.57219191959396,Зелёный,1.5581248815832538,Выше
2021-11-10 20:30:00+05:00,73.47,71.7590703908703,Вверх,2.3842694725702147,True,0.2466781230058785,0.2592721025800969,-0.012593979574218428,False,72.65147272763454,Зелёный,1.7109296091296926,Выше
2021-11-10 21:00:00+05:00,73.405,71.77544779991638,Вверх,2.2703476607017716,True,0.2433677017947815,0.2560912224230338,-0.012723520628252272,False,72.65147272763454,Зелёный,1.629552200083623,Выше
2021-11-10 21:30:00+05:00,73.1,71.78862742379782,Вверх,1.826713538428033,True,0.2136701615092135,0.2476070102402698,-0.03393684873105629,False,72.65147272763454,Зелёный,1.3113725762021744,Выше
2021-11-10 22:00:00+05:00,73.18,71.80247192704361,Вверх,1.9184967257896919,True,0.1943496366529018,0.2369555355227962,-0.04260589886989438,False,72.65147272763454,Зелёный,1.3775280729563946,Выше
2021-11-10 22:30:00+05:00,72.855,71.81294484319243,Вверх,1.4510686883582946,True,0.151071736703912,0.2197787757590193,-0.0687070390551073,False,72.65147272763454,Зелёный,1.042055156807578,Выше
2021-11-10 23:00:00+05:00,72.915,71.82391056614574,Вверх,1.5191172762020988,True,0.1202292596874201,0.1998688725446995,-0.07963961285727941,False,72.65147272763454,Зелёный,1.0910894338542647,Выше
2021-11-10 23:30:00+05:00,72.63,71.83193135653235,Вверх,1.1110221156472753,True,0.0719597490940202,0.1742870478545637,-0.1023272987605435,False,73.36940468715316,Красный,0.7980686434676443,Выше
2021-11-11 00:00:00+05:00,72.285,71.8364395022385,Вверх,0.6244191678618949,True,0.0058003348217567,0.1405897052480023,-0.13478937042624559,False,73.11271421843784,Красный,0.4485604977614912,Выше
2021-11-11 00:30:00+05:00,71.465,71.83274358679336,Вниз,0.511944231044188,True,-0.1115131702043328,0.0901691301575353,-0.2016823003618681,False,72.60794279659406,Красный,-0.3677435867933525,Ниже
2021-11-11 01:00:00+05:00,71.505,71.82948245657651,Вниз,0.45173993390900424,True,-0.1989637719176045,0.0323425497425073,-0.2313063216601118,False,72.27114851693466,Красный,-0.32448245657651853,Ниже
2021-11-11 01:30:00+05:00,71.655,71.82774631272999,Вниз,0.24050081145225696,True,-0.253245995232362,-0.0247751592524665,-0.2284708359798955,False,72.27114851693466,Красный,-0.1727463127299842,Ниже
2021-11-11 12:00:00+05:00,72.715,71.8365747076282,Вверх,1.2228106587026941,True,-0.2083304038666398,-0.0614862081753011,-0.14684419569133872,False,71.85654470128293,Зелёный,0.8784252923718014,Выше
2021-11-11 12:30:00+05:00,72.95,71.84765356625877,Вверх,1.5342831380354474,True,-0.1520195513280526,-0.0795928768058514,-0.07242667452220118,False,71.85654470128293,Зелёный,1.102346433741232,Выше
2021-11-11 13:00:00+05:00,72.995,71.85906994868405,Вверх,1.580774775024422,True,-0.1025792018881048,-0.0841901418223021,-0.01838906006580271,False,72.08347620803916,Зелёный,1.1359300513159525,Выше
2021-11-11 13:30:00+05:00,74.18,71.88216378004044,Вверх,3.1966709112860694,True,0.031855022908303,-0.0609811088761811,0.0928361317844841,Выше,72.61612858723525,Зелёный,2.2978362199595637,Выше
2021-11-11 14:00:00+05:00,74.0,71.90323677725398,Вверх,2.916090174412447,True,0.1224589879435598,-0.0242930895122329,0.14675207745579272,False,73.07426572851173,Зелёный,2.09676322274602,Выше
2021-11-11 14:30:00+05:00,73.63,71.9204185008634,Вверх,2.3770460945191334,True,0.1625337868977681,0.0130722857697672,0.14946150112800088,False,73.07426572851173,Зелёный,1.7095814991365899,Выше
2021-11-11 15:00:00+05:00,73.87,71.93981732175034,Вверх,2.6830519594134303,True,0.2112244836636279,0.0527027253485393,0.15852175831508858,False,73.07426572851173,Зелёный,1.9301826782496647,Выше
2021-11-11 15:30:00+05:00,73.765,71.95797834342447,Вверх,2.5112179332657067,True,0.2385892804612126,0.089880036371074,0.1487092440901386,False,73.07426572851173,Зелёный,1.8070216565755288,Выше
2021-11-11 16:00:00+05:00,74.055,71.97884423055459,Вверх,2.8843972025937386,True,0.2804438730466643,0.1279928037061921,0.1524510693404722,False,73.07426572851173,Зелёный,2.076155769445421,Выше
2021-11-11 16:30:00+05:00,74.0,71.99895523323563,Вверх,2.7792691717291174,True,0.3056525268039678,0.1635247483257472,0.1421277784782206,False,73.07426572851173,Зелёный,2.001044766764366,Выше
2021-11-11 17:00:00+05:00,74.415,72.02299547967111,Вверх,3.3211677803709967,True,0.3550250899835703,0.2018248166573119,0.1532002733262584,False,73.341724950526,Зелёный,2.3920045203288964,Выше
2021-11-11 17:30:00+05:00,74.315,72.04580149479877,Вверх,3.1496609908143682,True,0.3816842196543746,0.2377966972567244,0.1438875223976502,False,73.3568024554734,Зелёный,2.2691985052012313,Выше
2021-11-11 18:00:00+05:00,73.945,72.06469899236295,Вверх,2.609184571542176,True,0.3687056549274672,0.263978488790873,0.10472716613659422,False,73.3568024554734,Зелёный,1.880301007637044,Выше
2021-11-11 18:30:00+05:00,74.23,72.08624427602103,Вверх,2.9738762859810612,True,0.3770705326493839,0.2865968975625752,0.09047363508680867,False,73.3568024554734,Зелёный,2.1437557239789697,Выше
2021-11-11 19:00:00+05:00,74.19,72.10717716879695,Вверх,2.888509733680643,True,0.3761362284981828,0.3045047637496967,0.07163146474848608,False,73.3568024554734,Зелёный,2.082822831203046,Выше
2021-11-11 19:30:00+05:00,74.605,72.1320311273164,Вверх,3.4283921221055085,True,0.4042231841803243,0.3244484478358223,0.07977473634450205,False,73.38457184103609,Зелёный,2.4729688726836088,Выше
2021-11-11 20:00:00+05:00,74.46,72.15519499669634,Вверх,3.194232935562273,True,0.4100551502084357,0.3415697883103449,0.06848536189809079,False,73.6046146569325,Зелёный,2.304805003303656,Выше
2021-11-11 20:30:00+05:00,74.45,72.17802887732623,Вверх,3.1477322919627215,True,0.4091536403990119,0.3550865587280783,0.0540670816709336,False,73.6046146569325,Зелёный,2.2719711226737758,Выше
2021-11-11 21:00:00+05:00,74.35,72.19964053028816,Вверх,2.978352044301027,True,0.3958074017688489,0.3632307273362325,0.03257667443261636,False,73.6046146569325,Зелёный,2.1503594697118302,Выше
2021-11-11 21:30:00+05:00,74.06,72.21815156978779,Вверх,2.5503954202321903,True,0.3577064182065328,0.3621258655102926,-0.00441944730375976,Выше,73.6046146569325,Зелёный,1.8418484302122096,Выше
2021-11-11 22:00:00+05:00,74.21,72.23797095715308,Вверх,2.7299064698489297,True,0.3357446058063686,0.3568496135695078,-0.021105007763139172,False,73.6046146569325,Зелёный,1.9720290428469127,Выше
2021-11-11 22:30:00+05:00,74.245,72.25794139539038,Вверх,2.7499518616737006,True,0.317503931067705,0.3489804770691472,-0.031476546001442174,False,73.6046146569325,Зелёный,1.9870586046096292,Выше
2021-11-11 23:00:00+05:00,74.31,72.2783598889686,Вверх,2.810855301852919,True,0.3047797109041568,0.3401403238361492,-0.03536061293199244,False,73.6046146569325,Зелёный,2.0316401110314075,Выше
2021-11-11 23:30:00+05:00,74.185,72.29733143236194,Вверх,2.610979589757161,True,0.2813658095121667,0.3283854209713527,-0.047019611459185984,False,73.6046146569325,Зелёный,1.887668567638059,Выше
2021-11-12 00:00:00+05:00,74.19,72.31616395542302,Вверх,2.5911717962972176,True,0.260213997202058,0.3147511362174938,-0.054537139015435776,False,73.6046146569325,Зелёный,1.8738360445769757,Выше
2021-11-12 00:30:00+05:00,74.15,72.33441108024469,Вверх,2.5099933664230396,True,0.2374857796120721,0.2992980648964095,-0.06181228528433738,False,73.6046146569325,Зелёный,1.8155889197553137,Выше
2021-11-12 01:00:00+05:00,74.1,72.35197912919749,Вверх,2.415995929677473,True,0.2129837768892883,0.2820352072949853,-0.06905143040569703,False,73.6046146569325,Зелёный,1.748020870802506,Выше
2021-11-12 01:30:00+05:00,74.42,72.37255645129503,Вверх,2.829033060456909,True,0.2168869510878011,0.2690055560535485,-0.052118604965747384,False,73.69511786492866,Зелёный,2.047443548704976,Выше
2021-11-12 12:00:00+05:00,73.635,72.38511807864533,Вверх,1.7267111728638658,True,0.15485226476369,0.2461748977955768,-0.09132263303188681,False,75.7623939215642,Красный,1.249881921354671,Выше
2021-11-12 12:30:00+05:00,73.97,72.40088804801205,Вверх,2.1672551184004893,True,0.1312085388429409,0.2231816260050496,-0.0919730871621087,False,74.80215452940777,Красный,1.5691119519879493,Выше
2021-11-12 13:00:00+05:00,73.575,72.41257075400198,Вверх,1.6052865322887098,True,0.0796790266390132,0.1944811061318423,-0.1148020794928291,False,74.796689076467,Красный,1.1624292459980268,Выше
2021-11-12 13:30:00+05:00,72.965,72.41806756241988,Вверх,0.7552430712248752,True,-0.0102620900636623,0.1535324668927414,-0.1637945569564037,False,74.12552016882032,Красный,0.546932437580125,Выше
2021-11-12 14:00:00+05:00,72.0,72.4139076861769,Вниз,0.5715859002812927,True,-0.1575918870237131,0.0913075961094505,-0.2488994831331636,False,73.74746815193826,Красный,-0.41390768617689844,Ниже
2021-11-12 14:30:00+05:00,72.97,72.41944094303086,Вверх,0.7602365467060637,True,-0.1938463788069668,0.034276801126167,-0.2281231799331338,False,73.74147133674445,Красный,0.550559056969135,Выше
2021-11-12 15:00:00+05:00,73.0,72.42521765006539,Вверх,0.7936218468983631,True,-0.2176486572262348,-0.0161082905443133,-0.2015403666819215,False,73.74147133674445,Красный,0.5747823499346083,Выше
2021-11-12 15:30:00+05:00,72.91,72.43004135503988,Вверх,0.6626513473980282,True,-0.2409963265606904,-0.0610858977475887,-0.1799104288131017,False,73.74147133674445,Красный,0.47995864496012075,Выше
2021-11-12 16:00:00+05:00,72.895,72.43466780921858,Вверх,0.635513635534102,True,-0.2577388443975366,-0.1004164870775783,-0.15732235731995828,False,73.74147133674445,Красный,0.46033219078141485,Выше
2021-11-12 16:30:00+05:00,73.655,72.4468104180821,Вверх,1.6676918900163935,True,-0.2072922262424015,-0.1217916349105429,-0.08550059133185861,False,73.74147133674445,Красный,1.2081895819179067,Выше
2021-11-12 17:00:00+05:00,73.365,72.45594663282755,Вверх,1.2546290669268314,True,-0.1885401211209227,-0.1351413321526189,-0.0533987889683038,False,73.74147133674445,Красный,0.9090533671724472,Выше
2021-11-12 17:30:00+05:00,73.575,72.4670814922024,Вверх,1.5288576343685383,True,-0.1549475587480202,-0.1391025774716992,-0.015844981276320974,False,73.74147133674445,Красный,1.1079185077976064,Выше
2021-11-12 18:00:00+05:00,73.8,72.48034436292676,Вверх,1.8207082881193306,True,-0.1089140975299614,-0.1330648814833516,0.02415078395339021,Ниже,72.58550506244629,Зелёный,1.3196556370732395,Выше
2021-11-12 18:30:00+05:00,73.5,72.49049019016132,Вверх,1.3926099922768767,True,-0.0955384330710273,-0.1255595918008868,0.0300211587298595,False,72.58550506244629,Зелёный,1.0095098098386757,Выше
2021-11-12 19:00:00+05:00,74.385,72.50934103404032,Вверх,2.586782529273212,True,-0.0133718762092343,-0.1031220486825563,0.089750172473322,False,72.74600910058149,Зелёный,1.875658965959687,Выше
2021-11-12 19:30:00+05:00,74.5,72.52914858594042,Вверх,2.717323245183696,True,0.0603298065310298,-0.0704316776398391,0.1307614841708689,False,73.32015819052333,Зелёный,1.970851414059581,Выше
2021-11-12 20:00:00+05:00,74.975,72.55348541593106,Вверх,3.3375578997852275,True,0.1552775088884317,-0.0252898403341849,0.1805673492226166,False,73.349142371471,Зелёный,2.4215145840689303,Выше
2021-11-12 20:30:00+05:00,74.875,72.57658506353374,Вверх,3.166882176192528,True,0.2199199821440913,0.0237521241614703,0.196167857982621,False,73.6297281343239,Зелёный,2.2984149364662585,Выше
2021-11-12 21:00:00+05:00,74.24,72.59313645593639,Вверх,2.268621559096352,True,0.2174043132458791,0.0624825619783521,0.154921751267527,False,73.63950532089152,Зелёный,1.6468635440636064,Выше
2021-11-12 21:30:00+05:00,74.49,72.61201072005643,Вверх,2.5863342184309412,True,0.2328988254966049,0.0965658146820026,0.1363330108146023,False,73.63950532089152,Зелёный,1.877989279943563,Выше
2021-11-12 22:00:00+05:00,74.25,72.6283091208519,Вверх,2.232863326681125,True,0.2232389838070361,0.1219004485070093,0.1013385353000268,False,73.63950532089152,Зелёный,1.6216908791481046,Выше
2021-11-12 22:30:00+05:00,74.27,72.64464435348023,Вверх,2.237406020753542,True,0.2147221393630189,0.1404647866782113,0.0742573526848076,False,73.63950532089152,Зелёный,1.6253556465197647,Выше
2021-11-12 23:00:00+05:00,74.08,72.65892649921676,Вверх,1.9558140606420267,True,0.1904457268856418,0.1504609747196974,0.03998475216594438,False,73.63950532089152,Зелёный,1.421073500783237,Выше
2021-11-12 23:30:00+05:00,73.57,72.66799190718476,Вверх,1.2412729031611707,True,0.1285716632422691,0.1460831124242117,-0.017511449181942612,Выше,74.87319460306676,Красный,0.9020080928152368,Выше
2021-11-13 00:00:00+05:00,73.82,72.67945467427745,Вверх,1.5692816227557649,True,0.0985726485559581,0.136581019650561,-0.038008371094602894,False,74.6853751427601,Красный,1.1405453257225417,Выше
2021-11-13 00:30:00+05:00,73.765,72.69025612030454,Вверх,1.478525371979331,True,0.0695583476073551,0.1231764852419198,-0.0536181376345647,False,74.6853751427601,Красный,1.0747438796954611,Выше
2021-11-13 01:00:00+05:00,73.925,72.70254212905773,Вверх,1.681451342887325,True,0.0587971904811581,0.1103006262897675,-0.0515034358086094,False,74.6853751427601,Красный,1.2224578709422644,Выше
2021-11-13 01:30:00+05:00,74.01,72.71555166011188,Вверх,1.7801533651819765,True,0.0564766577984556,0.0995358325915051,-0.0430591747930495,False,74.6853751427601,Красный,1.2944483398881204,Выше
2021-11-15 12:00:00+05:00,73.03,72.71868049931476,Вверх,0.4281148922774764,True,-0.0241616701757294,0.0747963320380582,-0.0989580022137876,False,74.1457233811649,Красный,0.3113195006852436,Выше
2021-11-15 12:30:00+05:00,72.655,72.71804686250566,Вниз,0.08670043438441923,True,-0.116979030609329,0.0364412595085807,-0.1534202901179097,False,73.81740104304839,Красный,-0.06304686250565794,Ниже
2021-11-15 13:00:00+05:00,72.72,72.71806629670958,Вверх,0.002659178645549976,True,-0.1831809052441144,-0.0074831734419582,-0.1756977318021562,False,73.63941093874357,Красный,0.0019337032904189755,Выше
2021-11-15 13:30:00+05:00,72.285,72.71375717932939,Вниз,0.5896507015474086,True,-0.2676617938583092,-0.0595188975252284,-0.20814289633308078,False,73.56971984486921,Красный,-0.42875717932939494,Ниже
2021-11-15 14:00:00+05:00,72.995,72.71655561535596,Вверх,0.38291745571244595,True,-0.2741620707627987,-0.1024475321727425,-0.1717145385900562,False,73.56971984486921,Красный,0.27844438464404675,Выше
2021-11-15 14:30:00+05:00,73.4,72.72335605699422,Вверх,0.9304355295092424,True,-0.2438228339129011,-0.1307225925207742,-0.1131002413921269,False,73.56971984486921,Красный,0.6766439430057858,Выше
2021-11-15 15:00:00+05:00,73.41,72.73018833503409,Вверх,0.9347035674297104,True,-0.2164764479602752,-0.1478733636086744,-0.06860308435160081,False,73.56971984486921,Красный,0.6798116649659107,Выше
2021-11-15 15:30:00+05:00,73.425,72.73710188393923,Вверх,0.945732093036081,True,-0.1913876675362757,-0.1565762243941947,-0.03481144314208101,False,73.56971984486921,Красный,0.6878981160607651,Выше
2021-11-15 16:00:00+05:00,73.475,72.74444415375079,Вверх,1.004277171607936,True,-0.1655615556082352,-0.1583732906370028,-0.0071882649712324,False,73.56971984486921,Красный,0.730555846249203,Выше
2021-11-15 16:30:00+05:00,72.54,72.74240988356422,Вниз,0.278255674905745,True,-0.2180275755437293,-0.1703041476183481,-0.0477234279253812,False,74.01430389907715,Красный,-0.20240988356421497,Ниже
2021-11-15 17:00:00+05:00,72.705,72.74203764591682,Вниз,0.050916426203390215,True,-0.2434863937206159,-0.1849405968388017,-0.05854579688181419,False,73.44037350916942,Красный,-0.03703764591682557,Ниже
2021-11-15 17:30:00+05:00,72.735,72.7419676195893,Вниз,0.009578541545290066,True,-0.2582648251273411,-0.1996054424965096,-0.05865938263083151,False,73.44037350916942,Красный,-0.006967619589303808,Ниже
2021-11-15 18:00:00+05:00,72.745,72.74199779252872,Вверх,0.0041271996403590226,True,-0.2661024585642053,-0.2129048457100487,-0.053197612854156584,False,73.44037350916942,Красный,0.0030022074712832136,Выше
2021-11-15 18:30:00+05:00,72.69,72.74148040155829,Вниз,0.07077172649512244,True,-0.2735980122989048,-0.22504347902782,-0.048554533271084804,False,73.44037350916942,Красный,-0.05148040155829392,Ниже
2021-11-15 19:00:00+05:00,72.575,72.73982388014976,Вниз,0.22659373003339583,True,-0.2855264602414991,-0.2371400752705558,-0.048386384970943275,False,73.44037350916942,Красный,-0.16482388014975413,Ниже
2021-11-15 19:30:00+05:00,72.445,72.736890309203,Вниз,0.401296107054058,True,-0.3019886179145743,-0.2501097837993595,-0.05187883411521482,False,73.16895275342945,Красный,-0.29189030920301207,Ниже
2021-11-15 20:00:00+05:00,72.47,72.73423468423582,Вниз,0.3632879143954008,True,-0.3094505520696629,-0.2619779374534202,-0.04747261461624269,False,73.16895275342945,Красный,-0.26423468423581653,Ниже
2021-11-15 20:30:00+05:00,72.6,72.73289901573595,Вниз,0.18272201099423435,True,-0.3013999243897984,-0.2698623348406959,-0.03153758954910252,False,73.13762673027784,Красный,-0.13289901573595841,Ниже
2021-11-15 21:00:00+05:00,72.05,72.72610400065402,Вниз,0.9296579404940228,True,-0.3355323394623752,-0.2829963357650317,-0.052536003697343514,False,72.91386405725007,Красный,-0.6761040006540213,Ниже
2021-11-15 21:30:00+05:00,71.95,72.71838157278683,Вниз,1.0566538420794163,True,-0.3664277377162648,-0.2996826161552783,-0.0667451215609865,False,72.76222765152505,Красный,-0.7683815727868222,Ниже
2021-11-15 22:00:00+05:00,71.845,72.7096912088785,Вниз,1.1892379055694722,True,-0.3948337877702528,-0.3187128504782732,-0.0761209372919796,False,72.61525488637255,Красный,-0.8646912088784973,Ниже
2021-11-15 22:30:00+05:00,71.6,72.69864950530757,Вниз,1.5112378466224012,True,-0.4321338692909648,-0.3413970542408115,-0.0907368150501533,False,72.47622939773531,Красный,-1.098649505307577,Ниже
2021-11-15 23:00:00+05:00,71.8,72.68970771918511,Вниз,1.2239803228019983,True,-0.4404785614306519,-0.3612133556787796,-0.07926520575187229,False,72.47622939773531,Красный,-0.889707719185111,Ниже
2021-11-15 23:30:00+05:00,71.875,72.68160117471561,Вниз,1.10977353508856,True,-0.4360138209539883,-0.3761734487338214,-0.05984037222016686,False,72.47622939773531,Красный,-0.8066011747156097,Ниже
2021-11-16 00:00:00+05:00,71.915,72.6739733023304,Вниз,1.0443536631374077,True,-0.4243561032477316,-0.3858099796366034,-0.03854612361112819,False,72.47622939773531,Красный,-0.7589733023303893,Ниже
2021-11-16 00:30:00+05:00,72.09,72.66816262270522,Вниз,0.795620257673302,True,-0.3964264827855999,-0.3879332802664028,-0.008493202519197107,False,72.47622939773531,Красный,-0.5781626227052215,Ниже
2021-11-16 01:00:00+05:00,71.84,72.65992219859871,Вниз,1.1284380354243162,True,-0.3899696407393662,-0.3883405523609955,-0.0016290883783706689,False,72.47622939773531,Красный,-0.8199221985987037,Ниже
2021-11-16 01:30:00+05:00,71.7,72.65037073393604,Вниз,1.3081429927130548,True,-0.3916348540565337,-0.3889994127001032,-0.0026354413564305124,False,72.34503912736186,Красный,-0.9503707339360403,Ниже
2021-11-16 12:00:00+05:00,72.515,72.64902376145908,Вниз,0.18448115958053243,True,-0.3234621880907014,-0.3758919677782228,0.05242977968752144,Ниже,71.74021478537433,Зелёный,-0.13402376145907624,Ниже
2021-11-16 12:30:00+05:00,72.475,72.64729218174307,Вниз,0.23716256527779173,True,-0.2695552596207022,-0.3546246261467188,0.0850693665260166,False,71.93569330683691,Зелёный,-0.17229218174307448,Ниже
2021-11-16 13:00:00+05:00,72.455,72.64537882670085,Вниз,0.26206598379094276,True,-0.2258440733878615,-0.3288685155949473,0.10302444220708579,False,71.93569330683691,Зелёный,-0.19037882670085082,Ниже
2021-11-16 13:30:00+05:00,72.415,72.64308650006701,Вниз,0.3139823912448946,True,-0.1922145790642417,-0.3015377282888062,0.10932314922456451,False,71.93569330683691,Зелёный,-0.2280865000670076,Ниже
2021-11-16 14:00:00+05:00,72.575,72.64240902245442,Вниз,0.09279568692934774,True,-0.1509126723541385,-0.2714127171018727,0.12050004474773421,False,71.93569330683691,Зелёный,-0.06740902245441305,Ниже
2021-11-16 14:30:00+05:00,72.53,72.64129052471856,Вниз,0.15320559961787153,True,-0.1204235696911837,-0.2412148876197349,0.12079131792855119,False,71.93569330683691,Зелёный,-0.11129052471855516,Ниже
2021-11-16 15:00:00+05:00,72.67,72.64157619113928,Вверх,0.039128843771137206,True,-0.0839956565542223,-0.2097710414066324,0.12577538485241013,False,71.98120919075411,Зелёный,0.028423808860722488,Выше
2021-11-16 15:30:00+05:00,72.675,72.64190876635183,Вверх,0.0455539153776926,True,-0.0540991929106837,-0.1786366717074427,0.12453747879675901,False,71.98120919075411,Зелёный,0.033091233648164575,Выше
2021-11-16 16:00:00+05:00,72.44,72.63989972390058,Вниз,0.27519273107533393,True,-0.0488059613619071,-0.1526705296383356,0.10386456827642851,False,71.98120919075411,Зелёный,-0.19989972390058597,Ниже
2021-11-16 16:30:00+05:00,72.43,72.63781116943392,Вниз,0.2860922790599687,True,-0.0449003701329644,-0.1311164977372614,0.08621612760429699,False,71.98120919075411,Зелёный,-0.20781116943390998,Ниже
2021-11-16 17:00:00+05:00,72.58,72.63723593391717,Вниз,0.07879696023846641,True,-0.029362936889413,-0.1107657855676917,0.08140284867827871,False,72.01738710005378,Зелёный,-0.057235933917169746,Ниже
2021-11-16 17:30:00+05:00,72.9,72.63985050173889,Вверх,0.3581360595653852,True,0.008671951684775,-0.0868782381171983,0.0955501898019733,False,72.2316483900484,Зелёный,0.26014949826111433,Выше
2021-11-16 18:00:00+05:00,73.155,72.64497636739323,Вверх,0.7020769475199375,True,0.0587144204915119,-0.0577597063954563,0.1164741268869682,False,72.38923355104357,Зелёный,0.5100236326067744,Выше
2021-11-16 18:30:00+05:00,72.845,72.6469666522948,Вверх,0.2725968568695223,True,0.0725230280125543,-0.0317031595138541,0.10422618752640839,False,72.4625601959392,Зелёный,0.19803334770520564,Выше
2021-11-16 19:00:00+05:00,73.385,72.65431026769484,Вверх,1.0057073415368463,True,0.1255921874320336,-0.0002440901246766,0.1258362775567102,False,72.52205417634529,Зелёный,0.7306897323051658,Выше
2021-11-16 19:30:00+05:00,72.9,72.65675494164813,Вверх,0.3347865708387728,True,0.1270498799979122,0.0252147038998411,0.1018351760980711,False,72.52205417634529,Зелёный,0.24324505835187438,Выше
2021-11-16 20:00:00+05:00,72.385,72.65405091237801,Вниз,0.37031784050484107,True,0.0856614638601058,0.0373040558918941,0.048357407968211696,False,73.41858611716032,Красный,-0.26905091237800605,Ниже
2021-11-16 20:30:00+05:00,72.995,72.65744344061305,Вверх,0.46458634298474527,True,0.1009194117423248,0.0500271270619802,0.050892284680344596,False,73.38922750544428,Красный,0.33755655938695384,Выше
2021-11-16 21:00:00+05:00,72.525,72.65612559543283,Вниз,0.18047424681431526,True,0.0742306881544152,0.0548678392804672,0.019362848873948006,False,73.38922750544428,Красный,-0.13112559543282032,Ниже
2021-11-16 21:30:00+05:00,72.635,72.65591539050314,Вниз,0.028786906600406198,True,0.0612497145381922,0.0561442143320122,0.0051055002061800026,False,73.24704927940988,Красный,-0.02091539050313429,Ниже
2021-11-16 22:00:00+05:00,72.585,72.65520976472699,Вниз,0.09663417799542623,True,0.0463928296304629,0.0541939373917024,-0.007801107761239497,Выше,73.24704927940988,Красный,-0.07020976472699658,Ниже
2021-11-16 22:30:00+05:00,72.545,72.6541131501526,Вниз,0.15018165582324758,True,0.0310332436813212,0.0495617986496261,-0.0185285549683049,False,73.179009916322,Красный,-0.10911315015259504,Ниже
2021-11-16 23:00:00+05:00,72.555,72.65312694965357,Вниз,0.13506225233989,True,0.0194434456450238,0.0435381280487057,-0.024094682403681903,False,73.14860892468981,Красный,-0.09812694965356172,Ниже
2021-11-16 23:30:00+05:00,72.41,72.65070777602519,Вниз,0.3313219972574352,True,-0.0014254097469006,0.0345454204895844,-0.035970830236485,False,73.03624803222083,Красный,-0.24070777602518945,Ниже
2021-11-17 00:00:00+05:00,72.315,72.64736740014435,Вниз,0.45750783825882846,True,-0.0253377561679428,0.0225687851580789,-0.04790654132602171,False,72.88262322899874,Красный,-0.3323674001443493,Ниже
2021-11-17 00:30:00+05:00,72.38,72.64470702800361,Вниз,0.36438584286887143,True,-0.0385985659716823,0.0103353149321267,-0.048933880903809,False,72.84411090609886,Красный,-0.26470702800361323,Ниже
2021-11-17 01:00:00+05:00,72.35,72.64177461976477,Вниз,0.40166229596130004,True,-0.0509413820176831,-0.0019200244578352,-0.0490213575598479,False,72.80144981548898,Красный,-0.29177461976478014,Ниже
2021-11-17 01:30:00+05:00,72.44,72.63976691210543,Вниз,0.2750103980195183,True,-0.0528516637401281,-0.0121063523142938,-0.0407453114258343,False,72.80144981548898,Красный,-0.19976691210543152,Ниже
2021-11-17 12:00:00+05:00,72.91,72.64245579855215,Вверх,0.3683028037898193,True,-0.0162531475541243,-0.0129357113622599,-0.003317436191864401,False,72.33942564945393,Зелёный,0.26754420144784774,Выше
2021-11-17 12:30:00+05:00,72.585,72.64188409906407,Вниз,0.07830757664063795,True,-0.0133198012824209,-0.0130125293462921,-0.0003072719361288008,False,72.33942564945393,Зелёный,-0.056884099064077986,Ниже
2021-11-17 13:00:00+05:00,73.05,72.64594495379976,Вверх,0.5561976603886234,True,0.0262242141872235,-0.005165180639589,0.0313893948268125,Выше,72.33942564945393,Зелёный,0.40405504620024146,Выше
2021-11-17 13:30:00+05:00,73.12,72.65066191943359,Вверх,0.646020377745342,True,0.0624911868293907,0.0083660928542069,0.0541250939751838,False,72.40643879845192,Зелёный,0.46933808056641624,Выше
2021-11-17 14:00:00+05:00,73.035,72.65448617894172,Вверх,0.523730661477806,True,0.083412704576645,0.0233754151986945,0.0600372893779505,False,72.40643879845192,Зелёный,0.3805138210582726,Выше
2021-11-17 14:30:00+05:00,73.58,72.66369527168857,Вверх,1.2610213737209208,True,0.1423294184290284,0.0471662158447613,0.09516320258426711,False,72.62824042674606,Зелёный,0.916304728311431,Выше
2021-11-17 15:00:00+05:00,73.56,72.67261372669665,Вверх,1.2210738375814922,True,0.1852718077044954,0.0747873342167081,0.11048447348778728,False,72.80691638407144,Зелёный,0.8873862733033491,Выше
2021-11-17 15:30:00+05:00,73.315,72.6790056299136,Вверх,0.8750730208458272,True,0.1972606106103001,0.0992819894954265,0.09797862111487358,False,72.80691638407144,Зелёный,0.6359943700863937,Выше
2021-11-17 16:00:00+05:00,72.96,72.68180159379506,Вверх,0.38276212216055777,True,0.1760864748742818,0.1146428865711976,0.061443588303084204,False,72.80691638407144,Зелёный,0.2781984062049361,Выше
2021-11-17 16:30:00+05:00,73.145,72.68641053316028,Вверх,0.6309149997584466,True,0.1722482035725505,0.1261639499714682,0.04608425360108229,False,72.80691638407144,Зелёный,0.4585894668397117,Выше
2021-11-17 17:00:00+05:00,73.15,72.69102336367611,Вверх,0.6314075866391617,True,0.167676928865248,0.1344665457502242,0.03321038311502378,False,72.80691638407144,Зелёный,0.4589766363238965,Выше
2021-11-17 17:30:00+05:00,73.235,72.69643606652511,Вверх,0.7408395275141767,True,0.1689652244208872,0.1413662814843568,0.027598942936530424,False,72.80691638407144,Зелёный,0.5385639334748902,Выше
2021-11-17 18:00:00+05:00,73.475,72.70418297133581,Вверх,1.060210014282237,True,0.1871943423129636,0.1505318936500781,0.03666244866288551,False,72.80691638407144,Зелёный,0.7708170286641831,Выше
2021-11-17 18:30:00+05:00,73.73,72.71439010594939,Вверх,1.3967110121817783,True,0.219685026219139,0.1643625201638903,0.05532250605524869,False,73.00773912556058,Зелёный,1.0156098940506126,Выше
2021-11-17 19:00:00+05:00,73.685,72.72404791584044,Вверх,1.321367706692586,True,0.2390474135961113,0.1792994988503345,0.059747914745776814,False,73.15121521300453,Зелёный,0.9609520841595582,Выше
2021-11-17 19:30:00+05:00,73.315,72.72992803608084,Вверх,0.8044445797181486,True,0.2219775186510588,0.1878351028104794,0.03414241584057939,False,73.15121521300453,Зелёный,0.5850719639191624,Выше
2021-11-17 20:00:00+05:00,72.98,72.73241631432879,Вверх,0.3404034929916671,True,0.179350364279287,0.186138155104241,-0.00678779082495401,Выше,73.79344067746634,Красный,0.24758368567121636,Выше
2021-11-17 20:30:00+05:00,73.3,72.7380639131912,Вверх,0.7725474896877084,True,0.1694362078423665,0.1827977656518661,-0.013361557809499602,False,73.6975966097197,Красный,0.5619360868087995,Выше
2021-11-17 21:00:00+05:00,73.055,72.74121750609477,Вверх,0.43136821827177363,True,0.1401936498608194,0.1742769424936568,-0.03408329263283741,False,73.64358694874772,Красный,0.3137824939052365,Выше
2021-11-17 21:30:00+05:00,73.03,72.74409096374558,Вверх,0.39303403543377274,True,0.1136908634096158,0.1621597266768486,-0.048468863267232806,False,73.64358694874772,Красный,0.28590903625442365,Выше
2021-11-17 22:00:00+05:00,73.04,72.74703533226553,Вверх,0.40271698550516993,True,0.0924286704531596,0.1482135154321108,-0.05578484497895121,False,73.64315542848567,Красный,0.2929646677344806,Выше
2021-11-17 22:30:00+05:00,73.175,72.75129368716836,Вверх,0.5824038190352795,True,0.0854861697556117,0.135668046296811,-0.05018187654119931,False,73.64315542848567,Красный,0.42370631283164073,Выше
2021-11-17 23:00:00+05:00,73.07,72.75446489426122,Вверх,0.4336986138202822,True,0.0706966188415378,0.1226737608057563,-0.0519771419642185,False,73.6295308970734,Красный,0.31553510573877475,Выше
2021-11-17 23:30:00+05:00,73.185,72.7587488256616,Вверх,0.5858418145146381,True,0.0674774935516637,0.1116345073549378,-0.044157013803274095,False,73.58532780736604,Красный,0.42625117433840387,Выше
2021-11-18 00:00:00+05:00,73.235,72.76348764331671,Вверх,0.6480068121454314,True,0.0681750165462204,0.1029426091931944,-0.034767592646974,False,73.58532780736604,Красный,0.4715123566832915,Выше
2021-11-18 00:30:00+05:00,73.25,72.76832856228869,Вверх,0.6619245587027726,True,0.0691411668519492,0.0961823207249453,-0.027041153872996104,False,73.58532780736604,Красный,0.48167143771131293,Выше
2021-11-18 01:00:00+05:00,73.42,72.77481285520123,Вверх,0.8865528051339493,True,0.0826714422555596,0.0934801450310682,-0.010808702775508605,False,73.58532780736604,Красный,0.6451871447987685,Выше
2021-11-18 01:30:00+05:00,73.16,72.77864556310968,Вверх,0.5239922149411665,True,0.0715892199392413,0.0891019600127028,-0.0175127400734615,False,73.58532780736604,Красный,0.38135443689031945,Выше
2021-11-18 12:00:00+05:00,72.54,72.77627098039218,Вниз,0.3246538702921931,True,0.0126320461023539,0.073807977230633,-0.0611759311282791,False,73.12437429197158,Красный,-0.23627098039217742,Ниже
2021-11-18 12:30:00+05:00,72.21,72.77063644327384,Вниз,0.7704157482680222,True,-0.0600282131271399,0.0470407391590784,-0.1070689522862183,False,72.93068686277442,Красный,-0.5606364432738502,Ниже
2021-11-18 13:00:00+05:00,72.69,72.76983409060445,Вниз,0.10970767159514214,True,-0.0779810861630494,0.0220363740946529,-0.1000174602577023,False,72.93068686277442,Красный,-0.07983409060445013,Ниже
2021-11-18 13:30:00+05:00,72.475,72.76690041806113,Вниз,0.40114449891929327,True,-0.1083090512348974,-0.0040327109712571,-0.1042763402636403,False,72.93068686277442,Красный,-0.2919004180611324,Ниже
2021-11-18 14:00:00+05:00,71.895,72.75822479201078,Вниз,1.1864291555744078,True,-0.1771037925164336,-0.0386469272802924,-0.1384568652361412,False,72.65485322296254,Красный,-0.863224792010783,Ниже
2021-11-18 14:30:00+05:00,72.06,72.75127728164252,Вниз,0.9501926391840061,True,-0.2158221363408188,-0.0740819690923977,-0.1417401672484211,False,72.65485322296254,Красный,-0.6912772816425132,Ниже
2021-11-18 15:00:00+05:00,72.265,72.74643870172568,Вниз,0.6618038082931729,True,-0.2273442332249686,-0.1047344219189119,-0.1226098113060567,False,72.65485322296254,Красный,-0.48143870172567915,Ниже
2021-11-18 15:30:00+05:00,72.185,72.74085224698214,Вниз,0.7641541579617694,True,-0.2401624660176935,-0.1318200307386682,-0.10834243527902532,False,72.65485322296254,Красный,-0.5558522469821412,Ниже
2021-11-18 16:00:00+05:00,72.205,72.73552038382809,Вниз,0.7293828119033372,True,-0.245872905202674,-0.1546306056314694,-0.09124229957120458,False,72.65485322296254,Красный,-0.5305203838280903,Ниже
2021-11-18 16:30:00+05:00,72.1,72.72919679791936,Вниз,0.8651227094774722,True,-0.2559209939635281,-0.1748886832978811,-0.08103231066564698,False,72.65485322296254,Красный,-0.6291967979193629,Ниже
2021-11-18 17:00:00+05:00,72.075,72.72268737704454,Вниз,0.8906262961467251,True,-0.2628712516084874,-0.1924851969600024,-0.07038605464848499,False,72.65485322296254,Красный,-0.6476873770445337,Ниже
2021-11-18 17:30:00+05:00,72.0,72.71549645786996,Вниз,0.9839669571457939,True,-0.2713038323661294,-0.2082489240412278,-0.06305490832490163,False,72.552243945498,Красный,-0.7154964578699605,Ниже
2021-11-18 18:00:00+05:00,72.0,72.70837709012996,Вниз,0.9742716293225012,True,-0.2748187736165164,-0.2215628939562855,-0.053255879660230904,False,72.4762695509482,Красный,-0.7083770901299573,Ниже
2021-11-18 18:30:00+05:00,71.635,72.69769672107394,Вниз,1.4618024628088038,True,-0.303557616207371,-0.2379618384065026,-0.0655957778008684,False,72.32689259585338,Красный,-1.0626967210739338,Ниже
2021-11-18 19:00:00+05:00,71.53,72.68607784822744,Вниз,1.5905079520749414,True,-0.3309905257448378,-0.2565675758741697,-0.07442294987066811,False,72.20720333626804,Красный,-1.15607784822744,Ниже
2021-11-18 19:30:00+05:00,71.085,72.6701467253595,Вниз,2.1812901126376056,True,-0.3842101497329508,-0.2820960906459259,-0.10211405908702492,False,71.77073300264124,Красный,-1.5851467253595075,Ниже
2021-11-18 20:00:00+05:00,70.73,72.6508417828186,Вниз,2.6439360311346918,True,-0.4498470614075955,-0.3156462847982598,-0.13420077660933571,False,71.33415970237712,Красный,-1.9208417828185986,Ниже
2021-11-18 20:30:00+05:00,70.7,72.63143042179553,Вниз,2.6592212360118053,True,-0.4985386923617341,-0.3522247663109547,-0.14631392605077942,False,71.33415970237712,Красный,-1.9314304217955254,Ниже
2021-11-18 21:00:00+05:00,71.39,72.61907788028513,Вниз,1.6924999823204945,True,-0.4759633184099812,-0.37697247673076,-0.09899084167922118,False,70.43235564107454,Зелёный,-1.229077880285132,Ниже
2021-11-18 21:30:00+05:00,72.02,72.61311690635195,Вниз,0.8168178582898264,True,-0.4025955659587907,-0.3820970945763662,-0.0204984713824245,False,71.15687007696708,Зелёный,-0.5931169063519519,Ниже
2021-11-18 22:00:00+05:00,71.925,72.60626997196039,Вниз,0.9383073558571285,True,-0.3481040725459365,-0.3752984901702803,0.02719441762434377,Ниже,71.59493306927037,Зелёный,-0.6812699719603899,Ниже
2021-11-18 22:30:00+05:00,71.755,72.59779962398069,Вниз,1.1609162100586587,True,-0.3150055626350507,-0.3632399046632344,0.04823434202818372,False,71.59493306927037,Зелёный,-0.8427996239806959,Ниже
2021-11-18 23:00:00+05:00,71.74,72.5892643043391,Вниз,1.1699585503146306,True,-0.2866804558657208,-0.3479280149037317,0.061247559038010935,False,71.59493306927037,Зелёный,-0.8492643043391013,Ниже
2021-11-18 23:30:00+05:00,71.765,72.58106266947006,Вниз,1.1243465436519697,True,-0.2592271049112185,-0.3301878329052291,0.0709607279940106,False,71.59493306927037,Зелёный,-0.8160626694700568,Ниже
2021-11-19 00:00:00+05:00,71.65,72.5717983643012,Вниз,1.2701881241441553,True,-0.2439377033951899,-0.3129378070032212,0.06900010360803133,False,71.59493306927037,Зелёный,-0.9217983643011962,Ниже
2021-11-19 00:30:00+05:00,71.66,72.5627257437609,Вниз,1.2440626154930723,True,-0.2283811899179966,-0.2960264835861763,0.06764529366817967,False,71.59493306927037,Зелёный,-0.9027257437608966,Ниже
2021-11-19 01:00:00+05:00,71.66,72.55374339805184,Вниз,1.2318363687294422,True,-0.213590403690361,-0.2795392676070133,0.0659488639166523,False,71.59493306927037,Зелёный,-0.8937433980518392,Ниже
2021-11-19 01:30:00+05:00,71.815,72.5463927174742,Вниз,1.0081724122694216,True,-0.1872034298232421,-0.2610721000502591,0.07386867022701701,False,71.59493306927037,Зелёный,-0.7313927174742076,Ниже
2021-11-19 12:00:00+05:00,72.74,72.54831915809636,Вверх,0.2642112789490332,True,-0.0906073285903374,-0.2269791457582748,0.1363718171679374,False,72.03968623696555,Зелёный,0.19168084190363288,Выше
2021-11-19 12:30:00+05:00,72.25,72.54535080826456,Вниз,0.4071257564735785,True,-0.0529823794353063,-0.1921797924936811,0.1391974130583748,False,72.03968623696555,Зелёный,-0.2953508082645584,Ниже
2021-11-19 13:00:00+05:00,71.995,72.53987468081914,Вниз,0.7511381612066794,True,-0.0432422354598998,-0.1623922810869248,0.119150045627025,False,72.95842914805789,Красный,-0.5448746808191345,Ниже
2021-11-19 13:30:00+05:00,72.385,72.53833363921895,Вниз,0.21138290821729114,True,-0.0040071684083926,-0.1307152585512184,0.1267080901428258,False,72.95842914805789,Красный,-0.1533336392189426,Ниже
2021-11-19 14:00:00+05:00,72.01,72.53307658808244,Вниз,0.7211559369706598,True,-0.0031363076881802,-0.1051994683786108,0.1020631606904306,False,72.95842914805789,Красный,-0.5230765880824322,Ниже
2021-11-19 14:30:00+05:00,71.6,72.52379224392241,Вниз,1.2737781841514715,True,-0.035124820711502,-0.091184538845189,0.056059718133687,False,72.5237673489342,Красный,-0.9237922439224207,Ниже
2021-11-19 15:00:00+05:00,71.465,72.51325699771424,Вниз,1.4456073842432378,True,-0.0705559939267885,-0.0870588298615089,0.016502835934720392,False,72.10014061404078,Красный,-1.0482569977142333,Ниже
2021-11-19 15:30:00+05:00,70.905,72.49725444052305,Вниз,2.196296194677744,True,-0.1421837678826136,-0.0980838174657299,-0.04409995041688371,Ниже,72.0936265526367,Красный,-1.5922544405230497,Ниже
2021-11-19 16:00:00+05:00,69.71,72.46952056549297,Вниз,3.8078360998664427,True,-0.2920097016898069,-0.1368689943105453,-0.15514070737926158,False,71.15001389737303,Красный,-2.759520565492977,Ниже
2021-11-19 16:30:00+05:00,69.75,72.44246065936868,Вниз,3.7166885758186523,True,-0.4028760634853086,-0.190070408145498,-0.21280565533981058,False,70.86826250763573,Красный,-2.6924606593686775,Ниже
2021-11-19 17:00:00+05:00,69.43,72.41248592643964,Вниз,4.118745390773354,True,-0.5106730584705446,-0.2541909382105073,-0.25648212026003725,False,70.50818625687216,Красный,-2.9824859264396366,Ниже
2021-11-19 17:30:00+05:00,69.035,72.37887910130095,Вниз,4.619965303166532,True,-0.6208197290889501,-0.3275166963861958,-0.2933030327027543,False,70.00061763118494,Красный,-3.3438791013009563,Ниже
2021-11-19 18:00:00+05:00,69.115,72.34640269233279,Вниз,4.466569963505945,True,-0.6936603430596193,-0.4007454257208805,-0.2929149173387388,False,70.00061763118494,Красный,-3.231402692332793,Ниже
2021-11-19 18:30:00+05:00,69.045,72.31355291429963,Вниз,4.5199727887430265,True,-0.7484082845687254,-0.4702779974904496,-0.27813028707827586,False,70.00061763118494,Красный,-3.268552914299633,Ниже
2021-11-19 19:00:00+05:00,69.795,72.28849268629666,Вниз,3.4493632300751234,True,-0.7229440417673914,-0.520811206345838,-0.20213283542155336,False,70.00061763118494,Красный,-2.493492686296662,Ниже
2021-11-19 19:30:00+05:00,69.655,72.26228877897034,Вниз,3.6080905033956134,True,-0.7059228368174217,-0.5578335324401548,-0.14808930437726697,False,70.00061763118494,Красный,-2.607288778970343,Ниже
2021-11-19 20:00:00+05:00,69.6,72.23579834335871,Вниз,3.6488810310228237,True,-0.6889298946279183,-0.5840528048777075,-0.10487708975021082,False,70.00061763118494,Красный,-2.635798343358715,Ниже
2021-11-19 20:30:00+05:00,70.325,72.21678542451932,Вниз,2.6195924027892366,True,-0.6099305251674423,-0.5892283489356545,-0.020702176231787828,False,68.70483851046544,Зелёный,-1.8917854245193126,Ниже
2021-11-19 21:00:00+05:00,70.075,72.1954741267629,Вниз,2.937128888494742,True,-0.5610286770127573,-0.583588414551075,0.022559737538317748,Ниже,69.23810465941888,Зелёный,-2.1204741267629004,Ниже
2021-11-19 21:30:00+05:00,70.325,72.17686244390954,Вниз,2.565728657641038,True,-0.4963787540765878,-0.5661464824561776,0.06976772837958978,False,69.23810465941888,Зелёный,-1.851862443909539,Ниже
2021-11-19 22:00:00+05:00,70.42,72.15938122556219,Вниз,2.4104713704862184,True,-0.4324920195359851,-0.5394155898721391,0.10692357033615402,False,69.2595397741293,Зелёный,-1.7393812255621839,Ниже
2021-11-19 22:30:00+05:00,70.45,72.14237245714864,Вниз,2.3458785724767743,True,-0.3751164637616142,-0.5065557646500342,0.13143930088841993,False,69.41158579671637,Зелёный,-1.692372457148636,Ниже
2021-11-19 23:00:00+05:00,70.315,72.12418964662976,Вниз,2.5084367054851224,True,-0.3366585045222905,-0.4725763126244854,0.1359178081021949,False,69.60017721704473,Зелёный,-1.8091896466297612,Ниже
2021-11-19 23:30:00+05:00,70.17,72.10474497352897,Вниз,2.68324223910541,True,-0.314258012189228,-0.440912652537434,0.126654640348206,False,69.60017721704473,Зелёный,-1.9347449735289644,Ниже
2021-11-20 00:00:00+05:00,70.06,72.08439925239932,Вниз,2.8083736195275817,True,-0.3019014097950787,-0.413110403988963,0.1112089941938843,False,69.60017721704473,Зелёный,-2.02439925239932,Ниже
2021-11-20 00:30:00+05:00,69.77,72.06137040411674,Вниз,3.1797485827244905,True,-0.3119137422806233,-0.392871071647295,0.08095732936667172,False,69.60017721704473,Зелёный,-2.2913704041167477,Ниже
2021-11-20 01:00:00+05:00,70.195,72.04279955432455,Вниз,2.5648636168437653,True,-0.2823004558544255,-0.3707569484887212,0.08845649263429572,False,69.60017721704473,Зелёный,-1.8477995543245527,Ниже
2021-11-20 01:30:00+05:00,70.195,72.02441348910739,Вниз,2.5399908176747132,True,-0.2558820638583512,-0.3477819715626472,0.09189990770429596,False,69.60017721704473,Зелёный,-1.8294134891073952,Ниже
2021-11-22 12:00:00+05:00,69.58,72.00009096682771,Вниз,3.3612332072506863,True,-0.2813276876351267,-0.3344911147771431,0.053163427142016384,False,70.77368211209654,Красный,-2.420090966827715,Ниже
2021-11-22 12:30:00+05:00,69.52,71.97541344476973,Вниз,3.411461396680815,True,-0.3028440289116787,-0.3281616976040503,0.025317668692371564,False,70.61556390088687,Красный,-2.4554134447697322,Ниже
2021-11-22 13:00:00+05:00,68.865,71.9444640572596,Вниз,4.280334974500189,True,-0.3685010594968787,-0.336229569982616,-0.03227148951426273,Ниже,70.22650751079817,Красный,-3.0794640572595995,Ниже
2021-11-22 13:30:00+05:00,67.96,71.90481764872965,Вниз,5.486165986820144,False,-0.4879360428955692,-0.3665708645652066,-0.12136517833036259,False,69.60585675971836,Красный,-3.9448176487296536,Ниже
2021-11-22 14:00:00+05:00,68.055,71.8665110054587,Вниз,5.3035982297362265,False,-0.5683715878045632,-0.406931009213078,-0.1614405785914852,False,69.39977108374651,Красный,-3.811511005458698,Ниже
2021-11-22 14:30:00+05:00,66.91,71.81719248799146,Вниз,6.832893793240381,False,-0.7162527516186827,-0.468795357694199,-0.24745739392448374,False,68.93029397537188,Красный,-4.907192487991466,Ниже
2021-11-22 15:00:00+05:00,66.605,71.76532987617065,Вниз,7.190561076044205,False,-0.8482821221098646,-0.5446927105773322,-0.3035894115325325,False,68.70051457783468,Красный,-5.16032987617065,Ниже
2021-11-22 15:30:00+05:00,68.34,71.73124699183066,Вниз,4.727712306767619,True,-0.8036523454621118,-0.5964846375542882,-0.20716770790782368,False,68.70051457783468,Красный,-3.3912469918306556,Ниже
2021-11-22 16:00:00+05:00,67.61,71.69023955907612,Вниз,5.691485457673511,False,-0.8177611831829665,-0.6407399466800239,-0.17702123650294266,False,68.70051457783468,Красный,-4.080239559076119,Ниже
2021-11-22 16:30:00+05:00,67.675,71.6502869266475,Вниз,5.548180052254679,False,-0.8143107149222999,-0.6754541003284791,-0.13885661459382082,False,68.70051457783468,Красный,-3.975286926647499,Ниже
2021-11-22 17:00:00+05:00,67.815,71.61212486767589,Вниз,5.30234911293608,False,-0.7911593712431682,-0.6985951545114168,-0.0925642167317513,False,68.70051457783468,Красный,-3.7971248676758904,Ниже
2021-11-22 17:30:00+05:00,67.92,71.57538730680349,Вниз,5.107045095173426,False,-0.7556287245288189,-0.7100018685148973,-0.04562685601392158,False,68.70051457783468,Красный,-3.6553873068034903,Ниже
2021-11-22 18:00:00+05:00,67.48,71.53463718434773,Вниз,5.6680754162473175,False,-0.7542798848007379,-0.7188574717720655,-0.03542241302867244,False,68.70051457783468,Красный,-4.054637184347726,Ниже
2021-11-22 18:30:00+05:00,67.495,71.4944417894786,Вниз,5.5940597469874485,False,-0.7434307381784322,-0.7237721250533389,-0.019658613125093316,False,68.70051457783468,Красный,-3.9994417894785954,Ниже
2021-11-22 19:00:00+05:00,67.84,71.45807918460817,Вниз,5.063219199134989,False,-0.6989371818426946,-0.7188051364112101,0.019867954568515533,Ниже,68.70051457783468,Красный,-3.6180791846081632,Ниже
2021-11-22 19:30:00+05:00,67.46,71.41829730217427,Вниз,5.54241343142994,False,-0.6864258521569297,-0.7123292795603541,0.02590342740342433,False,68.70051457783468,Красный,-3.958297302174273,Ниже
2021-11-22 20:00:00+05:00,67.08,71.3751301648392,Вниз,6.017684528097818,False,-0.6991144018087567,-0.7096863040100346,0.010571902201277905,False,68.42049842643647,Красный,-4.2951301648392075,Ниже
2021-11-22 20:30:00+05:00,67.0,71.33159653135823,Вниз,6.072479436870599,False,-0.7074702238800228,-0.7092430879840323,0.0017728641040095638,False,68.33269858379282,Красный,-4.33159653135823,Ниже
2021-11-22 21:00:00+05:00,67.755,71.2960085061706,Вниз,4.9666293813125995,True,-0.6457265491623048,-0.6965397802196869,0.05081323105738211,False,68.33269858379282,Красный,-3.5410085061705985,Ниже
2021-11-22 21:30:00+05:00,67.17,71.25495369516392,Вниз,5.732869763188358,False,-0.636659834791871,-0.6845637911341238,0.04790395634225275,False,68.33269858379282,Красный,-4.084953695163918,Ниже
2021-11-22 22:00:00+05:00,67.31,71.21570042456527,Вниз,5.48432494700007,False,-0.6111328097461808,-0.6698775948565353,0.058744785110354525,False,68.33269858379282,Красный,-3.905700424565268,Ниже
2021-11-22 22:30:00+05:00,67.325,71.17698698750493,Вниз,5.411843280442797,False,-0.5829719461377891,-0.6524964651127861,0.06952451897499701,False,68.33269858379282,Красный,-3.8519869875049295,Ниже
2021-11-22 23:00:00+05:00,67.36,71.13900701748001,Вниз,5.312144737347048,False,-0.5514730137250723,-0.6322917748352433,0.08081876111017106,False,68.33269858379282,Красный,-3.779007017480012,Ниже
2021-11-22 23:30:00+05:00,67.66,71.10439003223146,Вниз,4.844131326729802,True,-0.4965781462937428,-0.6051490491269433,0.10857090283320053,False,68.33269858379282,Красный,-3.4443900322314676,Ниже
2021-11-23 00:00:00+05:00,67.495,71.06847570355255,Вниз,5.0282149267680385,False,-0.4610727299724004,-0.5763337852960349,0.11526105532363445,False,68.33269858379282,Красный,-3.573475703552546,Ниже
2021-11-23 00:30:00+05:00,67.615,71.03411276122864,Вниз,4.813339152586479,True,-0.418428056444597,-0.5447526395257473,0.12632458308115024,False,68.33269858379282,Красный,-3.4191127612286465,Ниже
2021-11-23 01:00:00+05:00,67.675,71.00068875365423,Вниз,4.684023228553637,True,-0.3754622517553514,-0.5108945619716682,0.13543231021631674,False,68.33269858379282,Красный,-3.3256887536542337,Ниже
2021-11-23 01:30:00+05:00,67.62,70.96705005958803,Вниз,4.716343791629569,True,-0.3419082765514787,-0.4770973048876302,0.13518902833615148,False,68.33269858379282,Красный,-3.347050059588028,Ниже
2021-11-23 12:00:00+05:00,68.13,70.93882070576129,Вниз,3.9594973215183065,True,-0.2710393982401626,-0.4358857235581367,0.1648463253179741,False,68.33269858379282,Красный,-2.808820705761292,Ниже
2021-11-23 12:30:00+05:00,69.265,70.92216577336566,Вниз,2.336597811551885,True,-0.1218852696687236,-0.3730856327802541,0.2512003631115305,False,67.63320300790785,Зелёный,-1.6571657733656622,Ниже
2021-11-23 13:00:00+05:00,69.34,70.9064228303471,Вниз,2.20914096046696,True,0.002345289977498,-0.2979994482287037,0.3003447382062017,False,68.42238270711707,Зелёный,-1.5664228303470935,Ниже
2021-11-23 13:30:00+05:00,69.73,70.89471713054266,Вниз,1.6428828235508612,True,0.1307613091877613,-0.2122472967454107,0.343008605933172,False,68.42238270711707,Зелёный,-1.1647171305426554,Ниже
2021-11-23 14:00:00+05:00,70.255,70.88835178596015,Вниз,0.8934497276400175,True,0.2717623349600302,-0.1154453704043225,0.38720770536435273,False,68.6612299927648,Зелёный,-0.6333517859601585,Ниже
2021-11-23 14:30:00+05:00,70.695,70.88642788759239,Вниз,0.27004871496127897,True,0.4142359325313407,-0.0095091098171898,0.4237450423485305,False,69.19285699348833,Зелёный,-0.19142788759239693,Ниже
2021-11-23 15:00:00+05:00,70.04,70.87800571955664,Вниз,1.1823212448617348,True,0.4688891963546666,0.0861705514171814,0.3827186449374852,False,69.2150712941395,Зелёный,-0.8380057195566337,Ниже
2021-11-23 15:30:00+05:00,70.445,70.87369720493419,Вниз,0.6048748997736071,True,0.5386729307307263,0.1766710272798904,0.36200190345083594,False,69.2150712941395,Зелёный,-0.4286972049341955,Ниже
2021-11-23 16:00:00+05:00,70.275,70.86774001881545,Вниз,0.8364031626492885,True,0.573646820276295,0.2560661858791713,0.3175806343971237,False,69.26050774825299,Зелёный,-0.5927400188154479,Ниже
2021-11-23 16:30:00+05:00,70.18,70.86089683454864,Вниз,0.9608922056666072,True,0.5869323825097013,0.3222394252052774,0.2646929573044239,False,69.26050774825299,Зелёный,-0.6808968345486335,Ниже
2021-11-23 17:00:00+05:00,70.47,70.85700731380686,Вниз,0.5461807215381104,True,0.613786513803575,0.3805488429249369,0.23323767087863806,False,69.26050774825299,Зелёный,-0.38700731380686193,Ниже
2021-11-23 17:30:00+05:00,70.165,70.85012166889337,Вниз,0.9670014006400227,True,0.6035008729220976,0.425139248924369,0.17836162399772865,False,69.28769764847644,Зелёный,-0.685121668893359,Ниже
2021-11-23 18:00:00+05:00,70.175,70.84340404034715,Вниз,0.9434950923116034,True,0.589362540346329,0.4579839072087611,0.13137863313756787,False,69.28769764847644,Зелёный,-0.6684040403471556,Ниже
2021-11-23 18:30:00+05:00,70.495,70.83993733347803,Вниз,0.486924955698706,True,0.597096182455374,0.4858063622580837,0.11128982019729028,False,69.28769764847644,Зелёный,-0.344937333478029,Ниже
2021-11-23 19:00:00+05:00,70.625,70.83779865354293,Вниз,0.30040269120120355,True,0.6067211592364856,0.5099893216537641,0.09673183758272152,False,69.61892658573933,Зелёный,-0.21279865354293293,Ниже
2021-11-23 19:30:00+05:00,71.48,70.84418871669176,Вверх,0.8974783885956733,True,0.6755530224212691,0.5431020618072651,0.13245096061400408,False,70.07003392716538,Зелёный,0.635811283308243,Выше
2021-11-23 20:00:00+05:00,71.52,70.85091320707294,Вверх,0.9443587423800024,True,0.7249733936068168,0.5794763281671754,0.14549706543964136,False,70.49328053444886,Зелёный,0.669086792927061,Выше
2021-11-23 20:30:00+05:00,71.0,70.85239665774884,Вверх,0.20832512266896808,True,0.7139497711042537,0.6063710167545912,0.10757875434966258,False,70.49328053444886,Зелёный,0.14760334225115912,Выше
2021-11-23 21:00:00+05:00,70.975,70.85361659150259,Вверх,0.17131575540770003,True,0.695182548105322,0.6241333230247373,0.07104922508058464,False,70.49328053444886,Зелёный,0.12138340849740814,Выше
2021-11-23 21:30:00+05:00,70.92,70.85427712293043,Вверх,0.09275781186158695,True,0.6681691107345955,0.6329404805667089,0.035228630167886577,False,70.49328053444886,Зелёный,0.06572287706957525,Выше
2021-11-23 22:00:00+05:00,71.33,70.8590106838963,Вверх,0.6646851424511014,True,0.672096826632341,0.6407717497798354,0.03132507685250563,False,70.49328053444886,Зелёный,0.4709893161036973,Выше
2021-11-23 22:30:00+05:00,71.095,70.86135883629535,Вверх,0.32971589529408685,True,0.6487684350806404,0.6423710868399964,0.006397348240643974,False,70.49328053444886,Зелёный,0.23364116370464671,Выше
2021-11-23 23:00:00+05:00,71.195,70.86467864886954,Вверх,0.4661297524076474,True,0.6310750407300958,0.6401118776180164,-0.009036836887920563,Выше,70.49328053444886,Зелёный,0.3303213511304506,Выше
2021-11-23 23:30:00+05:00,71.225,70.86826393594546,Вверх,0.5033791492013512,True,0.6124141187662246,0.634572325847658,-0.022158207081433345,False,70.49328053444886,Зелёный,0.3567360640545303,Выше
2021-11-24 00:00:00+05:00,71.14,70.87096777737885,Вверх,0.37960850692238046,True,0.5840340332530332,0.6244646673287331,-0.04043063407569991,False,70.49328053444886,Зелёный,0.26903222262114923,Выше
2021-11-24 00:30:00+05:00,71.09,70.87314720247956,Вверх,0.3059731450910631,True,0.5511546610332658,0.6098026660696396,-0.058648005036373796,False,70.49328053444886,Зелёный,0.2168527975204455,Выше
2021-11-24 01:00:00+05:00,71.28,70.87719548902206,Вверх,0.5683132750933031,True,0.5342701994817816,0.594696172752068,-0.060425973270286426,False,70.49328053444886,Зелёный,0.4028045109779441,Выше
2021-11-24 01:30:00+05:00,71.475,70.88314379261388,Вверх,0.8349745450310961,True,0.5305086390128935,0.5818586660042331,-0.051350026991339615,False,70.70229569366792,Зелёный,0.5918562073861153,Выше
2021-11-24 12:00:00+05:00,72.475,70.89898315786151,Вверх,2.2229047187170163,True,0.6012879447536363,0.5857445217541137,0.015543422999522605,Выше,71.33456612430112,Зелёный,1.5760168421384861,Выше
2021-11-24 12:30:00+05:00,72.795,70.91784899708676,Вверх,2.6469373076873053,True,0.6754165980291162,0.6036789370091142,0.07173766102000201,False,71.85360951187101,Зелёный,1.8771510029132372,Выше
2021-11-24 13:00:00+05:00,72.035,70.92896492746401,Вверх,1.559356003104067,True,0.6651707668571447,0.6159773029787203,0.04919346387842438,False,71.85360951187101,Зелёный,1.1060350725359882,Выше
2021-11-24 13:30:00+05:00,71.995,70.9395722416186,Вверх,1.4877842155385925,True,0.6463722294220418,0.6220562882673847,0.024315941154657073,False,71.85360951187101,Зелёный,1.0554277583813985,Выше
2021-11-24 14:00:00+05:00,72.0,70.9501237616025,Вверх,1.4797384172650092,True,0.6246768256831814,0.622580395750544,0.002096429932637367,False,71.85360951187101,Зелёный,1.049876238397502,Выше
2021-11-24 14:30:00+05:00,71.895,70.9595255152184,Вверх,1.3183212232457309,True,0.5921841096406695,0.6165011385285691,-0.02431702888789966,Выше,71.85360951187101,Зелёный,0.9354744847815937,Выше
2021-11-24 15:00:00+05:00,71.78,70.96768944044011,Вверх,1.1446202715133125,True,0.5508045274462177,0.6033618163120988,-0.05255728886588118,False,72.72026849433529,Красный,0.8123105595598901,Выше
2021-11-24 15:30:00+05:00,71.55,70.9734835753611,Вверх,0.8122983339640351,True,0.4937600738471985,0.5814414678191188,-0.08768139397192026,False,72.65874164490177,Красный,0.5765164246388963,Выше
2021-11-24 16:00:00+05:00,71.75,70.98121010694955,Вверх,1.0830893019322916,True,0.4593946463967029,0.5570321035346356,-0.0976374571379327,False,72.55536748041159,Красный,0.7687898930504531,Выше
2021-11-24 16:30:00+05:00,72.41,70.99542692180577,Вверх,1.9924847832131942,True,0.4798844722244126,0.5416025772725911,-0.061718105048178484,False,72.55536748041159,Красный,1.4145730781942234,Выше
2021-11-24 17:00:00+05:00,71.945,71.00487541014601,Вверх,1.3240282226023647,True,0.4533749685598138,0.5239570555300357,-0.07058208697022189,False,72.55536748041159,Красный,0.9401245898539798,Выше
2021-11-24 17:30:00+05:00,71.375,71.00855824188585,Вверх,0.5160529479642301,True,0.381968662628168,0.4955593769496622,-0.1135907143214942,False,72.55536748041159,Красный,0.36644175811414925,Выше
2021-11-24 18:00:00+05:00,72.195,71.02036363251385,Вверх,1.6539430487348048,True,0.3870837373241329,0.4738642490245563,-0.08678051170042339,False,72.55536748041159,Красный,1.1746363674861442,Выше
2021-11-24 18:30:00+05:00,72.12,71.03130528791172,Вверх,1.5326970378419336,True,0.3806971578144384,0.4552308307825328,-0.07453367296809438,False,72.55536748041159,Красный,1.0886947120882837,Выше
2021-11-24 19:00:00+05:00,72.0,71.04094404126583,Вверх,1.3500045244008556,True,0.3617823487078198,0.4365411343675902,-0.0747587856597704,False,72.55536748041159,Красный,0.9590559587341687,Выше
2021-11-24 19:30:00+05:00,71.935,71.04984012045722,Вверх,1.2458295163537196,True,0.3376549928697727,0.4167639060680267,-0.07910891319825403,False,72.55536748041159,Красный,0.8851598795427833,Выше
2021-11-24 20:00:00+05:00,72.035,71.05964270632332,Вверх,1.3725896395337305,True,0.3228810816818992,0.3979873411908012,-0.07510625950890198,False,72.55536748041159,Красный,0.9753572936766801,Выше
2021-11-24 20:30:00+05:00,71.7,71.06601442068826,Вверх,0.8921079709898283,True,0.2809028768289323,0.3745704483184275,-0.09366757148949523,False,72.55536748041159,Красный,0.6339855793117408,Выше
2021-11-24 21:00:00+05:00,71.79,71.07321825729834,Вверх,1.008511729561459,True,0.2519922846868354,0.3500548155921091,-0.09806253090527373,False,72.55536748041159,Красный,0.71678174270167,Выше
2021-11-24 21:30:00+05:00,71.675,71.07920613533517,Вверх,0.838211197140318,True,0.217296039735757,0.3235030604208387,-0.1062070206850817,False,72.44338901350655,Красный,0.5957938646648273,Выше
2021-11-24 22:00:00+05:00,71.945,71.0878209996602,Вверх,1.2058028904049474,True,0.209174525432374,0.3006373534231458,-0.0914628279907718,False,72.44338901350655,Красный,0.8571790003397979,Выше
2021-11-24 22:30:00+05:00,72.11,71.09799193498695,Вверх,1.423398942038256,True,0.213590153537325,0.2832279134459816,-0.06963775990865659,False,72.44338901350655,Красный,1.012008065013049,Выше
2021-11-24 23:00:00+05:00,71.91,71.10607161722588,Вверх,1.1306044118170082,True,0.1986611994481961,0.2663145706464245,-0.0676533711982284,False,72.44338901350655,Красный,0.8039283827741173,Выше
2021-11-24 23:30:00+05:00,72.03,71.11526493446742,Вверх,1.2862710507730075,True,0.1942734297265218,0.251906342462444,-0.057632912735922165,False,72.44338901350655,Красный,0.9147350655325823,Выше
2021-11-25 00:00:00+05:00,71.955,71.12362050725879,Вверх,1.1689217826816853,True,0.1826388702041157,0.2380528480107783,-0.0554139778066626,False,72.44338901350655,Красный,0.8313794927412061,Выше
2021-11-25 00:30:00+05:00,71.92,71.13154468131593,Вверх,1.108446782951945,True,0.1686500971286761,0.2241722978343579,-0.05552220070568181,False,72.44338901350655,Красный,0.7884553186840719,Выше
2021-11-25 01:00:00+05:00,71.975,71.13993727155159,Вверх,1.1738311284431544,True,0.1601557581421815,0.2113689898959226,-0.051213231753741095,False,72.44338901350655,Красный,0.8350627284484062,Выше
2021-11-25 01:30:00+05:00,71.9,71.14750008476999,Вверх,1.0576617791678393,True,0.1456926064217896,0.1982337132010961,-0.052541106779306485,False,72.44338901350655,Красный,0.7524999152300182,Выше
2021-11-25 12:00:00+05:00,72.155,71.1575249595484,Вверх,1.4017843383656874,True,0.1530426430349365,0.1891954991678642,-0.03615285613292771,False,72.44338901350655,Красный,0.9974750404516044,Выше
2021-11-25 12:30:00+05:00,72.535,71.17123117885637,Вверх,1.9161798925698124,True,0.1873705333382673,0.1888305060019448,-0.001459972663677478,False,71.65635860303956,Зелёный,1.3637688211436227,Выше
2021-11-25 13:00:00+05:00,72.445,71.18390549548468,Вверх,1.7716006107522528,True,0.2049508401760391,0.1920545728367637,0.012896267339275402,Выше,71.79222274273562,Зелёный,1.261094504515313,Выше
2021-11-25 13:30:00+05:00,72.555,71.1975482268729,Вверх,1.9065990429916961,True,0.2251638915141711,0.1986764365722452,0.026487454941925892,False,72.00325046846204,Зелёный,1.35745177312711,Выше
2021-11-25 14:00:00+05:00,72.79,71.2133935181478,Вверх,2.213918483536994,True,0.2571807962205241,0.210377308501901,0.04680348771862308,False,72.01692542161584,Зелёный,1.5766064818522096,Выше
2021-11-25 14:30:00+05:00,72.87,71.2298771647334,Вверх,2.302577093420358,True,0.2857161968170061,0.225445086164922,0.0602711106520841,False,72.02573287945425,Зелёный,1.6401228352666095,Выше
2021-11-25 15:00:00+05:00,72.45,71.24201769045744,Вверх,1.6956037303592006,True,0.2713126936169203,0.2346186076553217,0.036694085961598594,False,72.02573287945425,Зелёный,1.2079823095425581,Выше
2021-11-25 15:30:00+05:00,72.655,71.25607721592553,Вверх,1.9632329462023999,True,0.2732892914673641,0.2423527444177302,0.03093654704963389,False,72.02573287945425,Зелёный,1.3989227840744718,Выше
2021-11-25 16:00:00+05:00,72.78,71.27124062671234,Вверх,2.1169259297587972,True,0.2816950101083932,0.2502211975558628,0.0314738125525304,False,72.04398176912215,Зелёный,1.5087593732876599,Выше
2021-11-25 16:30:00+05:00,72.565,71.28411385430724,Вверх,1.7968746140418859,True,0.267919490409966,0.2537608561266835,0.014158634283282512,False,72.04398176912215,Зелёный,1.2808861456927616,Выше
2021-11-25 17:00:00+05:00,72.61,71.29730675127931,Вверх,1.8411540470946854,True,0.2576632343452729,0.2545413317704014,0.0031219025748714935,False,72.04398176912215,Зелёный,1.3126932487206915,Выше
2021-11-25 17:30:00+05:00,72.255,71.30683603733624,Вверх,1.3296957421688118,True,0.2183722846154268,0.2473075223394064,-0.0289352377239796,Выше,72.04398176912215,Зелёный,0.9481639626637559,Выше
2021-11-25 18:00:00+05:00,72.68,71.32049936034782,Вверх,1.9061849704434715,True,0.2190033378514329,0.2416466854418117,-0.02264334759037881,False,72.04398176912215,Зелёный,1.3595006396521825,Выше
2021-11-25 18:30:00+05:00,72.78,71.33502175477223,Вверх,2.025622491845817,True,0.2249791962232024,0.2383131875980899,-0.0133339913748875,False,72.04398176912215,Зелёный,1.444978245227773,Выше
2021-11-25 19:00:00+05:00,73.015,71.35173795621728,Вверх,2.3310743247814516,True,0.2458437098053849,0.2398192920395489,0.006024417765835982,Выше,72.20588470536404,Зелёный,1.6632620437827228,Выше
2021-11-25 19:30:00+05:00,72.985,71.36798931983701,Вверх,2.265736635673351,True,0.2569957508192857,0.2432545837954963,0.013741167023789413,False,72.20588470536404,Зелёный,1.6170106801629913,Выше
2021-11-25 20:00:00+05:00,73.445,71.38865609277396,Вверх,2.880491130906976,True,0.2994995350801019,0.2545035740524174,0.044995961027684495,False,72.54239161134488,Зелёный,2.0563439072260365,Выше
2021-11-25 20:30:00+05:00,73.12,71.40588339533342,Вверх,2.4005257314393904,True,0.3034611947137193,0.2642950981846779,0.039166096529041405,False,72.62165245021039,Зелёный,1.7141166046665859,Выше
2021-11-25 21:00:00+05:00,73.015,71.42189450582761,Вверх,2.2305561973610253,True,0.2947307434897652,0.2703822272456954,0.024348516244069807,False,72.62165245021039,Зелёный,1.5931054941723914,Выше
2021-11-25 21:30:00+05:00,72.92,71.43680102815769,Вверх,2.076239347920538,True,0.2769535438870605,0.2716964905739684,0.005257053313092119,False,72.62165245021039,Зелёный,1.483198971842313,Выше
2021-11-25 22:00:00+05:00,73.06,71.45295226170836,Вверх,2.249099144854869,True,0.2710374639261204,0.2715646852443988,-0.0005272213182784258,Выше,72.62165245021039,Зелёный,1.6070477382916408,Выше
2021-11-25 22:30:00+05:00,73.0,71.46834577154212,Вверх,2.1431225417669717,True,0.2585272877296489,0.2689572057414489,-0.010429918011799988,False,72.62165245021039,Зелёный,1.5316542284578816,Выше
2021-11-25 23:00:00+05:00,73.08,71.4843821320243,Вверх,2.2321209478019446,True,0.2521614540973189,0.2655980554126229,-0.013436601315303998,False,72.62165245021039,Зелёный,1.5956178679757045,Выше
2021-11-25 23:30:00+05:00,72.92,71.49866688692953,Вверх,1.9879155443810161,True,0.2315368100366868,0.2587858063374357,-0.027248996300748896,False,72.62165245021039,Зелёный,1.4213331130704745,Выше
2021-11-26 00:00:00+05:00,72.93,71.5129090074576,Вверх,1.9815876772606662,True,0.2135370255443263,0.2497360501788138,-0.036199024634487514,False,72.62165245021039,Зелёный,1.4170909925424127,Выше
2021-11-26 00:30:00+05:00,72.92,71.52690991285603,Вверх,1.9476447239804289,True,0.1962034391124802,0.2390295279655471,-0.04282608885306691,False,72.62165245021039,Зелёный,1.3930900871439746,Выше
2021-11-26 01:00:00+05:00,72.96,71.54116951571318,Вверх,1.9832363573189637,True,0.1835779404651703,0.2279392104654717,-0.044361270000301406,False,72.62165245021039,Зелёный,1.418830484286815,Выше
2021-11-26 01:30:00+05:00,72.88,71.55449121207424,Вверх,1.8524466675294968,True,0.1652123453373235,0.2153938374398421,-0.0501814921025186,False,72.62165245021039,Зелёный,1.3255087879257559,Выше
2021-11-26 12:00:00+05:00,71.215,71.55111319006355,Вниз,0.46975256579267244,True,0.0161200717148091,0.1755390842948355,-0.1594190125800264,False,71.27964918339211,Красный,-0.3361131900635428,Ниже
2021-11-26 12:30:00+05:00,71.14,71.54702251155545,Вниз,0.5688881203822507,True,-0.1068567246756515,0.1190599225007381,-0.2259166471763896,False,71.27964918339211,Красный,-0.40702251155545355,Ниже
2021-11-26 13:00:00+05:00,70.34,71.53501233731112,Вниз,1.6705278971313182,True,-0.2658059899425353,0.0420867400120834,-0.3078927299546187,False,71.5318158385476,Красный,-1.1950123373111126,Ниже
2021-11-26 13:30:00+05:00,70.67,71.52640524937767,Вниз,1.197327401526479,True,-0.3609849756651044,-0.0385276031233541,-0.32245737254175033,False,71.31388425469285,Красный,-0.8564052493776728,Ниже
2021-11-26 14:00:00+05:00,70.63,71.51748579415998,Вниз,1.2409353940577934,True,-0.4346325003689486,-0.117748582572473,-0.3168839177964756,False,71.31388425469285,Красный,-0.8874857941599856,Ниже
2021-11-26 14:30:00+05:00,70.465,71.5070132986957,Вниз,1.4572183211499052,True,-0.500542868722448,-0.194307439802468,-0.30623542891998,False,71.31388425469285,Красный,-1.042013298695693,Ниже
2021-11-26 15:00:00+05:00,70.57,71.49768978328578,Вниз,1.2975101518631924,True,-0.5381017855951598,-0.2630663089610064,-0.27503547663415334,False,71.31388425469285,Красный,-0.9276897832857856,Ниже
2021-11-26 15:30:00+05:00,70.615,71.48890680036752,Вниз,1.222436933897874,True,-0.557806329747919,-0.3220143131183889,-0.2357920166295301,False,71.29317670950398,Красный,-0.8739068003675214,Ниже
2021-11-26 16:00:00+05:00,70.425,71.47832066305043,Вниз,1.473622565946664,True,-0.5820442907821501,-0.3740203086511412,-0.20802398213100892,False,71.29317670950398,Красный,-1.0533206630504282,Ниже
2021-11-26 16:30:00+05:00,70.26,71.46619806938824,Вниз,1.6877882159298716,True,-0.607563556084969,-0.4207289581379068,-0.18683459794706225,False,71.10379813469822,Красный,-1.2061980693882361,Ниже
2021-11-26 17:00:00+05:00,69.53,71.44693241695653,Вниз,2.683015704256577,True,-0.6788670994864816,-0.4723565864076218,-0.20651051307885981,False,70.90791832122841,Красный,-1.9169324169565272,Ниже
2021-11-26 17:30:00+05:00,69.875,71.43129129837985,Вниз,2.1787248558603975,True,-0.699473954294092,-0.5177800599849158,-0.18169389430917615,False,70.43962648910556,Красный,-1.556291298379847,Ниже
2021-11-26 18:00:00+05:00,70.295,71.41998491730145,Вниз,1.5751682370194955,True,-0.6741434393508285,-0.5490527358580983,-0.12509070349273022,False,70.43962648910556,Красный,-1.1249849173014468,Ниже
2021-11-26 18:30:00+05:00,70.4,71.40983581364671,Вниз,1.4141410663399383,True,-0.6382389796163466,-0.566889984609748,-0.07134899500659853,False,70.43962648910556,Красный,-1.0098358136467027,Ниже
2021-11-26 19:00:00+05:00,70.55,71.40128023341143,Вниз,1.192247856941202,True,-0.5908695142447016,-0.5716858905367388,-0.019183623707962782,False,69.60408228944205,Зелёный,-0.8512802334114298,Ниже
2021-11-26 19:30:00+05:00,70.6,71.39330729576554,Вниз,1.111178800666931,True,-0.5430345255433338,-0.5659556175380578,0.02292109199472403,Ниже,69.61467406049783,Зелёный,-0.793307295765544,Ниже
2021-11-26 20:00:00+05:00,70.35,71.3829261286435,Вниз,1.4470212761830623,True,-0.5193115625944813,-0.5566268065493425,0.03731524395486119,False,69.61467406049783,Зелёный,-1.0329261286435099,Ниже
2021-11-26 20:30:00+05:00,69.9,71.36817064477641,Вниз,2.057178475379438,True,-0.5307045510237884,-0.5514423554442317,0.020737804420443262,False,69.61467406049783,Зелёный,-1.4681706447764071,Ниже
2021-11-26 21:00:00+05:00,69.795,71.3525172055249,Вниз,2.182848295370724,True,-0.541958834824257,-0.5495456513202368,0.007586816495979809,False,69.61467406049783,Зелёный,-1.5575172055249027,Ниже
2021-11-26 21:30:00+05:00,69.4,71.33308917362913,Вниз,2.7099473694793588,True,-0.5761100960944248,-0.5548585402750744,-0.021251555819350343,Ниже,70.43347359890737,Красный,-1.9330891736291278,Ниже
2021-11-26 22:00:00+05:00,69.86,71.31843156991144,Вниз,2.044957436398164,True,-0.5596062683591612,-0.5558080858918918,-0.003798182467269373,False,70.40487623901662,Красный,-1.4584315699114399,Ниже
2021-11-26 22:30:00+05:00,69.8,71.30332279807153,Вниз,2.1083488666143837,True,-0.5450849643687405,-0.5536634615872615,0.008578497218520997,Ниже,70.40487623901662,Красный,-1.5033227980715367,Ниже
2021-11-26 23:00:00+05:00,69.71,71.28746883988177,Вниз,2.21282767582184,True,-0.5346755670614982,-0.5498658826821089,0.015190315620610684,False,70.40487623901662,Красный,-1.5774688398817744,Ниже
2021-11-26 23:30:00+05:00,69.84,71.27306616485807,Вниз,2.0106700075780517,True,-0.5100565171249372,-0.5419040095706746,0.03184749244573748,False,70.40487623901662,Красный,-1.4330661648580616,Ниже
2021-11-27 00:00:00+05:00,69.55,71.2559212278943,Вниз,2.3940764479605057,True,-0.5080893809395803,-0.5351410838444558,0.027051702904875463,False,70.40487623901662,Красный,-1.705921227894308,Ниже
2021-11-27 00:30:00+05:00,69.605,71.23949415099983,Вниз,2.294365183917983,True,-0.4963705206127287,-0.5273869711981104,0.031016450585381716,False,70.31720932037693,Красный,-1.6344941509998279,Ниже
2021-11-27 01:00:00+05:00,69.61,71.22328027885058,Вниз,2.2651024672471274,True,-0.4811335728282842,-0.5181362915241452,0.037002718695861025,False,70.23798838833923,Красный,-1.6132802788505813,Ниже
2021-11-27 01:30:00+05:00,69.2,71.20314813677247,Вниз,2.8132859138821584,True,-0.496419342252679,-0.513792901669852,0.017373559417173057,False,70.06468954950532,Красный,-2.0031481367724666,Ниже
2021-11-29 12:00:00+05:00,71.495,71.20605213541155,Вверх,0.4057911594915595,True,-0.3196612488700623,-0.4749665711098941,0.1553053222398318,False,69.97777940544522,Зелёный,0.2889478645884509,Выше
2021-11-29 12:30:00+05:00,71.1,71.20499689028308,Вниз,0.14745719383272396,True,-0.2090426714464257,-0.4217817911772004,0.2127391197307747,False,70.1945014649007,Зелёный,-0.10499689028308978,Ниже
2021-11-29 13:00:00+05:00,71.38,71.20673821475788,Вверх,0.24332217650465185,True,-0.0976572598302141,-0.3569568849078032,0.2592996250775891,False,70.22105131841064,Зелёный,0.17326178524211855,Выше
2021-11-29 13:30:00+05:00,71.11,71.20577564545681,Вниз,0.13450544508312243,True,-0.0308150454889641,-0.2917285170240354,0.26091347153507133,False,70.26019618656956,Зелёный,-0.09577564545681128,Ниже
2021-11-29 14:00:00+05:00,71.21,71.20581767883536,Вверх,0.005873566656447078,True,0.0298825873480552,-0.2274062961496172,0.25728888349767237,False,70.37217656791262,Зелёный,0.004182321164634573,Выше
2021-11-29 14:30:00+05:00,71.39,71.20765033874746,Вверх,0.2560815591935344,True,0.0914561448431925,-0.1636338079510553,0.25508995279424784,False,70.37217656791262,Зелёный,0.1823496612525446,Выше
2021-11-29 15:00:00+05:00,71.565,71.21120605676988,Вверх,0.49682341139970265,True,0.1526154147343277,-0.1003839634139787,0.2529993781483064,False,70.47813802000923,Зелёный,0.3537939432301158,Выше
2021-11-29 15:30:00+05:00,71.65,71.21557216565775,Вверх,0.6100180355663177,True,0.2055736414042002,-0.0391924424503429,0.2447660838545431,False,70.75632421800829,Зелёный,0.43442783434225873,Выше
2021-11-29 16:00:00+05:00,71.59,71.2192978157507,Вверх,0.5205080583753139,True,0.2399360851893845,0.0166332630776025,0.223302822111782,False,70.84919179620746,Зелёный,0.37070218424929635,Выше
2021-11-29 16:30:00+05:00,71.815,71.2252252006686,Вверх,0.8280420281856237,True,0.2820726313437092,0.0697211367308238,0.21235149461288538,False,70.84919179620746,Зелёный,0.5897747993313942,Выше
2021-11-29 17:00:00+05:00,71.335,71.22631748722912,Вверх,0.15258757802599585,True,0.2735804936430384,0.1104930081132667,0.16308748552977168,False,70.84919179620746,Зелёный,0.10868251277086927,Выше
2021-11-29 17:30:00+05:00,71.825,71.2322745271572,Вверх,0.8321024097255596,True,0.3028977020696572,0.1489739469045449,0.1539237551651123,False,70.84919179620746,Зелёный,0.5927254728428011,Выше
2021-11-29 18:00:00+05:00,71.415,71.23409269106608,Вверх,0.25396169460387297,True,0.2897086465398502,0.1771208868316059,0.11258775970824428,False,70.84919179620746,Зелёный,0.18090730893392504,Выше
2021-11-29 18:30:00+05:00,71.71,71.23882808717488,Вверх,0.6613976190744473,True,0.2996065814206048,0.2016180257494057,0.0979885556711991,False,70.84919179620746,Зелёный,0.4711719128251133,Выше
2021-11-29 19:00:00+05:00,71.535,71.2417750713821,Вверх,0.41159127257020267,True,0.2899869397298005,0.2192918085454847,0.07069513118431581,False,70.84919179620746,Зелёный,0.29322492861790295,Выше
2021-11-29 19:30:00+05:00,71.69,71.2462350209206,Вверх,0.6228609539144038,True,0.2915101613141644,0.2337354790992206,0.05777468221494381,False,70.84919179620746,Зелёный,0.44376497907940404,Выше
2021-11-29 20:00:00+05:00,71.665,71.25040183663283,Вверх,0.5818888773677223,True,0.2873872134236706,0.2444658259641106,0.04292138745955998,False,70.84919179620746,Зелёный,0.4145981633671738,Выше
2021-11-29 20:30:00+05:00,71.4,71.25189037557182,Вверх,0.20786764203376912,True,0.2597423144960942,0.2475211236705073,0.012221190825586897,False,70.84919179620746,Зелёный,0.1481096244281872,Выше
2021-11-29 21:00:00+05:00,71.45,71.25386161561588,Вверх,0.2752670240417429,True,0.239111783262274,0.2458392555888607,-0.0067274723265866865,Выше,70.84919179620746,Зелёный,0.19613838438412756,Выше
2021-11-29 21:30:00+05:00,71.58,71.25710677366945,Вверх,0.45313827764034803,True,0.2305937114037419,0.2427901467518369,-0.012196435348095003,False,70.84919179620746,Зелёный,0.3228932263305495,Выше
2021-11-29 22:00:00+05:00,71.625,71.26076740278717,Вверх,0.5111264030516003,True,0.2248819034074074,0.239208498082951,-0.014326594675543591,False,70.98954923617833,Зелёный,0.3642325972128333,Выше
2021-11-29 22:30:00+05:00,71.655,71.26469011519725,Вверх,0.5476904258922933,True,0.2202372458215933,0.2354142476306795,-0.01517700180908621,False,71.0618443125605,Зелёный,0.39030988480274686,Выше
2021-11-29 23:00:00+05:00,71.58,71.26782752698634,Вверх,0.4380272050462785,True,0.2081055369344397,0.2299525054914316,-0.02184696855699189,False,71.07565988130443,Зелёный,0.3121724730136606,Выше
2021-11-29 23:30:00+05:00,71.595,71.27108297447901,Вверх,0.4544859036826668,True,0.1974256449352935,0.223447133380204,-0.026021488444910507,False,71.099343893174,Зелёный,0.3239170255209842,Выше
2021-11-30 00:00:00+05:00,71.565,71.27400752199664,Вверх,0.40827292882830285,True,0.184415180891122,0.2156407428823876,-0.03122556199126561,False,71.12440950385658,Зелёный,0.2909924780033606,Выше
2021-11-30 00:30:00+05:00,71.545,71.27670396456384,Вверх,0.3764147617846532,True,0.1705247582822551,0.2066175459623611,-0.03609278768010599,False,71.12440950385658,Зелёный,0.2682960354361654,Выше
2021-11-30 01:00:00+05:00,71.615,71.28007009426966,Вверх,0.4698787547309942,True,0.1632826920413066,0.1979505751781502,-0.0346678831368436,False,71.15584669812385,Зелёный,0.3349299057303341,Выше
2021-11-30 01:30:00+05:00,71.8,71.28524352616748,Вверх,0.7221080385922546,True,0.1705057718577762,0.1924616145140754,-0.021955842656299185,False,71.27201202831145,Зелёный,0.5147564738325201,Выше
2021-11-30 12:00:00+05:00,71.22,71.28459433685238,Вниз,0.09061472181091808,True,0.127953987989116,0.1795600892090836,-0.05160610121996759,False,71.14868917451969,Красный,-0.06459433685238025,Ниже
2021-11-30 12:30:00+05:00,71.65,71.28823021409762,Вверх,0.5074747750307318,True,0.1274595249810204,0.1691399763634709,-0.041680451382450495,False,70.67717974293228,Зелёный,0.36176978590238207,Выше
2021-11-30 13:00:00+05:00,71.58,71.2911333960469,Вверх,0.4051928903252837,True,0.1200355494050882,0.1593190909717944,-0.03928354156670619,False,70.67717974293228,Зелёный,0.28886660395309605,Выше
2021-11-30 13:30:00+05:00,71.09,71.28913206872305,Вниз,0.27933019093440686,True,0.0737627987469693,0.1422078325268294,-0.0684450337798601,False,70.67717974293228,Зелёный,-0.19913206872304556,Ниже
2021-11-30 14:00:00+05:00,70.055,71.27685214764124,Вниз,1.7142341599349993,True,-0.0458954850876978,0.1045871690039239,-0.1504826540916217,False,71.46937346740236,Красный,-1.2218521476412292,Ниже
2021-11-30 14:30:00+05:00,69.625,71.26041580786372,Вниз,2.294984935638351,True,-0.1734238215953496,0.0489849708840692,-0.2224087924794188,False,70.84893612066213,Красный,-1.6354158078637226,Ниже
2021-11-30 15:00:00+05:00,69.74,71.24528729236259,Вниз,2.1128236681613615,True,-0.2621890559350106,-0.0132498344797467,-0.24893922145526387,False,70.75604250859591,Красный,-1.5052872923625955,Ниже
2021-11-30 15:30:00+05:00,69.38,71.22672721980177,Вниз,2.5927447348561716,True,-0.3574645067033088,-0.0820927689244591,-0.2753717377788497,False,70.54168825773633,Красный,-1.8467272198017781,Ниже
2021-11-30 16:00:00+05:00,69.135,71.2059140136346,Вниз,2.9083455248366743,True,-0.4475810050920898,-0.1551904161579853,-0.2923905889341045,False,69.97426943196268,Красный,-2.0709140136345923,Ниже
2021-11-30 16:30:00+05:00,68.995,71.18391486922032,Вниз,3.075013327437533,True,-0.5242525522047572,-0.2290028433673396,-0.29524970883741763,False,69.94309248876641,Красный,-2.188914869220312,Ниже
2021-11-30 17:00:00+05:00,69.65,71.16865203470071,Вниз,2.133877755560463,True,-0.5260977523391261,-0.2884218251616969,-0.23767592717742925,False,69.94309248876641,Красный,-1.5186520347007075,Ниже
2021-11-30 17:30:00+05:00,69.79,71.15493410400718,Вниз,1.91825643744122,True,-0.5103799148109118,-0.3328134430915399,-0.17756647171937195,False,69.94309248876641,Красный,-1.364934104007176,Ниже
2021-11-30 18:00:00+05:00,69.53,71.13876560545985,Вниз,2.2614471754854004,True,-0.5129898151542136,-0.3688487175040746,-0.144141097650139,False,69.94309248876641,Красный,-1.6087656054598511,Ниже
2021-11-30 18:30:00+05:00,69.97,71.12713609694781,Вниз,1.626856022110335,True,-0.4740888559912264,-0.389896745201505,-0.08419211078972139,False,68.95258326812036,Зелёный,-1.1571360969478093,Ниже
2021-11-30 19:00:00+05:00,69.945,71.11537354871948,Вниз,1.6457391564113582,True,-0.4402024765217476,-0.3999578914655536,-0.04024458505619399,False,69.0910749413083,Зелёный,-1.170373548719482,Ниже
2021-11-30 19:30:00+05:00,69.84,71.10268326465261,Вниз,1.7758588096496324,True,-0.4170128347548001,-0.4033688801234029,-0.013643954631397226,False,69.09471744717749,Зелёный,-1.2626832646526083,Ниже
2021-11-30 20:00:00+05:00,68.985,71.08161178938244,Вниз,2.949583917138483,True,-0.4622971571909176,-0.4151545355369059,-0.047142621654011674,False,70.28475429754027,Красный,-2.096611789382436,Ниже
2021-11-30 20:30:00+05:00,69.15,71.06239177157764,Вниз,2.691144674281169,True,-0.4793455903566297,-0.4279927465008507,-0.05135284385577904,False,69.80752886778625,Красный,-1.9123917715776315,Ниже
2021-11-30 21:00:00+05:00,67.33,71.02525354499478,Вниз,5.202731930627783,False,-0.6324251822630202,-0.4688792336532846,-0.16354594860973565,False,69.12977598100763,Красный,-3.6952535449947845,Ниже
2021-11-30 21:30:00+05:00,67.365,70.98883311171126,Вниз,5.104793180652279,False,-0.742360188089819,-0.5235754245405915,-0.2187847635492275,False,68.65729838290684,Красный,-3.6238331117112637,Ниже
2021-11-30 22:00:00+05:00,67.705,70.95615815537582,Вниз,4.581925290059554,True,-0.7929091506254622,-0.5774421697575657,-0.2154669808678965,False,68.61856854461618,Красный,-3.251158155375819,Ниже
2021-11-30 22:30:00+05:00,67.7,70.92375857174024,Вниз,4.545385970315382,True,-0.8238758973342897,-0.6267289152729105,-0.19714698206137915,False,68.61856854461618,Красный,-3.223758571740234,Ниже
2021-11-30 23:00:00+05:00,67.3,70.88770127251895,Вниз,5.061105393623197,False,-0.8706575262676068,-0.6755146374718498,-0.19514288879575703,False,68.5193905211391,Красный,-3.587701272518956,Ниже
2021-11-30 23:30:00+05:00,67.665,70.85563459319042,Вниз,4.503007575204253,True,-0.8682709674402247,-0.7140659034655248,-0.1542050639746999,False,68.5193905211391,Красный,-3.19063459319041,Ниже
2021-12-01 00:00:00+05:00,67.885,70.82607604002435,Вниз,4.152532802131121,True,-0.8389564730035062,-0.7390440173731212,-0.09991245563038498,False,68.5193905211391,Красный,-2.941076040024342,Ниже
2021-12-01 00:30:00+05:00,67.71,70.79507030828282,Вниз,4.357747361290323,True,-0.8203886329404924,-0.7553129404865955,-0.06507569245389688,False,68.5193905211391,Красный,-3.0850703082828232,Ниже
2021-12-01 01:00:00+05:00,67.835,70.76561687237951,Вниз,4.1413005381761385,True,-0.7865205117180238,-0.7615544547328812,-0.02496605698514265,False,68.5193905211391,Красный,-2.9306168723795167,Ниже
2021-12-01 01:30:00+05:00,67.805,70.73615799802748,Вниз,4.143790221274401,True,-0.7534156245868218,-0.7599266887036693,0.0065110641168475425,Ниже,68.5193905211391,Красный,-2.931157998027473,Ниже
2021-12-01 12:00:00+05:00,68.3,70.71191761993765,Вниз,3.4109068189908616,True,-0.6794056346739268,-0.7438224778977208,0.06441684322379404,False,68.5193905211391,Красный,-2.411917619937654,Ниже
2021-12-01 12:30:00+05:00,68.44,70.68931147446564,Вниз,3.1819682884846565,True,-0.6025099943185381,-0.7155599811818842,0.11304998686334611,False,68.5193905211391,Красный,-2.2493114744656424,Ниже
2021-12-01 13:00:00+05:00,68.655,70.66906956924707,Вниз,2.8500015374810155,True,-0.5182469143327495,-0.6760973678120573,0.15785045347930782,False,67.5769175710398,Зелёный,-2.01406956924707,Ниже
2021-12-01 13:30:00+05:00,68.385,70.64634250885656,Вниз,3.200933591959223,True,-0.4678613455195943,-0.6344501633535647,0.16658881783397045,False,67.5769175710398,Зелёный,-2.2613425088565577,Ниже
2021-12-01 14:00:00+05:00,68.7,70.62697591672864,Вниз,2.7283851413949822,True,-0.3979255141643421,-0.5871452335157202,0.18921971935137816,False,67.61207823254225,Зелёный,-1.9269759167286367,Ниже
2021-12-01 14:30:00+05:00,68.585,70.60665774840298,Вниз,2.8632678742660267,True,-0.3477715093798537,-0.539270488688547,0.1914989793086933,False,67.76387040928802,Зелёный,-2.021657748402987,Ниже
2021-12-01 15:00:00+05:00,68.715,70.58783528324474,Вниз,2.6531983531293957,True,-0.2941434827324087,-0.4902450874973194,0.19610160476491068,False,67.81848336835922,Зелёный,-1.87283528324474,Ниже
2021-12-01 15:30:00+05:00,69.2,70.5740259769438,Вниз,1.9469287148117156,True,-0.2100857013678023,-0.4342132102714159,0.2241275089036136,False,68.21113503152331,Зелёный,-1.3740259769437984,Ниже
2021-12-01 16:00:00+05:00,69.16,70.55995606672546,Вниз,1.9840659557690037,True,-0.1450252093998898,-0.3763756100971108,0.231350400697221,False,68.36152152837097,Зелёный,-1.3999560667254656,Ниже
2021-12-01 16:30:00+05:00,69.285,70.54726993670829,Вниз,1.7892541239947946,True,-0.0824276705714766,-0.3175860221919839,0.2351583516205073,False,68.36786937553387,Зелёный,-1.262269936708293,Ниже
2021-12-01 17:00:00+05:00,69.195,70.5338145144525,Вниз,1.8981172699488453,True,-0.0396241553005438,-0.2619936488136959,0.2223694935131521,False,68.43733243798049,Зелёный,-1.3388145144525083,Ниже
2021-12-01 17:30:00+05:00,69.105,70.51959745460721,Вниз,2.0059635983001276,True,-0.0128165674922371,-0.2121582325494042,0.1993416650571671,False,68.43884919418245,Зелёный,-1.414597454607204,Ниже
2021-12-01 18:00:00+05:00,68.91,70.5035815595365,Вниз,2.2602845476591975,True,-0.007222969437393,-0.171171179927002,0.163948210489609,False,68.43884919418245,Зелёный,-1.5935815595365028,Ниже
2021-12-01 18:30:00+05:00,68.93,70.48792403158092,Вниз,2.2101999072676746,True,-0.0011627661814657,-0.1371694971778947,0.136006730996429,False,68.43884919418245,Зелёный,-1.5579240315809102,Ниже
2021-12-01 19:00:00+05:00,68.565,70.46879045912738,Вниз,2.7016079696040713,True,-0.0255183019076525,-0.1148392581238463,0.08932095621619379,False,68.43884919418245,Зелёный,-1.9037904591273787,Ниже
2021-12-01 19:30:00+05:00,69.225,70.45641443465846,Вниз,1.7477676724529883,True,0.0083401051662264,-0.0902033854658317,0.0985434906320581,False,68.43884919418245,Зелёный,-1.2314144346584612,Ниже
2021-12-01 20:00:00+05:00,69.255,70.44446006217429,Вниз,1.6885076003485207,True,0.0371654656353115,-0.0647296152456031,0.10189508088091459,False,68.43884919418245,Зелёный,-1.189460062174291,Ниже
2021-12-01 20:30:00+05:00,69.245,70.4325251361825,Вниз,1.6860465159901628,True,0.0585281786451616,-0.0400780564674501,0.0986062351126117,False,68.5144727246055,Зелёный,-1.1875251361825008,Ниже
2021-12-01 21:00:00+05:00,69.26,70.42085821940458,Вниз,1.6484579267520165,True,0.0757949403634796,-0.0169034571012641,0.0926983974647437,False,68.5144727246055,Зелёный,-1.1608582194045738,Ниже
2021-12-01 21:30:00+05:00,68.98,70.40652132169906,Вниз,2.0261210111220294,True,0.0661230876884957,-0.0002981481433122,0.0664212358318079,False,68.5144727246055,Зелёный,-1.426521321699056,Ниже
2021-12-01 22:00:00+05:00,68.98,70.39232707969211,Вниз,2.0063650944416,True,0.05779188587546,0.0113198586604422,0.046472027215017794,False,68.5144727246055,Зелёный,-1.4123270796921048,Ниже
2021-12-01 22:30:00+05:00,68.7,70.37548800427228,Вниз,2.3807834969052974,True,0.0282698116814827,0.0147098492646503,0.013559962416832399,False,68.5144727246055,Зелёный,-1.6754880042722817,Ниже
2021-12-01 23:00:00+05:00,68.945,70.361254292787,Вниз,2.012832640665685,True,0.0243619779206056,0.0166402749958414,0.0077217029247642,False,68.5144727246055,Зелёный,-1.416254292787002,Ниже
2021-12-01 23:30:00+05:00,68.68,70.34452539435131,Вниз,2.3662472452830894,True,-0.0001169457145095,0.0132888308537712,-0.0134057765682807,Ниже,68.5144727246055,Зелёный,-1.6645253943513012,Ниже
2021-12-02 00:00:00+05:00,68.735,70.32851021629807,Вниз,2.2658097141503046,True,-0.0149067924860162,0.0076497061858137,-0.0225564986718299,False,68.5144727246055,Зелёный,-1.5935102162980712,Ниже
2021-12-02 00:30:00+05:00,68.6,70.31131110966824,Вниз,2.433905843398401,True,-0.0370936320649804,-0.001298961464345,-0.035794670600635396,False,68.5144727246055,Зелёный,-1.7113111096682445,Ниже
2021-12-02 01:00:00+05:00,68.305,70.29134781504467,Вниз,2.8258781155701818,True,-0.0775865276659999,-0.016556474704676,-0.0610300529613239,False,69.02431128304116,Красный,-1.9863478150446667,Ниже
2021-12-02 01:30:00+05:00,68.38,70.27232942882533,Вниз,2.692851431290552,True,-0.1024446478358385,-0.0337341093309085,-0.06871053850493,False,68.90663015473706,Красный,-1.8923294288253345,Ниже
2021-12-02 12:00:00+05:00,67.83,70.24802764346389,Вниз,3.4421288747583345,True,-0.1646275665120953,-0.0599128007671459,-0.10471476574494942,False,68.47346713926333,Красный,-2.418027643463887,Ниже
2021-12-02 12:30:00+05:00,67.31,70.21879353755877,Вниз,4.142471539336408,True,-0.2529517612981919,-0.0985205928733551,-0.1544311684248368,False,68.30537042533702,Красный,-2.908793537558765,Ниже
2021-12-02 13:00:00+05:00,66.93,70.18606922375223,Вниз,4.639195868587421,True,-0.349582378167085,-0.1487329499321011,-0.2008494282349839,False,67.94308338280331,Красный,-3.2560692237522204,Ниже
2021-12-02 13:30:00+05:00,66.995,70.15431729117759,Вниз,4.503382561709988,True,-0.4161210964755639,-0.2022105792407937,-0.2139105172347702,False,67.79102504452297,Красный,-3.1593172911775866,Ниже
2021-12-02 14:00:00+05:00,67.795,70.13084149723554,Вниз,3.330690816432896,True,-0.3996927863585569,-0.2417070206643463,-0.15798576569421058,False,66.54357745992932,Зелёный,-2.335841497235535,Ниже
2021-12-02 14:30:00+05:00,67.8,70.10764904452672,Вниз,3.2915795579753278,True,-0.3818678392713508,-0.2697391843857473,-0.11212865488560353,False,66.95196971393638,Зелёный,-2.307649044526727,Ниже
2021-12-02 15:00:00+05:00,67.87,70.08538387990457,Вниз,3.1609784483748493,True,-0.3579666090546425,-0.2873846693195263,-0.07058193973511623,False,67.02127274254275,Зелёный,-2.2153838799045644,Ниже
2021-12-02 15:30:00+05:00,67.89,70.06353926418413,Вниз,3.1022401765752976,True,-0.3335657408329524,-0.2966208836222115,-0.03694485721074087,False,67.08314546828846,Зелёный,-2.1735392641841287,Ниже
2021-12-02 16:00:00+05:00,67.945,70.04245927150568,Вниз,2.994554008127128,True,-0.306259468114149,-0.298548600520599,-0.007710867593549997,False,67.10933092145963,Зелёный,-2.0974592715056843,Ниже
2021-12-02 16:30:00+05:00,68.2,70.02412634343099,Вниз,2.6049969327494686,True,-0.2610336479713311,-0.2910456100107454,0.03001196203941431,Ниже,67.46764782931365,Зелёный,-1.82412634343099,Ниже
2021-12-02 17:00:00+05:00,67.93,70.00328926538691,Вниз,2.9617026387530636,True,-0.2441640322130496,-0.2816692944512063,0.0375052622381567,False,67.46764782931365,Зелёный,-2.0732892653869044,Ниже
2021-12-02 17:30:00+05:00,67.84,69.98176399906465,Вниз,3.0604601494373256,True,-0.2353440878757879,-0.2724042531361226,0.037060165260334704,False,67.46764782931365,Зелёный,-2.1417639990646506,Ниже
2021-12-02 18:00:00+05:00,67.875,69.96080117320331,Вниз,2.9813854876239185,True,-0.2229598683765061,-0.2625153761841994,0.03955550780769329,False,67.46764782931365,Зелёный,-2.0858011732033077,Ниже
2021-12-02 18:30:00+05:00,67.68,69.93810663416646,Вниз,3.228721426472407,True,-0.2262718346562451,-0.2552666678786086,0.028994833222363486,False,67.46764782931365,Зелёный,-2.2581066341664524,Ниже
2021-12-02 19:00:00+05:00,67.495,69.91379711541855,Вниз,3.4596849480588556,True,-0.2410459183836053,-0.2524225179796079,0.011376599596002596,False,67.46764782931365,Зелёный,-2.418797115418542,Ниже
2021-12-02 19:30:00+05:00,69.305,69.90773943267807,Вниз,0.8621927093759175,True,-0.1054866287867071,-0.2230353401410278,0.1175487113543207,False,67.56802032005828,Зелёный,-0.6027394326780637,Ниже
2021-12-02 20:00:00+05:00,69.315,69.9018415278753,Вниз,0.8395222715860615,True,0.0027206394591416,-0.1778841442209939,0.18060478368013552,False,68.17096828805246,Зелёный,-0.5868415278753076,Ниже
2021-12-02 20:30:00+05:00,69.745,69.90028091565763,Вниз,0.2221463399338707,True,0.1217694035895391,-0.1179534346588873,0.23972283824842638,False,68.61562145924721,Зелёный,-0.15528091565762736,Ниже
2021-12-02 21:00:00+05:00,69.54,69.89669603092472,Вниз,0.5103188722495476,True,0.1973002654741691,-0.054902694632276,0.2522029601064451,False,68.7270593133225,Зелёный,-0.35669603092470936,Ниже
2021-12-02 21:30:00+05:00,69.495,69.89269905549264,Вниз,0.5690137322882275,True,0.2506386870022936,0.0062055816946378,0.24443310530765577,False,68.7270593133225,Зелёный,-0.3976990554926374,Ниже
2021-12-02 22:00:00+05:00,69.4,69.88779657732854,Вниз,0.6979710353134504,True,0.2819934196866995,0.0613631492930502,0.2206302703936493,False,68.7270593133225,Зелёный,-0.4877965773285382,Ниже
2021-12-02 22:30:00+05:00,69.205,69.88100258153423,Вниз,0.9673624541169153,True,0.2877899376623816,0.1066485069669165,0.1811414306954651,False,68.7270593133225,Зелёный,-0.6760025815342345,Ниже
2021-12-02 23:00:00+05:00,68.81,69.87034583942942,Вниз,1.5175906555067307,True,0.2575417402055819,0.1368271536146496,0.12071458659093232,False,68.7270593133225,Зелёный,-1.0603458394294165,Ниже
2021-12-02 23:30:00+05:00,68.955,69.86123792062912,Вниз,1.2971970546223655,True,0.2424750129650021,0.1579567254847201,0.084518287480282,False,68.7270593133225,Зелёный,-0.906237920629124,Ниже
2021-12-03 00:00:00+05:00,68.815,69.85082759306067,Вниз,1.4829138447653525,True,0.2167392578566875,0.1697132319591136,0.0470260258975739,False,68.7270593133225,Зелёный,-1.0358275930606737,Ниже
2021-12-03 00:30:00+05:00,68.84,69.84076960706007,Вниз,1.4329303824837845,True,0.1961002559016549,0.1749906367476218,0.021109619154033088,False,68.7270593133225,Зелёный,-1.0007696070600645,Ниже
2021-12-03 01:00:00+05:00,68.56,69.82802563087041,Вниз,1.8159265129069144,True,0.1553591545875861,0.1710643403156147,-0.01570518572802862,Выше,69.31742691421455,Красный,-1.2680256308704116,Ниже
2021-12-03 01:30:00+05:00,68.915,69.81894079872245,Вниз,1.2946927988042256,True,0.1499881019388169,0.1668490926402552,-0.01686099070143829,False,69.31742691421455,Красный,-0.903940798722445,Ниже
2021-12-03 12:00:00+05:00,69.66,69.81735929823766,Вниз,0.2253870667973507,True,0.203500945567967,0.1741794632257975,0.029321482342169497,Выше,68.75493419948621,Зелёный,-0.15735929823766526,Ниже
2021-12-03 12:30:00+05:00,69.73,69.81649005148903,Вниз,0.12388198178573101,True,0.2486919091455917,0.1890819524097564,0.0596099567358353,False,68.9159407795376,Зелёный,-0.08649005148902233,Ниже
2021-12-03 13:00:00+05:00,69.65,69.81483343406127,Вниз,0.23610087706783237,True,0.2748820725281149,0.2062419764334281,0.06864009609468683,False,68.9159407795376,Зелёный,-0.16483343406126494,Ниже
2021-12-03 13:30:00+05:00,69.295,69.80966096208057,Вниз,0.7372345818440863,True,0.2639497837534037,0.2177835378974232,0.04616624585598053,False,68.9159407795376,Зелёный,-0.5146609620805691,Ниже
2021-12-03 14:00:00+05:00,69.7,69.80856980822902,Вниз,0.1555250430244777,True,0.2846843178045333,0.2311636938788452,0.0535206239256881,False,68.9159407795376,Зелёный,-0.10856980822902074,Ниже
2021-12-03 14:30:00+05:00,69.665,69.80714125292327,Вниз,0.20361993110169724,True,0.2948930345932439,0.243909562021725,0.05098347257151889,False,68.96800524545462,Зелёный,-0.14214125292326685,Ниже
2021-12-03 15:00:00+05:00,69.635,69.80542840463548,Вниз,0.24414778124068576,True,0.2971375502015689,0.2545551596576938,0.04258239054387508,False,68.96870472090914,Зелёный,-0.17042840463547293,Ниже
2021-12-03 15:30:00+05:00,69.47,69.80209080856946,Вниз,0.475760546314024,True,0.2823474977556515,0.2601136272772854,0.022233870478366113,False,68.96870472090914,Зелёный,-0.33209080856946116,Ниже
2021-12-03 16:00:00+05:00,69.375,69.7978411487827,Вниз,0.605808348543842,True,0.2599638669475439,0.2600836752113371,-0.00011980826379315301,Выше,68.96870472090914,Зелёный,-0.42284114878269463,Ниже
2021-12-03 16:30:00+05:00,69.56,69.79547457018785,Вниз,0.3373779913926207,True,0.2542221178306647,0.2589113637352026,-0.004689245904537953,False,68.96870472090914,Зелёный,-0.23547457018784712,Ниже
2021-12-03 17:00:00+05:00,69.465,69.79218626600688,Вниз,0.4688007118158387,True,0.2392481307125251,0.2549787171306671,-0.015730586418142012,False,68.96870472090914,Зелёный,-0.3271862660068763,Ниже
2021-12-03 17:30:00+05:00,69.515,69.7894281937083,Вниз,0.3932231583078703,True,0.2287785039879253,0.2497386745021188,-0.02096017051419352,False,68.96870472090914,Зелёный,-0.27442819370830307,Ниже
2021-12-03 18:00:00+05:00,69.57,69.78724482859678,Вниз,0.31129589530344903,True,0.2223561069360187,0.2442621609888988,-0.021906054052880097,False,68.96870472090914,Зелёный,-0.21724482859679028,Ниже
2021-12-03 18:30:00+05:00,69.28,69.78219761637195,Вниз,0.7196643750498929,True,0.1916564385114725,0.2337410164934135,-0.04208457798194101,False,68.96870472090914,Зелёный,-0.5021976163719444,Ниже
2021-12-03 19:00:00+05:00,69.49,69.77929017740308,Вниз,0.41457884806167167,True,0.1821720095348382,0.2234272151016985,-0.0412552055668603,False,68.96870472090914,Зелёный,-0.28929017740308893,Ниже
2021-12-03 19:30:00+05:00,69.235,69.77387435474236,Вниз,0.7723153683607016,True,0.152323274472991,0.209206426975957,-0.05688315250296602,False,68.96870472090914,Зелёный,-0.5388743547423616,Ниже
2021-12-03 20:00:00+05:00,69.1,69.76716913728225,Вниз,0.9562795015653507,True,0.1164324048436356,0.1906516225494927,-0.0742192177058571,False,68.96870472090914,Зелёный,-0.6671691372822579,Ниже
2021-12-03 20:30:00+05:00,69.325,69.76276944437399,Вниз,0.627511562199439,True,0.1049346305774179,0.1735082241550778,-0.0685735935776599,False,68.96870472090914,Зелёный,-0.43776944437398413,Ниже
2021-12-03 21:00:00+05:00,68.855,69.75373691258918,Вниз,1.2884426732798704,True,0.0572376891371817,0.1502541171514985,-0.09301642801431681,False,69.63064822900522,Красный,-0.8987369125891718,Ниже
2021-12-03 21:30:00+05:00,68.495,69.74121216719028,Вниз,1.7869092441392338,True,-0.0095019395027406,0.1183029058206507,-0.12780484532339131,False,69.31833340610471,Красный,-1.2462121671902793,Ниже
2021-12-03 22:00:00+05:00,68.28,69.72667274264113,Вниз,2.074776675463561,True,-0.0788335352804097,0.0788756176004386,-0.1577091528808483,False,68.80275006549424,Красный,-1.4466727426411268,Ниже
2021-12-03 22:30:00+05:00,68.48,69.71426803873426,Вниз,1.7704668978930964,True,-0.1163003577810997,0.0398404225241309,-0.1561407803052306,False,68.80275006549424,Красный,-1.2342680387342568,Ниже
2021-12-03 23:00:00+05:00,68.23,69.69949920252795,Вниз,2.108335381661744,True,-0.1642723656345595,-0.0009821351076071,-0.16329023052695238,False,68.80275006549424,Красный,-1.4694992025279419,Ниже
2021-12-03 23:30:00+05:00,68.36,69.68617085225404,Вниз,1.9030617352555277,True,-0.1896148519512763,-0.0387086784763409,-0.1509061734749354,False,68.80275006549424,Красный,-1.3261708522540374,Ниже
2021-12-04 00:00:00+05:00,68.315,69.67252736118684,Вниз,1.9484399556073673,True,-0.2108989668495411,-0.073146736150981,-0.1377522306985601,False,68.80275006549424,Красный,-1.3575273611868397,Ниже
2021-12-04 00:30:00+05:00,68.295,69.65882062127453,Вниз,1.9578577545684177,True,-0.2267665900108681,-0.1038707069229584,-0.1228958830879097,False,68.80275006549424,Красный,-1.3638206212745274,Ниже
2021-12-04 01:00:00+05:00,68.415,69.64644429668473,Вниз,1.7681366351438368,True,-0.2270416042824194,-0.1285048863948506,-0.09853671788756879,False,68.80275006549424,Красный,-1.231444296684728,Ниже
2021-12-04 01:30:00+05:00,68.62,69.63623092059832,Вниз,1.4593422233852087,True,-0.2083164262412538,-0.1444671943641312,-0.0638492318771226,False,68.80275006549424,Красный,-1.0162309205983178,Ниже
2021-12-06 12:00:00+05:00,68.235,69.62228832437346,Вниз,1.992592254236197,True,-0.221983977049561,-0.1599705509012172,-0.06201342614834379,False,68.80275006549424,Красный,-1.3872883243734577,Ниже
2021-12-06 12:30:00+05:00,68.03,69.60644465945433,Вниз,2.264796984197358,True,-0.2465157165483731,-0.1772795840306484,-0.0692361325177247,False,68.64982302577106,Красный,-1.5764446594543244,Ниже
2021-12-06 13:00:00+05:00,67.685,69.58732580712146,Вниз,2.7337245469012923,True,-0.2904478119785096,-0.1999132296202206,-0.09053458235828901,False,68.55634072319394,Красный,-1.902325807121457,Ниже
2021-12-06 13:30:00+05:00,67.85,69.57003898317001,Вниз,2.472384676377881,True,-0.3083952051277236,-0.2216096247217213,-0.08678558040600232,False,68.44670665087456,Красный,-1.7200389831700136,Ниже
2021-12-06 14:00:00+05:00,67.77,69.55212814751657,Вниз,2.5622913273577614,True,-0.3253238441463111,-0.2423524686066392,-0.0829713755396719,False,68.42253598578709,Красный,-1.7821281475165733,Ниже
2021-12-06 14:30:00+05:00,67.755,69.53424627540198,Вниз,2.5588057262531994,True,-0.3360762098258902,-0.2610972168504895,-0.07497899297540073,False,68.31228238720838,Красный,-1.779246275401988,Ниже
2021-12-06 15:00:00+05:00,67.11,69.51012442191539,Вниз,3.452913430778831,True,-0.3921234910867923,-0.2873024716977501,-0.1048210193890422,False,68.13130414848756,Красный,-2.400124421915393,Ниже
2021-12-06 15:30:00+05:00,67.365,69.4887799003043,Вниз,3.0562918263225964,True,-0.4112246545694091,-0.3120869082720819,-0.09913774629732719,False,68.11092373363878,Красный,-2.1237799003042994,Ниже
2021-12-06 16:00:00+05:00,67.185,69.46585671721668,Вниз,3.2834212734201875,True,-0.435862607103445,-0.3368420480383545,-0.0990205590650905,False,67.97083136027491,Красный,-2.280856717216679,Ниже
2021-12-06 16:30:00+05:00,67.2,69.44331087923443,Вниз,3.230420397344914,True,-0.4490021698340456,-0.3592740723974928,-0.0897280974365528,False,67.84599822424742,Красный,-2.2433108792344285,Ниже
2021-12-06 17:00:00+05:00,67.62,69.42516848242614,Вниз,2.6001643523315168,True,-0.4206755916903972,-0.3715543762560737,-0.04912121543432352,False,67.84599822424742,Красный,-1.80516848242614,Ниже
2021-12-06 17:30:00+05:00,67.645,69.40745536319803,Вниз,2.5392882565358206,True,-0.3916940778548934,-0.3755823165758377,-0.016111761279055725,False,67.84599822424742,Красный,-1.762455363198029,Ниже
2021-12-06 18:00:00+05:00,67.55,69.38897322028063,Вниз,2.6502384095563336,True,-0.3721023609996621,-0.3748863254606026,0.00278396446094048,Ниже,67.84599822424742,Красный,-1.8389732202806357,Ниже
2021-12-06 18:30:00+05:00,67.695,69.37211776535247,Вниз,2.417567488749932,True,-0.3409452909734938,-0.3680981185631809,0.027152827589687123,False,67.84599822424742,Красный,-1.6771177653524774,Ниже
2021-12-06 19:00:00+05:00,67.79,69.35637530002559,Вниз,2.258444581698037,True,-0.3050707171242237,-0.3554926382753894,0.05042192115116573,False,67.84599822424742,Красный,-1.5663753000255838,Ниже
2021-12-06 19:30:00+05:00,67.78,69.34068997365718,Вниз,2.250756336935916,True,-0.2742849886996055,-0.3392511083602326,0.0649661196606271,False,67.84599822424742,Красный,-1.5606899736571762,Ниже
2021-12-06 20:00:00+05:00,67.78,69.32516072018795,Вниз,2.2288599177210275,True,-0.2470393611452692,-0.32080875891724,0.07376939777197078,False,67.84599822424742,Красный,-1.5451607201879511,Ниже
2021-12-06 20:30:00+05:00,67.925,69.3112287727234,Вниз,2.000006055683914,True,-0.2113108568090211,-0.2989091784955963,0.08759832168657519,False,67.05136934374325,Зелёный,-1.386228772723399,Ниже
2021-12-06 21:00:00+05:00,67.78,69.29599266553211,Вниз,2.1877061100044912,True,-0.1924772895164181,-0.2776228006997607,0.0851455111833426,False,67.16298240936892,Зелёный,-1.51599266553211,Ниже
2021-12-06 21:30:00+05:00,67.725,69.28036089771588,Вниз,2.2450242428906932,True,-0.1799156366288627,-0.2580813678855811,0.07816573125671841,False,67.16743416843204,Зелёный,-1.555360897715886,Ниже
2021-12-06 22:00:00+05:00,67.53,69.26294437137045,Вниз,2.501979069903294,True,-0.1835791207012391,-0.2431809184487127,0.059601797747473595,False,67.16743416843204,Зелёный,-1.7329443713704507,Ниже
2021-12-06 22:30:00+05:00,67.6,69.24639766120757,Вниз,2.3775932276833784,True,-0.1787732564194897,-0.2302993860428681,0.05152612962337838,False,67.16743416843204,Зелёный,-1.6463976612075726,Ниже
2021-12-06 23:00:00+05:00,67.645,69.23046335612092,Вниз,2.2901238548199734,True,-0.1693809324788588,-0.2181156953300663,0.04873476285120751,False,67.20509700878696,Зелёный,-1.5854633561209255,Ниже
2021-12-06 23:30:00+05:00,67.8,69.21622988989087,Вниз,2.0460951024691885,True,-0.1477273347193488,-0.2040380232079228,0.05631068848857401,False,67.21033730790826,Зелёный,-1.4162298898908716,Ниже
2021-12-07 00:00:00+05:00,67.665,69.20079476660838,Вниз,2.219331109979457,True,-0.139847993628905,-0.1912000172921192,0.0513520236632142,False,67.24655357711744,Зелёный,-1.535794766608376,Ниже
2021-12-07 00:30:00+05:00,67.65,69.18536397291078,Вниз,2.2192034337088082,True,-0.1332775925622655,-0.1796155323461485,0.04633793978388298,False,67.24655357711744,Зелёный,-1.5353639729107726,Ниже
2021-12-07 01:00:00+05:00,67.625,69.16983796323008,Вниз,2.23339826826152,True,-0.1286053114694567,-0.1694134881708102,0.040808176701353505,False,67.24655357711744,Зелёный,-1.54483796323008,Ниже
2021-12-07 01:30:00+05:00,67.8,69.15620773474024,Вниз,1.9610788086330457,True,-0.1095189908244549,-0.1574345887015391,0.04791559787708419,False,67.2827175577186,Зелёный,-1.356207734740238,Ниже
2021-12-07 12:00:00+05:00,67.94,69.14410616524033,Вниз,1.741444400716909,True,-0.0821491499678188,-0.1423775009547951,0.06022835098697629,False,67.56794580194676,Зелёный,-1.2041061652403329,Ниже
2021-12-07 12:30:00+05:00,68.265,69.13535884021306,Вниз,1.2589199720864217,True,-0.0338434438839385,-0.1206706895406238,0.08682724565668529,False,67.56794580194676,Зелёный,-0.8703588402130578,Ниже
2021-12-07 13:00:00+05:00,68.185,69.12590253334527,Вниз,1.3611432167433752,True,-0.0019931790730964,-0.0969351874471183,0.0949420083740219,False,67.71523609957687,Зелёный,-0.9409025333452661,Ниже
2021-12-07 13:30:00+05:00,68.545,69.12012240863537,Вниз,0.8320621963532784,True,0.0517013951128575,-0.0672078709351231,0.1189092660479806,False,67.79471248961919,Зелёный,-0.5751224086353659,Ниже
2021-12-07 14:00:00+05:00,68.95,69.11842964835044,Вниз,0.24368268956246375,True,0.1254882963114028,-0.0286686374858179,0.1541569337972207,False,68.19299124065726,Зелёный,-0.16842964835043972,Ниже
2021-12-07 14:30:00+05:00,69.21,69.11934079612806,Вверх,0.13116329355533332,True,0.2026092212240797,0.0175869342561615,0.1850222869679182,False,68.42444211659154,Зелёный,0.09065920387193671,Выше
2021-12-07 15:00:00+05:00,69.345,69.12158616134072,Вверх,0.323218622526688,True,0.2714918920676439,0.068367925818458,0.20312396624918588,False,68.68749790493239,Зелёный,0.22341383865928321,Выше
2021-12-07 15:30:00+05:00,69.255,69.1229136622229,Вверх,0.19108907709323622,True,0.3151863846993024,0.1177316175946269,0.19745476710467547,False,68.79174811443914,Зелёный,0.13208633777709622,Выше
2021-12-07 16:00:00+05:00,69.435,69.1260189989172,Вверх,0.4469822008520971,True,0.3601870682745414,0.1662227077306098,0.1939643605439316,False,68.79174811443914,Зелёный,0.3089810010827989,Выше
2021-12-07 16:30:00+05:00,69.26,69.1273521432066,Вверх,0.1918891042124887,True,0.3773792042007358,0.208454007024635,0.16892519717610077,False,68.79174811443914,Зелёный,0.13264785679341173,Выше
2021-12-07 17:00:00+05:00,69.62,69.13225411193092,Вверх,0.7055257988252253,True,0.4152661573713914,0.2498164370939863,0.1654497202774051,False,68.80476437542615,Зелёный,0.48774588806908525,Выше
2021-12-07 17:30:00+05:00,69.59,69.13680879738435,Вверх,0.6554991624559937,True,0.4378241274353343,0.2874179751622559,0.15040615227307835,False,68.86678793788353,Зелёный,0.45319120261565615,Выше
2021-12-07 18:00:00+05:00,69.685,69.14226343621635,Вверх,0.7849563158780918,True,0.4580866495374494,0.3215517100372946,0.13653493950015477,False,69.01160914409516,Зелёный,0.5427365637836488,Выше
2021-12-07 18:30:00+05:00,69.485,69.14567375028385,Вверх,0.49074111410297533,True,0.4527870682836976,0.3477987816865752,0.1049882865971224,False,69.01160914409516,Зелёный,0.33932624971615155,Выше
2021-12-07 19:00:00+05:00,69.96,69.15377649903725,Вверх,1.165841609494701,True,0.4813667460104227,0.3745123745513448,0.10685437145907789,False,69.01160914409516,Зелёный,0.8062235009627443,Выше
2021-12-07 19:30:00+05:00,70.66,69.16876379755429,Вверх,2.1559387801266925,True,0.5541130263261209,0.4104325049063,0.1436805214198209,False,69.59607306604539,Зелёный,1.4912362024457053,Выше
2021-12-07 20:00:00+05:00,71.66,69.19355221747914,Вверх,3.5645630314927006,True,0.6845653767008031,0.4652590792652006,0.21930629743560248,False,70.25621575944083,Зелёный,2.4664477825208593,Выше
2021-12-07 20:30:00+05:00,71.75,69.2189895088475,Вверх,3.6565262063367583,True,0.7861498064621486,0.5294372247045902,0.2567125817575584,False,70.88184418349675,Зелёный,2.5310104911525,Выше
2021-12-07 21:00:00+05:00,71.185,69.23855180229181,Вверх,2.811220262471991,True,0.8117085499337122,0.5858914897504146,0.2258170601832976,False,70.88184418349675,Зелёный,1.946448197708193,Выше
2021-12-07 21:30:00+05:00,71.365,69.25971049082622,Вверх,3.039703016738177,True,0.8368419409734571,0.6360815799950231,0.20076036097843397,False,70.88184418349675,Зелёный,2.1052895091737724,Выше
2021-12-07 22:00:00+05:00,70.975,69.27677804813143,Вверх,2.451358160289567,True,0.8158855728025998,0.6720423785565385,0.1438431942460613,False,70.88184418349675,Зелёный,1.698221951868561,Выше
2021-12-07 22:30:00+05:00,71.075,69.29467080387143,Вверх,2.5692151726465973,True,0.7981461325228594,0.6972631293498027,0.10088300317305665,False,70.88184418349675,Зелёный,1.7803291961285765,Выше
2021-12-07 23:00:00+05:00,71.015,69.3117885073155,Вверх,2.45731863131008,True,0.7703657034430336,0.7118836441684488,0.05848205927458472,False,70.88184418349675,Зелёный,1.7032114926845026,Выше
2021-12-07 23:30:00+05:00,70.94,69.32798961669545,Вверх,2.325194185230418,True,0.7338384076859796,0.716274596871955,0.017563810814024583,False,70.88184418349675,Зелёный,1.6120103833045505,Выше
2021-12-08 00:00:00+05:00,70.99,69.34452703344475,Вверх,2.372895218914158,True,0.7008459291562446,0.713188863328813,-0.012342934172568487,Выше,70.88184418349675,Зелёный,1.6454729665552463,Выше
2021-12-08 00:30:00+05:00,71.085,69.36184517241544,Вверх,2.484297848912811,True,0.6745886205741982,0.70546881477789,-0.030880194203691813,False,70.88184418349675,Зелёный,1.7231548275845512,Выше
2021-12-08 01:00:00+05:00,71.155,69.37968750900832,Вверх,2.5588361013606074,True,0.6519130811372662,0.6947576680497654,-0.04284458691249915,False,70.88184418349675,Зелёный,1.7753124909916806,Выше
2021-12-08 01:30:00+05:00,71.22,69.39799907608287,Вверх,2.625437257808575,True,0.6319033213945175,0.6821867987187158,-0.050283477324198245,False,70.88184418349675,Зелёный,1.8220009239171304,Выше
2021-12-08 12:00:00+05:00,70.69,69.41085480666911,Вверх,1.8428604530137387,True,0.5667457794719013,0.6590985948693528,-0.09235281539745155,False,71.58296859726651,Красный,1.2791451933308906,Выше
2021-12-08 12:30:00+05:00,70.58,69.42248809217489,Вверх,1.667344313975376,True,0.5004628531282975,0.6273714465211417,-0.12690859339284422,False,71.02367173753986,Красный,1.1575119078251106,Выше
2021-12-08 13:00:00+05:00,70.63,69.43450313603384,Вверх,1.7217619626714646,True,0.446817109091242,0.5912605790351618,-0.14444346994391982,False,71.02367173753986,Красный,1.1954968639661558,Выше
2021-12-08 13:30:00+05:00,70.61,69.44619962224246,Вверх,1.6758301880997293,True,0.3980995932891034,0.5526283818859502,-0.15452878859684682,False,71.02367173753986,Красный,1.1638003777575392,Выше
2021-12-08 14:00:00+05:00,70.945,69.46111305883707,Вверх,2.136284427095193,True,0.3821174986487961,0.5185262052385194,-0.13640870658972337,False,71.02367173753986,Красный,1.4838869411629219,Выше
2021-12-08 14:30:00+05:00,71.85,69.48488307815214,Вверх,3.403786287137773,True,0.4374350313534307,0.5023079704615018,-0.06487293910807107,False,70.62443922300011,Зелёный,2.365116921847857,Выше
2021-12-08 15:00:00+05:00,72.245,69.51234692812078,Вверх,3.9311765357382136,True,0.5072999355367784,0.5033063634765571,0.003993572060221329,Выше,71.12199530070009,Зелёный,2.732653071879227,Выше
2021-12-08 15:30:00+05:00,72.115,69.53824397361213,Вверх,3.705523578314227,True,0.5458858298623426,0.5118222567537143,0.03406357310862829,False,71.45979577063008,Зелёный,2.5767560263878693,Выше
2021-12-08 16:00:00+05:00,72.115,69.56388333705878,Вверх,3.667300530909485,True,0.5698960225121397,0.5234370099053993,0.046459012606740346,False,71.45979577063008,Зелёный,2.5511166629412116,Выше
2021-12-08 16:30:00+05:00,72.42,69.59230240833183,Вверх,4.06323327984853,True,0.6065433697732487,0.5400582818789692,0.06648508789427954,False,71.54178457421037,Зелёный,2.8276975916681693,Выше
2021-12-08 17:00:00+05:00,72.35,69.61974218536336,Вверх,3.921671826027863,True,0.6227594581427809,0.5565985171317316,0.0661609410110493,False,71.54178457421037,Зелёный,2.73025781463663,Выше
2021-12-08 17:30:00+05:00,71.49,69.63835171585727,Вверх,2.658949039600961,True,0.559763408197071,0.5572314953447995,0.0025319128522715006,False,72.6361794948896,Красный,1.8516482841427262,Выше
2021-12-08 18:00:00+05:00,70.965,69.6515521962965,Вверх,1.88574089490763,True,0.4621481165507646,0.5382148195859926,-0.076066703035228,Выше,71.90406154540065,Красный,1.3134478037034967,Выше
2021-12-08 18:30:00+05:00,71.22,69.6671586421045,Вверх,2.228943146472773,True,0.400744134587967,0.5107206825863875,-0.10997654799842049,False,71.90406154540065,Красный,1.5528413578955025,Выше
2021-12-08 19:00:00+05:00,71.045,69.68086850636216,Вверх,1.9576844015847639,True,0.3341086030263653,0.475398266674383,-0.1412896636480177,False,71.82138985177451,Красный,1.3641314936378421,Выше
2021-12-08 19:30:00+05:00,70.84,69.69240215306503,Вверх,1.6466613453996155,True,0.2617404959279525,0.432666712525097,-0.17092621659714446,False,71.82138985177451,Красный,1.1475978469349712,Выше
2021-12-08 20:00:00+05:00,70.575,69.70118422119374,Вверх,1.2536598747493926,True,0.1809194377063647,0.3823172575613505,-0.20139781985498578,False,71.59847577993736,Красный,0.8738157788062608,Выше
2021-12-08 20:30:00+05:00,70.5,69.70913263690325,Вверх,1.1345247504601352,True,0.1095534298380869,0.3277644920166978,-0.21821106217861086,False,71.55787820194364,Красный,0.7908673630967513,Выше
2021-12-08 21:00:00+05:00,70.685,69.71884275991914,Вверх,1.385790701385964,True,0.0671492535328894,0.2756414443199361,-0.20849219078704667,False,71.49134038174925,Красный,0.9661572400808609,Выше
2021-12-08 21:30:00+05:00,70.63,69.72790900111397,Вверх,1.2937301746300927,True,0.0287739102335677,0.2262679375026625,-0.1974940272690948,False,71.49134038174925,Красный,0.902090998886024,Выше
2021-12-08 22:00:00+05:00,70.69,69.737482045879,Вверх,1.3658622682911725,True,0.0031661750533658,0.1816475850128031,-0.1784814099594373,False,71.4396857092169,Красный,0.9525179541209923,Выше
2021-12-08 22:30:00+05:00,70.64,69.74646232402947,Вверх,1.2811225776861916,True,-0.0209215510855784,0.1411337577931268,-0.1620553088787052,False,71.4396857092169,Красный,0.8935376759705349,Выше
2021-12-08 23:00:00+05:00,70.775,69.75669652976052,Вверх,1.4597931394372234,True,-0.0287860481905966,0.1071497965963821,-0.1359358447869787,False,71.4396857092169,Красный,1.0183034702394878,Выше
2021-12-08 23:30:00+05:00,70.75,69.76658014637982,Вверх,1.4095858669821963,True,-0.0366139470826851,0.0783970478605687,-0.1150109949432538,False,71.4396857092169,Красный,0.9834198536201768,Выше
2021-12-09 00:00:00+05:00,70.73,69.77616641358001,Вверх,1.3669905290674609,True,-0.0439251049373581,0.0539326173009833,-0.09785772223834141,False,71.36824679381722,Красный,0.9538335864199894,Выше
2021-12-09 00:30:00+05:00,70.705,69.78540853881803,Вверх,1.3177417463572554,True,-0.0511469510635294,0.0329167036280808,-0.0840636546916102,False,71.3129221144355,Красный,0.919591461181966,Выше
2021-12-09 01:00:00+05:00,70.66,69.79411094141686,Вверх,1.2406334100450649,True,-0.0598119649679347,0.0143709699088777,-0.0741829348768124,False,71.24462990299193,Красный,0.8658890585831358,Выше
2021-12-09 01:30:00+05:00,70.745,69.80357252408933,Вверх,1.3486809369044594,True,-0.0591385489104823,-0.0003309338549943,-0.058807615055488,False,71.20766691269274,Красный,0.9414274759106718,Выше
2021-12-09 12:00:00+05:00,70.715,69.8126414541979,Вверх,1.292543194192292,True,-0.0603301625531003,-0.0123307795946155,-0.0479993829584848,False,71.18840022142348,Красный,0.9023585458021017,Выше
2021-12-09 12:30:00+05:00,70.565,69.8201276088825,Вверх,1.066844786205653,True,-0.0725420517311903,-0.0243730340219304,-0.048169017709259895,False,71.12456019928113,Красный,0.7448723911174966,Выше
2021-12-09 13:00:00+05:00,71.5,69.83684275705284,Вверх,2.381489737061749,True,-0.0066961865375958,-0.0208376645250635,0.014141477987467697,Ниже,70.44489582064698,Зелёный,1.6631572429471646,Выше
2021-12-09 13:30:00+05:00,72.135,69.85970999330107,Вверх,3.2569416719839213,True,0.0956240347569661,0.0024546753313423,0.0931693594256238,False,71.11040623858229,Зелёный,2.2752900066989383,Выше
2021-12-09 14:00:00+05:00,72.085,69.88185218242246,Вверх,3.152675192160538,True,0.1707111137227031,0.0361059630096145,0.1346051507130886,False,71.24561561472406,Зелёный,2.2031478175775305,Выше
2021-12-09 14:30:00+05:00,72.285,69.90576410100533,Вверх,3.4034902981061164,True,0.2435490119012939,0.0775945727879504,0.1659544391133435,False,71.41055405325166,Зелёный,2.379235898994665,Выше
2021-12-09 15:00:00+05:00,72.33,69.92988585124408,Вверх,3.4321722673214103,True,0.3014299975181274,0.1223616577339858,0.17906833978414158,False,71.63549864792648,Зелёный,2.400114148755918,Выше
2021-12-09 15:30:00+05:00,72.39,69.9543645989929,Вверх,3.4817490159036755,True,0.3481295731721303,0.1675152408216147,0.18061433235051558,False,71.75694878313384,Зелёный,2.4356354010071044,Выше
2021-12-09 16:00:00+05:00,72.55,69.98019181691338,Вверх,3.6721936827637127,True,0.3935138039760062,0.212714953452493,0.18079885052351322,False,71.79350390482045,Зелёный,2.5698081830866215,Выше
2021-12-09 16:30:00+05:00,72.38,70.00407050530231,Вверх,3.393987631787393,True,0.4110255084066807,0.2523770644433306,0.1586484439633501,False,71.79350390482045,Зелёный,2.3759294946976866,Выше
2021-12-09 17:00:00+05:00,72.35,70.02741308733911,Вверх,3.3166824394385674,True,0.41766829098448,0.2854353097515605,0.1322329812329195,False,71.79350390482045,Зелёный,2.3225869126608814,Выше
2021-12-09 17:30:00+05:00,72.075,70.04778708647007,Вверх,2.894042764016879,True,0.3961756757279602,0.3075833829468404,0.0885922927811198,False,71.79350390482045,Зелёный,2.0272129135299366,Выше
2021-12-09 18:00:00+05:00,72.195,70.06915238909225,Вверх,3.0339279674784163,True,0.3843945592081184,0.322945618199096,0.06144894100902237,False,71.79350390482045,Зелёный,2.1258476109077407,Выше
2021-12-09 18:30:00+05:00,72.24,70.09075286283263,Вверх,3.066377588172628,True,0.3743735185249619,0.3332311982642692,0.0411423202606927,False,71.79350390482045,Зелёный,2.1492471371673645,Выше
2021-12-09 19:00:00+05:00,71.955,70.10930258559053,Вверх,2.6325998781063547,True,0.339520868205966,0.3344891322526086,0.005031735953357375,False,71.79350390482045,Зелёный,1.8456974144094715,Выше
2021-12-09 19:30:00+05:00,71.73,70.12542892802247,Вверх,2.2881443957005683,True,0.2903967590591065,0.3256706576139082,-0.035273898554801675,Выше,72.43075403393648,Красный,1.6045710719775315,Выше
2021-12-09 20:00:00+05:00,71.745,70.14154406306703,Вверх,2.286028855440142,True,0.2497964255786939,0.3104958112068654,-0.06069938562817154,False,72.43075403393648,Красный,1.6034559369329742,Выше
2021-12-09 20:30:00+05:00,71.85,70.15854362462856,Вверх,2.410905768542292,True,0.2235164329592436,0.2930999355573411,-0.06958350259809751,False,72.30846076748854,Красный,1.6914563753714305,Выше
2021-12-09 21:00:00+05:00,72.065,70.1775133398064,Вверх,2.6895889728298106,True,0.2175304964857787,0.2779860477430286,-0.060455551257249884,False,72.30846076748854,Красный,1.887486660193602,Выше
2021-12-09 21:30:00+05:00,71.91,70.19475201304215,Вверх,2.443555875287025,True,0.1979970078357951,0.2619882397615819,-0.06399123192578682,False,72.30846076748854,Красный,1.7152479869578485,Выше
2021-12-09 22:00:00+05:00,71.895,70.21166990345965,Вверх,2.39750756370687,True,0.179240035157477,0.2454385988407609,-0.06619856368328392,False,72.30846076748854,Красный,1.6833300965403453,Выше
2021-12-09 22:30:00+05:00,71.855,70.22802144670882,Вверх,2.3167085157393794,True,0.1593108966185354,0.2282130583963158,-0.06890216177778041,False,72.30846076748854,Красный,1.6269785532911811,Выше
2021-12-09 23:00:00+05:00,71.93,70.24495655669182,Вверх,2.3988105707607055,True,0.1478642963772927,0.2121433059925112,-0.06427900961521849,False,72.30846076748854,Красный,1.6850434433081887,Выше
2021-12-09 23:30:00+05:00,71.86,70.26102664070484,Вверх,2.2757614508991715,True,0.1316270534945118,0.1960400554929113,-0.06441300199839953,False,72.30846076748854,Красный,1.598973359295158,Выше
2021-12-10 00:00:00+05:00,71.825,70.27658856467794,Вверх,2.2033104721596017,True,0.1146135207117708,0.1797547485366832,-0.06514122782491238,False,72.2567483326114,Красный,1.5484114353220662,Выше
2021-12-10 00:30:00+05:00,71.775,70.29149813119855,Вверх,2.1104997165268964,True,0.0959890888083521,0.163001616591017,-0.06701252778266491,False,72.2567483326114,Красный,1.4835018688014543,Выше
2021-12-10 01:00:00+05:00,71.7,70.30551307516673,Вверх,1.983467389452611,True,0.0743204986981709,0.1452653930124478,-0.07094489431427692,False,72.24586614941524,Красный,1.3944869248332736,Выше
2021-12-10 01:30:00+05:00,71.615,70.31854279581184,Вверх,1.8436917954240868,True,0.0497160990540379,0.1261555342207658,-0.07643943516672791,False,72.18852953447372,Красный,1.2964572041881581,Выше
2021-12-10 12:00:00+05:00,70.46,70.31995033018187,Вверх,0.19916064951771636,True,-0.0622641696022441,0.0884715934561638,-0.1507357630584079,False,71.45242658102633,Красный,0.14004966981812572,Выше
2021-12-10 12:30:00+05:00,70.795,70.32467719256812,Вверх,0.668787723182877,True,-0.1225647884115517,0.0462643170826207,-0.1688291054941724,False,71.27843392292371,Красный,0.47032280743188437,Выше
2021-12-10 13:00:00+05:00,70.255,70.32398388716943,Вниз,0.09809439590356282,True,-0.2114890363286861,-0.0052863535996406,-0.2062026827290455,False,71.20234053063133,Красный,-0.06898388716943771,Ниже
2021-12-10 13:30:00+05:00,70.145,70.32220295296875,Вниз,0.251987203937949,True,-0.2875238284423602,-0.0617338485681845,-0.22578997987417568,False,70.8836064775682,Красный,-0.17720295296875577,Ниже
2021-12-10 14:00:00+05:00,70.35,70.3224795405014,Вверх,0.03913465463449608,True,-0.3274653455862051,-0.1148801479717886,-0.21258519761441652,False,70.84524582981138,Красный,0.02752045949858939,Выше
2021-12-10 14:30:00+05:00,70.59,70.3251414356208,Вверх,0.37662002375306314,True,-0.3358814590682897,-0.1590804101910888,-0.1768010488772009,False,70.84524582981138,Красный,0.2648585643792103,Выше
2021-12-10 15:00:00+05:00,70.435,70.32623455566437,Вверх,0.15465842160160267,True,-0.3510122436019003,-0.1974667768732511,-0.15354546672864922,False,70.84524582981138,Красный,0.1087654443356314,Выше
2021-12-10 15:30:00+05:00,70.3,70.3259735153095,Вниз,0.036933033431592585,True,-0.3696359381099796,-0.2319006091205968,-0.1377353289893828,False,70.84524582981138,Красный,-0.025973515309502204,Ниже
2021-12-10 16:00:00+05:00,70.43,70.3270086047094,Вверх,0.14644643264935436,True,-0.3696444060224735,-0.2594493685009722,-0.11019503752150128,False,70.84524582981138,Красный,0.10299139529060142,Выше
2021-12-10 16:30:00+05:00,70.56,70.3293269270506,Вверх,0.32798987709446914,True,-0.3550681981929671,-0.2785731344393712,-0.07649506375359588,False,70.84524582981138,Красный,0.23067307294940065,Выше
2021-12-10 17:00:00+05:00,70.765,70.33366198250283,Вверх,0.613273936460857,True,-0.3232484547573904,-0.287508198502975,-0.0357402562544154,False,70.84524582981138,Красный,0.4313380174971684,Выше
2021-12-10 17:30:00+05:00,70.86,70.33889917670679,Вверх,0.740843017722086,True,-0.2870563656867091,-0.2874178319397218,0.00036146625301269886,Ниже,70.27745766611329,Зелёный,0.5211008232932102,Выше
2021-12-10 18:00:00+05:00,70.51,70.34060167246096,Вверх,0.24082581540578912,True,-0.2833496706519867,-0.2866041996821749,0.0032545290301881913,False,70.27745766611329,Зелёный,0.16939832753904227,Выше
2021-12-10 18:30:00+05:00,70.96,70.34676483989917,Вверх,0.8717318578849762,True,-0.2413190728823337,-0.2775471743222066,0.0362281014398729,False,70.27745766611329,Зелёный,0.6132351601008281,Выше
2021-12-10 19:00:00+05:00,70.81,70.3513741449748,Вверх,0.6519074582396962,True,-0.2176048544259572,-0.2655587103429568,0.047953855916999605,False,70.41039413859659,Зелёный,0.45862585502520403,Выше
2021-12-10 19:30:00+05:00,70.47,70.35255450174121,Вверх,0.16693849866657248,True,-0.2236680182629555,-0.2571805719269566,0.033512553664001105,False,70.41039413859659,Зелёный,0.11744549825878892,Выше
2021-12-10 20:00:00+05:00,70.165,70.35068828779353,Вниз,0.2639466539885203,True,-0.2501999213459385,-0.255784441810753,0.005584520464814502,False,70.93533074773677,Красный,-0.18568828779352486,Ниже
2021-12-10 20:30:00+05:00,69.875,70.34595507099957,Вниз,0.6694842233988215,True,-0.2912696468799396,-0.2628814828245903,-0.02838816405534933,Ниже,70.53854767296309,Красный,-0.47095507099956535,Ниже
2021-12-10 21:00:00+05:00,70.015,70.34266198571599,Вниз,0.4658083394434626,True,-0.3089593788865699,-0.2720970620369862,-0.03686231684958369,False,70.53854767296309,Красный,-0.3276619857159915,Ниже
2021-12-10 21:30:00+05:00,69.915,70.33840664257455,Вниз,0.6019565452002545,True,-0.3272751589044702,-0.2831326814104831,-0.04414247749398709,False,70.53854767296309,Красный,-0.4234066425745482,Ниже
2021-12-10 22:00:00+05:00,69.82,70.33324836752406,Вниз,0.7297378969930527,True,-0.3454738451418109,-0.2956009141567486,-0.04987293098506229,False,70.4450362535901,Красный,-0.5132483675240707,Ниже
2021-12-10 22:30:00+05:00,69.8,70.32794241361836,Вниз,0.750686562836411,True,-0.3573904928190075,-0.3079588298892004,-0.04943166292980705,False,70.36403262823107,Красный,-0.5279424136183621,Ниже
2021-12-10 23:00:00+05:00,69.885,70.32353502641818,Вниз,0.6235963909570768,True,-0.3558734447846774,-0.3175417528682958,-0.03833169191638164,False,70.35837936540797,Красный,-0.43853502641817954,Ниже
2021-12-10 23:30:00+05:00,69.88,70.31912174257323,Вниз,0.6244698905381493,True,-0.3510281969539761,-0.3242390416854319,-0.026789155268544196,False,70.32329142886718,Красный,-0.439121742573235,Ниже
2021-12-11 00:00:00+05:00,69.955,70.31549864065708,Вниз,0.5126873130764386,True,-0.3372488352979701,-0.3268410004079395,-0.01040783489003061,False,70.32329142886718,Красный,-0.3604986406570845,Ниже
2021-12-11 00:30:00+05:00,70.02,70.31255835567542,Вниз,0.41608264941167555,True,-0.3174245623732048,-0.3249577128009926,0.007533150427787794,Ниже,70.32329142886718,Красный,-0.29255835567542476,Ниже
2021-12-11 01:00:00+05:00,69.955,70.3090005610916,Вниз,0.5034925233846894,True,-0.303460535866634,-0.3206582774141209,0.017197741547486878,False,70.32329142886718,Красный,-0.3540005610915955,Ниже
2021-12-11 01:30:00+05:00,70.05,70.30642344108074,Вниз,0.3647226363258735,True,-0.2814834719555961,-0.3128233163224159,0.0313398443668198,False,70.32329142886718,Красный,-0.25642344108074155,Ниже
2021-12-13 12:00:00+05:00,70.75,70.31083713818441,Вверх,0.6246019528291018,True,-0.2052167298947722,-0.2913019990368872,0.086085269142115,False,70.10445584416823,Зелёный,0.43916286181558917,Выше
2021-12-13 12:30:00+05:00,70.305,70.31077905720745,Вниз,0.008219304756595052,True,-0.1786235077115492,-0.2687663007718197,0.09014279306027048,False,70.10445584416823,Зелёный,-0.005779057207448091,Ниже
2021-12-13 13:00:00+05:00,70.22,70.30987578300639,Вниз,0.12782810665712205,True,-0.1625333933775437,-0.2475197192929644,0.08498632591542071,False,70.10445584416823,Зелёный,-0.08987578300639143,Ниже
2021-12-13 13:30:00+05:00,70.365,70.31042428267797,Вверх,0.07762108944557937,True,-0.1365079944733906,-0.2253173743290497,0.08880937985565909,False,70.10445584416823,Зелёный,0.05457571732202382,Выше
2021-12-13 14:00:00+05:00,70.265,70.30997229976575,Вниз,0.06396290354660807,True,-0.122539285993227,-0.2047617566618852,0.0822224706686582,False,70.10445584416823,Зелёный,-0.044972299765746016,Ниже
2021-12-13 14:30:00+05:00,69.975,70.30663924205663,Вниз,0.47170401775975646,True,-0.1333325852068583,-0.1904759223708798,0.05714333716402148,False,70.81711014357712,Красный,-0.33163924205663875,Ниже
2021-12-13 15:00:00+05:00,70.215,70.30572740880234,Вниз,0.12904696693455722,True,-0.1211241149587891,-0.1766055608884617,0.05548144592967259,False,70.7336491292194,Красный,-0.0907274088023371,Ниже
2021-12-13 15:30:00+05:00,70.08,70.30348136493367,Вниз,0.31788093646973353,True,-0.1209479731409572,-0.1654740433389608,0.04452607019800359,False,70.7336491292194,Красный,-0.22348136493367576,Ниже
2021-12-13 16:00:00+05:00,70.04,70.30085965980996,Вниз,0.3710618349082327,True,-0.1226225290028679,-0.1569037404717422,0.03428121146887429,False,70.68393079466772,Красный,-0.2608596598099524,Ниже
2021-12-13 16:30:00+05:00,69.75,70.29537846916509,Вниз,0.7758382998169869,True,-0.1456709983647357,-0.1546571920503409,0.008986193685605187,False,70.55078771520094,Красный,-0.5453784691650867,Ниже
2021-12-13 17:00:00+05:00,69.37,70.28617072320326,Вниз,1.3034864665074148,True,-0.1923822379119144,-0.1622022012226556,-0.030180036689258782,Ниже,70.16270894368085,Красный,-0.9161707232032512,Ниже
2021-12-13 17:30:00+05:00,68.965,70.27302474585795,Вниз,1.8613468689990424,True,-0.2590946650453105,-0.1815806939871866,-0.07751397105812388,False,69.72018804931277,Красный,-1.3080247458579493,Ниже
2021-12-13 18:00:00+05:00,68.94,70.25976081803847,Вниз,1.8784020934207901,True,-0.3104038924000178,-0.2073453336697528,-0.10305855873026501,False,69.56366924438149,Красный,-1.3197608180384748,Ниже
2021-12-13 18:30:00+05:00,67.79,70.23518608353064,Вниз,3.481426076984507,True,-0.4388039549440208,-0.2536370579246065,-0.1851668970194143,False,68.98830231994333,Красный,-2.445186083530629,Ниже
2021-12-13 19:00:00+05:00,67.66,70.20956234140596,Вниз,3.6313605389081878,True,-0.5447720500432354,-0.3118640563483323,-0.23290799369490306,False,68.234722087949,Красный,-2.5495623414059594,Ниже
2021-12-13 19:30:00+05:00,68.705,70.19459157183974,Вниз,2.1220888083880878,True,-0.5382254345221895,-0.3571363319831038,-0.18108910253908572,False,67.18125012084589,Зелёный,-1.489591571839739,Ниже
2021-12-13 20:00:00+05:00,68.14,70.1741478746075,Вниз,2.898714036745082,True,-0.5720339216834986,-0.4001158499231828,-0.17191807176031587,False,67.2651251087613,Зелёный,-2.0341478746074984,Ниже
2021-12-13 20:30:00+05:00,68.415,70.15664391565619,Вниз,2.48250745538801,True,-0.5700658256226205,-0.4341058450630704,-0.13595998055955016,False,67.2651251087613,Зелёный,-1.7416439156561836,Ниже
2021-12-13 21:00:00+05:00,68.445,70.13961263291336,Вниз,2.4160564469929176,True,-0.5596342309809188,-0.4592115222466401,-0.10042270873427872,False,67.61790133809664,Зелёный,-1.694612632913362,Ниже
2021-12-13 21:30:00+05:00,68.41,70.12240255696398,Вниз,2.442019232830633,True,-0.5478757539142833,-0.4769443685801687,-0.07093138533411464,False,67.61790133809664,Зелёный,-1.7124025569639798,Ниже
2021-12-13 22:00:00+05:00,68.37,70.10496571560115,Вниз,2.4748114457961283,True,-0.5356105567376943,-0.4886776062116739,-0.04693295052602042,False,67.61790133809664,Зелёный,-1.7349657156011489,Ниже
2021-12-13 22:30:00+05:00,68.63,70.09028943982402,Вниз,2.083440447307262,True,-0.4991565070211265,-0.4907733863735644,-0.008383120647562137,False,67.61790133809664,Зелёный,-1.4602894398240238,Ниже
2021-12-13 23:00:00+05:00,68.26,70.07207760460189,Вниз,2.5860195195395153,True,-0.494422918131832,-0.491503292725218,-0.0029196254066140015,False,67.61790133809664,Зелёный,-1.8120776046018818,Ниже
2021-12-13 23:30:00+05:00,68.1,70.05245494186953,Вниз,2.787132789978176,True,-0.4978433494221974,-0.4927713040646139,-0.005072045357583488,False,67.61790133809664,Зелёный,-1.952454941869533,Ниже
2021-12-14 00:00:00+05:00,68.14,70.03342553946287,Вниз,2.7036026367094506,True,-0.4916588628329208,-0.4925488158182753,0.0008899529853544919,Ниже,67.61790133809664,Зелёный,-1.8934255394628678,Ниже
2021-12-14 00:30:00+05:00,68.43,70.01747105648313,Вниз,2.2672499199557077,True,-0.4580766142192942,-0.4856543754984791,0.02757776127918493,False,67.61790133809664,Зелёный,-1.5874710564831247,Ниже
2021-12-14 01:00:00+05:00,68.31,70.0004812947271,Вниз,2.4149566738113712,True,-0.4361181389326134,-0.475747128185306,0.03962898925269259,False,67.64290517706574,Зелёный,-1.6904812947270926,Ниже
2021-12-14 01:30:00+05:00,68.295,69.98351133159548,Вниз,2.412727368872624,True,-0.4151407792187456,-0.4636258583919939,0.04848507917324829,False,67.64290517706574,Зелёный,-1.6885113315954783,Ниже
2021-12-14 12:00:00+05:00,66.59,69.94974504968906,Вниз,4.803084053133355,True,-0.529985972842141,-0.4768978812820234,-0.05308809156011762,Ниже,67.69667180657676,Красный,-3.359745049689053,Ниже
2021-12-14 12:30:00+05:00,65.675,69.90721027307524,Вниз,6.054039714277191,False,-0.6869161276998881,-0.5189015305655964,-0.16801459713429168,False,67.29650462591908,Красный,-4.232210273075239,Ниже
2021-12-14 13:00:00+05:00,66.745,69.87574549423867,Вниз,4.480446644389362,True,-0.7166828743525286,-0.5584577993229829,-0.15822507502954575,False,67.29650462591908,Красный,-3.130745494238667,Ниже
2021-12-14 13:30:00+05:00,68.37,69.86076295200743,Вниз,2.1339059137266303,True,-0.6022074436746436,-0.5672077281933151,-0.03499971548132852,False,66.25643125300554,Зелёный,-1.4907629520074295,Ниже
2021-12-14 14:00:00+05:00,67.85,69.84075536044519,Вниз,2.850420718062094,True,-0.5471374345261637,-0.5631936694598849,0.016056234933721214,Ниже,66.71653812770498,Зелёный,-1.990755360445192,Ниже
2021-12-14 14:30:00+05:00,67.595,69.81840953596316,Вниз,3.1845605632392533,True,-0.5180981118653847,-0.5541745579409849,0.03607644607560023,False,66.71653812770498,Зелёный,-2.2234095359631567,Ниже
2021-12-14 15:00:00+05:00,68.03,69.80061441620234,Вниз,2.536674542210526,True,-0.4547413991041935,-0.5342879261736266,0.07954652706943316,False,66.71653812770498,Зелёный,-1.770614416202335,Ниже
2021-12-14 15:30:00+05:00,68.43,69.78697646181226,Вниз,1.9444551556905398,True,-0.3680118788599174,-0.5010327167108848,0.1330208378509674,False,66.98654129509693,Зелёный,-1.356976461812252,Ниже
2021-12-14 16:00:00+05:00,67.98,69.76899659652061,Вниз,2.5641713136086897,True,-0.3317649683681338,-0.4671791670423346,0.1354141986742008,False,67.02163716558724,Зелёный,-1.7889965965206045,Ниже
2021-12-14 16:30:00+05:00,67.965,69.75104638162986,Вниз,2.5606015598072016,True,-0.300782175608262,-0.4338997687555201,0.13311759314725813,False,67.02163716558724,Зелёный,-1.786046381629859,Ниже
2021-12-14 17:00:00+05:00,68.2,69.73561308430021,Вниз,2.2020500234849534,True,-0.2543337519290674,-0.3979865653902296,0.1436528134611622,False,67.03485110412566,Зелёный,-1.5356130843002092,Ниже
2021-12-14 17:30:00+05:00,67.67,69.71505972027732,Вниз,2.9334547348634,True,-0.2573233487396322,-0.3698539220601101,0.11253057332047789,False,67.03485110412566,Зелёный,-2.0450597202773224,Ниже
2021-12-14 18:00:00+05:00,67.345,69.69147703649347,Вниз,3.3669497853586186,True,-0.2826590915542937,-0.3524149559589468,0.06975586440465309,False,67.03485110412566,Зелёный,-2.346477036493468,Ниже
2021-12-14 18:30:00+05:00,67.175,69.66643746399104,Вниз,3.5762377906561014,True,-0.3128490998386581,-0.3445017847348891,0.03165268489623102,False,67.03485110412566,Зелёный,-2.4914374639910477,Ниже
2021-12-14 19:00:00+05:00,66.85,69.638413210618,Вниз,4.004130884178224,True,-0.3588629342513343,-0.3473740146381782,-0.011488919613156123,Ниже,68.01494819058315,Красный,-2.7884132106180033,Ниже
2021-12-14 19:30:00+05:00,66.13,69.60350362643274,Вниз,4.9904149151389,True,-0.4482599505660971,-0.367551201823762,-0.08070874874233508,False,67.84795337152482,Красный,-3.473503626432745,Ниже
2021-12-14 20:00:00+05:00,66.02,69.56784687393093,Вниз,5.099837113487577,False,-0.521966901233597,-0.398434341705729,-0.12353255952786801,False,67.33165803437235,Красный,-3.5478468739309363,Ниже
2021-12-14 20:30:00+05:00,66.4,69.5363260095137,Вниз,4.510341845044552,True,-0.5434527810872396,-0.4274380295820311,-0.11601475150520851,False,67.33165803437235,Красный,-3.136326009513695,Ниже
2021-12-14 21:00:00+05:00,66.5,69.50611381041406,Вниз,4.32496315160647,True,-0.5461160455755731,-0.4511736327807396,-0.09494241279483356,False,67.33165803437235,Красный,-3.006113810414064,Ниже
2021-12-14 21:30:00+05:00,66.685,69.47804302623084,Вниз,4.020036985175798,True,-0.5272212693704148,-0.4663831600986746,-0.060838109271740215,False,67.33165803437235,Красный,-2.7930430262308334,Ниже
2021-12-14 22:00:00+05:00,66.43,69.44771423990018,Вниз,4.345303906584716,True,-0.5267513305273894,-0.4784567941844176,-0.04829453634297182,False,67.33165803437235,Красный,-3.0177142399001724,Ниже
2021-12-14 22:30:00+05:00,66.13,69.41470215791112,Вниз,4.731997769634992,True,-0.5443119045902307,-0.4916278162655803,-0.052684088324650435,False,67.22661885271654,Красный,-3.284702157911127,Ниже
2021-12-14 23:00:00+05:00,66.175,69.38246631554385,Вниз,4.622877343328572,True,-0.5482774608549619,-0.5029577451834566,-0.04531971567150528,False,67.10370696744486,Красный,-3.2074663155438543,Ниже
2021-12-14 23:30:00+05:00,66.44,69.35318804374741,Вниз,4.200510641139952,True,-0.5239966008247166,-0.5071655163117086,-0.016831084513007966,False,67.10370696744486,Красный,-2.913188043747411,Ниже
2021-12-15 00:00:00+05:00,66.825,69.32803194380962,Вниз,3.610418287711275,True,-0.4682894130423278,-0.4993902956578325,0.0311008826155047,Ниже,67.10370696744486,Красный,-2.503031943809617,Ниже
2021-12-15 00:30:00+05:00,66.875,69.30362366576176,Вниз,3.50432421466813,True,-0.4153189449730234,-0.4825760255208707,0.06725708054784729,False,67.10370696744486,Красный,-2.428623665761762,Ниже
2021-12-15 01:00:00+05:00,67.18,69.28249308202284,Вниз,3.0346671842967776,True,-0.3447544022409659,-0.4550117008648898,0.11025729862392392,False,66.2068636086594,Зелёный,-2.102493082022832,Ниже
2021-12-15 01:30:00+05:00,66.855,69.25833892200271,Вниз,3.4701076569412,True,-0.3114658926675275,-0.4263025392254174,0.11483664655788989,False,66.2068636086594,Зелёный,-2.4033389220027033,Ниже
2021-12-15 12:00:00+05:00,65.05,69.2164649028783,Вниз,6.019470813374412,False,-0.4258242866750237,-0.4262068887153387,0.00038260204031498324,False,66.69624047698586,Красный,-4.166464902878303,Ниже
2021-12-15 12:30:00+05:00,64.5,69.16953490384468,Вниз,6.750854852986916,False,-0.5544432644680768,-0.4518541638658863,-0.10258910060219051,Ниже,65.59036642928727,Красный,-4.669534903844678,Ниже
2021-12-15 13:00:00+05:00,64.9,69.12705196947807,Вниз,6.114902703133435,False,-0.6169858451952024,-0.4848805001317495,-0.1321053450634529,False,65.59036642928727,Красный,-4.227051969478069,Ниже
2021-12-15 13:30:00+05:00,65.69,69.09285244739372,Вниз,4.925042644584124,True,-0.5959353218880068,-0.507091464483001,-0.08884385740500578,False,64.1212281922773,Зелёный,-3.4028524473937267,Ниже
2021-12-15 14:00:00+05:00,65.945,69.06153053249429,Вниз,4.5126867424809385,True,-0.552309580585927,-0.5161350877035862,-0.03617449288234087,False,64.50835537304957,Зелёный,-3.116530532494295,Ниже
2021-12-15 14:30:00+05:00,65.735,69.02843072620081,Вниз,4.771122118166215,True,-0.5285878792172269,-0.5186256460063143,-0.009962233210912608,False,64.72701983574461,Зелёный,-3.2934307262008105,Ниже
2021-12-15 15:00:00+05:00,66.255,69.00083440056697,Вниз,3.97942202354645,True,-0.4624972256751647,-0.5073999619400844,0.044902736264919696,Ниже,64.94981785217016,Зелёный,-2.7458344005669773,Ниже
2021-12-15 15:30:00+05:00,66.37,68.9746569438449,Вниз,3.7762521181735766,True,-0.3962723862826749,-0.4851744468086025,0.08890206052592758,False,65.33808606695314,Зелёный,-2.604656943844901,Ниже
2021-12-15 16:00:00+05:00,65.825,68.9433170737569,Вниз,4.523015726703231,True,-0.383346687199861,-0.4648088948868543,0.0814622076869933,False,65.33808606695314,Зелёный,-3.1183170737568986,Ниже
2021-12-15 16:30:00+05:00,65.555,68.90960247600809,Вниз,4.868120487527174,True,-0.3903895533064911,-0.4499250265707817,0.059535473264290595,False,65.33808606695314,Зелёный,-3.3546024760080826,Ниже
2021-12-15 17:00:00+05:00,65.79,68.8785616553513,Вниз,4.4840681644973674,True,-0.3727121458024811,-0.4344824504171216,0.0617703046146405,False,65.33808606695314,Зелёный,-3.088561655351299,Ниже
2021-12-15 17:30:00+05:00,65.455,68.84449636524832,Вниз,4.9234093416351685,True,-0.3813385399711109,-0.4238536683279195,0.042515128356808596,False,65.33808606695314,Зелёный,-3.38949636524832,Ниже
2021-12-15 18:00:00+05:00,65.57,68.81191431186276,Вниз,4.711268890398948,True,-0.3745775833799172,-0.4139984513383191,0.039420867958401884,False,65.33808606695314,Зелёный,-3.2419143118627716,Ниже
2021-12-15 18:30:00+05:00,65.74,68.78134800030195,Вниз,4.4217627143460465,True,-0.3514505936474421,-0.4014888798001437,0.050038286152701617,False,65.33808606695314,Зелёный,-3.0413480003019515,Ниже
2021-12-15 19:00:00+05:00,65.83,68.75198135353277,Вниз,4.250032211446409,True,-0.3221465350975308,-0.3856204108596211,0.06347387576209035,False,65.33808606695314,Зелёный,-2.9219813535327717,Ниже
2021-12-15 19:30:00+05:00,65.91,68.72370293210459,Вниз,4.09422486283136,True,-0.2891345628991928,-0.3663232412675355,0.0771886783683427,False,65.33808606695314,Зелёный,-2.81370293210459,Ниже
2021-12-15 20:00:00+05:00,65.595,68.69257155964584,Вниз,4.509325374369218,True,-0.2851037064714461,-0.3500793343083176,0.0649756278368715,False,65.33808606695314,Зелёный,-3.097571559645843,Ниже
2021-12-15 20:30:00+05:00,65.745,68.6632424894006,Вниз,4.250079640283635,True,-0.266730771019823,-0.3334096216506187,0.0666788506307957,False,65.33808606695314,Зелёный,-2.9182424894005976,Ниже
2021-12-15 21:00:00+05:00,65.66,68.63335947955582,Вниз,4.33223654226268,True,-0.2560769808965375,-0.3179430934998025,0.06186611260326497,False,65.33808606695314,Зелёный,-2.9733594795558247,Ниже
2021-12-15 21:30:00+05:00,65.655,68.60372406184881,Вниз,4.298198242402151,True,-0.2452105985390176,-0.3033965945076455,0.05818599596862789,False,65.33808606695314,Зелёный,-2.9487240618488073,Ниже
2021-12-15 22:00:00+05:00,65.555,68.57338849904436,Вниз,4.401690750758822,True,-0.2418798363097494,-0.2910932428680663,0.04921340655831691,False,65.33808606695314,Зелёный,-3.018388499044349,Ниже
2021-12-15 22:30:00+05:00,65.655,68.54434980751158,Вниз,4.2152997520956035,True,-0.2285365914143398,-0.278581912577321,0.050045321162981216,False,65.33808606695314,Зелёный,-2.8893498075115787,Ниже
2021-12-15 23:00:00+05:00,65.66,68.51564980942689,Вниз,4.167879626581301,True,-0.2150792161667851,-0.2658813732952139,0.05080215712842878,False,65.33808606695314,Зелёный,-2.855649809426893,Ниже
2021-12-15 23:30:00+05:00,65.795,68.48857866704454,Вниз,3.9328873798641633,True,-0.1913154125834495,-0.250968181152861,0.05965276856941151,False,65.33808606695314,Зелёный,-2.693578667044534,Ниже
2021-12-16 00:00:00+05:00,65.755,68.46137887931276,Вниз,3.953146903575678,True,-0.1737076985214827,-0.2355160846265853,0.061808386105102586,False,65.33808606695314,Зелёный,-2.7063788793127657,Ниже
2021-12-16 00:30:00+05:00,65.955,68.43643978598627,Вниз,3.6259042605755076,True,-0.1419784900852363,-0.2168085657183155,0.0748300756330792,False,65.33808606695314,Зелёный,-2.481439785986268,Ниже
2021-12-16 01:00:00+05:00,66.02,68.41239560901128,Вниз,3.4970206608232877,True,-0.1103162499703955,-0.1955101025687315,0.08519385259833599,False,65.42679219050405,Зелёный,-2.392395609011288,Ниже
2021-12-16 01:30:00+05:00,66.67,68.39505833926988,Вниз,2.5221973358262564,True,-0.0324006344961418,-0.1628882089542136,0.1304875744580718,False,65.69811297145364,Зелёный,-1.7250583392698786,Ниже
2021-12-16 12:00:00+05:00,66.115,68.37237119161546,Вниз,3.301583888745232,True,-0.0152599028909889,-0.1333625477415687,0.1181026448505798,False,65.69811297145364,Зелёный,-2.257371191615462,Ниже
2021-12-16 12:30:00+05:00,65.96,68.34836749816655,Вниз,3.4944031373253024,True,-0.0140213251047356,-0.1094943032142021,0.0954729781094665,False,65.69811297145364,Зелёный,-2.3883674981665592,Ниже
2021-12-16 13:00:00+05:00,66.1,68.32599568226439,Вниз,3.2579044916021713,True,-0.0017230510544692,-0.0879400527822555,0.0862170017277863,False,65.69811297145364,Зелёный,-2.225995682264397,Ниже
2021-12-16 13:30:00+05:00,66.115,68.30399572522694,Вниз,3.204784291145762,True,0.0091285659484867,-0.0685263290361071,0.0776548949845938,False,65.69811297145364,Зелёный,-2.1889957252269454,Ниже
2021-12-16 14:00:00+05:00,66.265,68.28370721054806,Вниз,2.956352683552337,True,0.0294923278060963,-0.0489225976676664,0.07841492547376269,False,65.69811297145364,Зелёный,-2.018707210548058,Ниже
2021-12-16 14:30:00+05:00,66.645,68.2674016661645,Вниз,2.3765393534358297,True,0.0754241374916091,-0.0240532506358113,0.09947738812742041,False,65.69811297145364,Зелёный,-1.6224016661645067,Ниже
2021-12-16 15:00:00+05:00,66.57,68.25051209734696,Вниз,2.4622703122725547,True,0.1045681577581376,0.0016710310429784,0.1028971267151592,False,65.73702355784607,Зелёный,-1.6805120973469627,Ниже
2021-12-16 15:30:00+05:00,66.155,68.2296612307067,Вниз,3.040702816465101,True,0.0931047188472007,0.0199577686038229,0.0731469502433778,False,65.73702355784607,Зелёный,-2.0746612307066954,Ниже
2021-12-16 16:00:00+05:00,66.38,68.21125664134644,Вниз,2.6846839239088602,True,0.1010110875768361,0.0361684323984255,0.0648426551784106,False,65.73702355784607,Зелёный,-1.8312566413464424,Ниже
2021-12-16 16:30:00+05:00,66.6,68.19522423695493,Вниз,2.339202275238628,True,0.123604270056461,0.0536555999300326,0.06994867012642841,False,65.73702355784607,Зелёный,-1.5952242369549339,Ниже
2021-12-16 17:00:00+05:00,66.215,68.17552051320413,Вниз,2.875695701985025,True,0.1091846350184653,0.0647614069477192,0.0444232280707461,False,65.73702355784607,Зелёный,-1.9605205132041306,Ниже
2021-12-16 17:30:00+05:00,66.41,68.15795314491355,Вниз,2.564562262010941,True,0.1121984863702607,0.0742488228322275,0.037949663538033196,False,65.73702355784607,Зелёный,-1.7479531449135521,Ниже
2021-12-16 18:00:00+05:00,67.14,68.14782425789949,Вниз,1.4788795810787196,True,0.1715147689237284,0.0937020120505277,0.07781275687320072,False,66.16846302660527,Зелёный,-1.007824257899486,Ниже
2021-12-16 18:30:00+05:00,68.655,68.15287078269651,Вверх,0.736768989386398,True,0.336887756463625,0.1423391609331471,0.1945485955304779,False,66.94111672394473,Зелёный,0.5021292173034908,Выше
2021-12-16 19:00:00+05:00,68.25,68.15383724257018,Вверх,0.14109661512904267,True,0.430306618422648,0.1999326524310473,0.2303739659916007,False,67.49275505155028,Зелёный,0.09616275742982339,Выше
2021-12-16 19:30:00+05:00,69.605,68.16827667299236,Вверх,2.107612803386091,True,0.6066854234512533,0.2812832066350885,0.3254022168161648,False,67.88272954639524,Зелёный,1.4367233270076412,Выше
2021-12-16 20:00:00+05:00,69.25,68.1790400891815,Вверх,1.570805205555306,True,0.709641063591036,0.3669547780262781,0.3426862855647579,False,68.29320659175572,Зелёный,1.0709599108185017,Выше
2021-12-16 20:30:00+05:00,69.0,68.18720884451304,Вверх,1.1919994515985637,True,0.7622742168220213,0.4460186657854267,0.31625555103659464,False,68.29320659175572,Зелёный,0.8127911554869627,Выше
2021-12-16 21:00:00+05:00,68.57,68.19101771173182,Вверх,0.5557657019730543,True,0.7605221378226901,0.5089193601928794,0.25160277762981065,False,68.29320659175572,Зелёный,0.37898228826817615,Выше
2021-12-16 21:30:00+05:00,68.42,68.19329614246085,Вверх,0.3324430264604726,True,0.7385166954406088,0.5548388272424254,0.18367786819818344,False,68.29320659175572,Зелёный,0.22670385753914957,Выше
2021-12-16 22:00:00+05:00,68.16,68.19296483756075,Вниз,0.04834052550622888,True,0.6921190788114586,0.582294877556232,0.10982420125522663,False,69.42027865514908,Красный,-0.032964837560754745,Ниже
2021-12-16 22:30:00+05:00,67.74,68.1884577247492,Вниз,0.6576739520337254,True,0.6143759993577049,0.5887111019165265,0.02566489744117839,False,69.00650078963416,Красный,-0.4484577247492041,Ниже
2021-12-16 23:00:00+05:00,68.575,68.19230391654274,Вверх,0.5612012814901003,True,0.6130744299924373,0.5935837675317087,0.019490662460728614,False,69.00650078963416,Красный,0.3826960834572617,Выше
2021-12-16 23:30:00+05:00,68.58,68.19616158901496,Вверх,0.56284459717578,True,0.6054669391223086,0.5959604018498288,0.009506537272479854,False,69.00650078963416,Красный,0.38383841098503524,Выше
2021-12-17 00:00:00+05:00,68.205,68.19624953340288,Вверх,0.012831301804705481,True,0.5626922161998635,0.5893067647198358,-0.026614548519972248,Выше,69.00650078963416,Красный,0.008750466597120976,Выше
2021-12-17 00:30:00+05:00,67.915,68.19345103058296,Вниз,0.40832517840764376,True,0.4996329066030824,0.5713719930964851,-0.07173908649340272,False,68.89371791807898,Красный,-0.27845103058295706,Ниже
2021-12-17 01:00:00+05:00,67.76,68.18913808500503,Вниз,0.6293349601663176,True,0.43216896994916,0.5435313884670201,-0.1113624185178601,False,68.83159612627108,Красный,-0.4291380850050217,Ниже
2021-12-17 01:30:00+05:00,67.765,68.18491780555225,Вниз,0.6158514508292795,True,0.3747864672151877,0.5097824042166537,-0.13499593700146595,False,68.70018651364396,Красный,-0.4199178055522452,Ниже
2021-12-17 12:00:00+05:00,66.45,68.16765494181541,Вниз,2.5197506695536434,True,0.2206573101761506,0.4519573854085531,-0.23130007523240254,False,68.11891786227957,Красный,-1.717654941815411,Ниже
2021-12-17 12:30:00+05:00,67.025,68.15628524090182,Вниз,1.6598399353826767,True,0.1432551807560855,0.3902169444780596,-0.2469617637219741,False,67.9137760760516,Красный,-1.1312852409018177,Ниже
2021-12-17 13:00:00+05:00,67.12,68.14597394497245,Вниз,1.505553278614696,True,0.0885582966719198,0.3298852149168317,-0.2413269182449119,False,67.9137760760516,Красный,-1.0259739449724492,Ниже
2021-12-17 13:30:00+05:00,67.0,68.13457121915184,Вниз,1.6651916917515182,True,0.0351227516296717,0.2709327222593997,-0.23580997062972797,False,67.9137760760516,Красный,-1.1345712191518373,Ниже
2021-12-17 14:00:00+05:00,66.685,68.12014762493142,Вниз,2.106788776843703,True,-0.0322711682938035,0.2102919441487591,-0.2425631124425626,False,67.88017775944162,Красный,-1.4351476249314175,Ниже
2021-12-17 14:30:00+05:00,66.895,68.10795710130026,Вниз,1.7809330259255494,True,-0.0679527731535785,0.1546430006882916,-0.2225957738418701,False,67.80640998349746,Красный,-1.2129571013002618,Ниже
2021-12-17 15:00:00+05:00,66.81,68.09504210526742,Вниз,1.8871302014629623,True,-0.101914682680146,0.103331464014604,-0.20524614669475,False,67.66976898514771,Красный,-1.2850421052674221,Ниже
2021-12-17 15:30:00+05:00,66.98,68.08394715894636,Вниз,1.6214499966770708,True,-0.1138003419083162,0.05990510283002,-0.1737054447383362,False,67.66976898514771,Красный,-1.1039471589463545,Ниже
2021-12-17 16:00:00+05:00,67.29,68.07604718721556,Вниз,1.154660441805404,True,-0.0970862533616241,0.0285068315916911,-0.1255930849533152,False,67.66976898514771,Красный,-0.7860471872155586,Ниже
2021-12-17 16:30:00+05:00,67.66,68.07190741420845,Вниз,0.6051063204414937,True,-0.0533691041770509,0.0121316444379427,-0.06550074861499361,False,67.66976898514771,Красный,-0.4119074142084571,Ниже
2021-12-17 17:00:00+05:00,67.3,68.06422674342032,Вниз,1.122802358867906,True,-0.0472275302668805,0.000259809496978,-0.0474873397638585,False,67.66976898514771,Красный,-0.7642267434203234,Ниже
2021-12-17 17:30:00+05:00,67.815,68.06174687532659,Вниз,0.36253385588027387,True,-0.0007949292800901,4.8861741564439065e-05,-0.000843791021654539,False,66.58050821196014,Зелёный,-0.24674687532659334,Ниже
2021-12-17 18:00:00+05:00,67.725,68.05839616014921,Вниз,0.4898677884866713,True,0.0284134610004969,0.0057217815933509,0.022691679407145997,Выше,66.6932073907641,Зелёный,-0.3333961601492206,Ниже
2021-12-17 18:30:00+05:00,67.85,68.0563225665159,Вниз,0.3031644360658123,True,0.0609452373058019,0.0167664727358411,0.044178764569960796,False,66.90588665168771,Зелёный,-0.20632256651590808,Ниже
2021-12-17 19:00:00+05:00,67.64,68.05218005341624,Вниз,0.6056823647570193,True,0.0689864268634465,0.0272104635613622,0.0417759633020843,False,66.90588665168771,Зелёный,-0.4121800534162361,Ниже
2021-12-17 19:30:00+05:00,67.09,68.04260612253647,Вниз,1.4000141629215932,True,0.0306256901708508,0.0278935088832599,0.002732181287590899,False,66.90588665168771,Зелёный,-0.9526061225364657,Ниже
2021-12-17 20:00:00+05:00,67.54,68.03760506659083,Вниз,0.7313676989420748,True,0.0361194071191448,0.0295386885304369,0.006580718588707898,False,66.90588665168771,Зелёный,-0.4976050665908218,Ниже
2021-12-17 20:30:00+05:00,68.25,68.03971844901281,Вверх,0.3090570563497698,True,0.096650160772441,0.0429609829788377,0.0536891777936033,False,66.9173877321723,Зелёный,0.21028155098719026,Выше
2021-12-17 21:00:00+05:00,68.065,68.03997000673408,Вверх,0.036787190328626256,True,0.1282152793239106,0.0600118422478523,0.0682034370760583,False,67.06314895895507,Зелёный,0.025029993265917483,Выше
2021-12-17 21:30:00+05:00,67.915,68.03872652408002,Вниз,0.18184720731982523,True,0.1395188305613857,0.075913239910559,0.0636055906508267,False,67.13458406305956,Зелёный,-0.12372652408001272,Ниже
2021-12-17 22:00:00+05:00,67.94,68.03774417060659,Вниз,0.14366168631560242,True,0.148779233034503,0.0904864385353478,0.0582927944991552,False,67.13458406305956,Зелёный,-0.09774417060658891,Ниже
2021-12-17 22:30:00+05:00,68.085,68.03821437786424,Вверх,0.06876374191116229,True,0.1659059958492292,0.1055703499981241,0.06033564585110508,False,67.18683809107824,Зелёный,0.046785622135757876,Выше
2021-12-17 23:00:00+05:00,68.09,68.03872965768649,Вверх,0.07535464370287943,True,0.1778325935433997,0.1200227987071792,0.05780979483622049,False,67.31840428197042,Зелёный,0.051270342313515016,Выше
2021-12-17 23:30:00+05:00,67.98,68.03814528298315,Вниз,0.08545982954313464,True,0.1763752829785119,0.1312932955614457,0.045081987417066205,False,67.32681385377339,Зелёный,-0.058145282983147695,Ниже
2021-12-18 00:00:00+05:00,67.955,68.03731796673456,Вниз,0.12098943520203399,True,0.1712292387128116,0.1392804841917189,0.03194875452109269,False,67.32681385377339,Зелёный,-0.08231796673456415,Ниже
2021-12-18 00:30:00+05:00,68.08,68.03774266358299,Вверх,0.06210866904558145,True,0.1752176172657442,0.146467910806524,0.028749706459220203,False,67.37114422155643,Зелёный,0.04225733641700913,Выше
2021-12-18 01:00:00+05:00,67.94,68.03677009976624,Вниз,0.14223206014093054,True,0.1651775421460826,0.1502098370744357,0.014967705071646908,False,67.42202979940079,Зелёный,-0.09677009976624618,Ниже
2021-12-18 01:30:00+05:00,68.095,68.03734950175863,Вверх,0.08473360391542327,True,0.1677936936375488,0.1537266083870583,0.014067085250490524,False,67.42202979940079,Зелёный,0.05765049824137236,Выше
2021-12-20 12:00:00+05:00,66.315,68.02021169577098,Вниз,2.506919124859181,True,0.0259369041378505,0.1281686675372168,-0.10223176339936632,Выше,67.26193086248537,Красный,-1.7052116957709842,Ниже
2021-12-20 12:30:00+05:00,65.615,67.9962792410867,Вниз,3.502072859962926,True,-0.1413404882523821,0.074266836379297,-0.2156073246316791,False,66.85873777623684,Красный,-2.381279241086702,Ниже
2021-12-20 13:00:00+05:00,65.46,67.97104263172265,Вниз,3.694282939468601,True,-0.2831522288629315,0.0027830233308513,-0.2859352521937828,False,66.30936399861314,Красный,-2.5110426317226597,Ниже
2021-12-20 13:30:00+05:00,65.65,67.94794768016324,Вниз,3.3819236027258217,True,-0.3758747922602197,-0.0729485397873628,-0.30292625247285687,False,66.30936399861314,Красный,-2.297947680163233,Ниже
2021-12-20 14:00:00+05:00,66.15,67.93005765349496,Вниз,2.6204271201635985,True,-0.4043511619616851,-0.1392290642222273,-0.2651220977394578,False,66.30936399861314,Красный,-1.78005765349495,Ниже
2021-12-20 14:30:00+05:00,66.205,67.91289290072386,Вниз,2.5148286691607846,True,-0.4176662531869226,-0.1949165020151664,-0.2227497511717562,False,66.30936399861314,Красный,-1.7078929007238628,Ниже
2021-12-20 15:00:00+05:00,66.295,67.89679446390073,Вниз,2.3591606592743797,True,-0.416159088156121,-0.2391650192433573,-0.1769940689127637,False,66.30936399861314,Красный,-1.601794463900731,Ниже
2021-12-20 15:30:00+05:00,66.52,67.88309501649874,Вниз,2.0080036364980876,True,-0.3922869891928968,-0.2697894132332653,-0.12249757595963151,False,65.79386815245891,Зелёный,-1.3630950164987468,Ниже
2021-12-20 16:00:00+05:00,66.545,67.86978063822512,Вниз,1.9519447768466605,True,-0.3671189687608063,-0.2892553243387735,-0.07786364442203281,False,65.93073133721303,Зелёный,-1.3247806382251213,Ниже
2021-12-20 16:30:00+05:00,66.67,67.85784252242189,Вниз,1.7504867208670782,True,-0.3332452323110573,-0.2980533059332302,-0.03519192637782709,False,65.98990820349174,Зелёный,-1.1878425224218887,Ниже
2021-12-20 17:00:00+05:00,66.395,67.84328687543261,Вниз,2.134753403224436,True,-0.3248456355790665,-0.3034117718623975,-0.021433863716669,False,65.98990820349174,Зелёный,-1.4482868754326148,Ниже
2021-12-20 17:30:00+05:00,66.12,67.82613974234374,Вниз,2.5154604829715774,True,-0.3365001323209071,-0.3100294439540995,-0.026470688366807604,False,65.98990820349174,Зелёный,-1.706139742343737,Ниже
2021-12-20 18:00:00+05:00,66.015,67.80811845137515,Вниз,2.644400836252353,True,-0.3501724573201272,-0.318058046627305,-0.03211441069282217,False,65.98990820349174,Зелёный,-1.7931184513751504,Ниже
2021-12-20 18:30:00+05:00,66.665,67.79674413842613,Вниз,1.6693193055338384,True,-0.3050419716947772,-0.3154548316407994,0.010412859946022202,Ниже,65.98990820349174,Зелёный,-1.1317441384261286,Ниже
2021-12-20 19:00:00+05:00,66.495,67.78379146043184,Вниз,1.9013268993431243,True,-0.2797683208863759,-0.3083175294899148,0.028549208603538934,False,65.98990820349174,Зелёный,-1.2887914604318382,Ниже
2021-12-20 19:30:00+05:00,66.685,67.77285821206934,Вниз,1.6051532143816296,True,-0.2416220893882155,-0.2949784414695749,0.053356352081359415,False,65.98990820349174,Зелёный,-1.0878582120693352,Ниже
2021-12-20 20:00:00+05:00,67.69,67.77203375224776,Вниз,0.12104366315411988,True,-0.1288109725233965,-0.2617449476803393,0.1329339751569428,False,66.45442862826467,Зелёный,-0.08203375224776721,Ниже
2021-12-20 20:30:00+05:00,67.91,67.77340655073286,Вверх,0.20154431689203842,True,-0.0214084054922949,-0.2136776392427304,0.1922692337504355,False,66.9822357654382,Зелёный,0.13659344926713857,Выше
2021-12-20 21:00:00+05:00,67.64,67.77207912236736,Вниз,0.19488722210938775,True,0.0414444137542062,-0.1626532286433431,0.2040976423975493,False,66.9822357654382,Зелёный,-0.13207912236735808,Ниже
2021-12-20 21:30:00+05:00,67.5,67.76937186741843,Вниз,0.39748319926207626,True,0.0790476833774675,-0.1143130462391809,0.1933607296166484,False,66.9822357654382,Зелёный,-0.2693718674184282,Ниже
2021-12-20 22:00:00+05:00,67.525,67.7669403065486,Вниз,0.3570181942023133,True,0.10960240820053,-0.0695299553512387,0.1791323635517687,False,66.9822357654382,Зелёный,-0.24194030654859944,Ниже
2021-12-20 22:30:00+05:00,67.15,67.7608015970307,Вниз,0.9014084583342152,True,0.1023777349627579,-0.0351484172884394,0.1375261522511973,False,66.9822357654382,Зелёный,-0.6108015970307008,Ниже
2021-12-20 23:00:00+05:00,67.39,67.75711202890106,Вниз,0.5418058974303303,True,0.1146959797483901,-0.0051795378810735,0.11987551762946361,False,66.9822357654382,Зелёный,-0.36711202890106165,Ниже
2021-12-20 23:30:00+05:00,67.195,67.75151887438464,Вниз,0.8214116578204981,True,0.1074843939850325,0.0173532484921476,0.0901311454928849,False,66.9822357654382,Зелёный,-0.5565188743846505,Ниже
2021-12-21 00:00:00+05:00,67.325,67.7472749054853,Вниз,0.623309064570367,True,0.1109797681705941,0.0360785524278369,0.07490121574275721,False,66.9822357654382,Зелёный,-0.42227490548529545,Ниже
2021-12-21 00:30:00+05:00,67.43,67.74411794125162,Вниз,0.46368297469606995,True,0.1208296508724373,0.053028772116757,0.0678008787556803,False,66.9822357654382,Зелёный,-0.3141179412516095,Ниже
2021-12-21 01:00:00+05:00,67.545,67.74213666820434,Вниз,0.29101040784983895,True,0.1363436085348723,0.0696917394003801,0.06665186913449218,False,66.9822357654382,Зелёный,-0.19713666820433673,Ниже
2021-12-21 01:30:00+05:00,67.4,67.73873232324709,Вниз,0.5000570746300157,True,0.1353776937856849,0.082828930277441,0.052548763508243904,False,66.9822357654382,Зелёный,-0.33873232324708624,Ниже
2021-12-21 12:00:00+05:00,67.72,67.738545931971,Вниз,0.027378698074845456,True,0.1586052227567194,0.0979841887732967,0.060621033983422695,False,67.0450357459268,Зелёный,-0.018545931971004848,Ниже
2021-12-21 12:30:00+05:00,67.265,67.7338340321504,Вниз,0.6921711118963995,True,0.1386996659932009,0.1061272842172776,0.03257238177592331,False,67.0450357459268,Зелёный,-0.4688340321503972,Ниже
2021-12-21 13:00:00+05:00,67.65,67.73299986267627,Вниз,0.12253977063549,True,0.1522357720503464,0.1153489817838913,0.03688679026645511,False,67.0450357459268,Зелёный,-0.08299986267626025,Ниже
2021-12-21 13:30:00+05:00,68.485,67.74048245110735,Вверх,1.0990732896388968,True,0.2277157893651917,0.1378223433001514,0.08989344606504032,False,67.31078855878064,Зелёный,0.7445175488926452,Выше
2021-12-21 14:00:00+05:00,68.715,67.75017914313614,Вверх,1.4240860600906822,True,0.3026050816846322,0.1707788909770476,0.13182619070758458,False,67.76620970290257,Зелёный,0.9648208568638665,Выше
2021-12-21 14:30:00+05:00,68.7,67.75963009693578,Вверх,1.3878025923679715,True,0.3566339565026055,0.2079499040821592,0.1486840524204463,False,67.97033873261233,Зелёный,0.940369903064223,Выше
2021-12-21 15:00:00+05:00,68.745,67.76943477258817,Вверх,1.4395357297659472,True,0.398489810488158,0.2460578853633589,0.1524319251247991,False,67.9945548593511,Зелёный,0.9755652274118347,Выше
2021-12-21 15:30:00+05:00,68.495,67.77665432708977,Вверх,1.0598718394146447,True,0.4067986441179982,0.2782060371142868,0.1285926070037114,False,67.9945548593511,Зелёный,0.7183456729102318,Выше
2021-12-21 16:00:00+05:00,68.68,67.78564284124809,Вверх,1.319390244400976,True,0.4234303668294927,0.307250903057328,0.1161794637721647,False,67.9945548593511,Зелёный,0.8943571587519159,Выше
2021-12-21 16:30:00+05:00,68.54,67.79314888262871,Вверх,1.1016616423354624,True,0.4204674103575456,0.3298942045173716,0.09057320584017398,False,67.9945548593511,Зелёный,0.7468511173712926,Выше
2021-12-21 17:00:00+05:00,68.31,67.7982916798165,Вверх,0.7547510527257676,True,0.3950067759666069,0.3429167188072187,0.05209005715938819,False,67.9945548593511,Зелёный,0.5117083201835015,Выше
2021-12-21 17:30:00+05:00,67.96,67.79990071782828,Вверх,0.23613498025317226,True,0.3426372558487429,0.3428608262155236,-0.00022357036678072317,Выше,68.86475292610177,Красный,0.1600992821717142,Выше
2021-12-21 18:00:00+05:00,67.94,67.80129474053645,Вверх,0.20457612202591358,True,0.296106865376359,0.3335100340476907,-0.0374031686713317,False,68.5805276334916,Красный,0.13870525946354917,Выше
2021-12-21 18:30:00+05:00,68.01,67.80337140978484,Вверх,0.3047467786909215,True,0.2618610396173437,0.3191802351616213,-0.05731919554427761,False,68.5805276334916,Красный,0.20662859021516056,Выше
2021-12-21 19:00:00+05:00,67.76,67.80293985346859,Вниз,0.06333037116293266,True,0.2121030731153439,0.2977648027523658,-0.08566172963702187,False,68.5662523831282,Красный,-0.042939853468581646,Ниже
2021-12-21 19:30:00+05:00,67.865,67.80355736736442,Вверх,0.09061859734390482,True,0.1790778506637593,0.2740274123346445,-0.0949495616708852,False,68.5662523831282,Красный,0.06144263263557548,Выше
2021-12-21 20:00:00+05:00,68.71,67.81257669704239,Вверх,1.3233877057450705,True,0.2185700228095157,0.2629359344296188,-0.044365911620103116,False,67.56526056966615,Зелёный,0.8974233029576055,Выше
2021-12-21 20:30:00+05:00,68.77,67.82210329707182,Вверх,1.3976220978819172,True,0.2518066816381292,0.2607100838713209,-0.008903402233191693,False,67.95273451269955,Зелёный,0.9478967029281762,Выше
2021-12-21 21:00:00+05:00,68.485,67.82869928416564,Вверх,0.9675855836256223,True,0.2522421644054162,0.2590164999781399,-0.006774335572723722,False,67.95273451269955,Зелёный,0.6563007158343623,Выше
2021-12-21 21:30:00+05:00,68.54,67.83577690322868,Вверх,1.038129330745251,True,0.2540962644150539,0.2580324528655228,-0.0039361884504688915,False,67.95273451269955,Зелёный,0.7042230967713294,Выше
2021-12-21 22:00:00+05:00,68.555,67.84293335195277,Вверх,1.0495811617596351,True,0.253849804144366,0.2571959231212914,-0.0033461189769254385,False,67.95273451269955,Зелёный,0.7120666480472408,Выше
2021-12-21 22:30:00+05:00,68.65,67.85096386586369,Вверх,1.1776341684930969,True,0.2583421808081425,0.2574251746586617,0.0009170061494807591,Выше,67.96066511378218,Зелёный,0.7990361341363155,Выше
2021-12-21 23:00:00+05:00,68.85,67.8609045239148,Вверх,1.4575335873052364,True,0.2748721946523176,0.2609145786573928,0.013957615994924788,False,68.12684860240395,Зелёный,0.9890954760851969,Выше
2021-12-21 23:30:00+05:00,69.03,67.87253731472163,Вверх,1.7053475987073792,True,0.2990495878960075,0.2685415805051158,0.03050800739089171,False,68.42141374216357,Зелёный,1.1574626852783751,Выше
2021-12-22 00:00:00+05:00,69.195,67.88569614741097,Вверх,1.9286888503668373,True,0.3277464106607652,0.2803825465362457,0.047363864124519484,False,68.42141374216357,Зелёный,1.309303852589025,Выше
2021-12-22 00:30:00+05:00,69.105,67.89782852405365,Вверх,1.777923539217013,True,0.3393151873492854,0.2921690746988536,0.04714611265043178,False,68.47977013115248,Зелёный,1.2071714759463532,Выше
2021-12-22 01:00:00+05:00,69.175,67.91053669794367,Вверх,1.8619545118314689,True,0.3500962495713366,0.3037545096733502,0.0463417398979864,False,68.54254311803724,Зелёный,1.2644633020563276,Выше
2021-12-22 01:30:00+05:00,68.99,67.92127762632234,Вверх,1.5734721298344425,True,0.3397954151348159,0.3109626907656434,0.028832724369172502,False,68.54254311803724,Зелёный,1.0687223736776588,Выше
2021-12-22 12:00:00+05:00,68.85,67.9305186449659,Вверх,1.3535615116376467,True,0.3166845572129233,0.3121070640550994,0.004577493157823909,False,68.54254311803724,Зелёный,0.9194813550340939,Выше
2021-12-22 12:30:00+05:00,68.6,67.93718015098614,Вверх,0.9756363857622314,True,0.2750257989298177,0.3046908110300431,-0.029665012100225374,Выше,68.54254311803724,Зелёный,0.6628198490138573,Выше
2021-12-22 13:00:00+05:00,68.885,67.9466111942599,Вверх,1.3810678549622477,True,0.261988016241574,0.2961502520723492,-0.03416223583077521,False,68.54254311803724,Зелёный,0.9383888057401037,Выше
2021-12-22 13:30:00+05:00,68.84,67.95550063511304,Вверх,1.3015861212417243,True,0.2451978672266648,0.2859597751032123,-0.04076190787654749,False,68.54254311803724,Зелёный,0.8844993648869632,Выше
2021-12-22 14:00:00+05:00,68.795,67.96385386262435,Вверх,1.222923789836365,True,0.2256591707935911,0.2738996542412881,-0.04824048344769699,False,68.54254311803724,Зелёный,0.8311461373756543,Выше
2021-12-22 14:30:00+05:00,68.745,67.9716264610062,Вверх,1.1377887793187884,True,0.2037908568270268,0.2598778947584359,-0.05608703793140912,False,68.54254311803724,Зелёный,0.773373538993809,Выше
2021-12-22 15:00:00+05:00,68.695,67.97882420766285,Вверх,1.0535277723388592,True,0.1803465554933581,0.2439716269054203,-0.0636250714120622,False,68.54254311803724,Зелёный,0.7161757923371397,Выше
2021-12-22 15:30:00+05:00,68.85,67.98749262350701,Вверх,1.2686265417512528,True,0.1722879541009661,0.2296348923445295,-0.057346938243563406,False,68.54254311803724,Зелёный,0.8625073764929851,Выше
2021-12-22 16:00:00+05:00,68.925,67.9968210551139,Вверх,1.3650328507766212,True,0.1699937455559137,0.2177066629868064,-0.047712917430892704,False,68.54254311803724,Зелёный,0.9281789448860991,Выше
2021-12-22 16:30:00+05:00,69.0,68.00680293516253,Вверх,1.460437812058869,True,0.172241944039925,0.2086137191974301,-0.036371775157505115,False,68.54254311803724,Зелёный,0.9931970648374744,Выше
2021-12-22 17:00:00+05:00,69.21,68.01877504526041,Вверх,1.7513178588513656,True,0.1887926187035731,0.2046494990986587,-0.015856880395085593,False,68.67203948892876,Зелёный,1.1912249547395817,Выше
2021-12-22 17:30:00+05:00,69.04,68.02893648759614,Вверх,1.4862256630870814,True,0.1860469351072424,0.2009289863003755,-0.0148820511931331,False,68.67203948892876,Зелёный,1.0110635124038652,Выше
2021-12-22 18:00:00+05:00,68.855,68.037156025033,Вверх,1.2020549105052163,True,0.1670177307499329,0.194146735190287,-0.0271290044403541,False,68.67203948892876,Зелёный,0.8178439749670048,Выше
2021-12-22 18:30:00+05:00,68.855,68.04529377602769,Вверх,1.189951838017594,True,0.1502054739942053,0.1853584829510706,-0.035153008956865295,False,68.67203948892876,Зелёный,0.809706223972313,Выше
2021-12-22 19:00:00+05:00,68.835,68.05315154940055,Вверх,1.1488791228601483,True,0.1337262930716889,0.1750320449751943,-0.04130575190350541,False,68.67203948892876,Зелёный,0.7818484505994405,Выше
2021-12-22 19:30:00+05:00,69.035,68.06292118572493,Вверх,1.4282061324146376,True,0.1352457234820008,0.1670747806765556,-0.03182905719455478,False,68.67203948892876,Зелёный,0.9720788142750649,Выше
2021-12-22 20:00:00+05:00,68.895,68.07120057691175,Вверх,1.2102025762825475,True,0.1237268074389987,0.1584051860290442,-0.03467837859004548,False,68.67203948892876,Зелёный,0.8237994230882464,Выше
2021-12-22 20:30:00+05:00,69.13,68.08173589455443,Вверх,1.5397141269563526,True,0.1320384623062835,0.1531318412844921,-0.021093378978208593,False,68.67203948892876,Зелёный,1.0482641054455684,Выше
2021-12-22 21:00:00+05:00,68.88,68.08967882097677,Вверх,1.160706281345749,True,0.1171027108512419,0.1459260151978421,-0.0288233043466002,False,68.67203948892876,Зелёный,0.7903211790232234,Выше
2021-12-22 21:30:00+05:00,68.85,68.09724420584267,Вверх,1.105413005968218,True,0.1016732450576825,0.1370754611698101,-0.0354022161121276,False,68.67203948892876,Зелёный,0.7527557941573235,Выше
2021-12-22 22:00:00+05:00,68.495,68.10120197493876,Вверх,0.5782541477111691,True,0.0601068744780235,0.1216817438314528,-0.061574869353429304,False,69.14165846528623,Красный,0.39379802506124406,Выше
2021-12-22 22:30:00+05:00,68.805,68.10820494036226,Вверх,1.0230706568289192,True,0.0515849958246974,0.1076623942301017,-0.056077398405404294,False,69.14165846528623,Красный,0.6967950596377506,Выше
2021-12-22 23:00:00+05:00,68.855,68.11563573697556,Вверх,1.0854545436226306,True,0.0483090510584105,0.0957917255957635,-0.047482674537353005,False,69.14165846528623,Красный,0.7393642630244415,Выше
2021-12-22 23:30:00+05:00,68.9,68.12344035650815,Вверх,1.1399301612307111,True,0.0487816407593868,0.0863897086284882,-0.037608067869101404,False,69.14165846528623,Красный,0.7765596434918507,Выше
2021-12-23 00:00:00+05:00,68.9,68.13116731813494,Вверх,1.1284595760337401,True,0.0485959872116126,0.0788309643451131,-0.03023497713350049,False,69.14165846528623,Красный,0.7688326818650637,Выше
2021-12-23 00:30:00+05:00,69.0,68.13981241944704,Вверх,1.2623861880598066,True,0.0558739397059468,0.0742395594172798,-0.018365619711333006,False,69.14165846528623,Красный,0.8601875805529602,Выше
2021-12-23 01:00:00+05:00,68.9,68.14737647497493,Вверх,1.1044057217689818,True,0.0529620912077035,0.0699840657753646,-0.0170219745676611,False,69.14165846528623,Красный,0.7526235250250721,Выше
2021-12-23 01:30:00+05:00,69.045,68.15630805233837,Вверх,1.3039027098991125,True,0.0616441233961779,0.0683160772995272,-0.0066719539033492994,False,69.14165846528623,Красный,0.8886919476616271,Выше
2021-12-23 12:00:00+05:00,70.225,68.1768920518176,Вверх,3.004108703907673,True,0.1618748423655489,0.0870278303127316,0.07484701205281728,Выше,69.94350446627536,Зелёный,2.048107948182391,Выше
2021-12-23 12:30:00+05:00,70.34,68.19841551398858,Вверх,3.140226161958487,True,0.2477322450638723,0.1191687132629597,0.12856353180091257,False,69.94350446627536,Зелёный,2.141584486011425,Выше
2021-12-23 13:00:00+05:00,70.355,68.2198740660882,Вверх,3.1297711453460018,True,0.3133728626188201,0.1580095431341318,0.1553633194846883,False,69.94350446627536,Зелёный,2.1351259339118087,Выше
2021-12-23 13:30:00+05:00,70.14,68.23897979677388,Вверх,2.785827409623728,True,0.3440784990209096,0.1952233343114874,0.1488551647094222,False,69.94350446627536,Зелёный,1.9010202032261247,Выше
2021-12-23 14:00:00+05:00,70.075,68.25724865451741,Вверх,2.663089095025058,True,0.3590293138770022,0.2279845302245904,0.13104478365241182,False,69.94350446627536,Зелёный,1.8177513454825913,Выше
2021-12-23 14:30:00+05:00,70.075,68.27533573258191,Вверх,2.635892226831293,True,0.3666514131075473,0.2557179068011818,0.1109335063063655,False,69.94350446627536,Зелёный,1.7996642674180947,Выше
2021-12-23 15:00:00+05:00,70.135,68.29383985464577,Вверх,2.6959388273860405,True,0.3732311043781067,0.2792205463165668,0.0940105580615399,False,69.94350446627536,Зелёный,1.8411601453542374,Выше
2021-12-23 15:30:00+05:00,70.13,68.3121101048483,Вверх,2.6611531869847385,True,0.3737339268336228,0.298123222419978,0.07561070441364476,False,69.94350446627536,Зелёный,1.8178898951516942,Выше
2021-12-23 16:00:00+05:00,70.33,68.33218861126772,Вверх,2.9236754000337135,True,0.3858232159160764,0.3156632211191977,0.07015999479687868,False,69.94350446627536,Зелёный,1.9978113887322735,Выше
2021-12-23 16:30:00+05:00,69.95,68.34828623702626,Вверх,2.3434585578622014,True,0.360584645072791,0.3246475059099163,0.035937139162874665,False,69.94350446627536,Зелёный,1.6017137629737448,Выше
2021-12-23 17:00:00+05:00,69.83,68.36302965755337,Вверх,2.145853321298122,True,0.3271289597104214,0.3251437966700174,0.00198516304040397,False,70.47938033786022,Красный,1.4669703424466292,Выше
2021-12-23 17:30:00+05:00,69.38,68.37314876543842,Вверх,1.4725828088094841,True,0.2612918391591421,0.3123734051678423,-0.051081566008700174,Выше,70.1839423040742,Красный,1.00685123456158,Выше
2021-12-23 18:00:00+05:00,69.685,68.38620201155346,Вверх,1.8992105867015583,True,0.2310628491072037,0.2961112939557146,-0.06504844484851091,False,70.16829807366678,Красный,1.2987979884465375,Выше
2021-12-23 18:30:00+05:00,69.73,68.39957313581662,Вверх,1.9450806535614442,True,0.2083357161706942,0.2785561783987106,-0.0702204622280164,False,70.16829807366678,Красный,1.33042686418338,Выше
2021-12-23 19:00:00+05:00,70.075,68.41624404988809,Вверх,2.4245060119090582,True,0.2156767292128023,0.2659802885615289,-0.0503035593487266,False,70.16829807366678,Красный,1.6587559501119102,Выше
2021-12-23 19:30:00+05:00,70.04,68.4324008255111,Вверх,2.3491783937085104,True,0.2161783579014837,0.2560199024295199,-0.03984154452803618,False,70.16829807366678,Красный,1.6075991744889109,Выше
2021-12-23 20:00:00+05:00,70.11,68.44909335461048,Вверх,2.4264845069385332,True,0.2196918463851886,0.2487542912206536,-0.029062444835464996,False,70.16829807366678,Красный,1.6609066453895167,Выше
2021-12-23 20:30:00+05:00,70.68,68.47129143068402,Вверх,3.2257439916288764,True,0.2654110542127768,0.2520856438190783,0.0133254103936985,Выше,69.70343057048049,Зелёный,2.208708569315988,Выше
2021-12-23 21:00:00+05:00,70.615,68.49262186420955,Вверх,3.09869600261204,True,0.2930211338017443,0.2602727418156115,0.03274839198613283,False,70.03583751343244,Зелёный,2.1223781357904414,Выше
2021-12-23 21:30:00+05:00,70.655,68.51413806456569,Вверх,3.1247009681663536,True,0.3145045735503515,0.2711191081625595,0.04338546538779198,False,70.06875376208922,Зелёный,2.140861935434316,Выше
2021-12-23 22:00:00+05:00,70.685,68.53573868083866,Вверх,3.1359716266722524,True,0.3301453930280331,0.2829243651356543,0.04722102789237881,False,70.11712838588028,Зелёный,2.14926131916134,Выше
2021-12-23 22:30:00+05:00,70.69,68.55717411685022,Вверх,3.111017790077734,True,0.3390361160600719,0.2941467153205378,0.04488940073953407,False,70.19866554729226,Зелёный,2.1328258831497777,Выше
2021-12-23 23:00:00+05:00,70.68,68.5782967624537,Вверх,3.064676926617658,True,0.3413404020132731,0.3035854526590849,0.037754949354188216,False,70.19866554729226,Зелёный,2.101703237546303,Выше
2021-12-23 23:30:00+05:00,70.7,68.59940823745416,Вверх,3.062113532050788,True,0.3408512767399827,0.3110386174752644,0.029812659264718322,False,70.25269409330672,Зелёный,2.1005917625458466,Выше
2021-12-24 00:00:00+05:00,70.72,68.62050865300188,Вверх,3.059568324704158,True,0.3381791554946431,0.3164667250791402,0.021712430415502915,False,70.29017468397606,Зелёный,2.0994913469981213,Выше
2021-12-24 00:30:00+05:00,70.67,68.64090160172823,Вверх,2.956106856004179,True,0.3282431157099097,0.3188220032052941,0.009421112504615636,False,70.29017468397606,Зелёный,2.0290983982717705,Выше
2021-12-24 01:00:00+05:00,70.69,68.66129064051701,Вверх,2.9546624314193237,True,0.3183132484630562,0.3187202522568466,-0.00040700379379038365,Выше,70.29017468397606,Зелёный,2.0287093594829884,Выше
2021-12-24 01:30:00+05:00,70.77,68.68227282319845,Вверх,3.0396885411404004,True,0.3132877029167957,0.3176337423888364,-0.004346039472040708,False,70.38767984461855,Зелёный,2.0877271768015504,Выше
2021-12-24 12:00:00+05:00,70.29,68.69827010853976,Вверх,2.3169868599971952,True,0.2674894811592878,0.3076048901429267,-0.04011540898363891,False,70.6668381398433,Красный,1.591729891460247,Выше
2021-12-24 12:30:00+05:00,70.65,68.71769030646475,Вверх,2.8119537849971565,True,0.2572773190283612,0.2975393759200136,-0.04026205689165241,False,70.6668381398433,Красный,1.9323096935352595,Выше
2021-12-24 13:00:00+05:00,70.69,68.73731527853973,Вверх,2.840792826352813,True,0.2495352852331365,0.2879385577826382,-0.03840327254950171,False,70.36233610672693,Зелёный,1.9526847214602725,Выше
2021-12-24 13:30:00+05:00,70.445,68.75430716631546,Вверх,2.4590355184509103,True,0.2210817227413599,0.2745671907743826,-0.053485468033022676,False,70.36233610672693,Зелёный,1.6906928336845368,Выше
2021-12-24 14:00:00+05:00,70.56,68.77227425918794,Вверх,2.5994861447718156,True,0.2054433849174302,0.2607424296029921,-0.055299044685561904,False,70.36233610672693,Зелёный,1.7877257408120641,Выше
2021-12-24 14:30:00+05:00,70.46,68.7890675501413,Вверх,2.4290668697329423,True,0.1828726828055948,0.2451684802435126,-0.0622957974379178,False,70.36233610672693,Зелёный,1.6709324498586966,Выше
2021-12-24 15:00:00+05:00,70.6,68.8070867784981,Вверх,2.6057101171476544,True,0.1742731562757455,0.2309894154499592,-0.05671625917421372,False,70.36233610672693,Зелёный,1.792913221501891,Выше
2021-12-24 15:30:00+05:00,70.62,68.82512571602548,Вверх,2.607876506292523,True,0.1671450582107496,0.2182205440021173,-0.0510754857913677,False,70.36233610672693,Зелёный,1.7948742839745222,Выше
2021-12-24 16:00:00+05:00,70.8,68.8447762064133,Вверх,2.8400466982773866,True,0.17401455336541,0.2093793458747759,-0.03536479250936592,False,70.36233610672693,Зелёный,1.955223793586697,Выше
2021-12-24 16:30:00+05:00,70.89,68.86512669192163,Вверх,2.9403464501516723,True,0.1845930518100402,0.2044220870618288,-0.019829035251788585,False,70.42919180385555,Зелёный,2.0248733080783694,Выше
2021-12-24 17:00:00+05:00,70.855,68.88492642633037,Вверх,2.8599487230004534,True,0.1879854018528846,0.2011347500200399,-0.013149348167155295,False,70.42919180385555,Зелёный,1.9700735736696373,Выше
2021-12-24 17:30:00+05:00,70.75,68.90348437233703,Вверх,2.6798581297933537,True,0.1801248738026544,0.1969327747765628,-0.016807900973908385,False,70.42919180385555,Зелёный,1.846515627662967,Выше
2021-12-24 18:00:00+05:00,70.66,68.92096213977646,Вверх,2.5232350307249694,True,0.1647341481359205,0.1904930494484344,-0.025758901312513904,False,70.42919180385555,Зелёный,1.739037860223533,Выше
2021-12-24 18:30:00+05:00,70.785,68.9395097801767,Вверх,2.676970326171298,True,0.1607700850279343,0.1845484565643344,-0.02377837153640011,False,70.42919180385555,Зелёный,1.84549021982329,Выше
2021-12-24 19:00:00+05:00,70.795,68.95797236942867,Вверх,2.663981505618837,True,0.156629920655277,0.1789647493825229,-0.022334828727245903,False,70.42919180385555,Зелёный,1.8370276305713276,Выше
2021-12-24 19:30:00+05:00,71.025,68.97853980853884,Вверх,2.966807063677266,True,0.1699488241165312,0.1771615643293246,-0.007212740212793389,False,70.53615863893279,Зелёный,2.046460191461165,Выше
2021-12-24 20:00:00+05:00,71.025,68.99890259651357,Вверх,2.9364197505205074,True,0.1784471237045011,0.1774186762043599,0.0010284475001412219,Выше,70.69154277503951,Зелёный,2.026097403486432,Выше
2021-12-24 20:30:00+05:00,70.97,69.01851550600101,Вверх,2.827479669320492,True,0.1786842857896005,0.177671798121408,0.0010124876681925077,False,70.69154277503951,Зелёный,1.95148449399899,Выше
2021-12-24 21:00:00+05:00,70.815,69.03639097360299,Вверх,2.576335467879661,True,0.1644691360182122,0.1750312657007688,-0.010562129682556598,Выше,70.69154277503951,Зелёный,1.7786090263970067,Выше
2021-12-24 21:30:00+05:00,70.805,69.05398907336814,Вверх,2.535712925681177,True,0.1506598974677757,0.1701569920541702,-0.01949709458639451,False,70.69154277503951,Зелёный,1.7510109266318636,Выше
2021-12-24 22:00:00+05:00,70.81,69.07146181890677,Вверх,2.5170137352114748,True,0.1385226319656851,0.1638301200364732,-0.025307488070788114,False,70.69154277503951,Зелёный,1.738538181093233,Выше
2021-12-24 22:30:00+05:00,70.83,69.08895971125595,Вверх,2.5199978347052685,True,0.12903021447012,0.1568701389232026,-0.027839924453082587,False,70.69154277503951,Зелёный,1.7410402887440455,Выше
2021-12-24 23:00:00+05:00,70.73,69.10528847034793,Вверх,2.3510668511994055,True,0.1121454974639704,0.1479252106313562,-0.03577971316738579,False,70.69154277503951,Зелёный,1.6247115296520747,Выше
2021-12-24 23:30:00+05:00,70.49,69.11906669452357,Вверх,1.98343723524995,True,0.078493420066394,0.1340388525183637,-0.0555454324519697,False,70.93622880948121,Красный,1.3709333054764272,Выше
2021-12-25 00:00:00+05:00,70.575,69.13355359308554,Вверх,2.085017089384269,True,0.05801394723278,0.118833871461247,-0.06081992422846701,False,70.93622880948121,Красный,1.4414464069144657,Выше
2021-12-25 00:30:00+05:00,70.66,69.14874211454737,Вверх,2.185517536890503,True,0.0480882753861209,0.1046847522462218,-0.0565964768601009,False,70.93622880948121,Красный,1.511257885452622,Выше
2021-12-25 01:00:00+05:00,70.63,69.16348099897974,Вверх,2.1203660947052283,True,0.0373705749320549,0.0912219167833884,-0.053851341851333494,False,70.93622880948121,Красный,1.4665190010202593,Выше
2021-12-25 01:30:00+05:00,70.7,69.17876974525853,Вверх,2.198984255347692,True,0.034131686257993,0.0798038706783093,-0.04567218442031629,False,70.93622880948121,Красный,1.521230254741468,Выше
2021-12-27 12:00:00+05:00,71.3,69.19987651396244,Вверх,3.034865944614539,True,0.0790683781941794,0.0796567721814833,-0.0005883939873038979,False,70.75044255028945,Зелёный,2.1001234860375604,Выше
2021-12-27 12:30:00+05:00,71.335,69.22112152377376,Вверх,3.0538055866376403,True,0.1161661467687622,0.0869586470989391,0.029207499669823098,Выше,70.8278982952605,Зелёный,2.1138784762262333,Выше
2021-12-27 13:00:00+05:00,71.295,69.24175713050239,Вверх,2.9653246170916625,True,0.1407166361446314,0.0977102449080776,0.043006391236553795,False,70.89085846573445,Зелёный,2.053242869497609,Выше
2021-12-27 13:30:00+05:00,71.875,69.26795855208944,Вверх,3.763704752392938,True,0.2046155479218043,0.119091305510823,0.0855242424109813,False,71.11652261916099,Зелёный,2.607041447910561,Выше
2021-12-27 14:00:00+05:00,71.49,69.2900684172428,Вверх,3.1749594610152676,True,0.2216347460614969,0.1395999936209578,0.08203475244053912,False,71.11652261916099,Зелёный,2.199931582757202,Выше
2021-12-27 14:30:00+05:00,71.59,69.31295330861352,Вверх,3.285167609650128,True,0.2404203315434756,0.1597640612054613,0.08065627033801431,False,71.11652261916099,Зелёный,2.277046691386488,Выше
2021-12-27 15:00:00+05:00,71.31,69.33282441997059,Вверх,2.851716479993718,True,0.2300623676727298,0.173823722498915,0.0562386451738148,False,71.11652261916099,Зелёный,1.9771755800294102,Выше
2021-12-27 15:30:00+05:00,71.46,69.35399034614005,Вверх,3.0366092035209826,True,0.2312911724158937,0.1853172124823108,0.045973959933582886,False,71.11652261916099,Зелёный,2.1060096538599424,Выше
2021-12-27 16:00:00+05:00,71.48,69.37514467105407,Вверх,3.0340193723936917,True,0.2312135559335928,0.1944964811725672,0.03671707476102559,False,71.11652261916099,Зелёный,2.1048553289459306,Выше
2021-12-27 16:30:00+05:00,71.79,69.39917308228738,Вверх,3.445036607104525,True,0.2532471777103211,0.206246620480118,0.04700055723020313,False,71.12486843974955,Зелёный,2.39082691771263,Выше
2021-12-27 17:00:00+05:00,71.67,69.42176837500094,Вверх,3.238511028492703,True,0.2580513294988122,0.2166075622838568,0.04144376721495541,False,71.27338159577458,Зелёный,2.2482316249990646,Выше
2021-12-27 17:30:00+05:00,71.81,69.44553187375715,Вверх,3.4047807863883124,True,0.2700426013616095,0.2272945700994074,0.04274803126220211,False,71.27338159577458,Зелёный,2.364468126242855,Выше
2021-12-27 18:00:00+05:00,71.935,69.47030270088395,Вверх,3.5478430398212337,True,0.2863315738881482,0.2391019708571555,0.04722960303099272,False,71.38363909257741,Зелёный,2.464697299116054,Выше
2021-12-27 18:30:00+05:00,71.89,69.49437929092491,Вверх,3.4472150604386034,True,0.2922408079315914,0.2497297382720427,0.042511069659548706,False,71.38363909257741,Зелёный,2.3956207090750894,Выше
2021-12-27 19:00:00+05:00,71.895,69.51826606414954,Вверх,3.4188625096852507,True,0.2939390305248111,0.2585715967225964,0.03536743380221469,False,71.4186976649877,Зелёный,2.376733935850453,Выше
2021-12-27 19:30:00+05:00,72.055,69.5435071978396,Вверх,3.61139796273954,True,0.3046833470234844,0.267793946782774,0.03688940024071036,False,71.63532789848894,Зелёный,2.5114928021604044,Выше
2021-12-27 20:00:00+05:00,72.02,69.5681489172641,Вверх,3.5243874113307703,True,0.3068370611233177,0.2756025696508828,0.0312344914724349,False,71.63532789848894,Зелёный,2.4518510827358995,Выше
2021-12-27 20:30:00+05:00,72.19,69.59423698773908,Вверх,3.7298533967952427,True,0.3185889788810527,0.2841998514969168,0.03438912738413591,False,71.63532789848894,Зелёный,2.5957630122609174,Выше
2021-12-27 21:00:00+05:00,72.075,69.6189211968163,Вверх,3.527889776171967,True,0.3149918890458707,0.2903582590067076,0.024633630039163135,False,71.69100403799844,Зелёный,2.4560788031837006,Выше
2021-12-27 21:30:00+05:00,72.3,69.645598597843,Вверх,3.8112981374234347,True,0.3265327230605237,0.2975931518174708,0.02893957124305291,False,71.73365363419859,Зелёный,2.654401402156992,Выше
2021-12-27 22:00:00+05:00,72.27,69.67171204463064,Вверх,3.7293298515542923,True,0.329460354005775,0.3039665922551317,0.02549376175064333,False,71.79553827077875,Зелёный,2.598287955369358,Выше
2021-12-27 22:30:00+05:00,72.23,69.69716764617661,Вверх,3.6340534907839097,True,0.3248086648146682,0.308135006767039,0.016673658047629214,False,71.79923444370087,Зелёный,2.5328323538233946,Выше
2021-12-27 23:00:00+05:00,72.23,69.72236995815496,Вверх,3.596593235929937,True,0.3174626557354258,0.3100005365607163,0.007462119174709514,False,71.79923444370087,Зелёный,2.5076300418450472,Выше
2021-12-27 23:30:00+05:00,72.21,69.74712249588475,Вверх,3.531152850442764,True,0.3064939858786317,0.3092992264242994,-0.00280524054566772,Выше,71.83297989939769,Зелёный,2.462877504115241,Выше
2021-12-28 00:00:00+05:00,72.255,69.77207650090082,Вверх,3.5586206167550642,True,0.297997233302766,0.3070388277999928,-0.009041594497226801,False,71.83297989939769,Зелёный,2.482923499099172,Выше
2021-12-28 00:30:00+05:00,72.145,69.79568767999635,Вверх,3.3659849169692584,True,0.2791693247797582,0.3014649271959459,-0.02229560241618772,False,71.83538871851214,Зелёный,2.349312320003648,Выше
2021-12-28 01:00:00+05:00,72.36,69.82120322546902,Вверх,3.6361401082313205,True,0.2783876947428894,0.2968494807053346,-0.018461785962445243,False,71.91409984666092,Зелёный,2.5387967745309794,Выше
2021-12-28 01:30:00+05:00,72.4,69.84686289486734,Вверх,3.6553353999242804,True,0.2777936803864378,0.2930383206415552,-0.015244640255117403,False,72.02193986199482,Зелёный,2.553137105132663,Выше
2021-12-28 12:00:00+05:00,72.465,69.8729140103413,Вверх,3.709715025303032,True,0.2793477297608859,0.2903002024654214,-0.010952472704535476,False,72.19324587579536,Зелёный,2.592085989658699,Выше
2021-12-28 12:30:00+05:00,72.26,69.89666610974089,Вверх,3.381182568205147,True,0.2610285635470148,0.2844458746817401,-0.023417311134725283,False,72.19324587579536,Зелёный,2.3633338902591134,Выше
2021-12-28 13:00:00+05:00,72.47,69.92227142208178,Вверх,3.6436582023186914,True,0.2604533927122361,0.2796473782878393,-0.0191939855756032,False,72.19324587579536,Зелёный,2.547728577918221,Выше
2021-12-28 13:30:00+05:00,72.73,69.950209019872,Вверх,3.9739566458454667,True,0.2777753712011019,0.2792729768704919,-0.0014976056693900008,False,72.19324587579536,Зелёный,2.7797909801279985,Выше
2021-12-28 14:00:00+05:00,72.81,69.97866465151507,Вверх,4.045997966072402,True,0.2945629569550334,0.2823309728874002,0.01223198406763315,Выше,72.31097136910932,Зелёный,2.8313353484849273,Выше
2021-12-28 14:30:00+05:00,72.705,70.00579236642538,Вверх,3.855691853963145,True,0.2959827126659036,0.2850613208431009,0.010921391822802717,False,72.40462423219839,Зелёный,2.6992076335746162,Выше
2021-12-28 15:00:00+05:00,73.0,70.03558547720723,Вверх,4.232726124289374,True,0.3172547980500155,0.2915000162844838,0.025754781765531698,False,72.40616180897854,Зелёный,2.964414522792765,Выше
2021-12-28 15:30:00+05:00,73.1,70.0660771640012,Вверх,4.330088052307249,True,0.3382827304956777,0.3008565591267226,0.0374261713689551,False,72.53054562808069,Зелёный,3.033922835998794,Выше
2021-12-28 16:00:00+05:00,73.04,70.09566843600119,Вверх,4.2004472311824115,True,0.3461162077053075,0.3099084888424396,0.03620771886286789,False,72.55724106527262,Зелёный,2.9443315639988157,Выше
2021-12-28 16:30:00+05:00,73.045,70.12501501872755,Вверх,4.163970560994019,True,0.3487080635509585,0.3176684037841434,0.03103965976681511,False,72.60676695874535,Зелёный,2.9199849812724494,Выше
2021-12-28 17:00:00+05:00,73.17,70.15531337675017,Вверх,4.297160796731488,True,0.3567363487456845,0.3254819927764516,0.03125435596923287,False,72.60676695874535,Зелёный,3.0146866232498297,Выше
2021-12-28 17:30:00+05:00,73.15,70.18511125359844,Вверх,4.224384194090108,True,0.3573655026874576,0.3318586947586528,0.025506807928804776,False,72.66160623658375,Зелёный,2.96488874640157,Выше
2021-12-28 18:00:00+05:00,73.075,70.21386636550294,Вверх,4.074884040145638,True,0.3478029822408501,0.3350475522550923,0.012755429985757794,False,72.69469561292536,Зелёный,2.8611336344970653,Выше
2021-12-28 18:30:00+05:00,73.585,70.24740998375664,Вверх,4.751192986353671,True,0.3770311729765296,0.3434442763993798,0.033586896577149805,False,72.93247605163283,Зелёный,3.337590016243354,Выше
2021-12-28 19:00:00+05:00,73.56,70.28037107844564,Вверх,4.666493462155602,True,0.393639799074549,0.3534833809344136,0.040156418140135375,False,72.96097844646954,Зелёный,3.2796289215543624,Выше
2021-12-28 19:30:00+05:00,73.55,70.31290469955563,Вверх,4.603842373283185,True,0.4013686109852443,0.3630604269445798,0.038308184040664495,False,72.9668806018226,Зелёный,3.2370953004443663,Выше
2021-12-28 20:00:00+05:00,73.46,70.34421908065458,Вверх,4.429334720132368,True,0.3956704595080538,0.3695824334572746,0.0260880260507792,False,72.96844254164034,Зелёный,3.1157809193454113,Выше
2021-12-28 20:30:00+05:00,73.505,70.37566963706598,Вверх,4.4466082938496605,True,0.3902867743392164,0.3737233016336629,0.016563472705553473,False,73.0143482874763,Зелёный,3.129330362934013,Выше
2021-12-28 21:00:00+05:00,73.095,70.40272765062751,Вверх,3.8241023312801867,True,0.3489145221489451,0.3687615457367194,-0.019847023587774293,Выше,73.0143482874763,Зелёный,2.6922723493724874,Выше
2021-12-28 21:30:00+05:00,73.04,70.42896916654168,Вверх,3.7073250742660853,True,0.3081366661918991,0.3566365698277553,-0.04849990363585621,False,73.0143482874763,Зелёный,2.6110308334583294,Выше
2021-12-28 22:00:00+05:00,72.84,70.45295952309351,Вверх,3.3881337179654643,True,0.2567222586336157,0.3366537075889274,-0.07993144895531168,False,73.42269759842978,Красный,2.387040476906492,Выше
2021-12-28 22:30:00+05:00,72.785,70.47616390594831,Вверх,3.2760524496379624,True,0.2091272412174873,0.3111484143146394,-0.10202117309715211,False,73.2931778385868,Красный,2.308836094051685,Выше
2021-12-28 23:00:00+05:00,72.855,70.4998339168344,Вверх,3.3406689807863756,True,0.1750385268177581,0.2839264368152632,-0.10888790999750508,False,73.27936005472812,Красный,2.3551660831655994,Выше
2021-12-28 23:30:00+05:00,73.13,70.52600472363208,Вверх,3.692248393443101,True,0.1682734254867171,0.2607958345495539,-0.09252240906283682,False,73.27936005472812,Красный,2.603995276367911,Выше
2021-12-29 00:00:00+05:00,73.05,70.55111910449146,Вверх,3.5419436675519007,True,0.1546737201648227,0.2395714116726077,-0.084897691507785,False,73.27936005472812,Красный,2.4988808955085346,Выше
2021-12-29 00:30:00+05:00,72.755,70.57304826763085,Вверх,3.091763479019115,True,0.1187232533722806,0.2154017800125423,-0.09667852664026169,False,73.27936005472812,Красный,2.181951732369143,Выше
2021-12-29 01:00:00+05:00,72.635,70.59356520029124,Вверх,2.891814280687931,True,0.0796313121146283,0.1882476864329595,-0.1086163743183312,False,73.04443538190712,Красный,2.0414347997087674,Выше
2021-12-29 01:30:00+05:00,72.765,70.61517151670624,Вверх,3.0444286080720633,True,0.0584666138402241,0.1622914719144124,-0.1038248580741883,False,73.04443538190712,Красный,2.14982848329376,Выше
2021-12-29 12:00:00+05:00,72.12,70.63014493445047,Вверх,2.109375631229725,True,-0.0102346923729186,0.1277862390569462,-0.1380209314298648,False,72.70519265934476,Красный,1.4898550655495342,Выше
2021-12-29 12:30:00+05:00,72.155,70.64531762166988,Вверх,2.1369885919616043,True,-0.0611518446211363,0.0899986223213297,-0.151150466942466,False,72.69692339341029,Красный,1.509682378330126,Выше
2021-12-29 13:00:00+05:00,72.555,70.66431943637963,Вверх,2.6755802344103694,True,-0.0684384813441596,0.0583112015882318,-0.1267496829323914,False,72.69692339341029,Красный,1.8906805636203785,Выше
2021-12-29 13:30:00+05:00,72.77,70.68527148178879,Вверх,2.949311043883184,True,-0.0562164618953175,0.0354056688915219,-0.0916221307868394,False,72.08856705133766,Зелёный,2.0847285182112074,Выше
2021-12-29 14:00:00+05:00,72.78,70.70611455162174,Вверх,2.9331062264270553,True,-0.0452024413938545,0.0192840468344466,-0.06448648822830111,False,72.33146034620391,Зелёный,2.073885448378263,Выше
2021-12-29 14:30:00+05:00,72.95,70.72844177001356,Вверх,3.140968716955824,True,-0.022496841953739,0.0109278690768095,-0.033424711030548504,False,72.33146034620391,Зелёный,2.2215582299864423,Выше
2021-12-29 15:00:00+05:00,72.81,70.74915379220249,Вверх,2.912891670549766,True,-0.015619271543926,0.0056184409526624,-0.0212377124965884,False,72.33146034620391,Зелёный,2.0608462077975105,Выше
2021-12-29 15:30:00+05:00,73.045,70.7719980330761,Вверх,3.211725018504616,True,0.0086935744642744,0.0062334676549848,0.002460106809289599,Выше,72.35988959238264,Зелёный,2.2730019669239,Выше
2021-12-29 16:00:00+05:00,73.135,70.79551049045844,Вверх,3.304573260838161,True,0.0348225156448762,0.0119512772529631,0.0228712383919131,False,72.43065063314437,Зелёный,2.339489509541565,Выше
2021-12-29 16:30:00+05:00,73.035,70.81779396816533,Вверх,3.130860067218929,True,0.0469198625454225,0.018944994311455,0.027974868233967498,False,72.52933556982994,Зелёный,2.217206031834664,Выше
2021-12-29 17:00:00+05:00,73.1,70.84050248589504,Вверх,3.18955602348365,True,0.061048326783208,0.0273656608058056,0.033682665977402396,False,72.52933556982994,Зелёный,2.2594975141049503,Выше
2021-12-29 17:30:00+05:00,73.065,70.86263678951799,Вверх,3.107932911138552,True,0.0686299061514574,0.0356185098749359,0.033011396276521505,False,72.55911181156226,Зелёный,2.2023632104820052,Выше
2021-12-29 18:00:00+05:00,73.07,70.88460060255763,Вверх,3.083038317018485,True,0.0741866431932436,0.0433321365385975,0.030854506654646098,False,72.59470063040604,Зелёный,2.1853993974423673,Выше
2021-12-29 18:30:00+05:00,73.23,70.90793790999487,Вверх,3.274756195776814,True,0.0904583130328973,0.0527573718374574,0.037700941195439895,False,72.80223056736543,Зелёный,2.322062090005133,Выше
2021-12-29 19:00:00+05:00,73.32,70.93193852780587,Вверх,3.3666942166792544,True,0.1093553955222859,0.0640769765744231,0.0452784189478628,False,72.82475751062888,Зелёный,2.3880614721941242,Выше
2021-12-29 19:30:00+05:00,73.66,70.95908341807646,Вверх,3.806301394862003,True,0.1500370938199751,0.0812690000235335,0.0687680937964416,False,73.068781759566,Зелёный,2.7009165819235363,Выше
2021-12-29 20:00:00+05:00,73.27,70.98207761292147,Вверх,3.22323953316074,True,0.1490892837247912,0.0948330567637851,0.054256226961006085,False,73.068781759566,Зелёный,2.287922387078524,Выше
2021-12-29 20:30:00+05:00,73.6,71.00812659189738,Вверх,3.6501081390286516,True,0.1729724606163074,0.1104609375342895,0.06251152308201789,False,73.068781759566,Зелёный,2.5918734081026145,Выше
2021-12-29 21:00:00+05:00,73.405,71.03197607854517,Вверх,3.3407826340503424,True,0.1741575996553308,0.1232002699584978,0.05095732969683302,False,73.068781759566,Зелёный,2.3730239214548305,Выше
2021-12-29 21:30:00+05:00,73.35,71.05504099318651,Вверх,3.2298327813695153,True,0.1687139610146317,0.1323030081697246,0.03641095284490711,False,73.068781759566,Зелёный,2.2949590068134853,Выше
2021-12-29 22:00:00+05:00,73.34,71.07777690370207,Вверх,3.1827431791554845,True,0.161728614945531,0.1381881295248859,0.023540485420645102,False,73.068781759566,Зелёный,2.26222309629793,Выше
2021-12-29 22:30:00+05:00,73.39,71.10078409869011,Вверх,3.2196774344040766,True,0.1584013083108288,0.1422307652820745,0.016170543028754286,False,73.068781759566,Зелёный,2.2892159013098876,Выше
2021-12-29 23:00:00+05:00,73.395,71.12361211760863,Вверх,3.1935777933148883,True,0.1543881614225455,0.1446622445101687,0.009725916912376786,False,73.068781759566,Зелёный,2.271387882391366,Выше
2021-12-29 23:30:00+05:00,73.38,71.14606373832895,Вверх,3.1399295256689594,True,0.1482879675764934,0.1453873891234336,0.002900578453059799,False,73.068781759566,Зелёный,2.2339362616710474,Выше
2021-12-30 00:00:00+05:00,73.385,71.1683417110819,Вверх,3.114669016621118,True,0.1422175824540659,0.1447534277895601,-0.0025358453354941968,Выше,73.068781759566,Зелёный,2.2166582889181115,Выше
2021-12-30 00:30:00+05:00,73.395,71.19049751495173,Вверх,3.0966246367154087,True,0.1366385903216382,0.1431304602959757,-0.006491869974337511,False,73.068781759566,Зелёный,2.204502485048266,Выше
2021-12-30 01:00:00+05:00,73.405,71.21253236554922,Вверх,3.0787665620376643,True,0.1315081709549588,0.1408060024277724,-0.0092978314728136,False,73.0940834118991,Зелёный,2.1924676344507787,Выше
2021-12-30 01:30:00+05:00,73.36,71.23390020270794,Вверх,2.984674138636078,True,0.1224001994174699,0.1371248418257119,-0.01472464240824202,False,73.0940834118991,Зелёный,2.1260997972920563,Выше
2021-12-30 12:00:00+05:00,73.1,71.25246835989493,Вверх,2.592937034508351,True,0.0931287094730777,0.128325615355185,-0.03519690588210729,False,73.0940834118991,Зелёный,1.8475316401050605,Выше
2021-12-30 12:30:00+05:00,73.06,71.27045374934872,Вверх,2.510923049465835,True,0.0659430269300571,0.1158490976701595,-0.04990607074010239,False,73.52215819272556,Красный,1.7895462506512843,Выше
2021-12-30 13:00:00+05:00,73.435,71.29199152298705,Вверх,3.0059596193521596,True,0.0738067454284845,0.1074406272218245,-0.033633881793339995,False,73.52215819272556,Красный,2.1430084770129554,Выше
2021-12-30 13:30:00+05:00,73.4,71.31296673171354,Вверх,2.9265831502117807,True,0.076334653136044,0.1012194324046684,-0.024884779268624396,False,73.52215819272556,Красный,2.0870332682864614,Выше
2021-12-30 14:00:00+05:00,73.19,71.3316436796567,Вверх,2.6052341211832966,True,0.0606931602786033,0.0931141779794554,-0.032421017700852095,False,73.52215819272556,Красный,1.8583563203433044,Выше
2021-12-30 14:30:00+05:00,73.2,71.35023428980936,Вверх,2.592515257451414,True,0.0485444902589051,0.0842002404353453,-0.035655750176440196,False,73.52215819272556,Красный,1.8497657101906384,Выше
2021-12-30 15:00:00+05:00,73.19,71.36854041627892,Вверх,2.55218836352384,True,0.0376753671351082,0.0748952657752979,-0.0372198986401897,False,73.52215819272556,Красный,1.8214595837210794,Выше
2021-12-30 15:30:00+05:00,73.27,71.38746041213685,Вверх,2.637073201644658,True,0.035112089848539,0.0669386305899461,-0.0318265407414071,False,73.52215819272556,Красный,1.8825395878631497,Выше
2021-12-30 16:00:00+05:00,73.235,71.40584389062306,Вверх,2.56163362788454,True,0.0299116636001173,0.0595332371919804,-0.0296215735918631,False,73.52215819272556,Красный,1.8291561093769388,Выше
2021-12-30 16:30:00+05:00,73.36,71.42528823001986,Вверх,2.708720983735542,True,0.0354678918829591,0.0547201681301761,-0.019252276247216996,False,73.52215819272556,Красный,1.9347117699801402,Выше
2021-12-30 17:00:00+05:00,73.53,71.44623063569131,Вверх,2.916556053088316,True,0.0529781232511936,0.0543717591543796,-0.0013936359031859955,False,72.9030382761164,Зелёный,2.0837693643086936,Выше
2021-12-30 17:30:00+05:00,73.655,71.4682084403113,Вверх,3.0598102392829127,True,0.0760647361664723,0.0587103545567982,0.017354381609674105,Выше,73.14923444850477,Зелёный,2.1867915596887,Выше
2021-12-30 18:00:00+05:00,73.735,71.49076358020871,Вверх,3.1391977192597507,True,0.0996674700896562,0.0669017776633698,0.032765692426286394,False,73.16606100365429,Зелёный,2.2442364197912923,Выше
2021-12-30 18:30:00+05:00,73.535,71.51110424110216,Вверх,2.830183899935599,True,0.1010694129629286,0.0737353047232815,0.02733410823964709,False,73.19070490328886,Зелёный,2.0238957588978366,Выше
2021-12-30 19:00:00+05:00,73.54,71.53129225860363,Вверх,2.8081524574369414,True,0.1014148734708868,0.0792712184728026,0.02214365499808421,False,73.19070490328886,Зелёный,2.0087077413963783,Выше
2021-12-30 19:30:00+05:00,73.71,71.55297094259763,Вверх,3.014590490075968,True,0.1140910619204902,0.0862351871623401,0.0278558747581501,False,73.23199597166398,Зелёный,2.1570290574023687,Выше
2021-12-30 20:00:00+05:00,73.8,71.57532944068123,Вверх,3.1081527346129576,True,0.1299018527351734,0.0949685202769068,0.0349333324582666,False,73.3590463744976,Зелёный,2.224670559318767,Выше
2021-12-30 20:30:00+05:00,74.0,71.59945551589833,Вверх,3.352741255928465,True,0.1567632774163598,0.1073274717047974,0.04943580571156239,False,73.43064173704782,Зелёный,2.4005444841016725,Выше
2021-12-30 21:00:00+05:00,73.605,71.61941118240681,Вверх,2.772417121017819,True,0.1445121055578511,0.1147643984754081,0.029747707082442995,False,73.43064173704782,Зелёный,1.9855888175931966,Выше
2021-12-30 21:30:00+05:00,73.685,71.63996430496992,Вверх,2.8546017783096644,True,0.1396485138674563,0.1197412215538178,0.019907292313638497,False,73.43064173704782,Зелёный,2.04503569503008,Выше
2021-12-30 22:00:00+05:00,73.705,71.66051192382595,Вверх,2.853019077434596,True,0.135842013097303,0.1229613798625148,0.012880633234788205,False,73.43064173704782,Зелёный,2.044488076174048,Выше
2021-12-30 22:30:00+05:00,73.56,71.67941230269336,Вверх,2.6236092580741963,True,0.1197447032278375,0.1223180445355794,-0.0025733413077418943,Выше,73.43064173704782,Зелёный,1.8805876973066376,Выше
2021-12-30 23:00:00+05:00,73.52,71.69772660813919,Вверх,2.5416055404662417,True,0.1025773555725209,0.1183699067429677,-0.015792551170446797,False,73.43064173704782,Зелёный,1.8222733918608043,Выше
2021-12-30 23:30:00+05:00,73.515,71.71580893044626,Вверх,2.5087788820714443,True,0.0875593213061449,0.1122077896556031,-0.024648468349458205,False,73.43064173704782,Зелёный,1.7991910695537428,Выше
2021-12-31 00:00:00+05:00,73.505,71.73361182666072,Вверх,2.469397717794709,True,0.0739975073218772,0.104565733188858,-0.03056822586698081,False,73.43064173704782,Зелёный,1.7713881733392753,Выше
2021-12-31 00:30:00+05:00,73.295,71.74914802739048,Вверх,2.1545231060017493,True,0.0457767412963505,0.0928079348103565,-0.047031193514005996,False,73.72240045226847,Красный,1.5458519726095261,Выше
2021-12-31 01:00:00+05:00,73.265,71.76423113159555,Вверх,2.091249142838943,True,0.0207516198655639,0.078396671821398,-0.05764505195583411,False,73.67516040704162,Красный,1.5007688684044496,Выше
2021-12-31 01:30:00+05:00,73.245,71.77896515018664,Вверх,2.0424296264872477,True,-0.0006868840459191,0.0625799606479346,-0.0632668446938537,False,73.52214436633746,Красный,1.4660348498133686,Выше
2022-01-03 12:00:00+05:00,74.34,71.80444808401562,Вверх,3.5311905928413148,True,0.0698748223943397,0.0640389329972156,0.005835889397124108,Выше,73.65507007029628,Зелёный,2.535551915984385,Выше
2022-01-03 12:30:00+05:00,73.85,71.82480183442343,Вверх,2.8196362730595848,True,0.0852735972703868,0.0682858658518498,0.016987731418537003,False,73.65507007029628,Зелёный,2.025198165576569,Выше
2022-01-03 13:00:00+05:00,74.16,71.84803763706599,Вверх,3.2178503950416637,True,0.1210957303240292,0.0788478387462857,0.0422478915777435,False,73.65507007029628,Зелёный,2.311962362934011,Выше
2022-01-03 13:30:00+05:00,73.95,71.8689526854534,Вверх,2.8956138037166954,True,0.1310293590091049,0.0892841427988496,0.0417452162102553,False,73.65507007029628,Зелёный,2.081047314546609,Выше
2022-01-03 14:00:00+05:00,74.04,71.89055514629466,Вверх,2.9898849011964166,True,0.1444983916369011,0.1003269925664599,0.044171399070441195,False,73.65507007029628,Зелёный,2.149444853705347,Выше
2022-01-03 14:30:00+05:00,74.04,71.9119426572768,Вверх,2.9592544215712007,True,0.1534043472098289,0.1109424634951337,0.0424618837146952,False,73.65507007029628,Зелёный,2.12805734272321,Выше
2022-01-03 15:00:00+05:00,73.93,71.93202282984122,Вверх,2.7775906912629234,True,0.1498588212659939,0.1187257350493057,0.0311330862166882,False,73.65507007029628,Зелёный,1.9979771701587907,Выше
2022-01-03 15:30:00+05:00,73.86,71.95120668228061,Вверх,2.6528996603881327,True,0.1397891491303227,0.1229384178655091,0.016850731264813595,False,73.65507007029628,Зелёный,1.908793317719386,Выше
2022-01-03 16:00:00+05:00,73.88,71.97039865559125,Вверх,2.6533149462558776,True,0.1319022077233995,0.1247311758370872,0.007171031886312296,False,73.65507007029628,Зелёный,1.9096013444087419,Выше
2022-01-03 16:30:00+05:00,73.79,71.98850414160528,Вверх,2.5024771383651627,True,0.1170403338835228,0.1231930074463743,-0.006152673562851499,Выше,73.65507007029628,Зелёный,1.8014958583947305,Выше
2022-01-03 17:00:00+05:00,73.625,72.00478768248483,Вверх,2.250145260700887,True,0.0909002294917797,0.1167344518554554,-0.025834222363675705,False,74.1384552905264,Красный,1.6202123175151684,Выше
2022-01-03 17:30:00+05:00,73.73,72.02195397420141,Вверх,2.3715630187018037,True,0.0777602590481905,0.1089396132940025,-0.031179354245811988,False,74.09735976147377,Красный,1.7080460257985948,Выше
2022-01-03 18:00:00+05:00,73.8,72.03964597445811,Вверх,2.4435906114336343,True,0.0721632991958358,0.1015843504743691,-0.029421051278533297,False,74.09735976147377,Красный,1.7603540255418864,Выше
2022-01-03 18:30:00+05:00,73.705,72.05621666127942,Вверх,2.288190270204094,True,0.0593774953320718,0.0931429794459097,-0.033765484113837896,False,74.09735976147377,Красный,1.6487833387205768,Выше
2022-01-03 19:00:00+05:00,73.86,72.07416475420202,Вверх,2.477774458973341,True,0.0610481333837356,0.0867240102334749,-0.025675876849739293,False,74.09735976147377,Красный,1.7858352457979834,Выше
2022-01-03 19:30:00+05:00,73.54,72.08875017953333,Вверх,2.0131432669485987,True,0.0361342670893662,0.0766060616046531,-0.040471794515286895,False,74.09735976147377,Красный,1.4512498204666713,Выше
2022-01-03 20:00:00+05:00,73.765,72.10542928222455,Вверх,2.301589123448392,True,0.0341517876041592,0.0681152068045544,-0.03396341920039521,False,74.09735976147377,Красный,1.659570717775452,Выше
2022-01-03 20:30:00+05:00,73.83,72.12258918986412,Вверх,2.367373148017594,True,0.0373945539607092,0.0619710762357853,-0.024576522275076104,False,74.09735976147377,Красный,1.7074108101358831,Выше
2022-01-03 21:00:00+05:00,73.77,72.13898133722866,Вверх,2.2609394151919107,True,0.0347227093231339,0.056521402853255,-0.0217986935301211,False,74.09735976147377,Красный,1.6310186627713392,Выше
2022-01-03 21:30:00+05:00,73.745,72.15496162243036,Вверх,2.203643854583322,True,0.0302393813669255,0.0512649985559891,-0.0210256171890636,False,74.09735976147377,Красный,1.5900383775696412,Выше
2022-01-03 22:00:00+05:00,73.745,72.17078289981912,Вверх,2.181238774097924,True,0.0263821941491926,0.0462884376746298,-0.019906243525437198,False,74.09735976147377,Красный,1.5742171001808885,Выше
2022-01-03 22:30:00+05:00,73.62,72.18520297046769,Вверх,1.9876608646779335,True,0.0130880196150826,0.0396483540627204,-0.0265603344476378,False,74.07144159409742,Красный,1.4347970295323194,Выше
2022-01-03 23:00:00+05:00,73.675,72.2000268215078,Вверх,2.0428983802715286,True,0.0069106689730915,0.0331008170447946,-0.026190148071703105,False,74.01729743468769,Красный,1.474973178492192,Выше
2022-01-03 23:30:00+05:00,73.57,72.21365839542315,Вверх,1.8782341661045172,True,-0.0063839580993914,0.0252038620159574,-0.0315878201153488,False,73.96356769121891,Красный,1.3563416045768406,Выше
2022-01-04 00:00:00+05:00,73.595,72.22740308800601,Вверх,1.8934598968311604,True,-0.0147329228074681,0.0172165050512723,-0.0319494278587404,False,73.96356769121891,Красный,1.367596911993985,Выше
2022-01-04 00:30:00+05:00,73.66,72.24165778364775,Вверх,1.9633301060171577,True,-0.0159210527319544,0.0105889934946269,-0.0265100462265813,False,73.96356769121891,Красный,1.4183422163522437,Выше
2022-01-04 01:00:00+05:00,73.69,72.2560691489846,Вверх,1.9845126754110938,True,-0.014277324863869,0.0056157298229277,-0.0198930546867967,False,73.9409933468986,Красный,1.433930851015404,Выше
2022-01-04 01:30:00+05:00,73.755,72.27098388382058,Вверх,2.053405165432718,True,-0.0076416141425568,0.0029642610298308,-0.0106058751723876,False,73.9409933468986,Красный,1.4840161161794185,Выше
2022-01-04 12:00:00+05:00,72.77,72.27594921830993,Вверх,0.683561803107947,True,-0.0809311101399146,-0.0138148132041182,-0.06711629693579639,False,73.39720461098786,Красный,0.49405078169006345,Выше
2022-01-04 12:30:00+05:00,73.03,72.28345221116258,Вверх,1.0328059410562163,True,-0.1166886228428154,-0.0343895751318576,-0.0822990477109578,False,73.25323414988908,Красный,0.7465477888374181,Выше
2022-01-04 13:00:00+05:00,73.21,72.29267159214605,Вверх,1.2689092651454914,True,-0.1290150088881745,-0.053314661883121,-0.07570034700505349,False,73.25323414988908,Красный,0.9173284078539439,Выше
2022-01-04 13:30:00+05:00,73.67,72.3063763524232,Вверх,1.8858968134849736,True,-0.1005070206457787,-0.0627531336356526,-0.037753887010126094,False,72.80443033858984,Зелёный,1.3636236475768015,Выше
2022-01-04 14:00:00+05:00,73.955,72.32278056782198,Вверх,2.256853814749802,True,-0.0542912803345529,-0.0610607629754326,0.006769482640879704,Ниже,73.22273730473086,Зелёный,1.6322194321780188,Выше
2022-01-04 14:30:00+05:00,73.885,72.33832503978395,Вверх,2.1381127630000085,True,-0.0230477085199538,-0.0534581520843369,0.0304104435643831,False,73.24521357425779,Зелёный,1.5466749602160519,Выше
2022-01-04 15:00:00+05:00,74.175,72.35660041252243,Вверх,2.513108102246979,True,0.0248274284689244,-0.0378010359736846,0.062628464442609,False,73.47769221683201,Зелёный,1.8183995874775718,Выше
2022-01-04 15:30:00+05:00,74.27,72.37563921438787,Вверх,2.617401111996719,True,0.0696318528508754,-0.0163144582087726,0.085946311059648,False,73.5896729951488,Зелёный,1.8943607856121218,Выше
2022-01-04 16:00:00+05:00,74.325,72.39503583912034,Вверх,2.665879142830346,True,0.1083289733455643,0.0086142281020947,0.0997147452434696,False,73.60170569563391,Зелёный,1.9299641608796634,Выше
2022-01-04 16:30:00+05:00,74.21,72.41309518400472,Вверх,2.4814639001816805,True,0.1282389227548321,0.0325391670326422,0.09569975572218989,False,73.65378512607053,Зелёный,1.7969048159952763,Выше
2022-01-04 17:00:00+05:00,74.13,72.43017881401462,Вверх,2.346841073456621,True,0.1359947073603393,0.0532302750981816,0.08276443226215771,False,73.65378512607053,Зелёный,1.6998211859853711,Выше
2022-01-04 17:30:00+05:00,74.275,72.44853524372591,Вверх,2.521051323024871,True,0.1520883311126795,0.0730018863010812,0.0790864448115983,False,73.65421595211713,Зелёный,1.8264647562740919,Выше
2022-01-04 18:00:00+05:00,74.26,72.46655976866397,Вверх,2.4748521760399003,True,0.1617675140398802,0.090755011848841,0.07101250219103922,False,73.76929435690542,Зелёный,1.7934402313360351,Выше
2022-01-04 18:30:00+05:00,74.295,72.48475320380165,Вверх,2.4974173411456317,True,0.1702994378256903,0.1066638970442109,0.06363554078147939,False,73.78886492121488,Зелёный,1.8102467961983564,Выше
2022-01-04 19:00:00+05:00,74.26,72.5024173510275,Вверх,2.42417110103101,True,0.1722512363721051,0.1197813649097897,0.052469871462315396,False,73.79672842909339,Зелёный,1.7575826489725017,Выше
2022-01-04 19:30:00+05:00,74.33,72.52060225300733,Вверх,2.4950120252450603,True,0.1774014917988182,0.1313053902875954,0.04609610151122279,False,73.80555558618406,Зелёный,1.8093977469926728,Выше
2022-01-04 20:00:00+05:00,74.31,72.53840720571372,Вверх,2.4422824577084628,True,0.1778194811867024,0.1406082084674168,0.03721127271928559,False,73.84075002756563,Зелёный,1.7715927942862777,Выше
2022-01-04 20:30:00+05:00,74.36,72.55653250714941,Вверх,2.485603198682187,True,0.1801091369044343,0.1485083941548203,0.031600742749614,False,73.84075002756563,Зелёный,1.8034674928505865,Выше
2022-01-04 21:00:00+05:00,74.05,72.57139288021261,Вверх,2.037451757647802,True,0.1551211562057375,0.1498309465650038,0.005290209640733706,False,73.84075002756563,Зелёный,1.4786071197873838,Выше
2022-01-04 21:30:00+05:00,74.105,72.5866526525488,Вверх,2.0917720985414276,True,0.138163380373939,0.1474974333267908,-0.009334052952851807,Выше,73.84075002756563,Зелёный,1.518347347451197,Выше
2022-01-04 22:00:00+05:00,74.175,72.60245710376722,Вверх,2.1659637413995716,True,0.1288869077949073,0.1437753282204141,-0.01488842042550681,False,73.84075002756563,Зелёный,1.5725428962327754,Выше
2022-01-04 22:30:00+05:00,74.065,72.61700976940138,Вверх,1.9940097164518051,True,0.1113752907282048,0.1372953207219722,-0.0259200299937674,False,73.84075002756563,Зелёный,1.44799023059862,Выше
2022-01-04 23:00:00+05:00,74.075,72.63151713487997,Вверх,1.9874056360951675,True,0.0971838495422758,0.129273026486033,-0.03208917694375721,False,73.84075002756563,Зелёный,1.443482865120032,Выше
2022-01-04 23:30:00+05:00,74.095,72.64607915343838,Вверх,1.9944928390440764,True,0.086553132379052,0.1207290476646368,-0.03417591528558479,False,73.84075002756563,Зелёный,1.4489208465616201,Выше
2022-01-05 00:00:00+05:00,73.97,72.65925249519522,Вверх,1.803965028254945,True,0.0672663524662056,0.1100365086249505,-0.042770156158744896,False,73.84075002756563,Зелёный,1.3107475048047803,Выше
2022-01-05 00:30:00+05:00,74.055,72.6731405300689,Вверх,1.9014720704953556,True,0.0581696861246285,0.0996631441248861,-0.041493458000257596,False,73.84075002756563,Зелёный,1.3818594699311006,Выше
2022-01-05 01:00:00+05:00,74.08,72.68713913175978,Вверх,1.916241146477625,True,0.0523740679239637,0.0902053288847016,-0.037831260960737904,False,73.84075002756563,Зелёный,1.39286086824022,Выше
2022-01-05 01:30:00+05:00,74.15,72.70169496129452,Вверх,1.9921200454494823,True,0.0528205315225989,0.0827283694122811,-0.029907837889682196,False,73.84075002756563,Зелёный,1.4483050387054845,Выше
2022-01-05 12:00:00+05:00,74.085,72.71545919053538,Вверх,1.8834245492090198,True,0.0473831963759749,0.0756593348050199,-0.028276138429045007,False,73.84075002756563,Зелёный,1.3695408094646098,Выше
2022-01-05 12:30:00+05:00,73.93,72.72754417371414,Вверх,1.6533705901215803,True,0.0302185241513939,0.0665711726742947,-0.0363526485229008,False,73.84075002756563,Зелёный,1.2024558262858704,Выше
2022-01-05 13:00:00+05:00,73.66,72.73682234113987,Вверх,1.269202625501524,True,-0.0051124130519326,0.0522344555290492,-0.0573468685809818,False,74.28056286127264,Красный,0.9231776588601264,Выше
2022-01-05 13:30:00+05:00,74.0,72.74939127306882,Вверх,1.7190641805330686,True,-0.0056125785183382,0.0406650487195717,-0.0462776272379099,False,74.28056286127264,Красный,1.2506087269311763,Выше
2022-01-05 14:00:00+05:00,73.93,72.76113862358555,Вверх,1.606436345727509,True,-0.0115245306242854,0.0302271328508002,-0.041751663475085604,False,74.28056286127264,Красный,1.1688613764144549,Выше
2022-01-05 14:30:00+05:00,74.05,72.77396311489316,Вверх,1.7534250307246126,True,-0.0064524186773837,0.0228912225451634,-0.0293436412225471,False,74.28056286127264,Красный,1.2760368851068336,Выше
2022-01-05 15:00:00+05:00,74.18,72.7879535316604,Вверх,1.9124682049676056,True,0.0079653604112479,0.0199060501183803,-0.0119406897071324,False,74.28056286127264,Красный,1.3920464683396006,Выше
2022-01-05 15:30:00+05:00,74.13,72.8013072278628,Вверх,1.8250946620759032,True,0.015181963852072,0.0189612328651187,-0.003779269013046701,False,74.28056286127264,Красный,1.3286927721372024,Выше
2022-01-05 16:00:00+05:00,74.33,72.8165181012174,Вверх,2.0784870497087082,True,0.0366174000082537,0.0224924662937457,0.014124933714507997,Выше,73.88004133994241,Зелёный,1.5134818987826009,Выше
2022-01-05 16:30:00+05:00,74.725,72.83550797085702,Вверх,2.5941907756021907,True,0.0845042243470572,0.034894817904408,0.049609406442649204,False,74.02103720594818,Зелёный,1.8894920291429713,Выше
2022-01-05 17:00:00+05:00,74.945,72.85649794129627,Вверх,2.866596827624797,True,0.1386092380102326,0.0556377019255729,0.08297153608465968,False,74.35593348535335,Зелёный,2.0885020587037246,Выше
2022-01-05 17:30:00+05:00,75.22,72.88001537471621,Вверх,3.210735636172198,True,0.2013569354613338,0.0847815486327251,0.11657538682860868,False,74.35593348535335,Зелёный,2.3399846252837904,Выше
2022-01-05 18:00:00+05:00,75.14,72.90250278392301,Вверх,3.069163788119518,True,0.2418418045701713,0.1161935998202143,0.125648204749957,False,74.53945612313622,Зелёный,2.2374972160769886,Выше
2022-01-05 18:30:00+05:00,75.48,72.92814952239144,Вверх,3.499129614998749,True,0.2979271942757435,0.1525403187113202,0.14538687556442328,False,74.75376051082259,Зелёный,2.5518504776085678,Выше
2022-01-05 19:00:00+05:00,76.525,72.96393907938257,Вверх,4.880576577346117,True,0.4218353805775336,0.2063993310845629,0.2154360494929707,False,75.50338445974035,Зелёный,3.561060920617436,Выше
2022-01-05 19:30:00+05:00,77.165,73.00574068058275,Вверх,5.697167483876364,False,0.5651613341692041,0.2781517317014912,0.2870096024677129,False,76.16854601376629,Зелёный,4.159259319417259,Выше
2022-01-05 20:00:00+05:00,76.94,73.04488753948243,Вверх,5.332491556527032,False,0.653064444998364,0.3531342743608657,0.29993017063749833,False,76.16854601376629,Зелёный,3.8951124605175664,Выше
2022-01-05 20:30:00+05:00,77.0,73.0842418923234,Вверх,5.357869229109288,False,0.7192783985539819,0.426363099199489,0.2929152993544929,False,76.16854601376629,Зелёный,3.915758107676595,Выше
2022-01-05 21:00:00+05:00,76.06,73.11385142573313,Вверх,4.029535466695365,True,0.6879727678804244,0.4786850329356761,0.20928773494474828,False,77.46948995596436,Красный,2.9461485742668714,Выше
2022-01-05 21:30:00+05:00,76.31,73.14565389910894,Вверх,4.326089018570677,True,0.6755484388013571,0.5180577141088123,0.15749072469254477,False,76.98279096036794,Красный,3.1643461008910663,Выше
2022-01-05 22:00:00+05:00,76.005,73.17410510409293,Вверх,3.8687113315291106,True,0.6337852358043676,0.5412032184479234,0.09258201735644422,False,76.98279096036794,Красный,2.830894895907065,Выше
2022-01-05 22:30:00+05:00,75.935,73.20157669509699,Вверх,3.7341044118331084,True,0.5882581082619396,0.5506141964107267,0.03764391185121285,False,76.94971067789803,Красный,2.733423304903013,Выше
2022-01-05 23:00:00+05:00,75.71,73.22653613096666,Вверх,3.3914807394297886,True,0.5279361922869725,0.5460785955859759,-0.018142403299003407,Выше,76.65398961010823,Красный,2.4834638690333293,Выше
2022-01-05 23:30:00+05:00,75.335,73.24751587095706,Вверх,2.8499043335756737,True,0.4447445351295158,0.5258117834946839,-0.08106724836516815,False,76.37484064909741,Красный,2.0874841290429345,Выше
2022-01-06 00:00:00+05:00,74.09,73.25589879761421,Вверх,1.1386130210349157,True,0.2751813332525472,0.4756856934462566,-0.20050436019370943,False,75.54435658418767,Красный,0.8341012023857957,Выше
2022-01-06 00:30:00+05:00,73.27,73.25603910808572,Вверх,0.019057666895805774,True,0.0737835957905161,0.3953052739151085,-0.3215216781245924,False,74.93567092576889,Красный,0.013960891914280182,Выше
2022-01-06 01:00:00+05:00,73.59,73.25936210203513,Вверх,0.4513251118735744,True,-0.0593204275292151,0.3043801336262438,-0.3637005611554589,False,74.848103833192,Красный,0.33063789796487697,Выше
2022-01-06 01:30:00+05:00,73.65,73.26324904629348,Вверх,0.5278921679574228,True,-0.1581418654289592,0.2118757338152032,-0.3700175992441624,False,74.83829344987281,Красный,0.38675095370652457,Выше
2022-01-06 12:00:00+05:00,75.34,73.28391323488758,Вверх,2.8056454334286336,True,-0.098949067596223,0.1497107735329179,-0.2486598411291409,False,73.54953589511449,Зелёный,2.0560867651124255,Выше
2022-01-06 12:30:00+05:00,75.485,73.30581459573446,Вверх,2.9727319944308235,True,-0.0398783676692033,0.1117929452924937,-0.151671312961697,False,73.82258230560304,Зелёный,2.1791854042655388,Выше
2022-01-06 13:00:00+05:00,74.97,73.32237365448339,Вверх,2.247099027754767,True,-0.0342260715136149,0.082589141931272,-0.11681521344488689,False,73.82258230560304,Зелёный,1.6476263455166134,Выше
2022-01-06 13:30:00+05:00,75.085,73.33991222508554,Вверх,2.3794516818600093,True,-0.0202338044798864,0.0620245526490403,-0.08225835712892669,False,73.85006666753846,Зелёный,1.7450877749144524,Выше
2022-01-06 14:00:00+05:00,74.945,73.35588324772151,Вверх,2.166311251289916,True,-0.0202087086046844,0.0455779003982953,-0.0657866090029797,False,73.85006666753846,Зелёный,1.5891167522784855,Выше
2022-01-06 14:30:00+05:00,74.88,73.3710485885402,Вверх,2.056603306737357,True,-0.0251439331058236,0.0314335336974715,-0.0565774668032951,False,73.85006666753846,Зелёный,1.5089514114597904,Выше
2022-01-06 15:00:00+05:00,74.885,73.38611278168906,Вверх,2.0424671119587297,True,-0.0283251610414083,0.0194817947496955,-0.0478069557911038,False,73.87026610063553,Зелёный,1.4988872183109407,Выше
2022-01-06 15:30:00+05:00,74.515,73.39734549032899,Вверх,1.5227451377220143,True,-0.0600104517483117,0.0035833454500941,-0.0635937971984058,False,73.87026610063553,Зелёный,1.1176545096710129,Выше
2022-01-06 16:00:00+05:00,74.64,73.40971021181826,Вверх,1.6759224149391492,True,-0.074179719946045,-0.0119692676291337,-0.062210452316911295,False,73.87026610063553,Зелёный,1.2302897881817358,Выше
2022-01-06 16:30:00+05:00,73.905,73.4146384684171,Вверх,0.6679342728001838,True,-0.1430681241471632,-0.0381890389327396,-0.10487908521442359,False,73.87026610063553,Зелёный,0.49036153158290574,Выше
2022-01-06 17:00:00+05:00,73.975,73.42021420504976,Вверх,0.7556308585545871,True,-0.1898260690438036,-0.0685164449549524,-0.12130962408885121,False,73.87026610063553,Зелёный,0.5547857949502344,Выше
2022-01-06 17:30:00+05:00,74.335,73.42931655126817,Вверх,1.2334085230106633,True,-0.1955785777913803,-0.093928871522238,-0.1016497062691423,False,73.87026610063553,Зелёный,0.9056834487318213,Выше
2022-01-06 18:00:00+05:00,74.22,73.43718404827048,Вверх,1.0659667331674516,True,-0.2070305025617926,-0.1165491977301489,-0.09048130483164368,False,73.87026610063553,Зелёный,0.7828159517295177,Выше
2022-01-06 18:30:00+05:00,74.44,73.44716231644689,Вверх,1.3517713308997112,True,-0.1960936287772341,-0.1324580839395659,-0.0636355448376682,False,73.87026610063553,Зелёный,0.9928376835531054,Выше
2022-01-06 19:00:00+05:00,74.2,73.4546532386713,Вверх,1.0147032604005346,True,-0.2044354669371699,-0.1468535605390868,-0.05758190639808311,False,73.87026610063553,Зелёный,0.7453467613287046,Выше
2022-01-06 19:30:00+05:00,74.365,73.46371141540094,Вверх,1.2268486947286357,True,-0.1954789530517899,-0.1565786390416274,-0.0389003140101625,False,73.87026610063553,Зелёный,0.9012885845990581,Выше
2022-01-06 20:00:00+05:00,74.2,73.47103766997407,Вверх,0.9921764455000296,True,-0.1993964541039758,-0.1651422020540971,-0.0342542520498787,False,73.87026610063553,Зелёный,0.7289623300259365,Выше
2022-01-06 20:30:00+05:00,74.05,73.47679848917831,Вверх,0.7801122566684928,True,-0.2121592090126256,-0.1745456034458028,-0.037613605566822805,False,73.87026610063553,Зелёный,0.5732015108216899,Выше
2022-01-06 21:00:00+05:00,74.445,73.48643233505715,Вверх,1.3044144809919658,True,-0.1882307781403369,-0.1772826383847096,-0.010948139755627306,False,73.87026610063553,Зелёный,0.9585676649428478,Выше
2022-01-06 21:30:00+05:00,74.36,73.49512455062872,Вверх,1.1767793505479327,True,-0.1741189787031771,-0.1766499064484031,0.0025309277452259804,Ниже,73.87026610063553,Зелёный,0.8648754493712829,Выше
2022-01-06 22:00:00+05:00,74.6,73.5061183361946,Вверх,1.4881504949048039,True,-0.1419331645720376,-0.16970655807313,0.027773393501092397,False,73.87026610063553,Зелёный,1.0938816638053908,Выше
2022-01-06 22:30:00+05:00,74.565,73.51665447215287,Вверх,1.4259973272372342,True,-0.1178909094599163,-0.1593434283504873,0.041452518890570986,False,73.87026610063553,Зелёный,1.0483455278471325,Выше
2022-01-06 23:00:00+05:00,74.35,73.52494646745484,Вверх,1.1221409496848225,True,-0.1148618958027327,-0.1504471218409364,0.03558522603820369,False,73.87026610063553,Зелёный,0.8250535325451551,Выше
2022-01-06 23:30:00+05:00,74.4,73.53365346777868,Вверх,1.1781633189230127,True,-0.1071911654923667,-0.1417959305712225,0.034604765078855806,False,73.87026610063553,Зелёный,0.8663465322213284,Выше
2022-01-07 00:00:00+05:00,74.625,73.54451263725352,Вверх,1.4691610889799647,True,-0.082011064360401,-0.1298389573290582,0.04782789296865721,False,73.89450901670817,Зелёный,1.0804873627464815,Выше
2022-01-07 00:30:00+05:00,74.86,73.5576020637485,Вверх,1.7705823731485635,True,-0.0426020271275575,-0.112391571288758,0.0697895441612005,False,74.15930811503736,Зелёный,1.302397936251495,Выше
2022-01-07 01:00:00+05:00,74.575,73.56772542629828,Вверх,1.3691799873720858,True,-0.0339755503539294,-0.0967083671017923,0.06273281674786291,False,74.15930811503736,Зелёный,1.0072745737017215,Выше
2022-01-07 01:30:00+05:00,74.54,73.57739980016596,Вверх,1.3082824378796158,True,-0.0296217517380767,-0.0832910440290492,0.0536692922909725,False,74.15930811503736,Зелёный,0.9626001998340428,Выше
2022-01-10 12:00:00+05:00,76.75,73.60896796135835,Вверх,4.267186629067488,True,0.1504232101602411,-0.0365481931911911,0.1869714033514322,False,75.88389061586221,Зелёный,3.1410320386416544,Выше
2022-01-10 12:30:00+05:00,76.91,73.64181405129509,Вверх,4.437948726288113,True,0.302533385890726,0.0312681226251922,0.2712652632655338,False,75.990751554276,Зелёный,3.268185948704911,Выше
2022-01-10 13:00:00+05:00,77.64,73.68159699605832,Вверх,5.372308914739514,False,0.4764939693161238,0.1203132919633785,0.3561806773527453,False,76.2359263988484,Зелёный,3.958403003941683,Выше
2022-01-10 13:30:00+05:00,77.26,73.71720299609754,Вверх,4.8059297693240115,True,0.5770443526914022,0.2116595041089833,0.36538484858241893,False,76.49633375896357,Зелёный,3.5427970039024643,Выше
2022-01-10 14:00:00+05:00,77.44,73.75424575235527,Вверх,4.997345183381558,True,0.6636061134248337,0.3020488259721534,0.3615572874526803,False,76.49633375896357,Зелёный,3.6857542476447236,Выше
2022-01-10 14:30:00+05:00,77.745,73.79395474984427,Вверх,5.35415843147242,False,0.748193178233933,0.3912776964245094,0.3569154818094237,False,76.67518034476048,Зелёный,3.9510452501557296,Выше
2022-01-10 15:00:00+05:00,77.79,73.83371639412444,Вверх,5.358369860128568,False,0.8095284207113309,0.4749278412818737,0.3346005794294572,False,76.82491231028443,Зелёный,3.9562836058755693,Выше
2022-01-10 15:30:00+05:00,76.965,73.86487344492916,Вверх,4.197024120514036,True,0.7825457369461901,0.536451420414737,0.24609431653145308,False,76.82491231028443,Зелёный,3.100126555070844,Выше
2022-01-10 16:00:00+05:00,76.615,73.89223788826321,Вверх,3.6847741921878625,True,0.7245673295866624,0.5740746022491221,0.15049272733754027,False,77.73722102866961,Красный,2.7227621117367846,Выше
2022-01-10 16:30:00+05:00,76.305,73.91624547146456,Вверх,3.2317043611984113,True,0.6461561291814775,0.5884909076355932,0.05766522154588427,False,77.42874892580265,Красный,2.3887545285354435,Выше
2022-01-10 17:00:00+05:00,75.75,73.93449178518134,Вверх,2.4555632573950352,True,0.5330857456254989,0.5774098752335743,-0.04432412960807541,Выше,77.03062403322238,Красный,1.8155082148186636,Выше
2022-01-10 17:30:00+05:00,75.685,73.95190977736858,Вверх,2.3435368036455952,True,0.4332376018636807,0.5485754205595956,-0.11533781869591492,False,76.86231162990013,Красный,1.733090222631418,Выше
2022-01-10 18:00:00+05:00,75.775,73.9700499785888,Вверх,2.4401092360133028,True,0.3572513057327597,0.5103105975942285,-0.15305929186146877,False,76.69858046691012,Красный,1.8049500214112015,Выше
2022-01-10 18:30:00+05:00,76.195,73.992188784772,Вверх,2.977086164643026,True,0.3271509163910622,0.4736786613535952,-0.146527744962533,False,76.69858046691012,Красный,2.202811215227996,Выше
2022-01-10 19:00:00+05:00,76.18,74.01395805059516,Вверх,2.926531706254865,True,0.2986431935006521,0.4386715677830066,-0.14002837428235448,False,76.69858046691012,Красный,2.1660419494048426,Выше
2022-01-10 19:30:00+05:00,76.105,74.03476443815143,Вверх,2.7963019502521003,True,0.2669218357546015,0.4043216213773256,-0.1373997856227241,False,76.69858046691012,Красный,2.070235561848577,Выше
2022-01-10 20:00:00+05:00,76.225,74.05655782682655,Вверх,2.9280893371308445,True,0.2485997254321432,0.3731772421882892,-0.12457751675614598,False,76.69858046691012,Красный,2.168442173173446,Выше
2022-01-10 20:30:00+05:00,76.175,74.07763685342529,Вверх,2.831304069168248,True,0.2274231463996585,0.3440264230305631,-0.11660327663090458,False,76.69858046691012,Красный,2.0973631465747076,Выше
2022-01-10 21:00:00+05:00,75.955,74.09631708373948,Вверх,2.508468692391204,True,0.1906902352329211,0.3133591854710347,-0.12266895023811358,False,76.69858046691012,Красный,1.8586829162605198,Выше
2022-01-10 21:30:00+05:00,75.835,74.11361741126446,Вверх,2.3226265953035314,True,0.1501651312107128,0.2807203746189703,-0.13055524340825753,False,76.63667430972367,Красный,1.721382588735537,Выше
2022-01-10 22:00:00+05:00,76.04,74.13278539722202,Вверх,2.572700583903128,True,0.1330566863932176,0.2511876369738198,-0.11813095058060219,False,76.63667430972367,Красный,1.9072146027779837,Выше
2022-01-10 22:30:00+05:00,76.31,74.15444922411534,Вверх,2.906839439087451,True,0.1396747802097593,0.2288850656210077,-0.0892102854112484,False,76.63667430972367,Красный,2.155550775884663,Выше
2022-01-10 23:00:00+05:00,76.31,74.17589749054206,Вверх,2.8770835024005734,True,0.1432681610607744,0.211761684708961,-0.06849352364818662,False,76.63667430972367,Красный,2.1341025094579464,Выше
2022-01-10 23:30:00+05:00,76.4,74.19802786377049,Вверх,2.967696311649135,True,0.1516302895217194,0.1997354056715127,-0.04810511614979332,False,76.63667430972367,Красный,2.2019721362295144,Выше
2022-01-11 00:00:00+05:00,76.26,74.21854499945437,Вверх,2.750599598201026,True,0.1452857429937211,0.1888454731359544,-0.0435597301422333,False,76.63667430972367,Красный,2.041455000545639,Выше
2022-01-11 00:30:00+05:00,76.33,74.23955450194735,Вверх,2.8158109407806475,True,0.1442433120331259,0.1799250409153887,-0.035681728882262786,False,76.63667430972367,Красный,2.0904454980526452,Выше
2022-01-11 01:00:00+05:00,76.26,74.25965843725136,Вверх,2.6937123127746574,True,0.136198748607768,0.1711797824538646,-0.034981033846096576,False,76.63667430972367,Красный,2.0003415627486447,Выше
2022-01-11 01:30:00+05:00,76.3,74.27996034334836,Вверх,2.719494796866197,True,0.1315347886749975,0.1632507836980912,-0.03171599502309372,False,76.63667430972367,Красный,2.020039656651633,Выше
2022-01-11 12:00:00+05:00,75.905,74.29612989217077,Вверх,2.1654830610480746,True,0.0948717455518846,0.1495749760688499,-0.054703230516965295,False,76.20094817928688,Красный,1.6088701078292331,Выше
2022-01-11 12:30:00+05:00,75.845,74.31154153503473,Вверх,2.0635535655552286,True,0.0602796548365915,0.1317159118223982,-0.07143625698580669,False,76.20094817928688,Красный,1.533458464965264,Выше
2022-01-11 13:00:00+05:00,75.95,74.32784460433788,Вверх,2.182432982278956,True,0.0408667102039714,0.1135460714987129,-0.0726793612947415,False,76.20094817928688,Красный,1.6221553956621193,Выше
2022-01-11 13:30:00+05:00,76.215,74.34662226996637,Вверх,2.513063368567307,True,0.0463310218427466,0.1001030615675196,-0.05377203972477299,False,75.44121877729987,Зелёный,1.8683777300336288,Выше
2022-01-11 14:00:00+05:00,76.17,74.36476533195676,Вверх,2.4275403277141487,True,0.0464944452424589,0.0893813383025075,-0.04288689306004859,False,75.50009689956987,Зелёный,1.8052346680432407,Выше
2022-01-11 14:30:00+05:00,76.325,74.38427015452436,Вверх,2.6090594711005592,True,0.0584573046554197,0.0831965315730899,-0.0247392269176702,False,75.6120872096129,Зелёный,1.9407298454756443,Выше
2022-01-11 15:00:00+05:00,76.545,74.40576995398183,Вверх,2.8750862296583075,True,0.084713592746425,0.083499943807757,0.0012136489386680022,Выше,75.77087848865159,Зелёный,2.13923004601817,Выше
2022-01-11 15:30:00+05:00,76.515,74.42675731762381,Вверх,2.8057687283948174,True,0.1019261991681901,0.0871851948798436,0.014741004288346501,False,75.86154063978644,Зелёный,2.0882426823761904,Выше
2022-01-11 16:00:00+05:00,76.375,74.44614281695094,Вверх,2.590943076516077,True,0.1030822161747835,0.0903645991388316,0.012717617035951895,False,75.86154063978644,Зелёный,1.928857183049061,Выше
2022-01-11 16:30:00+05:00,76.435,74.46593244066287,Вверх,2.644252874837977,True,0.107599526180806,0.0938115845472265,0.013787941633579492,False,75.86154063978644,Зелёный,1.9690675593371338,Выше
2022-01-11 17:00:00+05:00,76.465,74.48582366015876,Вверх,2.6571181502553145,True,0.1123056861435713,0.0975104048664954,0.014795281277075897,False,75.87313312640431,Зелёный,1.9791763398412456,Выше
2022-01-11 17:30:00+05:00,76.41,74.50496969339102,Вверх,2.556917094857854,True,0.1103255472409614,0.1000734333413886,0.010252113899572798,False,75.87313312640431,Зелёный,1.9050303066089782,Выше
2022-01-11 18:00:00+05:00,76.6,74.5258157660936,Вверх,2.7831754843401098,True,0.1226735803259089,0.1045934627382927,0.0180801175876162,False,75.96821283238748,Зелёный,2.0741842339063936,Выше
2022-01-11 18:30:00+05:00,76.445,74.54491212663,Вверх,2.5489169135276524,True,0.1185853033374684,0.1073918308581278,0.011193472479340605,False,75.96821283238748,Зелёный,1.9000878733699977,Выше
2022-01-11 19:00:00+05:00,76.445,74.56381847362871,Вверх,2.5229146855409557,True,0.1140308378526668,0.1087196322570356,0.0053112055956311965,False,75.97890239423387,Зелёный,1.8811815263712788,Выше
2022-01-11 19:30:00+05:00,76.395,74.5820391853339,Вверх,2.4308276288356114,True,0.1051744237223744,0.1080105905501034,-0.0028361668277289975,Выше,75.97890239423387,Зелёный,1.8129608146660985,Выше
2022-01-11 20:00:00+05:00,76.62,74.60231740239526,Вверх,2.704584345177413,True,0.114985786740263,0.1094056297881353,0.005580156952127699,Выше,75.98228593932943,Зелёный,2.0176825976047468,Выше
2022-01-11 20:30:00+05:00,76.645,74.62264260237143,Вверх,2.7101122757133496,True,0.1233566747258976,0.1121958387756878,0.011160835950209808,False,76.10530734539648,Зелёный,2.022357397628568,Выше
2022-01-11 21:00:00+05:00,76.9,74.64530287498465,Вверх,3.0205478954134635,True,0.1488511690197782,0.1195269048245059,0.029324264195272315,False,76.38977661085684,Зелёный,2.2546971250153547,Выше
2022-01-11 21:30:00+05:00,76.775,74.66649389115396,Вверх,2.8238986444438456,True,0.1571576683210054,0.1270530575238058,0.030104610797199588,False,76.38977661085684,Зелёный,2.1085061088460435,Выше
2022-01-11 22:00:00+05:00,76.835,74.68807106636638,Вверх,2.8745272209880715,True,0.1666609635761489,0.1349746387342744,0.0316863248418745,False,76.38977661085684,Зелёный,2.1469289336336175,Выше
2022-01-11 22:30:00+05:00,76.755,74.70863752341747,Вверх,2.7391243428058725,True,0.1658255286498331,0.1411448167173862,0.02468071193244689,False,76.38977661085684,Зелёный,2.04636247658253,Выше
2022-01-11 23:00:00+05:00,76.84,74.72984511024914,Вверх,2.8237110442792193,True,0.1700618627827879,0.1469282259304665,0.023133636852321393,False,76.38977661085684,Зелёный,2.1101548897508593,Выше
2022-01-11 23:30:00+05:00,76.8,74.75044366636607,Вверх,2.741865108897176,True,0.1682520178694773,0.1511929843182687,0.017059033551208608,False,76.38977661085684,Зелёный,2.04955633363393,Выше
2022-01-12 00:00:00+05:00,76.79,74.77073775923805,Вверх,2.7006049442283024,True,0.1641189254972914,0.1537781725540732,0.010340752943218207,False,76.38977661085684,Зелёный,2.019262240761961,Выше
2022-01-12 00:30:00+05:00,76.78,74.79073041835011,Вверх,2.659780925420432,True,0.1582127257698289,0.1546650831972244,0.0035476425726044813,False,76.41765824566532,Зелёный,1.9892695816498929,Выше
2022-01-12 01:00:00+05:00,76.98,74.81251419528195,Вверх,2.8972235835575586,True,0.1677367832395333,0.1572794232056862,0.010457360033847118,False,76.51314242109879,Зелёный,2.167485804718055,Выше
2022-01-12 01:30:00+05:00,76.9,74.83328519831397,Вверх,2.761758749744955,True,0.1669053549523909,0.1592046095550271,0.00770074539736379,False,76.56457817898892,Зелёный,2.0667148016860324,Выше
2022-01-12 12:00:00+05:00,77.485,74.85967042022129,Вверх,3.50700125320021,True,0.2110185623632929,0.1695674001166803,0.04145116224661258,False,76.80137036109004,Зелёный,2.6253295797787075,Выше
2022-01-12 12:30:00+05:00,77.31,74.88405180907482,Вверх,3.2396059405417947,True,0.2292153081995991,0.1814969817332641,0.047718326466335004,False,76.89198332498103,Зелёный,2.425948190925183,Выше
2022-01-12 13:00:00+05:00,78.285,74.91789208958154,Вверх,4.494397555115811,True,0.3186376554138235,0.208925116469376,0.10971253894444749,False,77.39053499248293,Зелёный,3.3671079104184543,Выше
2022-01-12 13:30:00+05:00,78.265,74.95119664590412,Вверх,4.421281450316874,True,0.3834712590099656,0.2438343449774939,0.1396369140324717,False,77.69198149323464,Зелёный,3.3138033540958816,Выше
2022-01-12 14:00:00+05:00,78.54,74.98690613201452,Вверх,4.738285723817244,True,0.4518340964826279,0.2854342952785207,0.1663998012041072,False,77.79278334391117,Зелёный,3.5530938679854813,Выше
2022-01-12 14:30:00+05:00,78.49,75.02176278741737,Вверх,4.6229748325299465,True,0.4962570136309239,0.3275988389490014,0.1686581746819225,False,77.92000500952005,Зелёный,3.468237212582622,Выше
2022-01-12 15:00:00+05:00,78.655,75.05791440147293,Вверх,4.792413467934681,True,0.5385683360276659,0.3697927383647342,0.16877559766293165,False,78.01900450856805,Зелёный,3.597085598527073,Выше
2022-01-12 15:30:00+05:00,78.615,75.09330828802544,Вверх,4.689754376604196,True,0.5623898184065439,0.4083121543730962,0.1540776640334477,False,78.05460405771123,Зелёный,3.5216917119745546,Выше
2022-01-12 16:00:00+05:00,78.93,75.13148432496051,Вверх,5.055824078504911,False,0.5997725773255382,0.4466042389635846,0.15316833836195365,False,78.36039365194011,Зелёный,3.7985156750394964,Выше
2022-01-12 16:30:00+05:00,79.07,75.17067353565743,Вверх,5.187297493739907,False,0.6333941396999734,0.4839622191108624,0.14943192058911098,False,78.36039365194011,Зелёный,3.8993264643425647,Выше
2022-01-12 17:00:00+05:00,78.925,75.2080300178897,Вверх,4.94225148727622,True,0.6409507012218256,0.515359915533055,0.12559078568877058,False,78.37134385807148,Зелёный,3.7169699821102995,Выше
2022-01-12 17:30:00+05:00,79.045,75.24620882368184,Вверх,5.048481824804691,False,0.6491394522577707,0.5421158228779982,0.1070236293797725,False,78.37134385807148,Зелёный,3.7987911763181614,Выше
2022-01-12 18:00:00+05:00,78.915,75.28271420852083,Вверх,4.824860301155373,True,0.6377871694254651,0.5612500921874916,0.07653707723797354,False,78.37134385807148,Зелёный,3.632285791479177,Выше
2022-01-12 18:30:00+05:00,79.18,75.32149317162013,Вверх,5.122716857973407,False,0.6427643020277856,0.5775529341555504,0.06521136787223514,False,78.52775717253411,Зелёный,3.8585068283798734,Выше
2022-01-12 19:00:00+05:00,79.285,75.36093105050949,Вверх,5.207033531552918,False,0.6477148839580451,0.5915853241160494,0.056129559841995746,False,78.6712314552807,Зелёный,3.924068949490504,Выше
2022-01-12 19:30:00+05:00,79.275,75.39987701020593,Вверх,5.139428794120649,False,0.643414458017844,0.6019511508964083,0.041463307121435755,False,78.6712314552807,Зелёный,3.875122989794079,Выше
2022-01-12 20:00:00+05:00,79.29,75.43858470164666,Вверх,5.1053652631281095,False,0.6339094011357247,0.6083428009442716,0.02556660019145307,False,78.6712314552807,Зелёный,3.851415298353345,Выше
2022-01-12 20:30:00+05:00,78.72,75.47123560013775,Вверх,4.304639209930099,True,0.573768295018553,0.6014278997591279,-0.02765960474057494,Выше,78.6712314552807,Зелёный,3.248764399862253,Выше
2022-01-12 21:00:00+05:00,78.855,75.50490489764881,Вверх,4.436923808979608,True,0.5308797555248503,0.5873182709122724,-0.05643851538742206,False,78.6712314552807,Зелёный,3.3500951023511902,Выше
2022-01-12 21:30:00+05:00,78.71,75.53679639120456,Вверх,4.200871310932267,True,0.4796607601320346,0.5657867687562248,-0.08612600862419018,False,78.6712314552807,Зелёный,3.1732036087954327,Выше
2022-01-12 22:00:00+05:00,78.59,75.56717652661547,Вверх,4.000180517952616,True,0.4244930485264717,0.5375280247102743,-0.1130349761838026,False,79.25101266167415,Красный,3.022823473384534,Выше
2022-01-12 22:30:00+05:00,79.06,75.6019309890372,Вверх,4.574048527231726,True,0.4139258323281041,0.5128075862338403,-0.09888175390573617,False,79.25101266167415,Красный,3.4580690109628023,Выше
2022-01-12 23:00:00+05:00,78.895,75.63469784486767,Вверх,4.310590572886854,True,0.3877671776732114,0.4877995045217145,-0.1000323268485031,False,79.25101266167415,Красный,3.2603021551323224,Выше
2022-01-12 23:30:00+05:00,78.825,75.66644214491875,Вверх,4.17431792158522,True,0.3572694604629873,0.4616934957099691,-0.1044240352469818,False,79.25101266167415,Красный,3.1585578550812556,Выше
2022-01-13 00:00:00+05:00,78.755,75.69717406387478,Вверх,4.039550979201625,True,0.3237197451505551,0.4340987455980863,-0.11037900044753118,False,79.25101266167415,Красный,3.0578259361252123,Выше
2022-01-13 00:30:00+05:00,78.7,75.72705292891085,Вверх,3.925871872869555,True,0.2893577773684228,0.4051505519521536,-0.11579277458373083,False,79.24403599159197,Красный,2.972947071089152,Выше
2022-01-13 01:00:00+05:00,78.6,75.75563946693164,Вверх,3.7546518689343986,True,0.2511612752329313,0.3743526966083091,-0.12319142137537781,False,79.12313239243278,Красный,2.844360533068354,Выше
2022-01-13 01:30:00+05:00,78.25,75.78045897472337,Вверх,3.2588098022741505,True,0.1904527761212762,0.3375727125109026,-0.1471199363896264,False,78.9145691531895,Красный,2.4695410252766266,Выше
2022-01-13 12:00:00+05:00,79.13,75.81378774114404,Вверх,4.374154566948581,True,0.2109181654085006,0.3122418030904222,-0.1013236376819216,False,78.49638776212944,Зелёный,3.3162122588559555,Выше
2022-01-13 12:30:00+05:00,79.33,75.84877492779933,Вверх,4.589691890890078,True,0.2405030924522151,0.2978940609627808,-0.057390968510565715,False,78.49638776212944,Зелёный,3.4812250722006723,Выше
2022-01-13 13:00:00+05:00,79.5,75.88510552553268,Вверх,4.763641625629729,True,0.2745026439257572,0.2932157775553761,-0.018713133629618905,False,78.87484908732485,Зелёный,3.61489447446732,Выше
2022-01-13 13:30:00+05:00,79.865,75.92470646557713,Вверх,5.189738252342564,False,0.327129043012718,0.2999984306468445,0.027130612365873497,Выше,78.94711417859237,Зелёный,3.940293534422864,Выше
2022-01-13 14:00:00+05:00,79.87,75.96396311766094,Вверх,5.141960374406727,False,0.3650314463656059,0.3130050337905968,0.05202641257500912,False,79.10290276073313,Зелёный,3.906036882339066,Выше
2022-01-13 14:30:00+05:00,79.855,76.00267990255985,Вверх,5.0686635028910425,False,0.3893705778088616,0.3282781425942497,0.061092435214611884,False,79.19211248465983,Зелёный,3.852320097440156,Выше
2022-01-13 15:00:00+05:00,79.76,76.04006617218613,Вверх,4.892070739904945,True,0.3964240787651647,0.3419073298284327,0.05451674893673203,False,79.19211248465983,Зелёный,3.7199338278138754,Выше
2022-01-13 15:30:00+05:00,79.7,76.07648342420418,Вверх,4.76299167982175,True,0.3926463478475597,0.3520551334322581,0.04059121441530161,False,79.19211248465983,Зелёный,3.6235165757958185,Выше
2022-01-13 16:00:00+05:00,79.035,76.10592140008276,Вверх,3.8486868643496215,True,0.3321635518540233,0.3480768171166112,-0.015913265262587906,Выше,79.897382498683,Красный,2.929078599917233,Выше
2022-01-13 16:30:00+05:00,78.77,76.13242964485806,Вверх,3.4644505205543137,True,0.2598518051143088,0.3304318147161507,-0.07058000960184191,False,79.4333942488147,Красный,2.637570355141932,Выше
2022-01-13 17:00:00+05:00,78.085,76.15185820560575,Вверх,2.538535289808518,True,0.1455921539066906,0.2934638825542587,-0.1478717286475681,False,79.18680482393323,Красный,1.9331417943942455,Выше
2022-01-13 17:30:00+05:00,77.75,76.16776011400768,Вверх,2.077309196993624,True,0.0276896675883904,0.2403090395610851,-0.2126193719726947,False,79.0218743415399,Красный,1.5822398859923226,Выше
2022-01-13 18:00:00+05:00,77.365,76.17967294869418,Вверх,1.5559623787097623,True,-0.0957118777332368,0.1731048561022207,-0.2688167338354575,False,78.51668690738592,Красный,1.1853270513058192,Выше
2022-01-13 18:30:00+05:00,78.43,76.20206426263752,Вверх,2.9237209764865395,True,-0.1063460015295589,0.1172146845758647,-0.22356068610542362,False,78.51668690738592,Красный,2.227935737362486,Выше
2022-01-13 19:00:00+05:00,77.7,76.21696909584512,Вверх,1.9458014688171759,True,-0.17169927799074,0.0594318920625438,-0.2311311700532838,False,78.51668690738592,Красный,1.4830309041548873,Выше
2022-01-13 19:30:00+05:00,76.925,76.22401417946855,Вверх,0.9196390771036802,True,-0.2827686623635657,-0.009008218822678,-0.2737604435408877,False,78.54071975548432,Красный,0.700985820531443,Выше
2022-01-13 20:00:00+05:00,74.77,76.20954637668778,Вниз,1.8889318269556563,True,-0.5384752323153492,-0.1149016215212123,-0.4235736107941369,False,77.4438977799359,Красный,-1.4395463766877867,Ниже
2022-01-13 20:30:00+05:00,76.815,76.2155707908501,Вверх,0.7864917928579848,True,-0.5695447645303773,-0.2058302501230453,-0.363714514407332,False,77.4438977799359,Красный,0.5994292091499034,Выше
2022-01-13 21:00:00+05:00,76.845,76.22183376805557,Вверх,0.8175691939408467,True,-0.5850032896045008,-0.2816648580193364,-0.3033384315851644,False,77.4438977799359,Красный,0.623166231944424,Выше
2022-01-13 21:30:00+05:00,75.89,76.21853193951772,Вниз,0.4310394482255567,True,-0.6666303016756245,-0.3586579467505941,-0.30797235492503044,False,77.4438977799359,Красный,-0.32853193951771686,Ниже
2022-01-13 22:00:00+05:00,75.675,76.21312366151257,Вниз,0.7060774255921524,True,-0.7401371595470039,-0.434953789309876,-0.3051833702371279,False,77.4438977799359,Красный,-0.5381236615125715,Ниже
2022-01-13 22:30:00+05:00,75.83,76.20931148577613,Вниз,0.4977232812907957,True,-0.7769287187391427,-0.5033487751957294,-0.2735799435434133,False,77.4438977799359,Красный,-0.37931148577612817,Ниже
2022-01-13 23:00:00+05:00,75.83,76.20553724213657,Вниз,0.49279521636772405,True,-0.7969001258698682,-0.5620590453305572,-0.23484108053931108,False,77.39100136256691,Красный,-0.37553724213657347,Ниже
2022-01-13 23:30:00+05:00,76.03,76.20379060291134,Вниз,0.2280603124022276,True,-0.7875113408483969,-0.6071495044341251,-0.18036183641427184,False,77.39100136256691,Красный,-0.17379060291133896,Ниже
2022-01-14 00:00:00+05:00,75.97,76.20146432825551,Вниз,0.30375312376993974,True,-0.7759672917193541,-0.6409130618911709,-0.13505422982818316,False,77.39100136256691,Красный,-0.23146432825551244,Ниже
2022-01-14 00:30:00+05:00,75.725,76.1967233896659,Вниз,0.6190861872807092,True,-0.7776240362282891,-0.6682552567585947,-0.10936877946969448,False,77.23589999331128,Красный,-0.471723389665911,Ниже
2022-01-14 01:00:00+05:00,75.72,76.19197987335083,Вниз,0.619461358184123,True,-0.7704591034506336,-0.6886960260970024,-0.0817630773536312,False,77.08155999398015,Красный,-0.4719798733508327,Ниже
2022-01-14 01:30:00+05:00,75.8,76.18807957610356,Вниз,0.5093704661710435,True,-0.7496836250242609,-0.7008935458824542,-0.048790079141806664,False,77.03115399458214,Красный,-0.38807957610356425,Ниже
2022-01-14 12:00:00+05:00,76.885,76.19501410768463,Вверх,0.905552548806194,True,-0.6383104311001802,-0.6883769229259995,0.05006649182581935,Ниже,77.03115399458214,Красный,0.6899858923153772,Выше
2022-01-14 12:30:00+05:00,76.715,76.2001880966629,Вверх,0.6756045046556127,True,-0.5573392913465653,-0.6621693966101126,0.1048301052635473,False,77.03115399458214,Красный,0.5148119033371046,Выше
2022-01-14 13:00:00+05:00,76.56,76.20376831460655,Вверх,0.46747253222800494,True,-0.4999135916382187,-0.6297182356157338,0.12980464397751512,False,77.03115399458214,Красный,0.3562316853934533,Выше
2022-01-14 13:30:00+05:00,75.74,76.19915370451096,Вниз,0.6025706089748681,True,-0.5146380309933534,-0.6067021946912577,0.09206416369790438,False,77.03115399458214,Красный,-0.4591537045109675,Ниже
2022-01-14 14:00:00+05:00,74.26,76.17985864277453,Вниз,2.5201656671183943,True,-0.6383721298500262,-0.6130361817230114,-0.025335948127014785,Ниже,76.35061494726081,Красный,-1.9198586427745283,Ниже
2022-01-14 14:30:00+05:00,74.245,76.16060631797082,Вниз,2.515219364159404,True,-0.729236485024316,-0.6362762423832724,-0.09296024264104363,False,75.41255345253474,Красный,-1.9156063179708127,Ниже
2022-01-14 15:00:00+05:00,73.27,76.13184406605072,Вниз,3.759063111052234,True,-0.8698938973685699,-0.6829997733803319,-0.18689412398823801,False,75.30104810728125,Красный,-2.861844066050722,Ниже
2022-01-14 15:30:00+05:00,74.28,76.11341775693579,Вниз,2.408797043894036,True,-0.8896124523691213,-0.7243223091780898,-0.16529014319103152,False,75.30104810728125,Красный,-1.8334177569357877,Ниже
2022-01-14 16:00:00+05:00,74.245,76.09482653547376,Вниз,2.430949145552495,True,-0.8977154518439932,-0.7590009377112705,-0.13871451413272262,False,75.30104810728125,Красный,-1.8498265354737526,Ниже
2022-01-14 16:30:00+05:00,74.0,76.07398249034466,Вниз,2.7262704310345427,True,-0.9133777397306346,-0.7898762981151434,-0.12350144161549126,False,75.30104810728125,Красный,-2.0739824903446618,Ниже
2022-01-14 17:00:00+05:00,74.19,76.05523639591338,Вниз,2.4524759691807474,True,-0.9000832047161254,-0.8119176794353399,-0.08816552528078547,False,75.30104810728125,Красный,-1.865236395913385,Ниже
2022-01-14 17:30:00+05:00,73.785,76.03264697903863,Вниз,2.9561603710288904,True,-0.9117175923290688,-0.8318776620140858,-0.07983993031498304,False,75.30104810728125,Красный,-2.2476469790386346,Ниже
2022-01-14 18:00:00+05:00,71.515,75.98769526780441,Вниз,5.886078334184546,False,-1.0915255302898714,-0.8838072356692429,-0.20771829462062852,False,74.33257977218165,Красный,-4.472695267804411,Ниже
2022-01-14 18:30:00+05:00,72.68,75.95478287707999,Вниз,4.311490011602916,True,-1.1270271850421807,-0.9324512255438304,-0.19457595949835027,False,73.7998217949635,Красный,-3.2747828770799856,Ниже
2022-01-14 19:00:00+05:00,73.335,75.92871538576577,Вниз,3.41598744636738,True,-1.0897475449188647,-0.9639104894188374,-0.12583705550002733,False,73.7998217949635,Красный,-2.593715385765776,Ниже
2022-01-14 19:30:00+05:00,73.625,75.90579284461388,Вниз,3.00476783014819,True,-1.0249871710909844,-0.9761258257532668,-0.04886134533771758,False,73.7998217949635,Красный,-2.2807928446138845,Ниже
2022-01-14 20:00:00+05:00,73.85,75.88533719441872,Вниз,2.682121829681251,True,-0.944619503036762,-0.969824561209966,0.025205058173203954,Ниже,71.8874049114716,Зелёный,-2.03533719441873,Ниже
2022-01-14 20:30:00+05:00,73.595,75.86254776959865,Вниз,2.9890213765103115,True,-0.8912303670622492,-0.9541057223804226,0.06287535531817334,False,72.12891442032445,Зелёный,-2.26754776959865,Ниже
2022-01-14 21:00:00+05:00,73.25,75.83655226940364,Вниз,3.4106933820186183,True,-0.8667661680273682,-0.9366378115098116,0.06987164348244346,False,72.12891442032445,Зелёный,-2.58655226940364,Ниже
2022-01-14 21:30:00+05:00,73.875,75.81703433637475,Вниз,2.5614749421067984,True,-0.7878638335353543,-0.9068830159149204,0.1190191823795661,False,72.12891442032445,Зелёный,-1.9420343363747463,Ниже
2022-01-14 22:00:00+05:00,73.895,75.79790961660983,Вниз,2.5105040841295736,True,-0.7154718183802231,-0.868600776407981,0.15312895802775783,False,72.31838861241654,Зелёный,-1.9029096166098327,Ниже
2022-01-14 22:30:00+05:00,73.935,75.77937320251421,Вниз,2.433872338301437,True,-0.6474100194024857,-0.824362625006882,0.1769526056043963,False,72.54829975117488,Зелёный,-1.8443732025142054,Ниже
2022-01-14 23:00:00+05:00,73.87,75.76037446418073,Вниз,2.495202112648594,True,-0.5918925413498215,-0.7778686082754699,0.1859760669256484,False,72.54829975117488,Зелёный,-1.8903744641807236,Ниже
2022-01-14 23:30:00+05:00,73.47,75.73758466851724,Вниз,2.9940018267572754,True,-0.5735595594983209,-0.7370067985200401,0.1634472390217192,False,72.54829975117488,Зелёный,-2.2675846685172445,Ниже
2022-01-15 00:00:00+05:00,73.65,75.71681268176583,Вниз,2.729661495991043,True,-0.53830084654345,-0.6972656081247222,0.15896476158127215,False,72.54829975117488,Зелёный,-2.0668126817658248,Ниже
2022-01-15 00:30:00+05:00,73.735,75.69709315259404,Вниз,2.592032363301916,True,-0.4977613894244683,-0.6573647643846714,0.1596033749602031,False,72.67067471674584,Зелёный,-1.9620931525940364,Ниже
2022-01-15 01:00:00+05:00,73.925,75.67946038490653,Вниз,2.31827813779767,True,-0.4451705168734179,-0.6149259148824207,0.16975539800900274,False,72.93785724507126,Зелёный,-1.7544603849065368,Ниже
2022-01-15 01:30:00+05:00,74.0,75.66274933630051,Вниз,2.1975798538723925,True,-0.3929107675314469,-0.570522885412226,0.17761211788077907,False,73.05757152056412,Зелёный,-1.6627493363005073,Ниже
2022-01-17 12:00:00+05:00,75.74,75.66351799962091,Вверх,0.10108173978834895,True,-0.2086854850836914,-0.4981554053465191,0.2894699202628277,False,74.29581436850772,Зелёный,0.07648200037908737,Выше
2022-01-17 12:30:00+05:00,74.8,75.65492578071921,Вниз,1.1300332025929933,True,-0.1369570104014457,-0.4259157263575044,0.2889587159560587,False,74.29581436850772,Зелёный,-0.8549257807192134,Ниже
2022-01-17 13:00:00+05:00,74.2,75.64044890727922,Вниз,1.9043368040358073,True,-0.1270619717141841,-0.3661449754288404,0.2390830037146563,False,75.64914036150876,Красный,-1.4404489072792188,Ниже
2022-01-17 13:30:00+05:00,73.08,75.6149718037242,Вниз,3.3524733835837406,True,-0.2072061781932319,-0.3343572159817187,0.1271510377884868,False,74.93172632535786,Красный,-2.534971803724204,Ниже
2022-01-17 14:00:00+05:00,73.105,75.58999695990606,Вниз,3.28746799821163,True,-0.2656415971931238,-0.3206140922239997,0.05497249503087592,False,74.26180369282208,Красный,-2.4849969599060557,Ниже
2022-01-17 14:30:00+05:00,73.09,75.5651213682652,Вниз,3.275481231880426,True,-0.309593659404527,-0.3184100056601052,0.0088163462555782,False,74.26180369282208,Красный,-2.4751213682651922,Ниже
2022-01-17 15:00:00+05:00,72.815,75.53775697654117,Вниз,3.6044980490839174,True,-0.3624382248475939,-0.3272156494976029,-0.035222575349991014,Ниже,74.1094359911859,Красный,-2.722756976541177,Ниже
2022-01-17 15:30:00+05:00,72.75,75.51001810115271,Вниз,3.655168109555223,True,-0.4048954972050183,-0.3427516190390861,-0.0621438781659322,False,73.9294923920673,Красный,-2.76001810115271,Ниже
2022-01-17 16:00:00+05:00,72.52,75.48026667726064,Вниз,3.921908079522545,True,-0.4518931265767349,-0.3645799205466158,-0.0873132060301191,False,73.82704315286057,Красный,-2.9602666772606483,Ниже
2022-01-17 16:30:00+05:00,71.885,75.44449287947697,Вниз,4.718028770056516,True,-0.5342201225052605,-0.3985079609383448,-0.13571216156691573,False,73.31358883757451,Красный,-3.559492879476963,Ниже
2022-01-17 17:00:00+05:00,71.22,75.4024581244573,Вниз,5.546845856873583,False,-0.6456817845859462,-0.4479427256678652,-0.19773905891808097,False,72.80597995381706,Красный,-4.182458124457298,Ниже
2022-01-17 17:30:00+05:00,71.025,75.358901327199,Вниз,5.751014479871116,False,-0.7412066561923325,-0.5065955117727587,-0.23461114441957376,False,72.36638195843535,Красный,-4.333901327199001,Ниже
2022-01-17 18:00:00+05:00,72.46,75.33005653787365,Вниз,3.80997528712948,True,-0.6931283458418847,-0.543902078586584,-0.14922626725530064,False,70.36800623740818,Зелёный,-2.8700565378736513,Ниже
2022-01-17 18:30:00+05:00,72.705,75.30393657232267,Вниз,3.4512625642440695,True,-0.6280170958996081,-0.5607250820491889,-0.06729201385041916,False,71.36070561366736,Зелёный,-2.598936572322671,Ниже
2022-01-17 19:00:00+05:00,73.1,75.28200685518514,Вниз,2.8984440589934435,True,-0.5383371468462599,-0.5562474950086032,0.01791034816234327,Ниже,71.58313505230062,Зелёный,-2.1820068551851506,Ниже
2022-01-17 19:30:00+05:00,72.205,75.25138987155147,Вниз,4.048283861270111,True,-0.5333361936352787,-0.5516652347339384,0.018329041098659626,False,71.58313505230062,Зелёный,-3.046389871551469,Ниже
2022-01-17 20:00:00+05:00,72.83,75.22729643999374,Вниз,3.1867374655767144,True,-0.4734826127020426,-0.5360287103275593,0.06254609762551666,False,71.58313505230062,Зелёный,-2.397296439993738,Ниже
2022-01-17 20:30:00+05:00,74.15,75.21657707243162,Вниз,1.4180079896543645,True,-0.3158938229372268,-0.4920017328494928,0.176107909912266,False,72.13538295312716,Зелёный,-1.0665770724316133,Ниже
2022-01-17 21:00:00+05:00,73.53,75.19979521101439,Вниз,2.2204784020074255,True,-0.2382855822618239,-0.4412585027319591,0.2029729204701352,False,72.19834465781445,Зелёный,-1.6697952110143888,Ниже
2022-01-17 21:30:00+05:00,73.885,75.18671267160133,Вниз,1.7313068032205516,True,-0.146446811564445,-0.3822961644984563,0.23584935293401132,False,72.335010192033,Зелёный,-1.3017126716013223,Ниже
2022-01-17 22:00:00+05:00,73.52,75.17012846591375,Вниз,2.1951917597985893,True,-0.1019412583221566,-0.3262251832631964,0.22428392494103977,False,72.335010192033,Зелёный,-1.6501284659137525,Ниже
2022-01-17 22:30:00+05:00,73.325,75.15176897869074,Вниз,2.4307730922591015,True,-0.081466066940635,-0.2772733599986841,0.19580729305804906,False,72.335010192033,Зелёный,-1.8267689786907368,Ниже
2022-01-17 23:00:00+05:00,73.345,75.13379117790775,Вниз,2.380807822770599,True,-0.0629004205084982,-0.2343987721006469,0.1714983515921487,False,72.335010192033,Зелёный,-1.788791177907754,Ниже
2022-01-17 23:30:00+05:00,73.475,75.11728579305296,Вниз,2.1862954388120954,True,-0.0372675018450365,-0.1949725180495249,0.1577050162044884,False,72.335010192033,Зелёный,-1.642285793052963,Ниже
2022-01-18 00:00:00+05:00,73.465,75.10084513839573,Вниз,2.178198042087529,True,-0.0175577507343973,-0.1594895645864994,0.1419318138521021,False,72.39364589329357,Зелёный,-1.635845138395723,Ниже
2022-01-18 00:30:00+05:00,73.85,75.0883989181132,Вниз,1.6492546597827011,True,0.0287967009988108,-0.1218323114694373,0.15062901246824809,False,72.68503130396421,Зелёный,-1.2383989181132051,Ниже
2022-01-18 01:00:00+05:00,73.65,75.07408649106729,Вниз,1.896908184472855,True,0.0488317079009306,-0.0876995075953638,0.1365312154962944,False,72.8485281735678,Зелёный,-1.4240864910672855,Ниже
2022-01-18 01:30:00+05:00,73.735,75.06076224737508,Вниз,1.7662520439185174,True,0.0707527907114098,-0.056009047934009,0.1267618386454188,False,72.8485281735678,Зелёный,-1.3257622473750814,Ниже
2022-01-18 12:00:00+05:00,72.97,75.0399586429236,Вниз,2.758475191562217,True,0.026095487606085,-0.0395881408259902,0.0656836284320752,False,72.8485281735678,Зелёный,-2.069958642923595,Ниже
2022-01-18 12:30:00+05:00,72.745,75.01712323354127,Вниз,3.0288061386568406,True,-0.0271385303551312,-0.0370982187318184,0.0099596883766872,False,73.72287546146907,Красный,-2.272123233541265,Ниже
2022-01-18 13:00:00+05:00,72.11,74.98819663420255,Вниз,3.8381995612490707,True,-0.1191920939389206,-0.0535169937732388,-0.06567510016568182,Ниже,73.69833791532217,Красный,-2.8781966342025527,Ниже
2022-01-18 13:30:00+05:00,72.28,74.9612494040115,Вниз,3.576847271529082,True,-0.1763942637673778,-0.0780924477720667,-0.0983018159953111,False,73.47900412378996,Красный,-2.6812494040114956,Ниже
2022-01-18 14:00:00+05:00,72.13,74.93307776815068,Вниз,3.7407749042734473,True,-0.2311663995159705,-0.1087072381208474,-0.12245916139512311,False,73.47900412378996,Красный,-2.803077768150686,Ниже
2022-01-18 14:30:00+05:00,71.97,74.90359440727356,Вниз,3.916493501396899,True,-0.2842081993245102,-0.14380743036158,-0.1404007689629302,False,73.17549334026987,Красный,-2.93359440727356,Ниже
2022-01-18 15:00:00+05:00,72.03,74.87500142809671,Вниз,3.7996679450200674,True,-0.3177400003218196,-0.1785939443536279,-0.13914605596819168,False,73.17549334026987,Красный,-2.845001428096708,Ниже
2022-01-18 15:30:00+05:00,71.81,74.84450390144897,Вниз,4.054411136781179,True,-0.357940243264764,-0.2144632041358551,-0.14347703912890888,False,73.0767246056186,Красный,-3.0345039014489714,Ниже
2022-01-18 16:00:00+05:00,70.905,74.80530485765347,Вниз,5.213941531386486,False,-0.4575508012027711,-0.2630807235492384,-0.1944700776535327,False,72.51405214505674,Красный,-3.9003048576534667,Ниже
2022-01-18 16:30:00+05:00,70.965,74.7670928690201,Вниз,5.085249035535933,False,-0.5255926821946275,-0.3155831152783162,-0.21000956691631134,False,72.28039693055106,Красный,-3.8020928690201004,Ниже
2022-01-18 17:00:00+05:00,70.53,74.72493274097015,Вниз,5.613832742428351,False,-0.6076130427187962,-0.3739891007664122,-0.23362394195238406,False,71.48410723749595,Красный,-4.194932740970145,Ниже
2022-01-18 17:30:00+05:00,69.83,74.67622694255253,Вниз,6.489651581192867,False,-0.7207900996227181,-0.4433493005376734,-0.2774407990850447,False,71.48410723749595,Красный,-4.8462269425525335,Ниже
2022-01-18 18:00:00+05:00,70.33,74.63298090332316,Вниз,5.765521959918879,False,-0.7613614108765319,-0.5069517226054452,-0.2544096882710867,False,71.48410723749595,Красный,-4.30298090332316,Ниже
2022-01-18 18:30:00+05:00,69.28,74.57971741174781,Вниз,7.106110877959688,False,-0.8682322511935894,-0.579207828323074,-0.28902442287051533,False,71.25772417613456,Красный,-5.299717411747807,Ниже
2022-01-18 19:00:00+05:00,69.52,74.52937196486474,Вниз,6.721339295903769,False,-0.922923282767428,-0.6479509192119449,-0.27497236355548305,False,70.6452017585211,Красный,-5.009371964864741,Ниже
2022-01-18 19:30:00+05:00,69.63,74.48062199506509,Вниз,6.512595981524546,False,-0.946479808555864,-0.7076566970807288,-0.23882311147513524,False,70.6452017585211,Красный,-4.850621995065097,Ниже
2022-01-18 20:00:00+05:00,70.595,74.44195908964156,Вниз,5.167729512611463,False,-0.8771696243894667,-0.7415592825424764,-0.13561034184699028,False,70.6452017585211,Красный,-3.846959089641558,Ниже
2022-01-18 20:30:00+05:00,70.17,74.39945203402323,Вниз,5.684789226793064,False,-0.8467736724141872,-0.7626021605168186,-0.0841715118973686,False,70.6452017585211,Красный,-4.229452034023225,Ниже
2022-01-18 21:00:00+05:00,70.71,74.36274106851056,Вниз,4.912058130220464,True,-0.770232414628282,-0.7641282113391114,-0.006104203289170607,False,68.82996762623429,Зелёный,-3.652741068510565,Ниже
2022-01-18 21:30:00+05:00,70.9,74.32828593350051,Вниз,4.612357046101801,True,-0.6863299201848747,-0.7485685531082641,0.06223863292338938,Ниже,69.27847086361088,Зелёный,-3.4282859335005043,Ниже
2022-01-18 22:00:00+05:00,70.47,74.28989502868956,Вниз,5.1418770038837405,False,-0.6470749183254014,-0.7282698261516916,0.08119490782629013,False,69.27847086361088,Зелёный,-3.819895028689558,Ниже
2022-01-18 22:30:00+05:00,70.025,74.24745826223494,Вниз,5.687007152920464,False,-0.6444440773434792,-0.7115046763900492,0.06706059904657002,False,69.27847086361088,Зелёный,-4.222458262234937,Ниже
2022-01-18 23:00:00+05:00,69.845,74.20365270738684,Вниз,5.873905863603049,False,-0.6493977594534357,-0.6990832930027265,0.04968553354929084,False,69.27847086361088,Зелёный,-4.358652707386838,Ниже
2022-01-18 23:30:00+05:00,70.155,74.16336760582081,Вниз,5.4047810060693715,False,-0.6211489604290108,-0.6834964264879835,0.06234746605897268,False,69.27847086361088,Зелёный,-4.008367605820808,Ниже
2022-01-19 00:00:00+05:00,70.075,74.12268733113602,Вниз,5.460794092709243,False,-0.5983198562311713,-0.6664611124366211,0.06814125620544975,False,69.27847086361088,Зелёный,-4.047687331136018,Ниже
2022-01-19 00:30:00+05:00,70.2,74.08365561639835,Вниз,5.24225699188999,False,-0.5636438360621554,-0.645897657161728,0.08225382109957258,False,69.27847086361088,Зелёный,-3.883655616398343,Ниже
2022-01-19 01:00:00+05:00,69.975,74.04277347096155,Вниз,5.493815642328516,False,-0.5480014403620714,-0.6263184138017966,0.07831697343972521,False,69.27847086361088,Зелёный,-4.067773470961555,Ниже
2022-01-19 01:30:00+05:00,70.045,74.00299463045448,Вниз,5.348424952556777,False,-0.523916925892081,-0.6058381162198536,0.08192119032777256,False,69.27847086361088,Зелёный,-3.957994630454479,Ниже
2022-01-19 12:00:00+05:00,71.59,73.97898473363405,Вниз,3.229274830190946,True,-0.3758288655421609,-0.5598362660843151,0.18400740054215425,False,69.11949506060988,Зелёный,-2.3889847336340466,Ниже
2022-01-19 12:30:00+05:00,72.19,73.96118389051331,Вниз,2.39474788983265,True,-0.2076592585381718,-0.4894008645750864,0.2817416060369146,False,70.43279555454889,Зелёный,-1.7711838905133135,Ниже
2022-01-19 13:00:00+05:00,72.71,73.94873429956294,Вниз,1.6751257628628144,True,-0.0320544751756557,-0.3979315866952003,0.3658771115195446,False,70.822265999094,Зелёный,-1.2387342995629496,Ниже
2022-01-19 13:30:00+05:00,72.7,73.93630908265186,Вниз,1.6721271294051383,True,0.1050951924180623,-0.2973262308725478,0.4024214232906101,False,71.14328939918461,Зелёный,-1.2363090826518572,Ниже
2022-01-19 14:00:00+05:00,72.19,73.91893287287424,Вниз,2.338958106778486,True,0.170667208995269,-0.2037275428989844,0.3743947518942534,False,71.14328939918461,Зелёный,-1.728932872874239,Ниже
2022-01-19 14:30:00+05:00,72.335,73.90317234677599,Вниз,2.121928324561843,True,0.2316633221655166,-0.1166493698860842,0.3483126920516008,False,71.14328939918461,Зелёный,-1.5681723467759952,Ниже
2022-01-19 15:00:00+05:00,71.2,73.87627510949464,Вниз,3.6226448958451645,True,0.1862709513197984,-0.0560653056449077,0.2423362569647061,False,71.14328939918461,Зелёный,-2.6762751094946395,Ниже
2022-01-19 15:30:00+05:00,71.395,73.85158580492256,Вниз,3.3263819295791275,True,0.1641399376791952,-0.0120242569800871,0.17616419465928232,False,71.14328939918461,Зелёный,-2.456585804922568,Ниже
2022-01-19 16:00:00+05:00,71.65,73.82967947850543,Вниз,2.952307925351357,True,0.1652721641695649,0.0234350272498432,0.1418371369197217,False,71.14328939918461,Зелёный,-2.1796794785054203,Ниже
2022-01-19 16:30:00+05:00,72.52,73.81664784190339,Вниз,1.7565791455072377,True,0.2336775021415462,0.0654835222281838,0.1681939799133624,False,71.14328939918461,Зелёный,-1.2966478419033933,Ниже
2022-01-19 17:00:00+05:00,72.615,73.80469114695909,Вниз,1.611945160220496,True,0.2921867840040306,0.1108241745833532,0.1813626094206774,False,71.29342387443285,Зелёный,-1.1896911469590918,Ниже
2022-01-19 17:30:00+05:00,72.66,73.7933011852978,Вниз,1.5357778647848368,True,0.3382873691213177,0.1563168134909461,0.1819705556303716,False,71.29342387443285,Зелёный,-1.1333011852978103,Ниже
2022-01-19 18:00:00+05:00,72.72,73.78262157151376,Вниз,1.4402057678091769,True,0.3753372592374546,0.2001209026402479,0.1752163565972067,False,71.29342387443285,Зелёный,-1.062621571513759,Ниже
2022-01-19 18:30:00+05:00,72.645,73.77130195388676,Вниз,1.5267481040131292,True,0.3941046972573758,0.2389176615636735,0.1551870356937023,False,71.29342387443285,Зелёный,-1.1263019538867667,Ниже
2022-01-19 19:00:00+05:00,73.03,73.76392581504213,Вниз,0.9949657734898693,True,0.435029559554934,0.2781400411619256,0.1568895183930084,False,71.52042090401541,Зелёный,-0.7339258150421273,Ниже
2022-01-19 19:30:00+05:00,73.425,73.76055341887256,Вниз,0.45492258845594374,True,0.4936455677988505,0.3212411464893106,0.17240442130953987,False,71.86287881361385,Зелёный,-0.3355534188725642,Ниже
2022-01-19 20:00:00+05:00,73.515,73.75811010127184,Вниз,0.32960456950163447,True,0.5411236874452356,0.3652176546804956,0.17590603276474004,False,72.03309093225248,Зелёный,-0.24311010127183863,Ниже
2022-01-19 20:30:00+05:00,73.5,73.7555418415577,Вниз,0.3464713771700818,True,0.5709584115277835,0.4063658060499532,0.16459260547783028,False,72.03309093225248,Зелёный,-0.2555418415577009,Ниже
2022-01-19 21:00:00+05:00,73.04,73.74842202223873,Вниз,0.9605927866837585,True,0.5511313900935733,0.4353189228586773,0.11581246723489597,False,72.0546036551245,Зелёный,-0.7084220222387216,Ниже
2022-01-19 21:30:00+05:00,73.565,73.74659692749009,Вниз,0.24624448456739295,True,0.5711970412195342,0.4624945465308487,0.10870249468868548,False,72.0546036551245,Зелёный,-0.18159692749009082,Ниже
2022-01-19 22:00:00+05:00,73.585,73.74498899786332,Вниз,0.2169489751608186,True,0.5820040665607422,0.4863964505368274,0.09560761602391482,False,72.15397896065085,Зелёный,-0.15998899786332288,Ниже
2022-01-19 22:30:00+05:00,73.335,73.74090950534728,Вниз,0.5504536193954149,True,0.563895564288913,0.5018962732872446,0.061999291001668344,False,72.28558106458577,Зелёный,-0.40590950534728165,Ниже
2022-01-19 23:00:00+05:00,73.41,73.73761687345328,Вниз,0.44430087022683207,True,0.5492647369900254,0.5113699660278008,0.0378947709622246,False,72.34377295812718,Зелёный,-0.3276168734532803,Ниже
2022-01-19 23:30:00+05:00,73.32,73.73346148167762,Вниз,0.560751487003458,True,0.5243629237274803,0.5139685575677367,0.01039436615974354,False,72.38364566231445,Зелёный,-0.4134614816776292,Ниже
2022-01-20 00:00:00+05:00,73.485,73.73098922812859,Вниз,0.33363071715677933,True,0.5120397033795996,0.5135827867301094,-0.0015430833505097885,Выше,72.47703109608301,Зелёный,-0.24598922812859314,Ниже
2022-01-20 00:30:00+05:00,73.48,73.72849182287358,Вниз,0.33703635694943485,True,0.4961506879688073,0.510096366977849,-0.0139456790090417,False,72.59257798647472,Зелёный,-0.24849182287357507,Ниже
2022-01-20 01:00:00+05:00,73.575,73.72696454105395,Вниз,0.20611799495600142,True,0.4856262378552998,0.5052023411533392,-0.019576103298039382,False,72.76632018782725,Зелёный,-0.15196454105394253,Ниже
2022-01-20 01:30:00+05:00,73.6,73.72570121228725,Вниз,0.17049849675258738,True,0.47384068591046,0.4989300101047633,-0.025089324194303264,False,72.88418816904452,Зелёный,-0.12570121228725384,Ниже
2022-01-20 12:00:00+05:00,74.125,73.72967433455305,Вверх,0.5361825737261932,True,0.501087439390588,0.4993614959619282,0.001725943428659782,Выше,73.64851935214007,Зелёный,0.395325665446947,Выше
2022-01-20 12:30:00+05:00,75.185,73.74415518694556,Вверх,1.9538427274701538,True,0.6012826173093231,0.5197457202314073,0.08153689707791578,False,73.64851935214007,Зелёный,1.44084481305444,Выше
2022-01-20 13:00:00+05:00,74.435,73.75102926468739,Вверх,0.9274050032005505,True,0.6131018294415611,0.5384169420734382,0.07468488736812295,False,73.64851935214007,Зелёный,0.683970735312613,Выше
2022-01-20 13:30:00+05:00,74.375,73.75723792872036,Вверх,0.8375612870382338,True,0.610588655705385,0.5528512847998276,0.05773737090555742,False,73.64851935214007,Зелёный,0.6177620712796426,Выше
2022-01-20 14:00:00+05:00,74.74,73.76701665579778,Вверх,1.3189951123308,True,0.6307781787815259,0.5684366635961673,0.062341515185358576,False,73.64851935214007,Зелёный,0.9729833442022198,Выше
2022-01-20 14:30:00+05:00,74.475,73.77406126618786,Вверх,0.9501154223881552,True,0.6182682247382587,0.5784029758245857,0.039865248913673046,False,73.64851935214007,Зелёный,0.7009387338121371,Выше
2022-01-20 15:00:00+05:00,74.505,73.78133428841484,Вверх,0.9808249180698076,True,0.6038143493512109,0.5834852505299107,0.020329098821300184,False,73.64851935214007,Зелёный,0.7236657115851557,Выше
2022-01-20 15:30:00+05:00,73.88,73.78231603678881,Вверх,0.13239481824137292,True,0.5357514629442619,0.573938493012781,-0.03818703006851909,Выше,73.64851935214007,Зелёный,0.09768396321118189,Выше
2022-01-20 16:00:00+05:00,73.885,73.78333776776604,Вверх,0.13778481064918205,True,0.4767192703126568,0.5544946484727562,-0.07777537816009938,False,73.64851935214007,Зелёный,0.10166223223396287,Выше
2022-01-20 16:30:00+05:00,73.95,73.78499609843504,Вверх,0.2236279871111329,True,0.4302214638883299,0.5296400115558709,-0.09941854766754105,False,73.64851935214007,Зелёный,0.16500390156495826,Выше
2022-01-20 17:00:00+05:00,73.875,73.78589165964465,Вверх,0.12076609545682009,True,0.382905843881943,0.5002931780210854,-0.11738733413914243,False,73.64851935214007,Зелёный,0.08910834035535231,Выше
2022-01-20 17:30:00+05:00,73.56,73.78364398143924,Вниз,0.3031078019072865,True,0.3163433969381088,0.4635032218044901,-0.1471598248663813,False,74.54872082204213,Красный,-0.22364398143923836,Ниже
2022-01-20 18:00:00+05:00,73.435,73.78017488709656,Вниз,0.4678423270543499,True,0.2506167687406559,0.4209259311917233,-0.17030916245106736,False,74.4740987398379,Красный,-0.34517488709656163,Ниже
2022-01-20 18:30:00+05:00,73.705,73.77942687826973,Вниз,0.10087755004187249,True,0.2178039772042979,0.3803015403942382,-0.1624975631899403,False,74.4740987398379,Красный,-0.07442687826973327,Ниже
2022-01-20 19:00:00+05:00,73.89,73.78052710833671,Вверх,0.14837640222133588,True,0.2043716877988259,0.3451155698751558,-0.1407438820763299,False,74.4740987398379,Красный,0.10947289166328744,Выше
2022-01-20 19:30:00+05:00,74.95,73.79216365452243,Вверх,1.5690505443075158,True,0.2760771968082309,0.3313078952617709,-0.055230698453540006,False,73.32349701865816,Зелёный,1.1578363454775769,Выше
2022-01-20 20:00:00+05:00,74.335,73.79756501119384,Вверх,0.7282557205303924,True,0.2800507187180869,0.3210564599530341,-0.04100574123494721,False,73.58114731679234,Зелёный,0.5374349888061545,Выше
2022-01-20 20:30:00+05:00,74.415,73.80370864292325,Вверх,0.8282664493654359,True,0.2863541821093633,0.3141160043843,-0.027761822274936676,False,73.58114731679234,Зелёный,0.6112913570767518,Выше
2022-01-20 21:00:00+05:00,74.37,73.80934338279467,Вверх,0.7596011446648786,True,0.2844397539160752,0.308180754290655,-0.023741000374579824,False,73.58114731679234,Зелёный,0.5606566172053391,Выше
2022-01-20 21:30:00+05:00,74.145,73.81268324963253,Вверх,0.45021632561924596,True,0.2617496491616009,0.2988945332648442,-0.03714488410324335,False,73.58114731679234,Зелёный,0.3323167503674682,Выше
2022-01-20 22:00:00+05:00,74.145,73.81598988396453,Вверх,0.4457165941317751,True,0.2409895995771904,0.2873135465273134,-0.046323946950122985,False,73.58114731679234,Зелёный,0.3290101160354624,Выше
2022-01-20 22:30:00+05:00,74.065,73.8184675965619,Вверх,0.3339711747817125,True,0.2155965168591933,0.2729701405936894,-0.057373623734496115,False,73.58114731679234,Зелёный,0.24653240343809557,Выше
2022-01-20 23:00:00+05:00,74.045,73.82072165032746,Вверх,0.303814897306074,True,0.1916492695233529,0.2567059663796221,-0.06505669685626922,False,73.58114731679234,Зелёный,0.22427834967254512,Выше
2022-01-20 23:30:00+05:00,73.925,73.8217592458466,Вверх,0.1398513869191119,True,0.1611304943226343,0.2375908719682246,-0.0764603776455903,False,73.58114731679234,Зелёный,0.10324075415340417,Выше
2022-01-21 00:00:00+05:00,73.975,73.82328402947,Вверх,0.205512356331137,True,0.1393721320505818,0.217947123984696,-0.07857499193411421,False,73.58114731679234,Зелёный,0.15171597052999175,Выше
2022-01-21 00:30:00+05:00,73.99,73.82494289484842,Вверх,0.22357904886790414,True,0.1219332769137793,0.1987443545705127,-0.07681107765673341,False,73.58114731679234,Зелёный,0.16505710515157546,Выше
2022-01-21 01:00:00+05:00,73.915,73.82583898544694,Вверх,0.12077209792447684,True,0.1008978972263889,0.1791750631016879,-0.07827716587529901,False,73.58114731679234,Зелёный,0.08916101455307057,Выше
2022-01-21 01:30:00+05:00,74.005,73.82762168210915,Вверх,0.24026010028415454,True,0.0904468402379592,0.1614294185289422,-0.07098257829098299,False,73.58114731679234,Зелёный,0.17737831789084169,Выше
2022-01-21 12:00:00+05:00,73.16,73.82097868029712,Вниз,0.8953805437336145,True,0.0138205495463097,0.1319076447324157,-0.118087095186106,False,73.64889956939466,Красный,-0.66097868029712,Ниже
2022-01-21 12:30:00+05:00,73.345,73.81624257402551,Вниз,0.6383995684322884,True,-0.0316139579704781,0.0992033241918369,-0.130817282162315,False,73.64889956939466,Красный,-0.47124257402550995,Ниже
2022-01-21 13:00:00+05:00,73.02,73.80831976234366,Вниз,1.0680635528379216,True,-0.0927764472446455,0.0608073699045404,-0.1535838171491859,False,73.64889956939466,Красный,-0.7883197623436615,Ниже
2022-01-21 13:30:00+05:00,73.17,73.80196832192233,Вниз,0.8563028009845203,True,-0.1276726830321592,0.0231113593172005,-0.15078404234935971,False,73.64889956939466,Красный,-0.6319683219223293,Ниже
2022-01-21 14:00:00+05:00,73.135,73.79533182120669,Вниз,0.8948151663665557,True,-0.1563501021473712,-0.0127809329757138,-0.14356916917165738,False,73.64889956939466,Красный,-0.6603318212066824,Ниже
2022-01-21 14:30:00+05:00,73.01,73.78751757422951,Вниз,1.0537250740917408,True,-0.1870079079823909,-0.0476263279770492,-0.13938158000534168,False,73.64889956939466,Красный,-0.7775175742295062,Ниже
2022-01-21 15:00:00+05:00,72.89,73.77858705110285,Вниз,1.2043969485175483,True,-0.2184690617507669,-0.0817948747317928,-0.1366741870189741,False,73.64889956939466,Красный,-0.8885870511028457,Ниже
2022-01-21 15:30:00+05:00,73.12,73.77203394611675,Вниз,0.8838497615410634,True,-0.2222808595835346,-0.1098920717021411,-0.1123887878813935,False,73.64889956939466,Красный,-0.6520339461167453,Ниже
2022-01-21 16:00:00+05:00,72.835,73.76271022525988,Вниз,1.2576954160534548,True,-0.2454692384031176,-0.1370075050423364,-0.10846173336078119,False,73.64889956939466,Красный,-0.9277102252598866,Ниже
2022-01-21 16:30:00+05:00,73.045,73.75556882998367,Вниз,0.9634104126044047,True,-0.2440872646759686,-0.1584234569690629,-0.08566380770690571,False,73.64889956939466,Красный,-0.7105688299836714,Ниже
2022-01-21 17:00:00+05:00,73.34,73.75143381675001,Вниз,0.5578655159061635,True,-0.2166901369447345,-0.1700767929641972,-0.04661334398053729,False,73.64889956939466,Красный,-0.4114338167500051,Ниже
2022-01-21 17:30:00+05:00,73.505,73.74898173897141,Вниз,0.33082726461901174,True,-0.1795933543981078,-0.1719801052509793,-0.00761324914712852,False,73.64889956939466,Красный,-0.24398173897141362,Ниже
2022-01-21 18:00:00+05:00,73.855,73.75003664704136,Вверх,0.14232311973076084,True,-0.1205620477943369,-0.1616964937596509,0.041134445965314,Ниже,72.85494392698263,Зелёный,0.10496335295864867,Выше
2022-01-21 18:30:00+05:00,73.875,73.75128006348871,Вверх,0.16775293446403738,True,-0.071343080537332,-0.1436258111151871,0.0722827305778551,False,73.10069953428437,Зелёный,0.12371993651129287,Выше
2022-01-21 19:00:00+05:00,73.745,73.75121757529479,Вниз,0.00843047138636867,True,-0.0423385554153128,-0.1233683599752122,0.0810298045598994,False,73.10069953428437,Зелёный,-0.006217575294783728,Ниже
2022-01-21 19:30:00+05:00,73.68,73.75050894270478,Вниз,0.0956046862802718,True,-0.0243169068961748,-0.1035580693594048,0.07924116246323,False,73.10069953428437,Зелёный,-0.0705089427047767,Ниже
2022-01-21 20:00:00+05:00,73.43,73.74731979899629,Вниз,0.4302797713342783,True,-0.0298632858980454,-0.0888191126671329,0.0589558267690875,False,73.10069953428437,Зелёный,-0.31731979899628016,Ниже
2022-01-21 20:30:00+05:00,73.495,73.74480915423017,Вниз,0.3387481194882638,True,-0.0286832320003895,-0.0767919365337842,0.048108704533394706,False,73.10069953428437,Зелёный,-0.2498091542301637,Ниже
2022-01-21 21:00:00+05:00,73.54,73.74277125219803,Вниз,0.27497102258951955,True,-0.0238420703198869,-0.0662019632910047,0.042359892971117794,False,73.10069953428437,Зелёный,-0.20277125219801917,Ниже
2022-01-21 21:30:00+05:00,73.415,73.73950984670351,Вниз,0.4400759475864802,True,-0.0297489428457424,-0.0589113592019523,0.0291624163562099,False,73.10069953428437,Зелёный,-0.32450984670350635,Ниже
2022-01-21 22:00:00+05:00,73.31,73.73523611688557,Вниз,0.5767067948510863,True,-0.0424138835102212,-0.0556118640636061,0.013197980553384905,False,73.10069953428437,Зелёный,-0.4252361168855714,Ниже
2022-01-21 22:30:00+05:00,73.295,73.7308556580111,Вниз,0.5911441744725442,True,-0.0530497899167272,-0.0550994492342303,0.0020496593175030955,False,73.10069953428437,Зелёный,-0.43585565801109283,Ниже
2022-01-21 23:00:00+05:00,73.19,73.72547400967268,Вниз,0.7263079917294657,True,-0.0691542773871702,-0.0579104148648183,-0.011243862522351898,Ниже,73.10069953428437,Зелёный,-0.5354740096726829,Ниже
2022-01-21 23:30:00+05:00,73.395,73.72218571106897,Вниз,0.44380902154919816,True,-0.0646303940390993,-0.0592544106996745,-0.005375983339424802,False,73.10069953428437,Зелёный,-0.327185711068978,Ниже
2022-01-22 00:00:00+05:00,73.27,73.71768635075983,Вниз,0.6072984285340687,True,-0.0703210222531112,-0.0614677330103618,-0.008853289242749397,False,73.10069953428437,Зелёный,-0.4476863507598381,Ниже
2022-01-22 00:30:00+05:00,73.185,73.71238598906073,Вниз,0.715464547761348,True,-0.0807587392612134,-0.0653259342605322,-0.015432805000681199,False,73.10069953428437,Зелёный,-0.5273859890607326,Ниже
2022-01-22 01:00:00+05:00,73.42,73.70947667573674,Вниз,0.39272653774249994,True,-0.0692696715124441,-0.0661146817109145,-0.0031549898015296035,False,73.10069953428437,Зелёный,-0.2894766757367364,Ниже
2022-01-22 01:30:00+05:00,73.55,73.70788984314234,Вниз,0.21421023377327408,True,-0.0491084968202528,-0.0627134447327822,0.013604947912529405,Ниже,73.10069953428437,Зелёный,-0.15788984314234256,Ниже
2022-01-24 12:00:00+05:00,70.175,73.67273671037475,Вниз,4.747667680820921,True,-0.3019838329238666,-0.1105675223709991,-0.1914163105528675,Ниже,71.58152865399965,Красный,-3.4977367103747525,Ниже
2022-01-24 12:30:00+05:00,69.9,73.6351970416148,Вниз,5.072570172527489,False,-0.518601445735257,-0.1921743070438507,-0.3264271386914063,False,71.17512578859971,Красный,-3.7351970416147964,Ниже
2022-01-24 13:00:00+05:00,70.06,73.59962294169824,Вниз,4.809294939597916,True,-0.6696425788981912,-0.2876679614147188,-0.38197461748347245,False,71.17512578859971,Красный,-3.5396229416982408,Ниже
2022-01-24 13:30:00+05:00,70.055,73.56435306168135,Вниз,4.77045323669041,True,-0.7807472549785786,-0.3862838201274908,-0.39446343485108776,False,71.17512578859971,Красный,-3.509353061681338,Ниже
2022-01-24 14:00:00+05:00,70.035,73.52923512076909,Вниз,4.752171180660232,True,-0.8604931150987909,-0.4811256791217509,-0.37936743597704,False,70.84540919988918,Красный,-3.4942351207690905,Ниже
2022-01-24 14:30:00+05:00,69.66,73.49073526882114,Вниз,5.212541764358091,False,-0.943080405904098,-0.5735166244782204,-0.36956378142587765,False,70.78361827990027,Красный,-3.830735268821144,Ниже
2022-01-24 15:00:00+05:00,68.565,73.44172297758908,Вниз,6.640262210456618,False,-1.0843886205703086,-0.675691023696638,-0.4086975968736706,False,70.24675645191024,Красный,-4.876722977589083,Ниже
2022-01-24 15:30:00+05:00,65.85,73.36618344547378,Вниз,10.244751863179392,False,-1.399323676270967,-0.8204175542115039,-0.5789061220594632,False,68.86483080671923,Красный,-7.516183445473786,Ниже
2022-01-24 16:00:00+05:00,68.41,73.31686818730986,Вниз,6.692686565353291,False,-1.425904433001989,-0.9415149299696008,-0.48438950303238815,False,68.86483080671923,Красный,-4.906868187309868,Ниже
2022-01-24 16:30:00+05:00,68.695,73.27087944912768,Вниз,6.24515425982397,False,-1.4077451463040518,-1.034760973236491,-0.3729841730675607,False,68.86483080671923,Красный,-4.575879449127683,Ниже
2022-01-24 17:00:00+05:00,68.525,73.22365676804183,Вниз,6.416856212093109,False,-1.391036358762321,-1.106016050341657,-0.28502030842066395,False,68.86483080671923,Красный,-4.698656768041829,Ниже
2022-01-24 17:30:00+05:00,68.56,73.1772522230862,Вниз,6.309682425639823,False,-1.3593011393633958,-1.156673068146005,-0.2026280712173909,False,68.86483080671923,Красный,-4.617252223086197,Ниже
2022-01-24 18:00:00+05:00,68.93,73.1349910069361,Вниз,5.749629485204007,False,-1.2894310826905695,-1.183224671054918,-0.10620641163565159,False,67.27523945694037,Зелёный,-4.204991006936098,Ниже
2022-01-24 18:30:00+05:00,69.475,73.09857318597157,Вниз,4.957105218391573,True,-1.176519430508833,-1.181883622945701,0.005364192436868143,Ниже,67.69746551124634,Зелёный,-3.62357318597158,Ниже
2022-01-24 19:00:00+05:00,69.78,73.06555255725543,Вниз,4.496718962989862,True,-1.050317772184016,-1.155570452793364,0.10525268060934789,False,68.13821896012169,Зелёный,-3.2855525572554285,Ниже
2022-01-24 19:30:00+05:00,69.66,73.03166646215837,Вниз,4.616718507861812,True,-0.9490450453234444,-1.1142653712993802,0.16522032597593583,False,68.33964706410954,Зелёный,-3.371666462158373,Ниже
2022-01-24 20:00:00+05:00,69.395,72.9954807262165,Вниз,4.932470737086853,True,-0.8800245892893912,-1.0674172148973824,0.1873926256079912,False,68.33964706410954,Зелёный,-3.600480726216503,Ниже
2022-01-24 20:30:00+05:00,69.685,72.96254061948798,Вниз,4.492086749803449,True,-0.7927860600400436,-1.0124909839259146,0.21970492388587104,False,68.33964706410954,Зелёный,-3.2775406194879793,Ниже
2022-01-24 21:00:00+05:00,69.365,72.92674419541348,Вниз,4.884002754695153,True,-0.7409292515393844,-0.9581786374486086,0.21724938590922427,False,68.33964706410954,Зелёный,-3.561744195413482,Ниже
2022-01-24 21:30:00+05:00,69.04,72.88807012381733,Вниз,5.279423803210157,False,-0.7177829856025113,-0.9100995070793892,0.19231652147687794,False,68.33964706410954,Зелёный,-3.8480701238173225,Ниже
2022-01-24 22:00:00+05:00,68.445,72.84386047084404,Вниз,6.03875253509484,False,-0.7389329711436972,-0.8758661998922509,0.13693322874855374,False,68.33964706410954,Зелёный,-4.398860470844042,Ниже
2022-01-24 22:30:00+05:00,69.1,72.80660812785057,Вниз,5.091032563063036,False,-0.6948318718253148,-0.8396593342788637,0.14482746245354894,False,68.33964706410954,Зелёный,-3.706608127850572,Ниже
2022-01-24 23:00:00+05:00,69.145,72.77017421613067,Вниз,4.981675879136615,True,-0.6487716729653243,-0.8014818020161559,0.1527101290508316,False,68.33964706410954,Зелёный,-3.6251742161306737,Ниже
2022-01-24 23:30:00+05:00,69.325,72.73589387567166,Вниз,4.689423191116539,True,-0.5909322388389455,-0.7593718893807139,0.16843965054176835,False,68.33964706410954,Зелёный,-3.410893875671661,Ниже
2022-01-25 00:00:00+05:00,69.135,72.70006408586399,Вниз,4.903797721076812,True,-0.5540388674995995,-0.718305285004491,0.16426641750489146,False,68.33964706410954,Зелёный,-3.5650640858639804,Ниже
2022-01-25 00:30:00+05:00,69.505,72.66827240341757,Вниз,4.353030970458039,True,-0.4893043017209209,-0.672505088347777,0.18320078662685613,False,68.33964706410954,Зелёный,-3.1632724034175794,Ниже
2022-01-25 01:00:00+05:00,69.83,72.64003088696566,Вниз,3.8684329462060947,True,-0.407084293755048,-0.6194209294292312,0.2123366356741832,False,68.45229356888821,Зелёный,-2.810030886965663,Ниже
2022-01-25 01:30:00+05:00,69.935,72.6131151567471,Вниз,3.6881975810650105,True,-0.3296517029697554,-0.5614670841373361,0.23181538116758077,False,68.6745642119994,Зелёный,-2.678115156747097,Ниже
2022-01-25 12:00:00+05:00,69.0,72.57716376215261,Вниз,4.928773152221223,True,-0.3398153232608365,-0.5171367319620362,0.17732140870119972,False,68.6745642119994,Зелёный,-3.5771637621526082,Ниже
2022-01-25 12:30:00+05:00,68.535,72.53694322720581,Вниз,5.5171103842501585,False,-0.3809997514289307,-0.4899093358554151,0.10890958442648435,False,69.9445279882805,Красный,-4.001943227205814,Ниже
2022-01-25 13:00:00+05:00,68.7,72.49876468763162,Вниз,5.239764710473324,False,-0.3957624828833701,-0.4710799652610061,0.07531748237763597,False,69.86807518945245,Красный,-3.7987646876316177,Ниже
2022-01-25 13:30:00+05:00,69.35,72.46743369571489,Вниз,4.301840891461336,True,-0.3509667598589772,-0.4470573241806004,0.09609056432162322,False,69.86807518945245,Красный,-3.117433695714894,Ниже
2022-01-25 14:00:00+05:00,69.445,72.43735972859335,Вниз,4.130961895636536,True,-0.3042924268927578,-0.4185043447230319,0.11421191783027407,False,69.86807518945245,Красный,-2.9923597285933567,Ниже
2022-01-25 14:30:00+05:00,69.595,72.40907754223919,Вниз,3.8863601605718876,True,-0.2522906853734525,-0.385261612853116,0.1329709274796635,False,69.86807518945245,Красный,-2.8140775422391897,Ниже
2022-01-25 15:00:00+05:00,69.445,72.37958423336119,Вниз,4.054436433207066,True,-0.2206392846346858,-0.35233714720943,0.1316978625747442,False,69.86807518945245,Красный,-2.9345842333611927,Ниже
2022-01-25 15:30:00+05:00,69.35,72.34943911661132,Вниз,4.145766924021199,True,-0.2009051184190156,-0.3220507414513471,0.1211456230323315,False,69.86807518945245,Красный,-2.9994391166113274,Ниже
2022-01-25 16:00:00+05:00,69.4,72.32009146370972,Вниз,4.03773198375311,True,-0.179165756074326,-0.2934737443759428,0.11430798830161681,False,69.86807518945245,Красный,-2.92009146370971,Ниже
2022-01-25 16:30:00+05:00,69.775,72.29476717053848,Вниз,3.485407407972573,True,-0.1301771872165318,-0.2608144329440607,0.1306372457275289,False,69.86807518945245,Красный,-2.519767170538472,Ниже
2022-01-25 17:00:00+05:00,69.555,72.2675058056575,Вниз,3.7534238596140255,True,-0.1078621866901414,-0.2302239836932768,0.12236179700313539,False,69.86807518945245,Красный,-2.7125058056575,Ниже
2022-01-25 17:30:00+05:00,69.605,72.24101321057634,Вниз,3.648915060054024,True,-0.0851611214721543,-0.2012114112490524,0.1160502897768981,False,69.86807518945245,Красный,-2.636013210576337,Ниже
2022-01-25 18:00:00+05:00,69.115,72.20990860151588,Вниз,4.285988808814131,True,-0.1054932085922786,-0.1820677707176976,0.07657456212541901,False,69.86807518945245,Красный,-3.0949086015158827,Ниже
2022-01-25 18:30:00+05:00,69.21,72.18005876468487,Вниз,4.114791281020711,True,-0.1126423570927528,-0.1681826879927087,0.055540330899955886,False,69.86807518945245,Красный,-2.970058764684879,Ниже
2022-01-25 19:00:00+05:00,69.665,72.15503330433975,Вниз,3.4509488670556596,True,-0.0806635719339396,-0.1506788647809548,0.0700152928470152,False,69.86807518945245,Красный,-2.4900333043397467,Ниже
2022-01-25 19:30:00+05:00,69.98,72.13339118190852,Вниз,2.9852903719416437,True,-0.0295615200638366,-0.1264553958375312,0.09689387577369461,False,68.8000992496038,Зелёный,-2.1533911819085176,Ниже
2022-01-25 20:00:00+05:00,69.855,72.11072062288456,Вниз,3.1281349061552617,True,0.0008410735103296,-0.100996101967959,0.10183717547828859,False,68.84433932464341,Зелёный,-2.255720622884553,Ниже
2022-01-25 20:30:00+05:00,70.075,72.09046469628869,Вниз,2.795743798822325,True,0.042201041997103,-0.0723566731749466,0.1145577151720496,False,68.84433932464341,Зелёный,-2.0154646962886886,Ниже
2022-01-25 21:00:00+05:00,69.86,72.06827101771866,Вниз,3.0641376385673724,True,0.0569736550052937,-0.0464906075388985,0.10346426254419219,False,68.96788985296118,Зелёный,-2.2082710177186584,Ниже
2022-01-25 21:30:00+05:00,69.915,72.04684543545281,Вниз,2.9589712395704204,True,0.0722858315216257,-0.0227353197267937,0.0950211512484194,False,68.97160086766506,Зелёный,-2.131845435452803,Ниже
2022-01-25 22:00:00+05:00,69.88,72.02528478435377,Вниз,2.9785162124340565,True,0.0806667580626623,-0.0020549041689025,0.0827216622315648,False,68.98344078089853,Зелёный,-2.145284784353777,Ниже
2022-01-25 22:30:00+05:00,69.865,72.00378941336518,Вниз,2.970384518357295,True,0.0851171505598955,0.015379506776857,0.0697376437830385,False,68.98344078089853,Зелёный,-2.1387894133651884,Ниже
2022-01-25 23:00:00+05:00,70.165,71.9854930012919,Вниз,2.5289720544932877,True,0.1115655532222916,0.034616716065944,0.0769488371563476,False,69.21253703252783,Зелёный,-1.8204930012918936,Ниже
2022-01-25 23:30:00+05:00,70.745,71.9731497873487,Вниз,1.7063999435586465,True,0.1772836401717938,0.063150100887114,0.1141335392846798,False,69.61903332927504,Зелёный,-1.2281497873486984,Ниже
2022-01-26 00:00:00+05:00,70.435,71.95784481434026,Вниз,2.116301312621827,True,0.2020224987199981,0.0909245804536908,0.11109791826630731,False,69.61903332927504,Зелёный,-1.5228448143402602,Ниже
2022-01-26 00:30:00+05:00,70.685,71.94517969180951,Вниз,1.7515832154533835,True,0.2390455645487037,0.1205487772726933,0.11849678727601042,False,69.68296699671278,Зелёный,-1.2601796918095118,Ниже
2022-01-26 01:00:00+05:00,70.47,71.93050128691588,Вниз,2.030433906042512,True,0.2481770769267797,0.1460744372035106,0.1021026397232691,False,69.76517029704152,Зелёный,-1.4605012869158855,Ниже
2022-01-26 01:30:00+05:00,70.215,71.91343162236947,Вниз,2.361772458986859,True,0.2321612866027322,0.163291807083355,0.06886947951937719,False,69.76517029704152,Зелёный,-1.698431622369469,Ниже
2022-01-26 12:00:00+05:00,68.915,71.88359648184839,Вниз,4.129727263434839,True,0.1132638863590784,0.1532862229384997,-0.040022336579421294,Выше,69.93248705939638,Красный,-2.9685964818483797,Ниже
2022-01-26 12:30:00+05:00,68.565,71.85057562133248,Вниз,4.572789560724123,True,-0.0091003319099769,0.1208089119688043,-0.1299092438787812,False,69.69248835345675,Красный,-3.285575621332484,Ниже
2022-01-26 13:00:00+05:00,69.575,71.82793307783663,Вниз,3.1365695507278897,True,-0.0242962256317724,0.091787884448689,-0.1160841100804614,False,69.69248835345675,Красный,-2.25293307783663,Ниже
2022-01-26 13:30:00+05:00,69.79,71.80765513676364,Вниз,2.8098050729004376,True,-0.018773963155894,0.0696755149277724,-0.08844947808366639,False,68.62138443370003,Зелёный,-2.0176551367636364,Ниже
2022-01-26 14:00:00+05:00,69.795,71.78762871749237,Вниз,2.7757271734577094,True,-0.0138345955391088,0.0529734928343961,-0.0668080883735049,False,69.04449599033003,Зелёный,-1.9926287174923658,Ниже
2022-01-26 14:30:00+05:00,69.725,71.7671050486616,Вниз,2.8454610887215863,True,-0.0153911070013066,0.0393005728672556,-0.0546916798685622,False,69.04449599033003,Зелёный,-2.042105048661611,Ниже
2022-01-26 15:00:00+05:00,70.42,71.75370101832667,Вниз,1.8587208734864042,True,0.0390063966337521,0.0392417376205549,-0.00023534098680279975,False,69.04449599033003,Зелёный,-1.3337010183266642,Ниже
2022-01-26 15:30:00+05:00,70.535,71.74157464003486,Вниз,1.6818346211229362,True,0.0903547952465686,0.0494643491457576,0.040890446100811,Выше,69.42429507695059,Зелёный,-1.2065746400348587,Ниже
2022-01-26 16:00:00+05:00,70.565,71.72986742968625,Вниз,1.623964286324834,True,0.1319485001968274,0.0659611793559716,0.06598732084085582,False,69.78086556925554,Зелёный,-1.1648674296862538,Ниже
2022-01-26 16:30:00+05:00,70.83,71.72091352491326,Вниз,1.2421948928519821,True,0.1841720752980649,0.0896033585443902,0.0945687167536747,False,69.78086556925554,Зелёный,-0.8909135249132589,Ниже
2022-01-26 17:00:00+05:00,70.645,71.7102079177002,Вниз,1.4854341503551571,True,0.2082313198896486,0.1133289508134419,0.09490236907620671,False,69.78086556925554,Зелёный,-1.0652079177002065,Ниже
2022-01-26 17:30:00+05:00,70.83,71.70144962996189,Вниз,1.2153863477785736,True,0.2394659836592438,0.1385563573826023,0.10090962627664149,False,69.87465849998728,Зелёный,-0.8714496299618872,Ниже
2022-01-26 18:00:00+05:00,72.055,71.70496754409163,Вверх,0.48815649444808734,True,0.3589294269697802,0.1826309713000379,0.1762984556697423,False,70.36269264998856,Зелёный,0.3500324559083765,Выше
2022-01-26 18:30:00+05:00,72.105,71.70894796653847,Вверх,0.5523049001448734,True,0.4524243819627145,0.2365896534325732,0.2158347285301413,False,71.0854233849897,Зелёный,0.3960520334615296,Выше
2022-01-26 19:00:00+05:00,72.34,71.71522709124953,Вверх,0.8711858472615855,True,0.5392660204105937,0.2971249268281773,0.24214109358241637,False,71.0854233849897,Зелёный,0.6247729087504723,Выше
2022-01-26 19:30:00+05:00,72.5,71.72303577690874,Вверх,1.0832840727879496,True,0.6139223921813226,0.3604844198988064,0.2534379722825162,False,71.26841794184166,Зелёный,0.7769642230912552,Выше
2022-01-26 20:00:00+05:00,72.4,71.72977173932756,Вверх,0.9343794695292144,True,0.6574403769910759,0.4198756113172603,0.23756476567381563,False,71.2843261476575,Зелёный,0.6702282606724452,Выше
2022-01-26 20:30:00+05:00,72.275,71.73519689615017,Вверх,0.7524940715382692,True,0.674071956235295,0.4707148803008673,0.20335707593442776,False,71.2843261476575,Зелёный,0.5398031038498345,Выше
2022-01-26 21:00:00+05:00,71.39,71.73176210116361,Вниз,0.4764445918415074,True,0.6088223735208089,0.4983363789448556,0.11048599457595332,False,71.2843261476575,Зелёный,-0.34176210116361005,Ниже
2022-01-26 21:30:00+05:00,71.37,71.72816247826647,Вниз,0.4993331292642377,True,0.5491673172798954,0.5085025666118637,0.04066475066803177,False,71.2843261476575,Зелёный,-0.35816247826646475,Ниже
2022-01-26 22:00:00+05:00,70.7,71.71793200584591,Вниз,1.4193549331050603,True,0.4427234148999162,0.4953467362694742,-0.052623321369557996,Выше,72.39279161452193,Красный,-1.017932005845907,Ниже
2022-01-26 22:30:00+05:00,71.08,71.7115844236982,Вниз,0.8807285862861,True,0.384595304318438,0.4731964498792669,-0.08860114556082888,False,72.21401245306974,Красный,-0.6315844236982002,Ниже
2022-01-26 23:00:00+05:00,71.275,71.70724030007932,Вниз,0.6027847373159002,True,0.350226040423351,0.4486023679880838,-0.0983763275647328,False,72.21401245306974,Красный,-0.43224030007931447,Ниже
2022-01-26 23:30:00+05:00,71.3,71.70318815778998,Вниз,0.5623015770271306,True,0.321301676512121,0.4231422296928913,-0.10184055318077029,False,72.21401245306974,Красный,-0.40318815778998385,Ниже
2022-01-27 00:00:00+05:00,71.455,71.70071862388161,Вниз,0.3427003642328524,True,0.307343252632819,0.3999824342808769,-0.0926391816480579,False,72.21401245306974,Красный,-0.24571862388161492,Ниже
2022-01-27 00:30:00+05:00,71.0,71.69374629926588,Вниз,0.9676524593512363,True,0.2566083820421028,0.3713076238331221,-0.11469924179101931,False,72.21401245306974,Красный,-0.6937462992658823,Ниже
2022-01-27 01:00:00+05:00,70.345,71.68032593807916,Вниз,1.8628904383508005,True,0.1616838152597211,0.3293828621184419,-0.16769904685872083,False,71.94278641341313,Красный,-1.3353259380791656,Ниже
2022-01-27 01:30:00+05:00,70.75,71.67106896357092,Вниз,1.2851335648964295,True,0.1177778576352182,0.2870618612217971,-0.1692840035865789,False,71.71375777207182,Красный,-0.9210689635709173,Ниже
2022-01-27 12:00:00+05:00,70.5,71.6594165360727,Вниз,1.6179541951601824,True,0.062093385335288,0.2420681660444953,-0.1799747807092073,False,71.31213199486464,Красный,-1.1594165360726976,Ниже
2022-01-27 12:30:00+05:00,70.765,71.6505168690471,Вниз,1.2358834349590526,True,0.0388979339853818,0.2014341196326727,-0.1625361856472909,False,71.31213199486464,Красный,-0.8855168690470947,Ниже
2022-01-27 13:00:00+05:00,72.46,71.65857142756404,Вверх,1.118398757427191,True,0.1554952534806233,0.1922463464022628,-0.0367510929216395,False,70.17884808415964,Зелёный,0.8014285724359524,Выше
2022-01-27 13:30:00+05:00,73.26,71.67450604022511,Вверх,2.2120751817739546,True,0.3088920678603131,0.2155754906938729,0.09331657716644018,Выше,71.41721327574368,Зелёный,1.5854939597748938,Выше
2022-01-27 14:00:00+05:00,72.44,71.68212289554627,Вверх,1.057274915752829,True,0.3601415142505573,0.2444886954052098,0.1156528188453475,False,71.46324194816931,Зелёный,0.7578771044537262,Выше
2022-01-27 14:30:00+05:00,72.53,71.69055948365029,Вверх,1.1709219768903512,True,0.4033695247927653,0.2762648612827209,0.1271046635100444,False,71.46324194816931,Зелёный,0.8394405163497112,Выше
2022-01-27 15:00:00+05:00,72.355,71.69717083207169,Вверх,0.9175106357670273,True,0.4186807065589732,0.3047480303379714,0.11393267622100184,False,71.46324194816931,Зелёный,0.6578291679283126,Выше
2022-01-27 15:30:00+05:00,72.51,71.7052586844889,Вверх,1.1222905129623197,True,0.438270028950626,0.3314524300605023,0.10681759889012371,False,71.46324194816931,Зелёный,0.8047413155111087,Выше
2022-01-27 16:00:00+05:00,72.6,71.7141615831507,Вверх,1.2352349902636588,True,0.4558027455941982,0.3563224931672415,0.09948025242695668,False,71.46324194816931,Зелёный,0.8858384168492961,Выше
2022-01-27 16:30:00+05:00,72.705,71.72402067187558,Вверх,1.3677137992754516,True,0.4727209395959306,0.3796021824529793,0.09311875714295131,False,71.46324194816931,Зелёный,0.9809793281244197,Выше
2022-01-27 17:00:00+05:00,72.57,71.73243837663303,Вверх,1.167619060946077,True,0.4698195709124348,0.3976456601448704,0.07217391076756441,False,71.54972483417704,Зелёный,0.837561623366966,Выше
2022-01-27 17:30:00+05:00,73.06,71.74564794502473,Вверх,1.8319606730465363,True,0.5012806687141165,0.4183726618587197,0.08290800685539679,False,71.69100235075935,Зелёный,1.3143520549752736,Выше
2022-01-27 18:00:00+05:00,73.995,71.76802955751205,Вверх,3.103011823256688,True,0.594803971336944,0.4536589237543645,0.14114504758257945,False,72.41115211568341,Зелёный,2.2269704424879535,Выше
2022-01-27 18:30:00+05:00,74.22,71.7924272733577,Вверх,3.3813771435795608,True,0.6792475392455515,0.4987766468526019,0.18047089239294956,False,72.82953690411506,Зелёный,2.427572726642296,Выше
2022-01-27 19:00:00+05:00,73.555,71.80996531043873,Вверх,2.4300731549129586,True,0.6846178840258688,0.5359448942872553,0.14867298973861343,False,72.82953690411506,Зелёный,1.7450346895612796,Выше
2022-01-27 19:30:00+05:00,73.185,71.8236472476483,Вверх,1.8954102228445113,True,0.6515078363862017,0.5590574827070447,0.092450353679157,False,72.82953690411506,Зелёный,1.3613527523517064,Выше
2022-01-27 20:00:00+05:00,72.22,71.8275910561294,Вверх,0.5463206242903865,True,0.5411622681626937,0.5554784397981745,-0.014316171635480712,Выше,74.0410000969001,Красный,0.392408943870592,Выше
2022-01-27 20:30:00+05:00,72.835,71.83761502572017,Вверх,1.388388205709125,True,0.4976019253304571,0.543903136904631,-0.046301211574173884,False,73.8486500872101,Красный,0.9973849742798251,Выше
2022-01-27 21:00:00+05:00,72.835,71.84753925431998,Вверх,1.3743835292461146,True,0.4578027743897479,0.5266830644016544,-0.06888029001190643,False,73.8486500872101,Красный,0.9874607456800106,Выше
2022-01-27 21:30:00+05:00,73.12,71.86020055527202,Вверх,1.7531254226865134,True,0.4441390205257818,0.5101742556264799,-0.06603523510069809,False,73.8486500872101,Красный,1.2597994447279888,Выше
2022-01-27 22:00:00+05:00,72.54,71.86696472885141,Вверх,0.9365015952571573,True,0.382104580654854,0.4845603206321547,-0.10245573997730073,False,73.8486500872101,Красный,0.6730352711485921,Выше
2022-01-27 22:30:00+05:00,72.585,71.87410935841508,Вверх,0.9890774966544734,True,0.3327373747086426,0.4541957314474523,-0.12145835673880967,False,73.65788007221855,Красный,0.7108906415849106,Выше
2022-01-27 23:00:00+05:00,72.505,71.88038687723682,Вверх,0.8689618265827429,True,0.2838857190561015,0.4201337289691821,-0.13624800991308061,False,73.6425920649967,Красный,0.6246131227631793,Выше
2022-01-27 23:30:00+05:00,72.665,71.8881939729857,Вверх,1.0805752434206544,True,0.2551399977436404,0.3871349827240739,-0.1319949849804335,False,73.60883285849702,Красный,0.7768060270143025,Выше
2022-01-28 00:00:00+05:00,72.94,71.89865970459779,Вверх,1.448344516685915,True,0.2516481648322326,0.3600376191457056,-0.10838945431347297,False,73.60883285849702,Красный,1.0413402954022075,Выше
2022-01-28 00:30:00+05:00,72.64,71.90603622495006,Вверх,1.0207262332661742,True,0.2221129890203741,0.3324526931206393,-0.1103397041002652,False,73.60883285849702,Красный,0.7339637750499435,Выше
2022-01-28 01:00:00+05:00,72.7,71.91393636201522,Вверх,1.0930616202508125,True,0.2012280166433413,0.3062077578251798,-0.10497974118183848,False,73.60883285849702,Красный,0.7860636379847818,Выше
2022-01-28 01:30:00+05:00,72.64,71.92116087582602,Вверх,0.9994820931979657,True,0.1777856249901646,0.2805233312581767,-0.1027377062680121,False,73.4150094884599,Красный,0.7188391241739822,Выше
2022-01-28 12:00:00+05:00,72.69,71.92881101636506,Вверх,1.0582532546822634,True,0.1613816358033233,0.256694992167206,-0.09531335636388269,False,73.4150094884599,Красный,0.7611889836349377,Выше
2022-01-28 12:30:00+05:00,72.5,71.93449448883904,Вверх,0.7861395498493493,True,0.1315337054056158,0.231662734814888,-0.10012902940927221,False,73.4150094884599,Красный,0.5655055111609641,Выше
2022-01-28 13:00:00+05:00,72.06,71.93574329989536,Вверх,0.17273290634757218,True,0.0715499000466621,0.1996401678612428,-0.12809026781458072,False,73.4150094884599,Красный,0.12425670010463818,Выше
2022-01-28 13:30:00+05:00,72.445,71.94081053074218,Вверх,0.7008392948844473,True,0.0544509083831314,0.1706023159656206,-0.11615140758248918,False,73.07579472537854,Красный,0.5041894692578097,Выше
2022-01-28 14:00:00+05:00,72.73,71.94866316227709,Вверх,1.0859643576151607,True,0.0631687820554987,0.1491156091835962,-0.08594682712809751,False,73.07579472537854,Красный,0.7813368377229182,Выше
2022-01-28 14:30:00+05:00,72.645,71.95559188703055,Вверх,0.9581022056656949,True,0.0624985260203914,0.1317921925509552,-0.06929366653056379,False,73.07579472537854,Красный,0.6894081129694456,Выше
2022-01-28 15:00:00+05:00,72.61,71.9621034105427,Вверх,0.9003302554416226,True,0.0584691399413657,0.1171275820290373,-0.0586584420876716,False,73.07579472537854,Красный,0.6478965894573037,Выше
2022-01-28 15:30:00+05:00,72.67,71.96914715770149,Вверх,0.9738240203997159,True,0.0594322233274198,0.1055885102887138,-0.046156286961294,False,73.07579472537854,Красный,0.7008528422985165,Выше
2022-01-28 16:00:00+05:00,72.825,71.97766310638107,Вверх,1.17722201173243,True,0.0718741579081978,0.0988456398126106,-0.0269714819044128,False,73.07579472537854,Красный,0.8473368936189303,Выше
2022-01-28 16:30:00+05:00,72.695,71.98480078691459,Вверх,0.9865960665609053,True,0.0704326632588561,0.0931630445018597,-0.022730381243003597,False,73.07579472537854,Красный,0.7101992130854029,Выше
2022-01-28 17:00:00+05:00,72.5,71.98992714724379,Вверх,0.7085336420926471,True,0.0529450801203807,0.0851194516255639,-0.03217437150518321,False,73.07579472537854,Красный,0.5100728527562097,Выше
2022-01-28 17:30:00+05:00,72.685,71.9968432950324,Вверх,0.9558151072646786,True,0.0533984542412753,0.0787752521487062,-0.0253767979074309,False,73.07579472537854,Красный,0.6881567049675965,Выше
2022-01-28 18:00:00+05:00,72.525,72.0020985856291,Вверх,0.7262307969385665,True,0.0403815997292724,0.0710965216648194,-0.030714921935547007,False,73.07579472537854,Красный,0.5229014143709065,Выше
2022-01-28 18:30:00+05:00,72.595,72.00799810219,Вверх,0.815189858461216,True,0.0353070658554344,0.0639386305029424,-0.028631564647508004,False,73.07579472537854,Красный,0.5870018978099978,Выше
2022-01-28 19:00:00+05:00,72.69,72.01478419072542,Вверх,0.9376072106059787,True,0.0385072793063443,0.0588523602636228,-0.020345080957278494,False,73.07579472537854,Красный,0.6752158092745759,Выше
2022-01-28 19:30:00+05:00,72.44,72.01901519380279,Вверх,0.5845467409743706,True,0.0206327197102638,0.051208432152951,-0.030575712442687197,False,73.07579472537854,Красный,0.420984806197211,Выше
2022-01-28 20:00:00+05:00,72.485,72.02365185854107,Вверх,0.6405508878736721,True,0.0099830480072427,0.0429633553238093,-0.0329803073165666,False,73.07579472537854,Красный,0.46134814145892733,Выше
2022-01-28 20:30:00+05:00,72.675,72.03013293457549,Вверх,0.8952740181810229,True,0.0166822163537858,0.0377071275298046,-0.021024911176018804,False,73.07579472537854,Красный,0.6448670654245063,Выше
2022-01-28 21:00:00+05:00,72.615,72.03595250736579,Вверх,0.8038312432600849,True,0.0169544170087192,0.0335565854255876,-0.0166021684168684,False,73.07579472537854,Красный,0.5790474926342029,Выше
2022-01-28 21:30:00+05:00,72.685,72.04241069137211,Вверх,0.8919597532358086,True,0.0225585124847214,0.0313569708374143,-0.008798458352692901,False,73.07579472537854,Красный,0.6425893086278904,Выше
2022-01-28 22:00:00+05:00,72.515,72.04711307255249,Вверх,0.6494180092633831,True,0.0131308549518536,0.0277117476603022,-0.0145808927084486,False,73.07579472537854,Красный,0.46788692744750904,Выше
2022-01-28 22:30:00+05:00,72.615,72.052763688746,Вверх,0.7803119304108158,True,0.0135720821844671,0.0248838145651352,-0.0113117323806681,False,73.07579472537854,Красный,0.5622363112539972,Выше
2022-01-28 23:00:00+05:00,72.6,72.05820882617141,Вверх,0.751879879689443,True,0.012566524236405,0.0224203564993891,-0.009853832262984098,False,73.07579472537854,Красный,0.5417911738285852,Выше
2022-01-28 23:30:00+05:00,72.64,72.06399779307519,Вверх,0.7992926073554051,True,0.0148263688727041,0.0209015589740521,-0.006075190101348001,False,73.07579472537854,Красный,0.5760022069248123,Выше
2022-01-29 00:00:00+05:00,72.345,72.06679383493514,Вверх,0.3860393258260856,True,-0.0071048225817378,0.0153002826628941,-0.0224051052446319,False,73.04351072737109,Красный,0.2782061650648586,Выше
2022-01-29 00:30:00+05:00,72.2,72.0681192694134,Вверх,0.18299455005005724,True,-0.0357733649169063,0.005085553146934,-0.0408589180638403,False,72.84515965463397,Красный,0.13188073058660166,Выше
2022-01-29 01:00:00+05:00,72.3,72.07042654036451,Вверх,0.31854044808089454,True,-0.0498495919325847,-0.0059014758689696,-0.0439481160636151,False,72.79764368917058,Красный,0.22957345963548903,Выше
2022-01-29 01:30:00+05:00,72.09,72.0706213011569,Вверх,0.026888485895136222,True,-0.0770620251564651,-0.0201335857264687,-0.0569284394299964,False,72.72512932025353,Красный,0.01937869884309862,Выше
2022-01-31 12:00:00+05:00,73.19,72.08175939766281,Вверх,1.5374771809095493,True,-0.0097548201306523,-0.0180578326073054,0.0083030124766531,Ниже,72.18288361177184,Зелёный,1.1082406023371902,Выше
2022-01-31 12:30:00+05:00,73.36,72.09447820962637,Вверх,1.7553657669785974,True,0.0566511646631369,-0.003116033153217,0.0597671978163539,False,72.65559525059464,Зелёный,1.2655217903736258,Выше
2022-01-31 13:00:00+05:00,73.305,72.10652320256541,Вверх,1.6620920607526322,True,0.103645583921363,0.018236290261699,0.085409293659664,False,72.65559525059464,Зелёный,1.1984767974345942,Выше
2022-01-31 13:30:00+05:00,73.6,72.12138366821154,Вверх,2.050177432244937,True,0.1628161906459411,0.0471522703385474,0.1156639203073937,False,72.72793215298168,Зелёный,1.4786163317884586,Выше
2022-01-31 14:00:00+05:00,73.47,72.13480273618953,Вверх,1.8509751370549075,True,0.1969491025737966,0.0771116367855972,0.11983746578819941,False,72.8741389376835,Зелёный,1.3351972638104712,Выше
2022-01-31 14:30:00+05:00,73.205,72.14545146518267,Вверх,1.468628324169073,True,0.2003073771318071,0.1017507848548392,0.0985565922769679,False,72.8741389376835,Зелёный,1.0595485348173241,Выше
2022-01-31 15:00:00+05:00,72.855,72.15251164960871,Вверх,0.9736159342626314,True,0.1727355708495537,0.1159477420537821,0.056787828795771614,False,73.69437246047636,Красный,0.7024883503912918,Выше
2022-01-31 15:30:00+05:00,72.885,72.15980009090615,Вверх,1.0049915717342075,True,0.1515583941799718,0.1230698724790201,0.028488521700951702,False,73.47268521442874,Красный,0.7251999090938597,Выше
2022-01-31 16:00:00+05:00,72.605,72.16422994074789,Вверх,0.6107874491476194,True,0.1109032455735672,0.1206365470979295,-0.00973330152436229,Выше,73.47268521442874,Красный,0.44077005925211665,Выше
2022-01-31 16:30:00+05:00,72.575,72.16831720501906,Вверх,0.5635198529371481,True,0.0753939041232598,0.1115880185029956,-0.0361941143797358,False,73.20422502368727,Красный,0.40668279498093796,Выше
2022-01-31 17:00:00+05:00,72.87,72.17529912337709,Вверх,0.9625188742694224,True,0.0702467687519714,0.1033197685527907,-0.03307299980081929,False,73.20422502368727,Красный,0.6947008766229175,Выше
2022-01-31 17:30:00+05:00,73.17,72.18519664453753,Вверх,1.3642732876547452,True,0.0893452037886675,0.1005248555999661,-0.011179651811298597,False,73.20422502368727,Красный,0.9848033554624749,Выше
2022-01-31 18:00:00+05:00,73.2,72.19529419036303,Вверх,1.3916499972806908,True,0.1056833485748143,0.1015565541949357,0.004126794379878604,Выше,73.20422502368727,Красный,1.0047058096369739,Выше
2022-01-31 18:30:00+05:00,72.52,72.19852509394151,Вверх,0.4452651984790475,True,0.0630345064719364,0.0938521446503359,-0.030817638178399498,Выше,73.20422502368727,Красный,0.3214749060584836,Выше
2022-01-31 19:00:00+05:00,72.78,72.2043109139023,Вверх,0.7973056993565918,True,0.0496425702776974,0.0850102297758082,-0.035367659498110805,False,73.20422502368727,Красный,0.5756890860976966,Выше
2022-01-31 19:30:00+05:00,72.9,72.21123319336597,Вверх,0.9538222464497562,True,0.0481572348517005,0.0776396307909866,-0.029482395939286095,False,73.20422502368727,Красный,0.6887668066340353,Выше
2022-01-31 20:00:00+05:00,72.2,72.21112142029766,Вниз,0.01540125686862607,True,-0.0093957457225428,0.0602325554882807,-0.0696283012108235,False,73.20422502368727,Красный,-0.011121420297655504,Ниже
2022-01-31 20:30:00+05:00,72.135,72.21036399323002,Вниз,0.1043672806261977,True,-0.0595652234291605,0.0362729997047925,-0.095838223133953,False,73.16277040308384,Красный,-0.0753639932300132,Ниже
2022-01-31 21:00:00+05:00,72.27,72.21095738633221,Вверх,0.0817640643537018,True,-0.0874237575476968,0.0115336482542946,-0.09895740580199139,False,72.97349336277547,Красный,0.05904261366778485,Выше
2022-01-31 21:30:00+05:00,72.355,72.21239064616971,Вверх,0.19748598897529968,True,-0.1014733354747789,-0.01106774849152,-0.0904055869832589,False,72.97349336277547,Красный,0.14260935383029505,Выше
2022-01-31 22:00:00+05:00,72.405,72.21430715715309,Вверх,0.2640651836926549,True,-0.1073358442726259,-0.0303213676477412,-0.0770144766248847,False,72.97349336277547,Красный,0.19069284284691435,Выше
2022-01-31 22:30:00+05:00,72.445,72.2166026083257,Вверх,0.3162671510774737,True,-0.1075148942507553,-0.045760072968344,-0.061754821282411304,False,72.97349336277547,Красный,0.2283973916742923,Выше
2022-01-31 23:00:00+05:00,72.47,72.21912397540703,Вверх,0.347381705541597,True,-0.1044356326182196,-0.0574951848983192,-0.0469404477199004,False,72.97349336277547,Красный,0.2508760245929693,Выше
2022-01-31 23:30:00+05:00,72.645,72.22336154779104,Вверх,0.5837978781006331,True,-0.0868728420785629,-0.0633707163343679,-0.023502125744194996,False,72.97349336277547,Красный,0.4216384522089527,Выше
2022-02-01 00:00:00+05:00,72.565,72.22676093537521,Вверх,0.4683015827435844,True,-0.0785045834839337,-0.0663974897642811,-0.0121070937196526,False,72.97349336277547,Красный,0.33823906462478703,Выше
2022-02-01 00:30:00+05:00,72.34,72.22788769223715,Вверх,0.15522024988542793,True,-0.0890023343458636,-0.0709184586805976,-0.018083875665266008,False,72.89889067583609,Красный,0.11211230776285674,Выше
2022-02-01 01:00:00+05:00,72.445,72.23004801370743,Вверх,0.2975935807930919,True,-0.0878367279346008,-0.0743021125313982,-0.013534615403202596,False,72.86000160825246,Красный,0.21495198629256151,Выше
2022-02-01 01:30:00+05:00,72.42,72.23193808322279,Вверх,0.2603583979160822,True,-0.087916817180087,-0.077025053461136,-0.010891763718950995,False,72.86000160825246,Красный,0.1880619167772153,Выше
2022-02-01 12:00:00+05:00,72.265,72.23226705751908,Вверх,0.045316233055310046,True,-0.0993423364786281,-0.0814885100646344,-0.017853826413993704,False,72.83550130268449,Красный,0.03273294248091929,Выше
2022-02-01 12:30:00+05:00,72.485,72.23478181316567,Вверх,0.34639571208440484,True,-0.0896119902142089,-0.0831132060945493,-0.006498784119659609,False,72.81145117241604,Красный,0.2502181868343314,Выше
2022-02-01 13:00:00+05:00,72.685,72.23926159611925,Вверх,0.6170306756079836,True,-0.0650128643350882,-0.0794931377426571,0.014480273407568897,Ниже,72.81145117241604,Красный,0.44573840388075325,Выше
2022-02-01 13:30:00+05:00,72.48,72.24165700312304,Вверх,0.3299245985825913,True,-0.0613524339245401,-0.0758649969790337,0.014512563054493603,False,72.81145117241604,Красный,0.23834299687696614,Выше
2022-02-01 14:00:00+05:00,72.28,72.24203852548003,Вверх,0.05254762364794759,True,-0.0737398182590283,-0.0754399612350326,0.0017001429760043069,False,72.81145117241604,Красный,0.03796147451997456,Выше
2022-02-01 14:30:00+05:00,72.53,72.24490381378371,Вверх,0.3946246325569879,True,-0.0626616741534604,-0.0728843038187182,0.010222629665257804,False,72.81145117241604,Красный,0.2850961862162933,Выше
2022-02-01 15:00:00+05:00,72.605,72.24848686041274,Вверх,0.49345412627957613,True,-0.0472852173852231,-0.0677644865320192,0.020479269146796104,False,72.81145117241604,Красный,0.35651313958726405,Выше
2022-02-01 15:30:00+05:00,72.395,72.24994470259769,Вверх,0.2007687313802095,True,-0.0514514097476137,-0.0645018711751381,0.013050461427524404,False,72.81145117241604,Красный,0.14505529740230827,Выше
2022-02-01 16:00:00+05:00,72.525,72.25268157122856,Вверх,0.37689733148932775,True,-0.0437588093506491,-0.0603532588102403,0.016594449459591196,False,72.81145117241604,Красный,0.27231842877144175,Выше
2022-02-01 16:30:00+05:00,72.555,72.25568971479844,Вверх,0.4142376695634396,True,-0.0348400049444705,-0.0552506080370863,0.020410603092615796,False,72.81145117241604,Красный,0.299310285201571,Выше
2022-02-01 17:00:00+05:00,72.295,72.25608086191487,Вверх,0.05386278583184004,True,-0.0481960413220292,-0.0538396946940749,0.005643653372045705,False,72.81145117241604,Красный,0.038919138085134364,Выше
2022-02-01 17:30:00+05:00,72.07,72.25422931105004,Вниз,0.254973740370201,True,-0.0760596476996369,-0.0582836852951873,-0.017775962404449598,Ниже,72.76795152056759,Красный,-0.18422931105004636,Ниже
2022-02-01 18:00:00+05:00,72.375,72.25543100944756,Вверх,0.16548097337735568,True,-0.0726928475943538,-0.0611655177550206,-0.011527329839333196,False,72.76795152056759,Красный,0.11956899055243753,Выше
2022-02-01 18:30:00+05:00,72.285,72.25572522825904,Вверх,0.04051550468627638,True,-0.0764061199039503,-0.0642136381848065,-0.012192481719143791,False,72.76795152056759,Красный,0.029274771740958272,Выше
2022-02-01 19:00:00+05:00,72.255,72.25571801205746,Вниз,0.0009937096706199447,True,-0.0808378162159755,-0.0675384737910403,-0.01329934242493519,False,72.76795152056759,Красный,-0.0007180120574616922,Ниже
2022-02-01 19:30:00+05:00,71.75,72.25068599203698,Вниз,0.6929844127599843,True,-0.1236736145662433,-0.0787655019460809,-0.04490811262016241,False,72.4552549926444,Красный,-0.5006859920369777,Ниже
2022-02-01 20:00:00+05:00,71.665,72.24485827072319,Вниз,0.8026291207469404,True,-0.1626056660991821,-0.0955335347767012,-0.06707213132248088,False,72.11397949337997,Красный,-0.5798582707231787,Ниже
2022-02-01 20:30:00+05:00,71.76,72.24003381031798,Вниз,0.6644983190046819,True,-0.1836765820739998,-0.1131621442361609,-0.07051443783783891,False,72.11397949337997,Красный,-0.4800338103179769,Ниже
2022-02-01 21:00:00+05:00,71.89,72.23655088683223,Вниз,0.47974450963910126,True,-0.1877215836830572,-0.1280740321255402,-0.059647551557517,False,72.11397949337997,Красный,-0.3465508868322331,Ниже
2022-02-01 21:30:00+05:00,71.68,72.23101306706276,Вниз,0.7628483163473943,True,-0.2055036039330673,-0.1435599464870456,-0.061943657446021705,False,72.11397949337997,Красный,-0.5510130670627547,Ниже
2022-02-01 22:00:00+05:00,71.32,72.22194826042532,Вниз,1.2488561748195863,True,-0.2458114134858533,-0.1640102398868072,-0.0818011735990461,False,72.0804231956066,Красный,-0.9019482604253284,Ниже
2022-02-01 22:30:00+05:00,71.445,72.21421743196338,Вниз,1.0651883511555071,True,-0.2646188265145497,-0.1841319572123557,-0.08048686930219401,False,71.98763087604593,Красный,-0.7692174319633835,Ниже
2022-02-01 23:00:00+05:00,71.465,72.20676253214285,Вниз,1.0272757095467997,True,-0.2747429384143487,-0.2022541534527543,-0.07248878496159442,False,71.98763087604593,Красный,-0.7417625321428432,Ниже
2022-02-01 23:30:00+05:00,71.29,72.19764051689764,Вниз,1.2571609132921717,True,-0.2935040752200137,-0.2205041378062062,-0.0729999374138075,False,71.9348810095972,Красный,-0.9076405168976294,Ниже
2022-02-02 00:00:00+05:00,71.38,72.18950479036134,Вниз,1.121360774966043,True,-0.2976787086122527,-0.2359390519674155,-0.061739656644837215,False,71.84864290863749,Красный,-0.8095047903613448,Ниже
2022-02-02 00:30:00+05:00,71.435,72.1819972800095,Вниз,1.03488031387069,True,-0.2931696184368206,-0.2473851652612965,-0.0457844531755241,False,71.84864290863749,Красный,-0.7469972800094951,Ниже
2022-02-02 01:00:00+05:00,71.4,72.17421621254672,Вниз,1.0727047042211308,True,-0.2890879139582125,-0.2557257150006797,-0.033362198957532785,False,71.84864290863749,Красный,-0.7742162125467189,Ниже
2022-02-02 01:30:00+05:00,71.595,72.16845286714826,Вниз,0.7946032433366784,True,-0.2670399926264224,-0.2579885705258283,-0.00905142210059412,False,71.84864290863749,Красный,-0.5734528671482622,Ниже
2022-02-02 12:00:00+05:00,71.935,72.16612995304729,Вниз,0.320274834188371,True,-0.2196002822653326,-0.2503109128737292,0.0307106306083966,Ниже,71.51768888764295,Зелёный,-0.23112995304728656,Ниже
2022-02-02 12:30:00+05:00,71.39,72.15840726694732,Вниз,1.064889450933454,True,-0.2234056341788459,-0.2449298571347525,0.021524222955906586,False,72.25283000112135,Красный,-0.768407266947321,Ниже
2022-02-02 13:00:00+05:00,70.875,72.14563704538567,Вниз,1.7612112075278117,True,-0.2649237231802459,-0.2489286303438512,-0.015995092836394664,Ниже,71.79379700100921,Красный,-1.2706370453856692,Ниже
2022-02-02 13:30:00+05:00,71.225,72.13647647776989,Вниз,1.2635444954825075,True,-0.266512838800395,-0.25244547203516,-0.014067366765235012,False,71.69141730090828,Красный,-0.9114764777698952,Ниже
2022-02-02 14:00:00+05:00,71.03,72.12546676157318,Вниз,1.5188349008464481,True,-0.2802762446133187,-0.2580116265507918,-0.022264618062526886,False,71.69141730090828,Красный,-1.095466761573178,Ниже
2022-02-02 14:30:00+05:00,70.875,72.11302430623415,Вниз,1.7167832276410646,True,-0.3002301808529211,-0.2664553374112177,-0.033774843441703395,False,71.58812301373572,Красный,-1.238024306234152,Ниже
2022-02-02 15:00:00+05:00,71.36,72.10553152706765,Вниз,1.033944984911165,True,-0.273752721429787,-0.2679148142149316,-0.005837907214855442,False,71.58812301373572,Красный,-0.745531527067655,Ниже
2022-02-02 15:30:00+05:00,71.715,72.10164564122618,Вниз,0.536250785661826,True,-0.2215694957116056,-0.2586457505142664,0.0370762548026608,Ниже,70.87154535887406,Зелёный,-0.38664564122618117,Ниже
2022-02-02 16:00:00+05:00,71.42,72.09486309753238,Вниз,0.9360765365757098,True,-0.2016929570923906,-0.2472551918298912,0.045562234737500595,False,70.87154535887406,Зелёный,-0.6748630975323806,Ниже
2022-02-02 16:30:00+05:00,71.475,72.08869530551713,Вниз,0.8513058849466688,True,-0.1794342107999114,-0.2336909956238952,0.0542567848239838,False,70.87154535887406,Зелёный,-0.6136953055171404,Ниже
2022-02-02 17:00:00+05:00,71.56,72.083434655711,Вниз,0.7261511028311268,True,-0.1531695610174921,-0.2175867087026146,0.0644171476851225,False,70.96920906661919,Зелёный,-0.5234346557110001,Ниже
2022-02-02 17:30:00+05:00,71.245,72.07509202232085,Вниз,1.1517044224706234,True,-0.1559745270168235,-0.2052642723654564,0.049289745348632924,False,70.96920906661919,Зелёный,-0.8300920223208408,Ниже
2022-02-02 18:00:00+05:00,71.2,72.06638463901417,Вниз,1.2022035562821083,True,-0.1599844060531552,-0.1962082991029962,0.036223893049841,False,70.96920906661919,Зелёный,-0.8663846390141714,Ниже
2022-02-02 18:30:00+05:00,70.89,72.05467931922298,Вниз,1.6163826280637776,True,-0.1860322097875695,-0.1941730812399109,0.00814087145234138,False,71.69867159043461,Красный,-1.1646793192229836,Ниже
2022-02-02 19:00:00+05:00,70.935,72.04353823146953,Вниз,1.5387059806916872,True,-0.2007302644536963,-0.195484517882668,-0.0052457465710283036,Ниже,71.56105443139114,Красный,-1.1085382314695238,Ниже
2022-02-02 19:30:00+05:00,70.54,72.02857765205192,Вниз,2.066648683863758,True,-0.2414682814775375,-0.2046812706016419,-0.03678701087589559,False,71.32894898825204,Красный,-1.4885776520519158,Ниже
2022-02-02 20:00:00+05:00,70.04,72.00879080974295,Вниз,2.734097861669078,True,-0.3105197958810777,-0.2258489756575291,-0.0846708202235486,False,70.83255408942682,Красный,-1.9687908097429414,Ниже
2022-02-02 20:30:00+05:00,69.975,71.9885540852679,Вниз,2.7970475457569477,True,-0.3662664832812368,-0.2539324771822706,-0.11233400609896621,False,70.73254868048416,Красный,-2.0135540852678986,Ниже
2022-02-02 21:00:00+05:00,70.24,71.97115553715577,Вниз,2.405346314416262,True,-0.3846290847112072,-0.280071798688058,-0.10455728602314923,False,70.73254868048416,Красный,-1.7311555371557716,Ниже
2022-02-02 21:30:00+05:00,70.18,71.953333094,Вниз,2.4645600387730586,True,-0.3994188256069435,-0.3039412040718351,-0.09547762153510836,False,70.73254868048416,Красный,-1.7733330939999945,Ниже
2022-02-02 22:00:00+05:00,70.34,71.93728002838807,Вниз,2.220378679535489,True,-0.3936909151906889,-0.3218911462956059,-0.071799768895083,False,70.73254868048416,Красный,-1.5972800283880701,Ниже
2022-02-02 22:30:00+05:00,70.495,71.92292898332948,Вниз,1.9853598894178093,True,-0.3723520575689321,-0.3319833285502711,-0.04036872901866101,False,70.73254868048416,Красный,-1.4279289833294797,Ниже
2022-02-02 23:00:00+05:00,70.3,71.90678043623167,Вниз,2.2345325802155718,True,-0.3669458066394071,-0.3389758241680983,-0.02796998247130883,False,70.73254868048416,Красный,-1.6067804362316735,Ниже
2022-02-02 23:30:00+05:00,70.41,71.89188709855773,Вниз,2.061271665502663,True,-0.349753492587638,-0.3411313578520063,-0.00862213473563167,False,70.73254868048416,Красный,-1.4818870985577348,Ниже
2022-02-03 00:00:00+05:00,70.38,71.87684344583577,Вниз,2.0825113820750287,True,-0.3346910984720068,-0.3398433059760065,0.005152207503999695,Ниже,70.73254868048416,Красный,-1.496843445835779,Ниже
2022-02-03 00:30:00+05:00,70.26,71.86075545134985,Вниз,2.2275794921660146,True,-0.3286485834415629,-0.3376043614691177,0.008955778027554817,False,70.73254868048416,Красный,-1.6007554513498405,Ниже
2022-02-03 01:00:00+05:00,70.155,71.84378276029165,Вниз,2.3506317393201654,True,-0.3285452046178108,-0.3357925300988564,0.007247325481045619,False,70.70791285455196,Красный,-1.6887827602916445,Ниже
2022-02-03 01:30:00+05:00,69.995,71.82538691193054,Вниз,2.5483843396136248,True,-0.3374836376804779,-0.3361307516151807,-0.0013528860652972097,Ниже,70.52162156909678,Красный,-1.8303869119305318,Ниже
2022-02-03 12:00:00+05:00,69.93,71.80652734066754,Вниз,2.6133102520956575,True,-0.3458259013315086,-0.3380697815584463,-0.007756119773062287,False,70.2022094121871,Красный,-1.8765273406675362,Ниже
2022-02-03 12:30:00+05:00,69.81,71.78666139697931,Вниз,2.7535218361087974,True,-0.3579934765415089,-0.3420545205550589,-0.01593895598645001,False,70.2022094121871,Красный,-1.9766613969793099,Ниже
2022-02-03 13:00:00+05:00,70.12,71.77007770148698,Вниз,2.299116504165065,True,-0.3387174345944572,-0.3413871033629386,0.0026696687684814036,Ниже,70.2022094121871,Красный,-1.6500777014869783,Ниже
2022-02-03 13:30:00+05:00,70.03,71.75276349550204,Вниз,2.40097163032617,True,-0.3269345819624902,-0.3384965990828489,0.011562017120358703,False,70.2022094121871,Красный,-1.7227634955020363,Ниже
2022-02-03 14:00:00+05:00,69.96,71.73492505276073,Вниз,2.4742829959817843,True,-0.319561297627331,-0.3347095387917453,0.015148241164414322,False,70.2022094121871,Красный,-1.7749250527607359,Ниже
2022-02-03 14:30:00+05:00,69.485,71.71253773880291,Вниз,3.106204032154354,True,-0.348034521608298,-0.3373745353550559,-0.010659986253242104,Ниже,70.2022094121871,Красный,-2.2275377388029085,Ниже
2022-02-03 15:00:00+05:00,69.66,71.6921144777203,Вниз,2.8345020823061615,True,-0.3524162837402969,-0.3403828850321041,-0.012033398708192755,False,70.15366924222212,Красный,-2.032114477720299,Ниже
2022-02-03 15:30:00+05:00,69.9,71.67428249286736,Вниз,2.4754799506279315,True,-0.3326878491287317,-0.3388438778514296,0.006156028722697882,Ниже,70.15366924222212,Красный,-1.774282492867357,Ниже
2022-02-03 16:00:00+05:00,70.05,71.65812047801298,Вниз,2.244156652847742,True,-0.3014739718788775,-0.3313698966569192,0.029895924778041705,False,70.15366924222212,Красный,-1.608120478012978,Ниже
2022-02-03 16:30:00+05:00,70.085,71.64246753793326,Вниз,2.1739445770884642,True,-0.2707910313340846,-0.3192541235923523,0.04846309225826767,False,70.15366924222212,Красный,-1.5574675379332632,Ниже
2022-02-03 17:00:00+05:00,70.23,71.62841313457074,Вниз,1.952316229515632,True,-0.2320988012054385,-0.3018230591149696,0.0697242579095311,False,69.58539936017806,Зелёный,-1.3984131345707311,Ниже
2022-02-03 17:30:00+05:00,70.15,71.6137025561173,Вниз,2.043886161269659,True,-0.2055211416892035,-0.2825626756298164,0.07704153394061292,False,69.59360942416026,Зелёный,-1.4637025561172976,Ниже
2022-02-03 18:00:00+05:00,70.19,71.59953636152908,Вниз,1.9686389509729163,True,-0.1791651846130832,-0.2618831774264697,0.08271799281338651,False,69.76974848174423,Зелёный,-1.409536361529078,Ниже
2022-02-03 18:30:00+05:00,70.12,71.584814606688,Вниз,2.04626444132907,True,-0.1620582075920538,-0.2419181834595866,0.0798599758675328,False,69.76974848174423,Зелёный,-1.4648146066879946,Ниже
2022-02-03 19:00:00+05:00,70.13,71.57033883945728,Вниз,2.0124801178993623,True,-0.1460107673893276,-0.2227367002455348,0.07672593285620719,False,69.76974848174423,Зелёный,-1.440338839457283,Ниже
2022-02-03 19:30:00+05:00,70.35,71.5581961644378,Вниз,1.6884105933322062,True,-0.1142241886847585,-0.2010341979333796,0.08681000924862109,False,69.80575914319155,Зелёный,-1.2081961644378083,Ниже
2022-02-03 20:00:00+05:00,70.53,71.54796535683145,Вниз,1.422773312636566,True,-0.0736594995152586,-0.1755592582497554,0.1018997587344968,False,70.04318322887238,Зелёный,-1.0179653568314535,Ниже
2022-02-03 20:30:00+05:00,70.6,71.53853286571871,Вниз,1.3119263537042125,True,-0.0354545778067745,-0.1475383221611592,0.1120837443543847,False,70.05636490598515,Зелёный,-0.9385328657187131,Ниже
2022-02-03 21:00:00+05:00,70.69,71.53008975262698,Вниз,1.1744564497713739,True,0.0020615811136082,-0.1176183415062057,0.1196799226198139,False,70.12197841538664,Зелёный,-0.8400897526269802,Ниже
2022-02-03 21:30:00+05:00,70.34,71.51824806354611,Вниз,1.6474789238394068,True,0.0035108613946732,-0.0933925009260299,0.0969033623207031,False,70.12197841538664,Зелёный,-1.178248063546107,Ниже
2022-02-03 22:00:00+05:00,70.405,71.50717096838645,Вниз,1.541343271535269,True,0.0097915127670802,-0.0727556981874079,0.08254721095448811,False,70.12197841538664,Зелёный,-1.1021709683864458,Ниже
2022-02-03 22:30:00+05:00,70.425,71.49640309805424,Вниз,1.4985412575019532,True,0.0161961084261861,-0.0549653368646891,0.0711614452908752,False,70.12197841538664,Зелёный,-1.0714030980542475,Ниже
2022-02-03 23:00:00+05:00,70.445,71.48594137568556,Вниз,1.4561483777838549,True,0.0226248245872966,-0.0394473045742919,0.062072129161588496,False,70.12197841538664,Зелёный,-1.0409413756855628,Ниже
2022-02-03 23:30:00+05:00,70.53,71.47642952120113,Вниз,1.3241141555908273,True,0.0341843620401647,-0.0247209712514006,0.058905333291565304,False,70.12197841538664,Зелёный,-0.9464295212011251,Ниже
2022-02-04 00:00:00+05:00,70.505,71.46676355581604,Вниз,1.3457494196794075,True,0.0408571123289789,-0.0116053545353247,0.0524624668643036,False,70.12197841538664,Зелёный,-0.9617635558160487,Ниже
2022-02-04 00:30:00+05:00,70.415,71.45629824680296,Вниз,1.4572518761137216,True,0.0384399552922474,-0.0015962925698102,0.040036247862057596,False,70.12197841538664,Зелёный,-1.0412982468029526,Ниже
2022-02-04 01:00:00+05:00,70.59,71.4476783637502,Вниз,1.2004285980905283,True,0.0500682230806717,0.0087366105602861,0.0413316125203856,False,70.12197841538664,Зелёный,-0.8576783637501961,Ниже
2022-02-04 01:30:00+05:00,70.89,71.44212932530492,Вниз,0.7728343633080277,True,0.0825397351874812,0.0234972354857251,0.059042499701756096,False,70.15200441772154,Зелёный,-0.552129325304918,Ниже
2022-02-04 12:00:00+05:00,70.31,71.43086435689393,Вниз,1.569159728060543,True,0.0607719485453799,0.0309521780976561,0.0298197704477238,False,70.15200441772154,Зелёный,-1.1208643568939323,Ниже
2022-02-04 12:30:00+05:00,70.46,71.42120401503429,Вниз,1.3458244344802175,True,0.0549906689990535,0.0357598762779356,0.019230792721117898,False,70.15200441772154,Зелёный,-0.9612040150342978,Ниже
2022-02-04 13:00:00+05:00,71.11,71.41810745767077,Вниз,0.43141364093606954,True,0.1016863540382786,0.0489451718300042,0.052741182208274395,False,70.30916372051901,Зелёный,-0.3081074576707721,Ниже
2022-02-04 13:30:00+05:00,71.565,71.41956907500739,Вверх,0.20362895894803426,True,0.1734087699061746,0.0738378914452383,0.0995708784609363,False,70.76524734846708,Зелёный,0.1454309249926098,Выше
2022-02-04 14:00:00+05:00,71.825,71.42360321356453,Вверх,0.5619945905490775,True,0.2483661182937737,0.1087435368149453,0.1396225814788284,False,71.06822261362038,Зелёный,0.4013967864354697,Выше
2022-02-04 14:30:00+05:00,71.925,71.42859223631514,Вверх,0.6949706667079988,True,0.3122402104117441,0.1494428715343051,0.162797338877439,False,71.33990035225837,Зелёный,0.4964077636848572,Выше
2022-02-04 15:00:00+05:00,72.005,71.43432763694882,Вверх,0.7988769292426259,True,0.3651074881633036,0.1925757948601048,0.17253169330319879,False,71.33990035225837,Зелёный,0.5706723630511732,Выше
2022-02-04 15:30:00+05:00,71.525,71.4352298495165,Вверх,0.12566649631086793,True,0.3640763526334609,0.226875906414776,0.13720044621868488,False,71.33990035225837,Зелёный,0.08977015048350268,Выше
2022-02-04 16:00:00+05:00,71.23,71.43318776146162,Вниз,0.2844444827803708,True,0.3355867011199649,0.2486180653558138,0.08696863576415112,False,72.08615264320366,Красный,-0.20318776146162065,Ниже
2022-02-04 16:30:00+05:00,71.2,71.43086748522818,Вниз,0.3232040899908113,True,0.3070482368160014,0.2603040996478514,0.04674413716815001,False,72.08615264320366,Красный,-0.23086748522817402,Ниже
2022-02-04 17:00:00+05:00,71.175,71.42832154010154,Вниз,0.35465139686828234,True,0.2791956139360678,0.2640824025054947,0.015113211430573092,False,71.92248364099497,Красный,-0.2533215401015383,Ниже
2022-02-04 17:30:00+05:00,70.9,71.42306460935427,Вниз,0.7323469137247841,True,0.2322547200679139,0.2577168660179785,-0.025462145950064602,Выше,71.75648527689548,Красный,-0.5230646093542646,Ниже
2022-02-04 18:00:00+05:00,70.885,71.41771073264428,Вниз,0.7459084408887098,True,0.1916343078342492,0.2445003543812327,-0.052866046546983486,False,71.59633674920592,Красный,-0.5327107326442757,Ниже
2022-02-04 18:30:00+05:00,70.79,71.41146485470752,Вниз,0.8702592167405229,True,0.150046984200074,0.2256096803450009,-0.07556269614492689,False,71.28895307428533,Красный,-0.6214648547075114,Ниже
2022-02-04 19:00:00+05:00,70.87,71.40607714471044,Вниз,0.7507444270100808,True,0.1221361524730184,0.2049149747706044,-0.08277882229758601,False,71.28895307428533,Красный,-0.5360771447104327,Ниже
2022-02-04 19:30:00+05:00,71.03,71.40233508356906,Вниз,0.5214606540994431,True,0.1116403594962918,0.1862600517157419,-0.0746196922194501,False,71.28895307428533,Красный,-0.3723350835690553,Ниже
2022-02-04 20:00:00+05:00,70.96,71.39793373945393,Вниз,0.613370326726893,True,0.0965608594775204,0.1683202132680976,-0.0717593537905772,False,71.28895307428533,Красный,-0.4379337394539391,Ниже
2022-02-04 20:30:00+05:00,70.91,71.39307867736981,Вниз,0.6766463728968509,True,0.0796574237422902,0.1505876553629362,-0.07093023162064599,False,71.28895307428533,Красный,-0.4830786773698179,Ниже
2022-02-04 21:00:00+05:00,71.05,71.38966495918703,Вниз,0.47579010124395027,True,0.0766743054455361,0.1358049853794561,-0.05913067993391999,False,71.28895307428533,Красный,-0.3396649591870329,Ниже
2022-02-04 21:30:00+05:00,71.2,71.38777774566279,Вниз,0.2630390685808873,True,0.0854291352079599,0.1257298153451569,-0.040300680137196995,False,71.28895307428533,Красный,-0.18777774566278538,Ниже
2022-02-04 22:00:00+05:00,71.325,71.3871530914771,Вниз,0.08706481318488167,True,0.101286290888396,0.1208411104538047,-0.019554819565408707,False,70.60563519057385,Зелёный,-0.06215309147710002,Ниже
2022-02-04 22:30:00+05:00,71.395,71.38723117016887,Вверх,0.010882660251386823,True,0.1181397742176386,0.1203008432065715,-0.002161068988932896,False,70.69982167151647,Зелёный,0.007768829831121593,Выше
2022-02-04 23:00:00+05:00,71.36,71.38696021325178,Вниз,0.037766299575224815,True,0.1272057252679985,0.1216818196188569,0.005523905649141597,Выше,70.87758950436482,Зелёный,-0.026960213251783216,Ниже
2022-02-04 23:30:00+05:00,71.465,71.38773672854282,Вверх,0.10823045385369688,True,0.1412351088514043,0.1255924774653664,0.015642631386037914,False,70.88808055392835,Зелёный,0.07726327145718415,Выше
2022-02-05 00:00:00+05:00,71.345,71.3873114874628,Вниз,0.05927031930629275,True,0.1410446246634649,0.1286829069049861,0.012361717758478802,False,70.91302249853551,Зелёный,-0.042311487462797004,Ниже
2022-02-05 00:30:00+05:00,71.365,71.38708948261242,Вниз,0.03094324586213822,True,0.1408834803605003,0.131123021596089,0.009760458764411312,False,70.91302249853551,Зелёный,-0.02208948261242938,Ниже
2022-02-05 01:00:00+05:00,71.4,71.387217945472,Вверх,0.01790524255724105,True,0.1419437407458019,0.1332871654260315,0.008656575319770404,False,70.97484822381375,Зелёный,0.012782054528003073,Выше
2022-02-05 01:30:00+05:00,71.36,71.38694712014393,Вниз,0.0377479654628994,True,0.1379659534038637,0.134222923021598,0.0037430303822656996,False,70.97484822381375,Зелёный,-0.026947120143930192,Ниже
2022-02-07 12:00:00+05:00,70.815,71.3812561040231,Вниз,0.7932840285100872,True,0.0898014082966085,0.1253386200766001,-0.0355372117799916,Выше,71.54117293871086,Красный,-0.5662561040230969,Ниже
2022-02-07 12:30:00+05:00,70.7,71.37447743632137,Вниз,0.9449840622975081,True,0.0418684865368135,0.1086445933686428,-0.0667761068318293,False,71.12380564483976,Красный,-0.6744774363213679,Ниже
2022-02-07 13:00:00+05:00,70.23,71.36308960113409,Вниз,1.5877810328381319,True,-0.0336558081358049,0.0801845130677532,-0.11384032120355811,False,71.00617508035579,Красный,-1.1330896011340883,Ниже
2022-02-07 13:30:00+05:00,70.465,71.35415338619744,Вниз,1.2461130067439505,True,-0.0736972833563953,0.0494081537829235,-0.1231054371393188,False,70.97380757232021,Красный,-0.8891533861974352,Ниже
2022-02-07 14:00:00+05:00,70.585,71.34650011867309,Вниз,1.0673265225434583,True,-0.0946563048727284,0.0205952620517931,-0.1152515669245215,False,70.97380757232021,Красный,-0.7615001186730979,Ниже
2022-02-07 14:30:00+05:00,70.415,71.33723146077585,Вниз,1.2927771962708259,True,-0.1235597399083587,-0.0082357383402372,-0.11532400156812149,False,70.97380757232021,Красный,-0.9222314607758477,Ниже
2022-02-07 15:00:00+05:00,70.52,71.32909980444973,Вниз,1.1343193825071316,True,-0.1364207247378885,-0.0338727356197675,-0.10254798911812099,False,70.97380757232021,Красный,-0.8090998044497297,Ниже
2022-02-07 15:30:00+05:00,70.7,71.32284010490297,Вниз,0.8732687929797496,True,-0.1305833684107398,-0.0532148621779619,-0.07736850623277791,False,70.97380757232021,Красный,-0.6228401049029628,Ниже
2022-02-07 16:00:00+05:00,70.805,71.31768746704324,Вниз,0.7188784230842521,True,-0.1161457431582846,-0.0658010383740265,-0.05034470478425811,False,70.97380757232021,Красный,-0.5126874670432358,Ниже
2022-02-07 16:30:00+05:00,70.77,71.3122378405055,Вниз,0.760371370925503,True,-0.1063026379814715,-0.0739013582955155,-0.032401279685956005,False,70.97380757232021,Красный,-0.542237840505507,Ниже
2022-02-07 17:00:00+05:00,70.66,71.30574791174425,Вниз,0.9056042894936038,True,-0.1061543061423151,-0.0803519478648754,-0.025802358277439694,False,70.97380757232021,Красный,-0.6457479117442517,Ниже
2022-02-07 17:30:00+05:00,70.675,71.29947181311994,Вниз,0.8758435332546588,True,-0.1036317748592949,-0.0850079132637593,-0.0186238615955356,False,70.97380757232021,Красный,-0.6244718131199392,Ниже
2022-02-07 18:00:00+05:00,70.67,71.29320841199437,Вниз,0.874148359817007,True,-0.1008733041975489,-0.0881809914505172,-0.012692312747031712,False,70.97380757232021,Красный,-0.6232084119943693,Ниже
2022-02-07 18:30:00+05:00,70.655,71.28685807953671,Вниз,0.8863598376459952,True,-0.0987591371070522,-0.0902966205818242,-0.008462516525228003,False,70.97380757232021,Красный,-0.6318580795367126,Ниже
2022-02-07 19:00:00+05:00,70.78,71.28181471556123,Вниз,0.7039870092584428,True,-0.0860057681659753,-0.0894384500986545,0.0034326819326792046,Ниже,70.97380757232021,Красный,-0.501814715561224,Ниже
2022-02-07 19:30:00+05:00,70.945,71.27846332535664,Вниз,0.467831810338734,True,-0.0618712965663803,-0.0839250193921996,0.022053722825819293,False,70.97380757232021,Красный,-0.3334633253566466,Ниже
2022-02-07 20:00:00+05:00,70.92,71.27489652609935,Вниз,0.49792639961167395,True,-0.0442517385146601,-0.0759903632166917,0.0317386247020316,False,70.97380757232021,Красный,-0.3548965260993526,Ниже
2022-02-07 20:30:00+05:00,71.2,71.2741512870337,Вниз,0.10403671695097427,True,-0.0076067658130085,-0.0623136437359551,0.054706877922946595,False,70.54156727242525,Зелёный,-0.07415128703370044,Ниже
2022-02-07 21:00:00+05:00,71.015,71.27157266726222,Вниз,0.3599929925217895,True,0.0064325349169394,-0.0485644080053762,0.054996942922315606,False,70.56766054518273,Зелёный,-0.25657266726221906,Ниже
2022-02-07 21:30:00+05:00,70.935,71.26822368549843,Вниз,0.4675627766014161,True,0.0109769154327921,-0.0366561433177425,0.0476330587505346,False,70.56766054518273,Зелёный,-0.3332236854984245,Ниже
2022-02-07 22:00:00+05:00,70.92,71.26475877320492,Вниз,0.48377175358452595,True,0.0132156532679204,-0.0266817840006099,0.0398974372685303,False,70.56766054518273,Зелёный,-0.34475877320491577,Ниже
2022-02-07 22:30:00+05:00,70.945,71.26157709386955,Вниз,0.4442465446036119,True,0.0168133464063515,-0.0179827579192176,0.0347961043255691,False,70.56766054518273,Зелёный,-0.31657709386955446,Ниже
2022-02-07 23:00:00+05:00,70.95,71.2584768242788,Вниз,0.43289842559993674,True,0.0198393071682971,-0.0104183449017146,0.0302576520700117,False,70.6212388336944,Зелёный,-0.30847682427879874,Ниже
2022-02-07 23:30:00+05:00,70.765,71.2535666071218,Вниз,0.6856731955828365,True,0.0072261504186172,-0.0068894458376482,0.014115596256265399,False,70.6212388336944,Зелёный,-0.4885666071217969,Ниже
2022-02-08 00:00:00+05:00,70.98,71.25084455132955,Вниз,0.3801281978270837,True,0.0144126954105416,-0.0026290175880103,0.0170417129985519,False,70.6212388336944,Зелёный,-0.2708445513295459,Ниже
2022-02-08 00:30:00+05:00,71.13,71.249642117983,Вниз,0.16791960552572152,True,0.031844744103239,0.0042657347502395,0.027579009352999503,False,70.69504310976322,Зелёный,-0.11964211798300539,Ниже
2022-02-08 01:00:00+05:00,71.145,71.24860090287869,Вниз,0.14540763125990105,True,0.0463360102402106,0.0126797898482337,0.033656220391976896,False,70.72028879878688,Зелёный,-0.10360090287869639,Ниже
2022-02-08 01:30:00+05:00,71.08,71.24692328195452,Вниз,0.23428840750629687,True,0.0519763354444933,0.0205390989674856,0.031437236477007705,False,70.72275991890821,Зелёный,-0.16692328195452433,Ниже
2022-02-08 12:00:00+05:00,71.055,71.24501359755696,Вниз,0.2667044161578645,True,0.0538087687476291,0.0271930329235143,0.0266157358241148,False,70.88048392701738,Зелёный,-0.19001359755695546,Ниже
2022-02-08 12:30:00+05:00,71.025,71.24282440753151,Вниз,0.3057492587400587,True,0.0522380681304639,0.0322020399649043,0.020036028165559605,False,70.88048392701738,Зелёный,-0.21782440753150922,Ниже
2022-02-08 13:00:00+05:00,73.135,71.26165202536703,Вверх,2.6288304037157624,True,0.2187312449331955,0.0695078809585625,0.149223363974633,False,71.41041698088408,Зелёный,1.8733479746329778,Выше
2022-02-08 13:30:00+05:00,73.39,71.28282961715442,Вверх,2.9560700580529202,True,0.367023833654045,0.129011071497659,0.238012762156386,False,72.47737528279568,Зелёный,2.107170382845581,Выше
2022-02-08 14:00:00+05:00,73.72,71.30708006872503,Вверх,3.3838434121119856,True,0.5053496643195956,0.2042787900620463,0.3010708742575493,False,72.62638775451612,Зелёный,2.4129199312749705,Выше
2022-02-08 14:30:00+05:00,73.525,71.3291489237626,Вверх,3.078476484535591,True,0.5924100767861376,0.2819050474068646,0.31050502937927293,False,72.96199897906449,Зелёный,2.1958510762374033,Выше
2022-02-08 15:00:00+05:00,73.865,71.35438127277989,Вверх,3.518520772567964,True,0.6809911967894351,0.3617222772833787,0.3192689195060564,False,72.96199897906449,Зелёный,2.5106187272201055,Выше
2022-02-08 15:30:00+05:00,73.97,71.38040732976715,Вверх,3.6278760056233685,True,0.7510078441220287,0.4395793906511087,0.31142845347092,False,73.16846917304224,Зелёный,2.5895926702328467,Выше
2022-02-08 16:00:00+05:00,74.405,71.4105027792222,Вверх,4.193356865216035,True,0.8320065524980436,0.5180648230204957,0.31394172947754784,False,73.50912225573803,Зелёный,2.9944972207778022,Выше
2022-02-08 16:30:00+05:00,74.66,71.44283608490159,Вверх,4.503130182675253,True,0.9063274031915256,0.5957173390547017,0.3106100641368239,False,73.74371003016422,Зелёный,3.2171639150984106,Выше
2022-02-08 17:00:00+05:00,74.35,71.47176308903192,Вверх,4.027096557535133,True,0.9294981277725468,0.6624734967982708,0.267024630974276,False,73.7515890271478,Зелёный,2.87823691096807,Выше
2022-02-08 17:30:00+05:00,74.715,71.50403410307142,Вверх,4.49060802961138,True,0.966176067227508,0.7232140108841183,0.24296205634338974,False,73.76293012443301,Зелёный,3.2109658969285846,Выше
2022-02-08 18:00:00+05:00,74.82,71.537028788613,Вверх,4.589191453684703,True,0.9922778594816606,0.7770267806036267,0.21525107887803385,False,74.07963711198973,Зелёный,3.282971211386993,Выше
2022-02-08 18:30:00+05:00,75.045,71.57193397479595,Вверх,4.852552994344246,True,1.0193686897721506,0.8254951624373316,0.193873527334819,False,74.20867340079073,Зелёный,3.473066025204048,Выше
2022-02-08 19:00:00+05:00,75.315,71.60917841285769,Вверх,5.1750650814294445,False,1.0505154235920884,0.870499214668283,0.18001620892380543,False,74.51130606071166,Зелёный,3.70582158714231,Выше
2022-02-08 19:30:00+05:00,75.75,71.65038061770487,Вверх,5.721699378219509,False,1.0976473042362898,0.9159288325818844,0.18171847165440536,False,74.73467545464051,Зелёный,4.099619382295131,Выше
2022-02-08 20:00:00+05:00,75.9,71.69266538767796,Вверх,5.868570501000192,False,1.1340310021286228,0.9595492664912322,0.17448173563739067,False,74.88120790917645,Зелёный,4.207334612322043,Выше
2022-02-08 20:30:00+05:00,76.225,71.737763244517,Вверх,6.255055291016425,False,1.1755392440427954,1.002747262001545,0.17279198204125046,False,75.27608711825881,Зелёный,4.487236755482996,Выше
2022-02-08 21:00:00+05:00,75.885,71.779029281885,Вверх,5.720292903363677,False,1.1675409806531434,1.0357060057318646,0.13183497492127882,False,75.27608711825881,Зелёный,4.105970718115003,Выше
2022-02-08 21:30:00+05:00,75.955,71.82058122932894,Вверх,5.756593305015908,False,1.1535532702406783,1.0592754586336273,0.09427781160705107,False,75.27608711825881,Зелёный,4.134418770671061,Выше
2022-02-08 22:00:00+05:00,75.925,71.86142121709682,Вверх,5.654743134883057,False,1.1270551692595203,1.072831400758806,0.05422376850071431,False,75.27608711825881,Зелёный,4.063578782903178,Выше
2022-02-08 22:30:00+05:00,75.825,71.90085981195159,Вверх,5.457709682904416,False,1.085473407302672,1.0753598020675792,0.010113605235092749,False,75.2930920082896,Зелёный,3.924140188048412,Выше
2022-02-08 23:00:00+05:00,75.82,71.93985623173317,Вверх,5.393593998531319,False,1.040126176056674,1.068313076865398,-0.02818690080872388,Выше,75.2930920082896,Зелёный,3.8801437682668194,Выше
2022-02-08 23:30:00+05:00,75.83,71.97856412992489,Вверх,5.350809531464221,False,0.9935421495698478,1.053358891406288,-0.059816741836440146,False,75.30207952671459,Зелёный,3.8514358700751075,Выше
2022-02-09 00:00:00+05:00,75.9,72.0175833923137,Вверх,5.390928749354109,False,0.9513063208457596,1.0329483772941823,-0.0816420564484227,False,75.39212157404313,Зелёный,3.8824166076863094,Выше
2022-02-09 00:30:00+05:00,75.94,72.0566124132857,Вверх,5.389356308399364,False,0.9105653573628132,1.0084717733079085,-0.0979064159450953,False,75.41765941663883,Зелёный,3.883387586714292,Выше
2022-02-09 01:00:00+05:00,76.075,72.0965963693724,Вверх,5.518157348573081,False,0.8790382166583726,0.9825850619780012,-0.10354684531962866,False,75.53214347497492,Зелёный,3.9784036306275965,Выше
2022-02-09 01:30:00+05:00,76.02,72.13563521146821,Вверх,5.384807075094893,False,0.8399324714721672,0.9540545438768344,-0.11412207240466721,False,75.69492912747745,Зелёный,3.8843647885317836,Выше
2022-02-09 12:00:00+05:00,77.0,72.1840368511551,Вверх,6.6717841768471775,False,0.8778988252838644,0.9388234001582404,-0.06092457487437597,False,76.14668621472968,Зелёный,4.815963148844901,Выше
2022-02-09 12:30:00+05:00,77.235,72.23429519094461,Вверх,6.922895552364007,False,0.9163864378111696,0.9343360076888264,-0.017949569877656835,False,76.37626759325673,Зелёный,5.000704809055392,Выше
2022-02-09 13:00:00+05:00,77.205,72.28375494028845,Вверх,6.808231066270495,False,0.9337042375085218,0.9342096536527656,-0.0005054161442438199,False,76.51414083393105,Зелёный,4.921245059711552,Выше
2022-02-09 13:30:00+05:00,77.65,72.33715041351941,Вверх,7.344565767533544,False,0.9721303855618828,0.941793800034589,0.03033658552729379,Выше,76.69672675053793,Зелёный,5.312849586480596,Выше
2022-02-09 14:00:00+05:00,78.785,72.40130812084757,Вверх,8.817094669749858,False,1.0816992436029975,0.9697748887482708,0.11192435485472674,False,77.43255407548415,Зелёный,6.383691879152423,Выше
2022-02-09 14:30:00+05:00,78.93,72.46627022909784,Вверх,8.919639096185662,False,1.1667836851610929,1.0091766480308353,0.1576070371302576,False,77.81054866793573,Зелёный,6.463729770902162,Выше
2022-02-09 15:00:00+05:00,78.625,72.52755112234065,Вверх,8.407079493658996,False,1.1958181201691644,1.0465049424585011,0.14931317771066333,False,77.86999380114217,Зелёный,6.097448877659346,Выше
2022-02-09 15:30:00+05:00,77.995,72.58195359873528,Вверх,7.457840596562619,False,1.1546819297034858,1.068140339907498,0.0865415897959878,False,77.86999380114217,Зелёный,5.413046401264722,Выше
2022-02-09 16:00:00+05:00,78.44,72.64024261765334,Вверх,7.984220830420482,False,1.1447925277180817,1.0834707774696146,0.06132175024846709,False,77.86999380114217,Зелёный,5.799757382346655,Выше
2022-02-09 16:30:00+05:00,78.645,72.69999144732844,Вверх,8.177454266935841,False,1.140351628410798,1.0948469476578513,0.04550468075294667,False,77.86999380114217,Зелёный,5.945008552671553,Выше
2022-02-09 17:00:00+05:00,79.385,72.76650894536498,Вверх,9.095518186263915,False,1.1829081702251898,1.1124591921713192,0.07044897805387063,False,78.11406768292936,Зелёный,6.6184910546350295,Выше
2022-02-09 17:30:00+05:00,79.52,72.83370786133149,Вверх,9.180216598883824,False,1.2135389859461585,1.1326751509262871,0.08086383501987138,False,78.49841091463644,Зелёный,6.686292138668506,Выше
2022-02-09 18:00:00+05:00,79.33,72.89834758410431,Вверх,8.822768456411655,False,1.2085512890215997,1.1478503785453498,0.060700910476249925,False,78.49841091463644,Зелёный,6.431652415895684,Выше
2022-02-09 18:30:00+05:00,79.705,72.96607546883959,Вверх,9.235695476095994,False,1.2207854149180548,1.1624373858198909,0.058348029098163945,False,78.61313784085552,Зелёный,6.738924531160407,Выше
2022-02-09 19:00:00+05:00,79.8,73.03407471790587,Вверх,9.264066544592396,False,1.2240368193677966,1.1747572725294722,0.04927954683832447,False,78.92407405676995,Зелёный,6.7659252820941305,Выше
2022-02-09 19:30:00+05:00,80.06,73.10398442220531,Вверх,9.51523454264936,False,1.2333758192145297,1.1864809818664837,0.046894837348046,False,79.11316665109297,Зелёный,6.9560155777946875,Выше
2022-02-09 20:00:00+05:00,79.97,73.17230298516844,Вверх,9.289986425887681,False,1.219457647365516,1.1930763149662902,0.02638133239922591,False,79.11316665109297,Зелёный,6.797697014831556,Выше
2022-02-09 20:30:00+05:00,80.45,73.24471788083842,Вверх,9.837271993980275,False,1.2329467418158373,1.2010504003361997,0.0318963414796376,False,79.31121498738528,Зелёный,7.205282119161581,Выше
2022-02-09 21:00:00+05:00,79.945,73.31138735466092,Вверх,9.048543322809351,False,1.189179545253367,1.1986762293196334,-0.009496684066266248,Выше,79.31121498738528,Зелёный,6.6336126453390705,Выше
2022-02-09 21:30:00+05:00,79.875,73.37669693322151,Вверх,8.856085567182795,False,1.1357530574023684,1.1860915949361803,-0.0503385375338119,False,79.31121498738528,Зелёный,6.49830306677849,Выше
2022-02-09 22:00:00+05:00,79.375,73.43638154085114,Вверх,8.086752553086136,False,1.0410656033037071,1.1570863966096858,-0.1160207933059787,False,79.31121498738528,Зелёный,5.938618459148856,Выше
2022-02-09 22:30:00+05:00,79.51,73.49681555537003,Вверх,8.181557798378135,False,0.9657855113084252,1.1188262195494338,-0.15304070824100868,False,79.31121498738528,Зелёный,6.013184444629971,Выше
2022-02-09 23:00:00+05:00,79.47,73.55625022646089,Вверх,8.039765152970938,False,0.8926083963684306,1.0735826549132332,-0.18097425854480265,False,79.31121498738528,Зелёный,5.913749773539109,Выше
2022-02-09 23:30:00+05:00,79.705,73.61743181624735,Вверх,8.269193903622602,False,0.8438501621975547,1.0276361563700975,-0.18378599417254282,False,79.31121498738528,Зелёный,6.087568183752651,Выше
2022-02-10 00:00:00+05:00,79.66,73.67755687280211,Вверх,8.1197631695715,False,0.792442996824974,0.9805975244610728,-0.18815452763609886,False,79.31121498738528,Зелёный,5.982443127197882,Выше
2022-02-10 00:30:00+05:00,79.645,73.73693441635632,Вверх,8.012355857220381,False,0.7419394570393365,0.9328659109767256,-0.19092645393738905,False,79.31121498738528,Зелёный,5.908065583643676,Выше
2022-02-10 01:00:00+05:00,79.935,73.79860671072093,Вверх,8.315053037969642,False,0.7170499092637925,0.8897027106341391,-0.17265280137034655,False,79.31121498738528,Зелёный,6.13639328927907,Выше
2022-02-10 01:30:00+05:00,79.99,73.86021261409685,Вверх,8.299173762103711,False,0.6937655067699922,0.8505152698613098,-0.1567497630913176,False,79.31121498738528,Зелёный,6.129787385903143,Выше
2022-02-10 12:00:00+05:00,79.345,73.91478761296156,Вверх,7.346584577192515,False,0.6161635902090978,0.8036449339308674,-0.1874813437217696,False,79.31121498738528,Зелёный,5.430212387038438,Выше
2022-02-10 12:30:00+05:00,79.895,73.97429221382762,Вверх,8.003736986165642,False,0.592217204411142,0.7613593880269225,-0.16914218361578048,False,78.92027560209146,Зелёный,5.920707786172372,Выше
2022-02-10 13:00:00+05:00,79.94,74.03365249030695,Вверх,7.977922621697414,False,0.570296620616034,0.7231468345447449,-0.1528502139287109,False,79.0932480418823,Зелёный,5.906347509693049,Выше
2022-02-10 13:30:00+05:00,79.735,74.09038231627405,Вверх,7.618556561944083,False,0.5302699909120037,0.6845714658181967,-0.15430147490619306,False,79.0932480418823,Зелёный,5.644617683725954,Выше
2022-02-10 14:00:00+05:00,81.355,74.16266706934594,Вверх,9.698050535222603,False,0.6220979022161117,0.6720767530977797,-0.04997885088166798,False,79.48948091392467,Зелёный,7.192332930654061,Выше
2022-02-10 14:30:00+05:00,82.82,74.24880968557136,Вверх,11.543875721006014,False,0.8038195090530564,0.6984253042888351,0.10539420476422134,Выше,81.12003282253221,Зелёный,8.571190314428634,Выше
2022-02-10 15:00:00+05:00,83.045,74.33633396730697,Вверх,11.715221302846455,False,0.9549823690073111,0.7497367172325303,0.20524565177478082,False,81.63327954027899,Зелёный,8.708666032693031,Выше
2022-02-10 15:30:00+05:00,85.06,74.44303711191088,Вверх,14.26186155211339,False,1.223272559922961,0.8444438857706165,0.37882867415234456,False,82.69895158625108,Зелёный,10.61696288808912,Выше
2022-02-10 16:00:00+05:00,85.135,74.54942480233964,Вверх,14.199405596658805,False,1.4255139053990715,0.9606578896963076,0.4648560157027639,False,83.56805642762598,Зелёный,10.585575197660361,Выше
2022-02-10 16:30:00+05:00,84.595,74.64938077445566,Вверх,13.323110148219254,False,1.524643006209132,1.0734549129988724,0.45118809321025966,False,83.59250078486338,Зелёный,9.945619225544334,Выше
2022-02-10 17:00:00+05:00,84.565,74.74804365232178,Вверх,13.133395695732414,False,1.58254024466477,1.175271979332052,0.407268265332718,False,83.59250078486338,Зелёный,9.816956347678214,Выше
2022-02-10 17:30:00+05:00,84.385,74.84393376523401,Вверх,12.747948637619503,False,1.5955077079030673,1.259319125046255,0.3361885828568123,False,83.59250078486338,Зелёный,9.541066234765992,Выше
2022-02-10 18:00:00+05:00,84.39,74.93891949891328,Вверх,12.611711730409692,False,1.587883837700545,1.3250320675771132,0.26285177012343186,False,83.59250078486338,Зелёный,9.451080501086722,Выше
2022-02-10 18:30:00+05:00,83.75,75.02659194171017,Вверх,11.627088253012005,False,1.512761046656408,1.3625778633929722,0.15018318326343594,False,83.59250078486338,Зелёный,8.723408058289834,Выше
2022-02-10 19:00:00+05:00,84.385,75.11971042985236,Вверх,12.334032595612408,False,1.487319987614356,1.387526288237249,0.09979369937710691,False,83.59250078486338,Зелёный,9.265289570147644,Выше
2022-02-10 19:30:00+05:00,84.395,75.2120018683613,Вверх,12.209485060258208,False,1.4512357392182906,1.4002681784334574,0.05096756078483322,False,83.59250078486338,Зелёный,9.182998131638698,Выше
2022-02-10 20:00:00+05:00,84.32,75.30262871544228,Вверх,11.974842629509059,False,1.4004433994296903,1.400303222632704,0.00014017679698641317,False,83.59250078486338,Зелёный,9.017371284557711,Выше
2022-02-10 20:30:00+05:00,84.735,75.39648315608464,Вверх,12.38587856224395,False,1.377794775385297,1.3958015331832228,-0.01800675779792571,Выше,83.59250078486338,Зелёный,9.338516843915357,Выше
2022-02-10 21:00:00+05:00,84.66,75.48865745303902,Вверх,12.149298790571816,False,1.33836585597291,1.3843143977411605,-0.045948541768250584,False,83.67785456671716,Зелёный,9.171342546960972,Выше
2022-02-10 21:30:00+05:00,84.155,75.5748897171879,Вверх,11.35312312716579,False,1.2519373196130914,1.3578389821155463,-0.10590166250245492,False,83.67785456671716,Зелёный,8.5801102828121,Выше
2022-02-10 22:00:00+05:00,84.105,75.65976643641986,Вверх,11.162119527129438,False,1.165966958423894,1.319464577377216,-0.15349761895332192,False,83.67785456671716,Зелёный,8.445233563580146,Выше
2022-02-10 22:30:00+05:00,83.13,75.73409711864453,Вверх,9.765618344626327,False,1.0075461118121467,1.257080884264202,-0.24953477245205535,False,84.7176415208632,Красный,7.395902881355468,Выше
2022-02-10 23:00:00+05:00,83.215,75.80853396323513,Вверх,9.769963419101051,False,0.8787258347025073,1.181409874351863,-0.30268403964935575,False,84.30262736877688,Красный,7.4064660367648685,Выше
2022-02-10 23:30:00+05:00,83.115,75.88123511782982,Вверх,9.533008880176306,False,0.7598070895630258,1.0970893173940957,-0.33728222783106987,False,84.14686463189919,Красный,7.233764882170178,Выше
2022-02-11 00:00:00+05:00,83.095,75.95301387287628,Вверх,9.40316356514485,False,0.65638292069805,1.0089480380548863,-0.35256511735683627,False,84.00117816870927,Красный,7.141986127123715,Выше
2022-02-11 00:30:00+05:00,83.005,76.02318288906658,Вверх,9.183800053624857,False,0.5606929545423185,0.9192970213523728,-0.3586040668100543,False,83.93631035183836,Красный,6.98181711093342,Выше
2022-02-11 01:00:00+05:00,83.08,76.09339997474751,Вверх,9.181611056374233,False,0.4853154260209606,0.8325007022860905,-0.3471852762651299,False,83.84317931665451,Красный,6.986600025252486,Выше
2022-02-11 01:30:00+05:00,83.005,76.16217211430228,Вверх,8.984549279172567,False,0.4147453916977213,0.7489496401684167,-0.3342042484706954,False,83.78511138498907,Красный,6.842827885697716,Выше
2022-02-11 12:00:00+05:00,81.25,76.2127972673938,Вверх,6.609392271658917,False,0.214729035556175,0.6421055192459684,-0.42737648368979336,False,81.85935024649017,Красный,5.037202732606204,Выше
2022-02-11 12:30:00+05:00,81.24,76.26281918513118,Вверх,6.52635303552902,False,0.0547762888862308,0.5246396731740208,-0.46986338428779,False,81.85935024649017,Красный,4.977180814868817,Выше
2022-02-11 13:00:00+05:00,81.81,76.31801501413484,Вверх,7.196184262454926,False,-0.0256969603724002,0.4145723464647366,-0.44026930683713683,False,81.85935024649017,Красный,5.491984985865159,Выше
2022-02-11 13:30:00+05:00,82.795,76.3824626259345,Вверх,8.39530064050099,False,-0.0098774609553942,0.3296823849807104,-0.3395598459361046,False,81.18173617030868,Зелёный,6.412537374065508,Выше
2022-02-11 14:00:00+05:00,83.14,76.4497018037859,Вверх,8.751241716266298,False,0.0301506649235108,0.2697760409692705,-0.2396253760457597,False,82.02656255327781,Зелёный,6.690298196214101,Выше
2022-02-11 14:30:00+05:00,83.2,76.5168689500169,Вверх,8.73419305009556,False,0.0659544596728096,0.2290117247099783,-0.1630572650371687,False,82.02656255327781,Зелёный,6.683131049983103,Выше
2022-02-11 15:00:00+05:00,83.06,76.58197473160877,Вверх,8.458942578974094,False,0.082086156873288,0.1996266111426403,-0.11754045426935229,False,82.02656255327781,Зелёный,6.478025268391235,Выше
2022-02-11 15:30:00+05:00,83.2,76.64782572930422,Вверх,8.548415050723012,False,0.1049575873651349,0.1806928063871392,-0.0757352190220043,False,82.02656255327781,Зелёный,6.552174270695787,Выше
2022-02-11 16:00:00+05:00,83.635,76.7173498514007,Вверх,9.017060889093012,False,0.1563815561280819,0.1758305563353278,-0.01944900020724588,False,82.21927369120557,Зелёный,6.917650148599307,Выше
2022-02-11 16:30:00+05:00,83.74,76.78722696730716,Вверх,9.054595806217923,False,0.2032649327243803,0.1813174316131383,0.021947501111241996,Выше,82.29109632208501,Зелёный,6.952773032692832,Выше
2022-02-11 17:00:00+05:00,80.6,76.82516500743345,Вверх,4.91353971345365,True,-0.0128038170389146,0.1424931818827277,-0.15529699892164228,Ниже,83.23276331012349,Красный,3.7748349925665394,Выше
2022-02-11 17:30:00+05:00,81.135,76.86804893770775,Вверх,5.551007370760896,False,-0.13926447492139,0.0861416505219041,-0.22540612544329408,False,82.82398697911113,Красный,4.26695106229225,Выше
2022-02-11 18:00:00+05:00,81.76,76.91672506768082,Вверх,6.296777362865462,False,-0.1868987285339187,0.0315335747107395,-0.2184323032446582,False,82.82398697911113,Красный,4.84327493231919,Выше
2022-02-11 18:30:00+05:00,81.975,76.96705616153474,Вверх,6.506606966953266,False,-0.2049381155120073,-0.0157607633338098,-0.1891773521781975,False,82.82398697911113,Красный,5.007943838465252,Выше
2022-02-11 19:00:00+05:00,82.02,77.01733420967868,Вверх,6.495506293039986,False,-0.2131463176684889,-0.0552378742007456,-0.1579084434677433,False,82.82398697911113,Красный,5.002665790321316,Выше
2022-02-11 19:30:00+05:00,81.37,77.06064431704507,Вверх,5.592161499747209,False,-0.2690000792706541,-0.0979903152147273,-0.17100976405592683,False,82.82398697911113,Красный,4.30935568295493,Выше
2022-02-11 20:00:00+05:00,82.02,77.10999113976105,Вверх,6.367539131653649,False,-0.2578427690812361,-0.1299608059880291,-0.127881963093207,False,82.82398697911113,Красный,4.910008860238946,Выше
2022-02-11 20:30:00+05:00,82.175,77.16038923787288,Вверх,6.498944356887436,False,-0.2337982352395897,-0.1507282918383412,-0.08306994340124851,False,82.82398697911113,Красный,5.01461076212712,Выше
2022-02-11 21:00:00+05:00,81.405,77.20262417082937,Вверх,5.443306978622731,False,-0.2737200593210502,-0.175326645334883,-0.09839341398616719,False,82.82398697911113,Красный,4.202375829170634,Выше
2022-02-11 21:30:00+05:00,80.515,77.23558313430371,Вверх,4.245992239087217,True,-0.3728756758028595,-0.2148364514284783,-0.15803922437438123,False,82.4555544476993,Красный,3.279416865696291,Выше
2022-02-11 22:00:00+05:00,80.825,77.27129872500716,Вверх,4.598992554324402,True,-0.4215830599318764,-0.2561857731291579,-0.16539728680271848,False,82.31399900292936,Красный,3.5537012749928465,Выше
2022-02-11 22:30:00+05:00,80.69,77.30531565311654,Вверх,4.378333259864269,True,-0.4657089812873067,-0.2980904147607877,-0.16761856652651902,False,81.99459910263644,Красный,3.3846843468834606,Выше
2022-02-11 23:00:00+05:00,80.28,77.33491450233927,Вверх,3.8082223490033638,True,-0.5276798999414325,-0.3440083117969167,-0.18367158814451578,False,81.82938919237279,Красный,2.9450854976607275,Выше
2022-02-11 23:30:00+05:00,80.045,77.36188052719162,Вверх,3.468270748492608,True,-0.5889656065799329,-0.3929997707535199,-0.19596583582641303,False,81.30620027313552,Красный,2.683119472808386,Выше
2022-02-12 00:00:00+05:00,80.27,77.39081703935886,Вверх,3.7203160152410035,True,-0.6123208968912195,-0.4368639959810598,-0.1754569009101597,False,81.30620027313552,Красный,2.879182960641131,Выше
2022-02-12 00:30:00+05:00,79.985,77.4166298051364,Вверх,3.3175949422344906,True,-0.6463762280822181,-0.4787664424012915,-0.16760978568092655,False,81.30620027313552,Красный,2.568370194863604,Выше
2022-02-12 01:00:00+05:00,79.6,77.43835488170221,Вверх,2.7914398770480027,True,-0.6964038952195466,-0.5222939329649425,-0.17410996225460407,False,81.23579499911578,Красный,2.161645118297784,Выше
2022-02-12 01:30:00+05:00,79.7,77.46085881322756,Вверх,2.8906743626112203,True,-0.7196859262220556,-0.5617723316163652,-0.15791359460569043,False,81.18021549920422,Красный,2.239141186772443,Выше
2022-02-14 12:00:00+05:00,80.1,77.48711892453873,Вверх,3.3720199069548955,True,-0.6978164527770616,-0.5889811558485045,-0.10883529692855709,False,81.18021549920422,Красный,2.61288107546126,Выше
2022-02-14 12:30:00+05:00,80.155,77.51366500489159,Вверх,3.4075733548939064,True,-0.6683424612999005,-0.6048534169387837,-0.0634890443611168,False,81.18021549920422,Красный,2.6413349951084086,Выше
2022-02-14 13:00:00+05:00,80.425,77.54263351230561,Вверх,3.717137730738752,True,-0.6160954028912897,-0.6071018141292849,-0.008993588762004845,False,81.18021549920422,Красный,2.8823664876943837,Выше
2022-02-14 13:30:00+05:00,79.75,77.56459735795431,Вверх,2.8175259286917096,True,-0.6219862214840788,-0.6100786956002437,-0.011907525883835035,False,81.18021549920422,Красный,2.1854026420456876,Выше
2022-02-14 14:00:00+05:00,80.97,77.59848196135776,Вверх,4.344824735516313,True,-0.5221914358062492,-0.5925012436414449,0.07030980783519569,Ниже,81.18021549920422,Красный,3.371518038642236,Выше
2022-02-14 14:30:00+05:00,80.98,77.6321289070159,Вверх,4.312481365793832,True,-0.4372560175594486,-0.5614521984250456,0.12419618086559697,False,81.18021549920422,Красный,3.347871092984107,Выше
2022-02-14 15:00:00+05:00,81.09,77.66653558455803,Вверх,4.407901536582297,True,-0.3569532708696812,-0.5205524129139727,0.1635991420442915,False,81.18021549920422,Красный,3.4234644154419698,Выше
2022-02-14 15:30:00+05:00,81.355,77.70323672302014,Вверх,4.699628266447752,True,-0.2688305688093919,-0.4702080440930565,0.20137747528366462,False,79.91203036715882,Зелёный,3.651763276979864,Выше
2022-02-14 16:00:00+05:00,81.7,77.74300551184582,Вверх,5.089839866753346,False,-0.1692036020235718,-0.4100071556791596,0.24080355365558778,False,79.91203036715882,Зелёный,3.95699448815418,Выше
2022-02-14 16:30:00+05:00,81.755,77.78292585501154,Вверх,5.106614467540673,False,-0.0848325756013679,-0.3449722396636013,0.26013966406223343,False,80.37109459739862,Зелёный,3.9720741449884542,Выше
2022-02-14 17:00:00+05:00,82.99,77.83473753804626,Вверх,6.623344055645855,False,0.0807553519442478,-0.2598267213420315,0.3405820732862793,False,80.87848513765876,Зелёный,5.15526246195374,Выше
2022-02-14 17:30:00+05:00,83.25,77.8886207466229,Вверх,6.883392210549001,False,0.2303099350418733,-0.1617993900652505,0.3921093251071238,False,81.9996366238929,Зелёный,5.361379253377095,Выше
2022-02-14 18:00:00+05:00,83.795,77.94739068944259,Вверх,7.501994946637044,False,0.3883334980381079,-0.0517728124445788,0.4401063104826867,False,82.1854229615036,Зелёный,5.8476093105574165,Выше
2022-02-14 18:30:00+05:00,84.0,78.00761565770684,Вверх,7.681794004046245,False,0.5240689562483993,0.0633955412940168,0.4606734149543825,False,82.1854229615036,Зелёный,5.992384342293164,Выше
2022-02-14 19:00:00+05:00,83.815,78.06540057653562,Вверх,7.3651058996711924,False,0.6096842701596188,0.1726532870671372,0.43703098309248156,False,82.41149259881792,Зелёный,5.749599423464375,Выше
2022-02-14 19:30:00+05:00,84.485,78.12927718771438,Вверх,8.134879831302268,False,0.7232611198603109,0.282774853625772,0.44048626623453896,False,82.41149259881792,Зелёный,6.35572281228562,Выше
2022-02-14 20:00:00+05:00,84.345,78.19112517589632,Вверх,7.8702983366208334,False,0.7928354480319655,0.3847869725070106,0.4080484755249549,False,82.6597590050425,Зелёный,6.153874824103681,Выше
2022-02-14 20:30:00+05:00,83.48,78.24375079603665,Вверх,6.692226728257243,False,0.7693072385022788,0.4616910257060643,0.3076162127962145,False,82.6597590050425,Зелёный,5.236249203963354,Выше
2022-02-14 21:00:00+05:00,83.395,78.29500700702137,Вверх,6.513816382341302,False,0.7353257952695884,0.5164179796187692,0.21890781565081918,False,82.6597590050425,Зелёный,5.099992992978628,Выше
2022-02-14 21:30:00+05:00,83.615,78.34794226068284,Вверх,6.722649743361936,False,0.7178722338164079,0.556708830458297,0.16116340335811086,False,82.6597590050425,Зелёный,5.267057739317153,Выше
2022-02-14 22:00:00+05:00,83.48,78.39900751182033,Вверх,6.480939809618899,False,0.6852476801557401,0.5824166003977856,0.10283107975795447,False,82.6597590050425,Зелёный,5.080992488179675,Выше
2022-02-14 22:30:00+05:00,83.255,78.44732584503605,Вверх,6.128537975228081,False,0.6339293240950497,0.5927191451372384,0.041210178957811205,False,82.6597590050425,Зелёный,4.807674154963948,Выше
2022-02-14 23:00:00+05:00,83.36,78.49620817493619,Вверх,6.1962124517204655,False,0.5948744374481265,0.5931502035994161,0.0017242338487104547,False,82.6597590050425,Зелёный,4.863791825063814,Выше
2022-02-14 23:30:00+05:00,82.715,78.53818620304628,Вверх,5.318194879310463,False,0.5060436922125149,0.5757289013220358,-0.06968520910952092,Выше,82.6597590050425,Зелёный,4.176813796953724,Выше
2022-02-15 00:00:00+05:00,82.94,78.58198534530453,Вверх,5.545818975615725,False,0.4486287927577024,0.5503088796091692,-0.10168008685146679,False,82.6597590050425,Зелёный,4.358014654695467,Выше
2022-02-15 00:30:00+05:00,83.595,78.63186608813733,Вверх,6.311860774484945,False,0.4507837428400165,0.5304038522553387,-0.07962010941532222,False,82.6597590050425,Зелёный,4.96313391186267,Выше
2022-02-15 01:00:00+05:00,83.445,78.67975796785736,Вверх,6.056503165768961,False,0.4353691454077619,0.5113969108858234,-0.0760277654780615,False,82.6597590050425,Зелёный,4.765242032142638,Выше
2022-02-15 01:30:00+05:00,83.4,78.72672555026675,Вверх,5.9360711588968424,False,0.414740966275275,0.4920657219637138,-0.07732475568843877,False,82.6597590050425,Зелёный,4.673274449733256,Выше
2022-02-15 12:00:00+05:00,83.0,78.76924569404518,Вверх,5.371073784796514,False,0.3619440627808785,0.4660413901271467,-0.1040973273462682,False,82.6597590050425,Зелёный,4.230754305954818,Выше
2022-02-15 12:30:00+05:00,82.695,78.80830792594523,Вверх,4.931830382282817,True,0.2921237644558516,0.4312578649928877,-0.13913410053703612,False,82.6597590050425,Зелёный,3.886692074054764,Выше
2022-02-15 13:00:00+05:00,84.15,78.8614590908612,Вверх,6.706115978713437,False,0.3501605818427293,0.4150384083628561,-0.0648778265201268,False,82.11684826322848,Зелёный,5.288540909138803,Выше
2022-02-15 13:30:00+05:00,86.15,78.93398188597702,Вверх,9.141839726832462,False,0.5511847483784038,0.4422676763659656,0.10891707201243822,Выше,83.76041343690562,Зелёный,7.216018114022987,Выше
2022-02-15 14:00:00+05:00,85.82,79.00249947915137,Вверх,8.629474467004366,False,0.6760762207538846,0.4890293852435494,0.18704683551033524,False,84.72412209321506,Зелёный,6.8175005208486255,Выше
2022-02-15 14:30:00+05:00,85.905,79.07118107637375,Вверх,8.642616476191955,False,0.7730017193870538,0.5458238520722504,0.22717786731480338,False,84.72412209321506,Зелёный,6.833818923626254,Выше
2022-02-15 15:00:00+05:00,85.2,79.13216434924566,Вверх,7.667976354057843,False,0.7838920477248621,0.5934374912027728,0.1904545565220893,False,84.72412209321506,Зелёный,6.067835650754347,Выше
2022-02-15 15:30:00+05:00,86.45,79.2049786343278,Вверх,9.147179243770639,False,0.8832062132576226,0.6513912356137428,0.23181497764387982,False,84.72412209321506,Зелёный,7.245021365672201,Выше
2022-02-15 16:00:00+05:00,86.715,79.27970521508077,Вверх,9.378560080095856,False,0.9720910299769372,0.7155311944863818,0.2565598354905554,False,84.72412209321506,Зелёный,7.435294784919236,Выше
2022-02-15 16:30:00+05:00,86.09,79.3474693422939,Вверх,8.497474101687807,False,0.9807946210820688,0.7685838798055192,0.2122107412765496,False,84.72412209321506,Зелёный,6.742530657706098,Выше
2022-02-15 17:00:00+05:00,86.07,79.41436019460939,Вверх,8.380902130396297,False,0.9748410856677764,0.8098353209779707,0.16500576468980566,False,84.72412209321506,Зелёный,6.6556398053906065,Выше
2022-02-15 17:30:00+05:00,86.44,79.48426705834461,Вверх,8.751081439235767,False,0.9885830042387198,0.8455848576301206,0.14299814660859922,False,84.72412209321506,Зелёный,6.955732941655384,Выше
2022-02-15 18:00:00+05:00,86.19,79.55099076920686,Вверх,8.345602193760493,False,0.9681405415323354,0.8700959944105635,0.09804454712177191,False,84.88816032719063,Зелёный,6.639009230793135,Выше
2022-02-15 18:30:00+05:00,86.74,79.62252319936401,Вверх,8.939024430078392,False,0.9849660702776504,0.8930700095839809,0.09189606069366951,False,84.95334429447158,Зелёный,7.117476800635984,Выше
2022-02-15 19:00:00+05:00,86.54,79.69135381429571,Вверх,8.593963909389288,False,0.970969364077817,0.9086498804827482,0.06231948359506878,False,85.10700986502442,Зелёный,6.848646185704297,Выше
2022-02-15 19:30:00+05:00,86.175,79.75586770669078,Вверх,8.048476529546567,False,0.9198212966667968,0.910884163719558,0.008937132947238746,False,85.10700986502442,Зелёный,6.419132293309218,Выше
2022-02-15 20:00:00+05:00,86.55,79.82347101309188,Вверх,8.426755816976314,False,0.8991802604140986,0.9085433830584662,-0.00936312264436756,Выше,85.10700986502442,Зелёный,6.7265289869081215,Выше
2022-02-15 20:30:00+05:00,86.265,79.887565828882,Вверх,7.98301225597281,False,0.8500263971344708,0.8968399858736671,-0.04681358873919628,False,85.1912301916028,Зелёный,6.377434171117997,Выше
2022-02-15 21:00:00+05:00,85.82,79.94659502461452,Вверх,7.346660572069546,False,0.7663300495833738,0.8707379986156085,-0.10440794903223471,False,85.1912301916028,Зелёный,5.873404975385469,Выше
2022-02-15 21:30:00+05:00,86.05,80.00732542237955,Вверх,7.552651642483473,False,0.7103704604811298,0.8386644909887129,-0.12829403050758303,False,85.1912301916028,Зелёный,6.042674577620446,Выше
2022-02-15 22:00:00+05:00,85.92,80.06615800524145,Вверх,7.311256266817921,False,0.6480617173328653,0.8005439362575435,-0.15248221892467817,False,85.1912301916028,Зелёный,5.853841994758554,Выше
2022-02-15 22:30:00+05:00,86.0,80.1252012091694,Вверх,7.332023760532278,False,0.5982407736431128,0.7600833037346574,-0.1618425300915446,False,85.1912301916028,Зелёный,5.874798790830596,Выше
2022-02-15 23:00:00+05:00,86.005,80.18370666977468,Вверх,7.259945407861343,False,0.5527885724771409,0.7186243574831541,-0.16583578500601326,False,85.1912301916028,Зелёный,5.821293330225316,Выше
2022-02-15 23:30:00+05:00,86.05,80.24207774768736,Вверх,7.238000828661276,False,0.5144680322761417,0.6777930924417517,-0.16332506016561,False,85.1912301916028,Зелёный,5.807922252312636,Выше
2022-02-16 00:00:00+05:00,86.01,80.29947000890441,Вверх,7.1115413220814,False,0.4753910502693799,0.6373126840072774,-0.16192163373789747,False,85.1912301916028,Зелёный,5.710529991095598,Выше
2022-02-16 00:30:00+05:00,85.9,80.35519667548247,Вверх,6.90036681374875,False,0.430582690574397,0.5959666853207013,-0.16538399474630427,False,85.1912301916028,Зелёный,5.544803324517531,Выше
2022-02-16 01:00:00+05:00,86.05,80.41186138517917,Вверх,7.011575801999786,False,0.4025353125731925,0.5572804107711995,-0.15474509819800697,False,85.32937704066983,Зелёный,5.638138614820832,Выше
2022-02-16 01:30:00+05:00,86.35,80.47094734154555,Вверх,7.305807689204627,False,0.3999051980414947,0.5258053682252586,-0.12590017018376387,False,85.32937704066983,Зелёный,5.879052658454441,Выше
2022-02-16 12:00:00+05:00,86.64,80.53233095008738,Вверх,7.584120536257728,False,0.4164211459378606,0.5039285237677791,-0.08750737782991846,False,86.11464540294256,Зелёный,6.107669049912616,Выше
2022-02-16 12:30:00+05:00,87.02,80.59688487098204,Вверх,7.969433482820036,False,0.4549288413445396,0.4941285872831312,-0.0391997459385916,False,86.11464540294256,Зелёный,6.423115129017958,Выше
2022-02-16 13:00:00+05:00,86.87,80.65930392699217,Вверх,7.6999128068714535,False,0.4679485019470064,0.4888925702159062,-0.02094406826889983,False,86.11464540294256,Зелёный,6.210696073007838,Выше
2022-02-16 13:30:00+05:00,86.89,80.721300902843,Вверх,7.64197185645176,False,0.4744117858726042,0.4859964133472459,-0.011584627474641729,False,86.11464540294256,Зелёный,6.168699097157003,Выше
2022-02-16 14:00:00+05:00,86.695,80.78074069485452,Вверх,7.321372958792638,False,0.4585136546362776,0.4804998616050522,-0.021986206968774624,False,86.11464540294256,Зелёный,5.914259305145478,Выше
2022-02-16 14:30:00+05:00,86.345,80.83610645908482,Вверх,6.814892233464395,False,0.4129123990564096,0.4669823690953237,-0.05406997003891412,False,86.11464540294256,Зелёный,5.508893540915182,Выше
2022-02-16 15:00:00+05:00,86.905,80.89649345949195,Вверх,7.427400476284856,False,0.4171517298806577,0.4570162412523906,-0.039864511371732914,False,86.11464540294256,Зелёный,6.008506540508051,Выше
2022-02-16 15:30:00+05:00,87.955,80.96672735541742,Вверх,8.631042494661234,False,0.4994799608126783,0.4655089851644481,0.033970975648230206,Выше,86.56063835107668,Зелёный,6.98827264458258,Выше
2022-02-16 16:00:00+05:00,87.95,81.03621265536351,Вверх,8.531725654603244,False,0.5578911963199715,0.4839854273955528,0.07390576892441875,False,87.01357451596901,Зелёный,6.913787344636489,Выше
2022-02-16 16:30:00+05:00,88.1,81.10649909660368,Вверх,8.62261468722321,False,0.6092630623576554,0.5090409543879734,0.100222107969682,False,87.1529670643721,Зелёный,6.99350090339631,Выше
2022-02-16 17:00:00+05:00,88.215,81.17723044887629,Вверх,8.669634960699916,False,0.6517422957221441,0.5375812226548076,0.11416107306733658,False,87.3176703579349,Зелёный,7.037769551123716,Выше
2022-02-16 17:30:00+05:00,88.87,81.25377541953424,Вверх,9.373379318242424,False,0.7298471959852293,0.576034417320892,0.1538127786643373,False,87.6509033221414,Зелёный,7.616224580465769,Выше
2022-02-16 18:00:00+05:00,88.83,81.32916073874286,Вверх,9.22281650655711,False,0.779532263758469,0.6167339866084074,0.16279827715006157,False,87.90906298992726,Зелёный,7.500839261257141,Выше
2022-02-16 18:30:00+05:00,88.3,81.39852232343199,Вверх,8.478627718996435,False,0.7672965503186049,0.6468464993504469,0.12045005096815797,False,87.90906298992726,Зелёный,6.901477676568007,Выше
2022-02-16 19:00:00+05:00,88.4,81.46818876797495,Вверх,8.508610952143743,False,0.7569432528905793,0.6688658500584734,0.08807740283210586,False,87.90906298992726,Зелёный,6.931811232025055,Выше
2022-02-16 19:30:00+05:00,88.895,81.54208738719908,Вверх,9.017322033817866,False,0.779692740627695,0.6910312281723178,0.08866151245537723,False,87.90906298992726,Зелёный,7.352912612800921,Выше
2022-02-16 20:00:00+05:00,88.85,81.61480293558516,Вверх,8.865054872613298,False,0.7850412824088977,0.7098332390196338,0.0752080433892639,False,87.90906298992726,Зелёный,7.235197064414834,Выше
2022-02-16 20:30:00+05:00,88.955,81.68783972229576,Вверх,8.896257144771509,False,0.7886614643467595,0.7255988840850589,0.06306258026170064,False,87.90906298992726,Зелёный,7.267160277704235,Выше
2022-02-16 21:00:00+05:00,88.75,81.75810997381521,Вверх,8.551922284436484,False,0.7661569178382877,0.7337104908357047,0.032446427002582934,False,87.90906298992726,Зелёный,6.991890026184791,Выше
2022-02-16 21:30:00+05:00,88.75,81.82768101885188,Вверх,8.459629913688161,False,0.7397940176639821,0.7349271962013603,0.004866821462621851,False,87.90906298992726,Зелёный,6.922318981148123,Выше
2022-02-16 22:00:00+05:00,88.445,81.89352498881355,Вверх,7.99999146706819,False,0.6863781384087417,0.7252173846428366,-0.03883924623409485,Выше,87.90906298992726,Зелёный,6.55147501118644,Выше
2022-02-16 22:30:00+05:00,88.35,81.95776852126318,Вверх,7.799421084870574,False,0.6291277698935573,0.7059994616929808,-0.07687169179942344,False,87.90906298992726,Зелёный,6.392231478736818,Выше
2022-02-16 23:00:00+05:00,88.6,82.023860376773,Вверх,8.017349577330041,False,0.5970469652746289,0.6842089624093105,-0.08716199713468165,False,87.90906298992726,Зелёный,6.576139623226993,Выше
2022-02-16 23:30:00+05:00,88.64,82.08969261182999,Вверх,7.979451718919024,False,0.5682993609119364,0.6610270421098356,-0.0927276811978992,False,87.90906298992726,Зелёный,6.550307388170012,Выше
2022-02-17 00:00:00+05:00,88.85,82.15695935201079,Вверх,8.146650875079391,False,0.5560520998196523,0.6400320536517989,-0.08397995383214663,False,88.01747257097328,Зелёный,6.693040647989207,Выше
2022-02-17 00:30:00+05:00,89.08,82.2258453286077,Вверх,8.335766745845326,False,0.558467469621192,0.6237191368456776,-0.06525166722448561,False,88.21722531387596,Зелёный,6.854154671392294,Выше
2022-02-17 01:00:00+05:00,89.18,82.29504089747728,Вверх,8.366189538808266,False,0.5619727596979516,0.6113698614161325,-0.0493971017181809,False,88.44350278248837,Зелёный,6.884959102522728,Выше
2022-02-17 01:30:00+05:00,89.0,82.36175690844765,Вверх,8.059860960629273,False,0.5439558472544093,0.5978870585837879,-0.053931211329378614,False,88.44350278248837,Зелёный,6.638243091552354,Выше
2022-02-17 12:00:00+05:00,88.015,82.41800808348796,Вверх,6.790981785003086,False,0.4450656070521432,0.567322768277459,-0.12225716122531577,False,88.64478774618443,Красный,5.596991916512039,Выше
2022-02-17 12:30:00+05:00,88.16,82.47514233141347,Вверх,6.8928134076359875,False,0.3740824774685762,0.5286747101156825,-0.15459223264710625,False,88.64478774618443,Красный,5.684857668586531,Выше
2022-02-17 13:00:00+05:00,87.705,82.52718071617552,Вверх,6.27407750863542,False,0.2779095699319498,0.4785216820789359,-0.2006121121469861,False,88.64478774618443,Красный,5.177819283824476,Выше
2022-02-17 13:30:00+05:00,87.28,82.57447245034294,Вверх,5.6985257186920375,False,0.1654902313214279,0.4159153919274343,-0.2504251606060064,False,88.12912526696844,Красный,4.705527549657063,Выше
2022-02-17 14:00:00+05:00,86.71,82.61562197820024,Вверх,4.955936811660315,True,0.0300563878935804,0.3387435911206636,-0.3086872032270832,False,88.12912526696844,Красный,4.094378021799756,Выше
2022-02-17 14:30:00+05:00,86.8,82.6572575804072,Вверх,5.011952417563361,False,-0.0692157844546841,0.257151716005594,-0.32636750046027807,False,87.89234146624446,Красный,4.142742419592793,Выше
2022-02-17 15:00:00+05:00,87.035,82.7008172064728,Вверх,5.240798023441979,False,-0.1274579048477164,0.1802297918349319,-0.3076876966826483,False,87.89234146624446,Красный,4.334182793527191,Выше
2022-02-17 15:30:00+05:00,88.01,82.75364489596063,Вверх,6.351810981435024,False,-0.093858906239987,0.1254120522199481,-0.2192709584599351,False,86.347703412342,Зелёный,5.256355104039372,Выше
2022-02-17 16:00:00+05:00,87.135,82.79724046913516,Вверх,5.23901461725872,False,-0.1362658571172517,0.0730764703525082,-0.2093423274697599,False,86.347703412342,Зелёный,4.337759530864844,Выше
2022-02-17 16:30:00+05:00,86.59,82.83497936993979,Вверх,4.533134019736215,True,-0.211413572395827,0.0161784618028411,-0.2275920341986681,False,86.347703412342,Зелёный,3.7550206300602156,Выше
2022-02-17 17:00:00+05:00,85.655,82.86303927670656,Вверх,3.3693679928516502,True,-0.3424676106067181,-0.0555507526790707,-0.28691685792764743,False,87.68468921240269,Красный,2.7919607232934425,Выше
2022-02-17 17:30:00+05:00,85.215,82.88644187096818,Вверх,2.809335370743451,True,-0.4763422261781329,-0.1397090473788831,-0.3366331787992498,False,86.64547029116241,Красный,2.328558129031819,Выше
2022-02-17 18:00:00+05:00,84.93,82.90677578269984,Вверх,2.4403605111879823,True,-0.5985363867975764,-0.2314745152626218,-0.36706187153495456,False,86.28167326204618,Красный,2.023224217300168,Выше
2022-02-17 18:30:00+05:00,83.835,82.91601184456353,Вверх,1.1083361765628872,True,-0.7748020523906121,-0.3401400226882199,-0.43466202970239215,False,85.81550593584156,Красный,0.9189881554364661,Выше
2022-02-17 19:00:00+05:00,82.6,82.91286744810022,Вниз,0.3773448654348638,True,-1.0025907983408189,-0.4726301778187397,-0.5299606205220792,False,85.0622053422574,Красный,-0.3128674481002207,Ниже
2022-02-17 19:30:00+05:00,82.53,82.90905782175096,Вниз,0.4571971165875644,True,-1.1752162739617518,-0.6131473970473421,-0.5620688769144097,False,84.00373480803167,Красный,-0.3790578217509619,Ниже
2022-02-17 20:00:00+05:00,81.195,82.892002520042,Вниз,2.0472451725746357,True,-1.403567102166619,-0.7712313380711975,-0.6323357640954215,False,83.77986132722849,Красный,-1.6970025200420054,Ниже
2022-02-17 20:30:00+05:00,81.05,82.873674136758,Вниз,2.200546984013979,True,-1.5780463310773598,-0.93259433667243,-0.6454519944049298,False,83.18462519450564,Красный,-1.823674136758001,Ниже
2022-02-17 21:00:00+05:00,83.265,82.87756792644201,Вверх,0.46747519654757963,True,-1.5200679909809054,-1.0500890675341252,-0.46997892344678016,False,80.48683732494491,Зелёный,0.3874320735579886,Выше
2022-02-17 21:30:00+05:00,82.97,82.87848764856697,Вверх,0.11041749678284221,True,-1.480853416934039,-1.136241937414108,-0.3446114795199311,False,81.22340359245042,Зелёный,0.09151235143302472,Выше
2022-02-17 22:00:00+05:00,83.675,82.88641314460114,Вверх,0.9514066606104871,True,-1.3770146091545,-1.1843964717621864,-0.19261813739231348,False,81.50531323320538,Зелёный,0.7885868553988615,Выше
2022-02-17 22:30:00+05:00,83.29,82.8904289342071,Вверх,0.48204728933187846,True,-1.3106791944080811,-1.2096530162913657,-0.10102617811671544,False,81.72853190988485,Зелёный,0.39957106579291235,Выше
2022-02-17 23:00:00+05:00,83.05,82.89201670600603,Вверх,0.1905892753873825,True,-1.262915787476743,-1.220305570528441,-0.04261021694830203,False,81.72853190988485,Зелёный,0.15798329399396493,Выше
2022-02-17 23:30:00+05:00,82.565,82.88876280843384,Вниз,0.3905991565854311,True,-1.249791570792908,-1.2262027705813343,-0.023588800211573613,False,81.72853190988485,Зелёный,-0.3237628084338411,Ниже
2022-02-18 00:00:00+05:00,83.045,82.8903174073549,Вверх,0.18661117182714157,True,-1.186975827570052,-1.218357381979078,0.031381554409026124,Ниже,81.72853190988485,Зелёный,0.1546825926451021,Выше
2022-02-18 00:30:00+05:00,82.855,82.88996599036629,Вниз,0.0421836225271851,True,-1.1393911190328223,-1.202564129389827,0.06317301035700473,False,81.72853190988485,Зелёный,-0.034965990366288224,Ниже
2022-02-18 01:00:00+05:00,82.82,82.88926981135768,Вниз,0.0835690934608689,True,-1.0919171608451563,-1.1804347356808929,0.08851757483573652,False,81.72853190988485,Зелёный,-0.06926981135768528,Ниже
2022-02-18 01:30:00+05:00,83.245,82.89280941522478,Вверх,0.4248747114011353,True,-1.0083758299477523,-1.1460229545342648,0.13764712458651251,False,81.79354836422111,Зелёный,0.35219058477522935,Выше
2022-02-18 12:00:00+05:00,82.805,82.89193568970016,Вниз,0.10487834428863205,True,-0.9665314729204652,-1.110124658211505,0.14359318529103982,False,81.79354836422111,Зелёный,-0.0869356897001552,Ниже
2022-02-18 12:30:00+05:00,82.99,82.89291145398175,Вверх,0.11712526959816168,True,-0.9079749940766532,-1.0696947253845346,0.16171973130788142,False,81.79354836422111,Зелёный,0.09708854601824157,Выше
2022-02-18 13:00:00+05:00,82.27,82.88671333006154,Вниз,0.7440436534209547,True,-0.9091860149929972,-1.0375929833062272,0.12840696831322995,False,81.79354836422111,Зелёный,-0.6167133300615433,Ниже
2022-02-18 13:30:00+05:00,82.39,82.8817709088669,Вниз,0.5933402525962271,True,-0.8902010767936446,-1.0081146020037108,0.11791352521006626,False,81.79354836422111,Зелёный,-0.4917709088668971,Ниже
2022-02-18 14:00:00+05:00,81.75,82.87050950678862,Вниз,1.3521209335594002,True,-0.9162362269019156,-0.989738926983352,0.07350270008143633,False,83.36780215141107,Красный,-1.120509506788622,Ниже
2022-02-18 14:30:00+05:00,82.22,82.8640367753778,Вниз,0.7772210966786596,True,-0.8886998205548053,-0.9695311056976426,0.08083128514283722,False,83.36780215141107,Красный,-0.6440367753777991,Ниже
2022-02-18 15:00:00+05:00,82.275,82.85817571293623,Вниз,0.7038239834734573,True,-0.8526106153477571,-0.9461470076276656,0.09353639227990851,False,83.36780215141107,Красный,-0.5831757129362245,Ниже
2022-02-18 15:30:00+05:00,82.17,82.85132819340453,Вниз,0.8223503572737689,True,-0.8229953051103536,-0.9215166671242032,0.09852136201384964,False,83.36780215141107,Красный,-0.681328193404525,Ниже
2022-02-18 16:00:00+05:00,82.19,82.84474781337066,Вниз,0.790331108069339,True,-0.7888181212478713,-0.8949769579489368,0.10615883670106552,False,83.36780215141107,Красный,-0.6547478133706619,Ниже
2022-02-18 16:30:00+05:00,82.265,82.83897917841175,Вниз,0.6928853833115909,True,-0.7470688390622229,-0.8653953341715941,0.11832649510937121,False,83.30127219238672,Красный,-0.5739791784117472,Ниже
2022-02-18 17:00:00+05:00,82.075,82.83137739554198,Вниз,0.913153226862413,True,-0.7210023776453909,-0.8365167428663536,0.1155143652209627,False,83.27639497314804,Красный,-0.7563773955419748,Ниже
2022-02-18 17:30:00+05:00,82.425,82.82733383936744,Вниз,0.48575007876954773,True,-0.66444315713197,-0.8021020257194769,0.13765886858750687,False,83.27639497314804,Красный,-0.4023338393674436,Ниже
2022-02-18 18:00:00+05:00,80.9,82.80815638822945,Вниз,2.3043097098834493,True,-0.7342107973891814,-0.7885237800534178,0.05431298266423645,False,82.77100492824992,Красный,-1.9081563882294432,Ниже
2022-02-18 18:30:00+05:00,80.855,82.78872199630678,Вниз,2.335731183763214,True,-0.784094722976576,-0.7876379686380495,0.0035432456614734598,False,82.35765443542493,Красный,-1.9337219963067724,Ниже
2022-02-18 19:00:00+05:00,79.61,82.75709292171666,Вниз,3.802807482246419,True,-0.9135582575766676,-0.8128220264257732,-0.10073623115089447,Ниже,81.51313899188246,Красный,-3.1470929217166628,Ниже
2022-02-18 19:30:00+05:00,79.5,82.72468403692346,Вниз,3.8980916935072885,True,-1.0133538102396642,-0.8529283831885515,-0.16042542705111273,False,80.6578250926942,Красный,-3.2246840369234633,Ниже
2022-02-18 20:00:00+05:00,79.325,82.69085633506353,Вниз,4.070409334527954,True,-1.093953131440145,-0.9011333328388702,-0.19281979860127474,False,80.6578250926942,Красный,-3.365856335063526,Ниже
2022-02-18 20:30:00+05:00,79.16,82.65572343620717,Вниз,4.229257564849862,True,-1.1577964385751187,-0.95246595398612,-0.20533048458899872,False,80.6578250926942,Красный,-3.4957234362071716,Ниже
2022-02-18 21:00:00+05:00,78.545,82.6148207154489,Вниз,4.926259816584999,True,-1.2436816913039337,-1.0107091014496827,-0.23297258985425096,False,79.85614449257407,Красный,-4.069820715448898,Ниже
2022-02-18 21:30:00+05:00,79.025,82.57910110633996,Вниз,4.303874780331186,True,-1.2585070979569366,-1.0602687007511336,-0.19823839720580305,False,79.85614449257407,Красный,-3.5541011063399566,Ниже
2022-02-18 22:00:00+05:00,79.565,82.5491100505555,Вниз,3.6149512075029566,True,-1.212703560742554,-1.0907556727494176,-0.12194788799313638,False,79.85614449257407,Красный,-2.9841100505555005,Ниже
2022-02-18 22:30:00+05:00,78.885,82.5126512440823,Вниз,4.396478830078159,True,-1.2172426291843692,-1.116053064036408,-0.10118956514796129,False,79.85614449257407,Красный,-3.627651244082301,Ниже
2022-02-18 23:00:00+05:00,78.31,82.47083381876806,Вниз,5.045218565282852,False,-1.2527961143831163,-1.1434016741057498,-0.10939444027736656,False,79.85614449257407,Красный,-4.1608338187680545,Ниже
2022-02-18 23:30:00+05:00,79.075,82.43704442753653,Вниз,4.078317522035644,True,-1.205348889232468,-1.1557911171310935,-0.049557772101374464,False,79.85614449257407,Красный,-3.3620444275365315,Ниже
2022-02-19 00:00:00+05:00,79.34,82.40622806507349,Вниз,3.7208693287747487,True,-1.13329936651634,-1.151292767008143,0.01799340049180298,Ниже,79.85614449257407,Красный,-3.0662280650734886,Ниже
2022-02-19 00:30:00+05:00,79.67,82.37900191517227,Вниз,3.288461685857512,True,-1.0376104314365762,-1.1285562998938297,0.0909458684572535,False,79.85614449257407,Красный,-2.7090019151722657,Ниже
2022-02-19 01:00:00+05:00,79.68,82.35214617472279,Вниз,3.244780250235875,True,-0.950018126955996,-1.092848665306263,0.14283053835026704,False,79.85614449257407,Красный,-2.6721461747227835,Ниже
2022-02-19 01:30:00+05:00,80.5,82.33371685955142,Вниз,2.2271760944297623,True,-0.8051521547623111,-1.0353093631974726,0.23015720843516152,False,79.0482918854473,Зелёный,-1.8337168595514157,Ниже
2022-02-21 12:00:00+05:00,79.99,82.31039629378475,Вниз,2.8190804543119015,True,-0.7231614112514535,-0.9728797728082688,0.24971836155681526,False,79.0482918854473,Зелёный,-2.3203962937847535,Ниже
2022-02-21 12:30:00+05:00,79.2,82.27944707693118,Вниз,3.7426686570364227,True,-0.7137024365776767,-0.9210443055621504,0.2073418689844737,False,79.0482918854473,Зелёный,-3.0794470769311744,Ниже
2022-02-21 13:00:00+05:00,79.56,82.25238790203635,Вниз,3.273324909719354,True,-0.6694402491657314,-0.8707234942828667,0.20128324511713525,False,79.0482918854473,Зелёный,-2.6923879020363444,Ниже
2022-02-21 13:30:00+05:00,79.005,82.22007558460315,Вниз,3.910329152269988,True,-0.6714064527698724,-0.830860085980268,0.15945363321039552,False,80.56333319395803,Красный,-3.215075584603156,Ниже
2022-02-21 14:00:00+05:00,76.925,82.16738826535337,Вниз,6.380132527059851,False,-0.8312214960178892,-0.8309323679877922,-0.0002891280300969523,Ниже,79.85399987456223,Красный,-5.2423882653533695,Ниже
2022-02-21 14:30:00+05:00,76.035,82.10636947664338,Вниз,7.394517033627328,False,-1.017957253593778,-0.8683373451089894,-0.14961990848478857,False,78.262099887106,Красный,-6.071369476643383,Ниже
2022-02-21 15:00:00+05:00,75.035,82.03600759130366,Вниз,8.534066682257478,False,-1.2324316248729588,-0.9411562010617832,-0.29127542381117555,False,77.9651398983954,Красный,-7.001007591303662,Ниже
2022-02-21 15:30:00+05:00,73.26,81.94868413268374,Вниз,10.602591395629755,False,-1.5280177376999688,-1.0585285083894205,-0.4694892293105484,False,76.38137590855587,Красный,-8.688684132683733,Ниже
2022-02-21 16:00:00+05:00,71.135,81.84108528559237,Вниз,13.08155341321837,False,-1.9117046609952129,-1.229163738910579,-0.6825409220846339,False,75.42373831770027,Красный,-10.706085285592366,Ниже
2022-02-21 16:30:00+05:00,74.6,81.76903468573573,Вниз,8.767419981523087,False,-1.914118009320589,-1.3661545929925811,-0.5479634163280078,False,75.42373831770027,Красный,-7.169034685735738,Ниже
2022-02-21 17:00:00+05:00,74.5,81.69670598239507,Вниз,8.809052820251898,False,-1.9021727066203056,-1.473358215718126,-0.4288144909021796,False,75.42373831770027,Красный,-7.196705982395073,Ниже
2022-02-21 17:30:00+05:00,72.845,81.60862930595334,Вниз,10.738606174964929,False,-2.003159461409311,-1.579318464856363,-0.42384099655294794,False,75.42373831770027,Красный,-8.763629305953344,Ниже
2022-02-21 18:00:00+05:00,71.145,81.50451359146625,Вниз,12.710355702988851,False,-2.195064645800585,-1.7024677010452074,-0.4925969447553775,False,75.42373831770027,Красный,-10.359513591466254,Ниже
2022-02-21 18:30:00+05:00,70.945,81.3994438044865,Вниз,12.843384814271033,False,-2.336357144730485,-1.829245589782263,-0.5071115549482219,False,74.86889528921884,Красный,-10.454443804486502,Ниже
2022-02-21 19:00:00+05:00,71.37,81.29964834374535,Вниз,12.213642427777195,False,-2.3865281094792152,-1.9407020937216537,-0.44582601575756153,False,74.86889528921884,Красный,-9.929648343745342,Ниже
2022-02-21 19:30:00+05:00,68.31,81.17039811146928,Вниз,15.843704614838055,False,-2.642741507963507,-2.0811099765700245,-0.5616315313934823,False,72.80155518426726,Красный,-12.86039811146928,Ниже
2022-02-21 20:00:00+05:00,69.535,81.05462300588253,Вниз,14.212172703642704,False,-2.715640991015718,-2.2080161794591637,-0.5076248115565543,False,72.80155518426726,Красный,-11.519623005882536,Ниже
2022-02-21 20:30:00+05:00,69.005,80.93472625955535,Вниз,14.739935267461165,False,-2.784087697213124,-2.323230483009956,-0.46085721420316794,False,72.80155518426726,Красный,-11.929726259555352,Ниже
2022-02-21 21:00:00+05:00,70.24,80.8283110728931,Вниз,13.099755435127536,False,-2.70746802033402,-2.4000779904747684,-0.30739002985925135,False,72.80155518426726,Красный,-10.588311072893106,Ниже
2022-02-21 21:30:00+05:00,71.855,80.73902439555089,Вниз,11.003383384999676,False,-2.487752113715544,-2.4176128151229235,-0.07013929859262058,False,72.80155518426726,Красный,-8.884024395550881,Ниже
2022-02-21 22:00:00+05:00,70.405,80.63619828216231,Вниз,12.688096041384894,False,-2.4029290858667025,-2.4146760692716795,0.01174698340497704,Ниже,72.80155518426726,Красный,-10.23119828216231,Ниже
2022-02-21 22:30:00+05:00,69.925,80.52961919477762,Вниз,13.168594736711906,False,-2.347379088710298,-2.401216673159403,0.05383758444910525,False,72.80155518426726,Красный,-10.604619194777626,Ниже
2022-02-21 23:00:00+05:00,67.7,80.40196129234202,Вниз,15.79807393772101,False,-2.454599129813289,-2.41189316449018,-0.042705965323108774,Ниже,72.26916270781396,Красный,-12.70196129234202,Ниже
2022-02-21 23:30:00+05:00,65.3,80.25169302077644,Вниз,18.631000117225675,False,-2.702083787317747,-2.469931289055694,-0.2321524982620531,False,69.78499643703256,Красный,-14.951693020776446,Ниже
2022-02-22 00:00:00+05:00,65.495,80.10486025440056,Вниз,18.23841925196788,False,-2.849633490065486,-2.5458717292576525,-0.30376176080783335,False,68.91724679332931,Красный,-14.609860254400559,Ниже
2022-02-22 00:30:00+05:00,69.495,79.99928950560056,Вниз,13.13047849614361,False,-2.6136723342118278,-2.559431850248488,-0.05424048396333969,False,64.45947788600363,Зелёный,-10.504289505600553,Ниже
2022-02-22 01:00:00+05:00,68.31,79.88297816723639,Вниз,14.487414506514964,False,-2.493546957583334,-2.546254871715457,0.05270791413212317,Ниже,65.05053009740327,Зелёный,-11.572978167236386,Ниже
2022-02-22 01:30:00+05:00,69.5,79.779664951642,Вниз,12.88506909357537,False,-2.27608636954011,-2.492221171280388,0.216134801740278,False,65.20497708766294,Зелёный,-10.279664951642005,Ниже
2022-02-22 12:00:00+05:00,66.565,79.64817574814307,Вниз,16.42620891847369,False,-2.313904012873323,-2.456557739598975,0.14265372672565224,False,65.20497708766294,Зелёный,-13.083175748143077,Ниже
2022-02-22 12:30:00+05:00,66.56,79.51794514368395,Вниз,16.29562373659147,False,-2.317562804511894,-2.428758752581559,0.11119594806966493,False,65.20497708766294,Зелёный,-12.957945143683943,Ниже
2022-02-22 13:00:00+05:00,67.95,79.40284121190601,Вниз,14.423717132918812,False,-2.183135216143114,-2.3796340452938702,0.19649882915075612,False,65.20497708766294,Зелёный,-11.452841211906005,Ниже
2022-02-22 13:30:00+05:00,68.0,79.28938010531988,Вниз,14.238199479330302,False,-2.048946818234328,-2.3134965998819617,0.2645497816476339,False,65.20497708766294,Зелёный,-11.289380105319879,Ниже
2022-02-22 14:00:00+05:00,69.05,79.18749572616247,Вниз,12.801889532179233,False,-1.83670295299828,-2.2181378705052257,0.3814349175069458,False,65.20497708766294,Зелёный,-10.13749572616247,Ниже
2022-02-22 14:30:00+05:00,69.685,79.09294352988225,Вниз,11.89479504745934,False,-1.598828665955807,-2.094276029595342,0.4954473636395349,False,66.03695494594469,Зелёный,-9.407943529882246,Ниже
2022-02-22 15:00:00+05:00,70.995,79.0123669773461,Вниз,10.146977345514514,False,-1.2897382283475451,-1.9333684693457829,0.6436302409982377,False,66.9547594513502,Зелёный,-8.0173669773461,Ниже
2022-02-22 15:30:00+05:00,70.685,78.92950760443719,Вниз,10.445406103070262,False,-1.0576048287587554,-1.7582157412283776,0.7006109124696223,False,66.9547594513502,Зелёный,-8.244507604437189,Ниже
2022-02-22 16:00:00+05:00,71.0,78.85060703125872,Вниз,9.956305127931996,False,-0.8385532498358117,-1.5742832429498643,0.7357299931140526,False,67.45605515559367,Зелёный,-7.850607031258718,Ниже
2022-02-22 16:30:00+05:00,70.23,78.76482984686808,Вниз,10.835838614088553,False,-0.7187999814507577,-1.4031865906500431,0.6843866091992854,False,67.45605515559367,Зелёный,-8.534829846868078,Ниже
2022-02-22 17:00:00+05:00,70.91,78.68667233595397,Вниз,9.883087065559657,False,-0.5625397286539169,-1.235057218250818,0.672517489596901,False,67.45605515559367,Зелёный,-7.776672335953975,Ниже
2022-02-22 17:30:00+05:00,70.385,78.60406863111861,Вниз,10.456289062707311,False,-0.4755832373896709,-1.0831624220785885,0.6075791846889176,False,67.64573170842777,Зелёный,-8.219068631118603,Ниже
2022-02-22 18:00:00+05:00,70.615,78.52457541090848,Вниз,10.07273884579286,False,-0.3836876019275053,-0.943267458048372,0.5595798561208667,False,67.64573170842777,Зелёный,-7.909575410908488,Ниже
2022-02-22 18:30:00+05:00,70.71,78.44681844164572,Вниз,9.862501240124754,False,-0.2997387410733552,-0.8145617146533686,0.5148229735800134,False,68.0373926838265,Зелёный,-7.736818441645724,Ниже
2022-02-22 19:00:00+05:00,70.565,78.36839238749998,Вниз,9.957320993539547,False,-0.2421179670016044,-0.7000729651230158,0.4579549981214114,False,68.0373926838265,Зелёный,-7.803392387499983,Ниже
2022-02-22 19:30:00+05:00,75.13,78.33616957767413,Вниз,4.092834248801326,True,0.169945237379423,-0.526069324622528,0.696014562001951,False,70.01563807389948,Зелёный,-3.2061695776741317,Ниже
2022-02-22 20:00:00+05:00,77.815,78.33098381073209,Вниз,0.6587224947650924,True,0.7050381155995495,-0.2798478365781125,0.9848859521776621,False,73.09607426650953,Зелёный,-0.5159838107320951,Ниже
2022-02-22 20:30:00+05:00,76.1,78.30878496684421,Вниз,2.8206094217646407,True,0.979426688386269,-0.0279929315852362,1.0074196199715053,False,73.72621683985857,Зелёный,-2.2087849668442203,Ниже
2022-02-22 21:00:00+05:00,72.65,78.25247864876617,Вниз,7.159490338846284,False,0.9080282575110488,0.1592113062340207,0.7488169512770281,False,77.83515484412729,Красный,-5.602478648766166,Ниже
2022-02-22 21:30:00+05:00,72.925,78.1994689109675,Вниз,6.744890962076283,False,0.8636787375089767,0.300104792489012,0.5635739450199647,False,76.63613935971455,Красный,-5.274468910967499,Ниже
2022-02-22 22:00:00+05:00,72.985,78.1475836481718,Вниз,6.606197411572275,False,0.823875794629771,0.4048589929171638,0.4190168017126072,False,76.2980254237431,Красный,-5.162583648171804,Ниже
2022-02-22 22:30:00+05:00,72.52,78.09158779097606,Вниз,7.134683707404266,False,0.746208237734308,0.4731288418805927,0.2730793958537153,False,75.6849728813688,Красный,-5.571587790976068,Ниже
2022-02-22 23:00:00+05:00,73.245,78.04336303683701,Вниз,6.148329403196199,False,0.7346885479987293,0.52544078310422,0.20924776489450925,False,75.6849728813688,Красный,-4.798363036837003,Ниже
2022-02-22 23:30:00+05:00,72.5,77.98820519567445,Вниз,7.037224644296407,False,0.6578604315620424,0.5519247127957846,0.10593571876625785,False,75.65630303390873,Красный,-5.488205195674453,Ниже
2022-02-23 00:00:00+05:00,74.66,77.95508872606575,Вниз,4.2269065174753395,True,0.7624781701764647,0.5940354042719207,0.168442765904544,False,75.65630303390873,Красный,-3.2950887260657566,Ниже
2022-02-23 00:30:00+05:00,75.12,77.92687888799544,Вниз,3.6019393154828827,True,0.8724495816814795,0.6497182397538325,0.222731341927647,False,75.65630303390873,Красный,-2.8068788879954383,Ниже
2022-02-23 01:00:00+05:00,75.585,77.90357661050295,Вниз,2.976213302882384,True,0.9857610911890332,0.7169268100408727,0.26883428114816055,False,75.65630303390873,Красный,-2.3185766105029586,Ниже
2022-02-23 01:30:00+05:00,75.7,77.88165047507506,Вниз,2.8012381116310143,True,1.0724779594221443,0.788037039917127,0.28444091950501726,False,72.75168582945248,Зелёный,-2.1816504750750596,Ниже
2022-02-24 12:00:00+05:00,68.65,77.7897932564176,Вниз,11.749347663504125,False,0.5658033922609462,0.743590310385891,-0.17778691812494474,Выше,72.20798275349277,Красный,-9.13979325641759,Ниже
2022-02-24 12:30:00+05:00,55.0,77.56302914441345,Вниз,29.089927757209793,False,-0.9265006520079312,0.4095721179071265,-1.3360727699150576,False,66.72468447814349,Красный,-22.56302914441345,Ниже
2022-02-24 13:15:00+05:00,47.28,77.26170547133471,Вниз,38.805389149037595,False,-2.7009667761273306,-0.2125356608997649,-2.4884311152275655,False,56.62296603032914,Красный,-29.981705471334706,Ниже
2022-02-24 14:00:00+05:00,64.5,77.13472332734132,Вниз,16.380072141728668,False,-2.6867625511367947,-0.707381038947171,-1.9793815121896237,False,46.956080572703776,Зелёный,-12.63472332734132,Ниже
2022-02-24 14:30:00+05:00,62.5,76.98910418975584,Вниз,18.819681489012254,False,-2.804559667726707,-1.1268167647030782,-1.6777429030236288,False,50.82472251543339,Зелёный,-14.489104189755835,Ниже
2022-02-24 15:00:00+05:00,57.27,76.79289419781797,Вниз,25.422787357808296,False,-3.282098039211945,-1.5578730196048518,-1.7242250196070934,False,50.82472251543339,Зелёный,-19.52289419781797,Ниже
2022-02-24 15:45:00+05:00,58.09,76.60679574808844,Вниз,24.17121818928249,False,-3.5534218568802984,-1.9569827870599408,-1.5964390698203577,False,50.82472251543339,Зелёный,-18.51679574808844,Ниже
2022-02-24 16:15:00+05:00,53.33,76.37518584014727,Вниз,30.1736559939516,False,-4.105217761242905,-2.3866297818965343,-1.7185879793463705,False,50.82472251543339,Зелёный,-23.04518584014727,Ниже
2022-02-24 16:45:00+05:00,53.255,76.1451342397478,Вниз,30.061190998333203,False,-4.496736287324808,-2.808651082982189,-1.6880852043426189,False,50.82472251543339,Зелёный,-22.890134239747802,Ниже
2022-02-24 17:15:00+05:00,54.2,75.92677469507369,Вниз,28.61543214805274,False,-4.676852097932276,-3.1822912859722066,-1.4945608119600693,False,50.82472251543339,Зелёный,-21.726774695073686,Ниже
2022-02-24 17:45:00+05:00,53.86,75.70720479761027,Вниз,28.857497586940216,False,-4.79179352108136,-3.504191732994037,-1.2876017880873225,False,50.82472251543339,Зелёный,-21.847204797610274,Ниже
2022-02-24 18:15:00+05:00,53.01,75.48136196380321,Вниз,29.77074257692815,False,-4.895046276869593,-3.782362641769149,-1.1126836351004439,False,50.82472251543339,Зелёный,-22.47136196380321,Ниже
2022-02-24 18:45:00+05:00,49.035,75.21821408356637,Вниз,34.80967263391443,False,-5.237252324545629,-4.073340578324444,-1.163911746221185,False,58.43997190593221,Красный,-26.18321408356637,Ниже
2022-02-24 19:15:00+05:00,47.655,74.94395324691396,Вниз,36.412481680818814,False,-5.555764158769918,-4.369825294413539,-1.1859388643563786,False,56.00847471533898,Красный,-27.288953246913962,Ниже
2022-02-24 19:45:00+05:00,50.715,74.70286913500438,Вниз,32.11104126623713,False,-5.497894351865647,-4.595439105903961,-0.9024552459616864,False,55.93812724380509,Красный,-23.987869135004374,Ниже
2022-02-24 20:15:00+05:00,52.81,74.48502964112375,Вниз,29.09984696999677,False,-5.222778185751295,-4.7209069218734285,-0.5018712638778666,False,55.93812724380509,Красный,-21.675029641123743,Ниже
2022-02-24 20:45:00+05:00,53.815,74.27935770439615,Вниз,27.550531314280587,False,-4.867541552063393,-4.750233847911422,-0.11730770415197167,False,55.93812724380509,Красный,-20.46435770439615,Ниже
2022-02-24 21:15:00+05:00,53.935,74.0769262844519,Вниз,27.190553516094678,False,-4.524179043594941,-4.705022887048126,0.18084384345318494,Ниже,55.93812724380509,Красный,-20.1419262844519,Ниже
2022-02-24 21:45:00+05:00,53.645,73.87362353535289,Вниз,27.382741724686483,False,-4.226739140451919,-4.609366137728885,0.38262699727696603,False,55.93812724380509,Красный,-20.228623535352888,Ниже
2022-02-24 22:15:00+05:00,67.9,73.81418449520012,Вниз,8.012260157916797,False,-2.8083832147364234,-4.249169553130393,1.4407863383939699,False,56.67941906880553,Зелёный,-5.914184495200118,Ниже
2022-02-24 22:45:00+05:00,67.45,73.75085927634241,Вниз,8.543438460470357,False,-1.701028763366878,-3.7395413951776906,2.0385126318108124,False,60.062727161924975,Зелёный,-6.300859276342408,Ниже
2022-02-24 23:15:00+05:00,66.005,73.67378604971213,Вниз,10.409110839692083,False,-0.9293290790931152,-3.177498931960776,2.248169852867661,False,60.062727161924975,Зелёный,-7.668786049712139,Ниже
2022-02-25 00:00:00+05:00,65.235,73.589818029317,Вниз,11.353225558987761,False,-0.3755549209972244,-2.617110129768066,2.2415552087708415,False,60.062727161924975,Зелёный,-8.354818029317002,Ниже
2022-02-25 00:30:00+05:00,67.5,73.5292228250452,Вниз,8.199764112006292,False,0.2432773102288692,-2.045032641768679,2.2883099519975483,False,60.062727161924975,Зелёный,-6.029222825045196,Ниже
2022-02-25 01:00:00+05:00,67.8,73.47221563275619,Вниз,7.720218566850109,False,0.7492766103606598,-1.4861707913428115,2.235447401703471,False,61.28573279093898,Зелёный,-5.672215632756192,Ниже
2022-02-25 01:30:00+05:00,67.25,73.41030303939543,Вниз,8.391605516312229,False,1.0933013998045382,-0.9702763531133416,2.0635777529178796,False,61.28573279093898,Зелёный,-6.16030303939543,Ниже
2022-02-25 12:00:00+05:00,68.95,73.36592191462533,Вниз,6.019036903487783,False,1.4859897516502585,-0.4790231321606216,1.96501288381088,False,61.28573279093898,Зелёный,-4.415921914625329,Ниже
2022-02-25 12:45:00+05:00,68.605,73.31854955726588,Вниз,6.428863617363752,False,1.7491958421088682,-0.0333793373067237,1.782575179415592,False,61.28573279093898,Зелёный,-4.713549557265878,Ниже
2022-02-25 13:15:00+05:00,64.515,73.2309520492334,Вниз,11.902005648340653,False,1.6092097780281946,0.2951384857602599,1.3140712922679347,False,61.28573279093898,Зелёный,-8.715952049233394,Ниже
2022-02-25 13:45:00+05:00,65.055,73.1495992925246,Вниз,11.06581494746726,False,1.5242724369048375,0.5409652759891755,0.983307160915662,False,61.28573279093898,Зелёный,-8.094599292524592,Ниже
2022-02-25 14:15:00+05:00,65.995,73.0784092498129,Вниз,9.69288921656575,False,1.515341215946016,0.7358404639805437,0.7795007519654723,False,61.28573279093898,Зелёный,-7.083409249812902,Ниже
2022-02-25 14:45:00+05:00,65.84,73.00638527717796,Вниз,9.816107522608968,False,1.4787103024774737,0.8844144316799296,0.5942958707975441,False,61.28573279093898,Зелёный,-7.166385277177952,Ниже
2022-02-25 15:15:00+05:00,64.345,72.92020233909659,Вниз,11.759707274562714,False,1.3139002101305906,0.9703115873700618,0.3435886227605287,False,61.28573279093898,Зелёный,-8.575202339096592,Ниже
2022-02-25 15:45:00+05:00,62.285,72.81437943024986,Вниз,14.46057703524911,False,1.0054717878060302,0.9773436274572556,0.028128160348774633,False,61.28573279093898,Зелёный,-10.529379430249861,Ниже
2022-02-25 16:15:00+05:00,62.235,72.70911197323244,Вниз,14.405501166192817,False,0.7483786160382948,0.9315506251734634,-0.18317200913516862,Выше,61.28573279093898,Зелёный,-10.47411197323244,Ниже
2022-02-25 16:45:00+05:00,62.0,72.60255364514057,Вниз,14.60355471374005,False,0.5196773718779468,0.8491759745143601,-0.3294986026364133,False,61.28573279093898,Зелёный,-10.602553645140574,Ниже
2022-02-25 17:15:00+05:00,61.235,72.48944365862177,Вниз,15.525631168619384,False,0.2735475951497292,0.7340502986414339,-0.4605027034917047,False,67.44975908144413,Красный,-11.254443658621767,Ниже
2022-02-25 17:45:00+05:00,61.885,72.38392680629718,Вниз,14.504500197112558,False,0.1294453758310467,0.6131293140793564,-0.48368393824830974,False,67.44975908144413,Красный,-10.498926806297185,Ниже
2022-02-25 18:15:00+05:00,61.96,72.28020614155791,Вниз,14.278053000217234,False,0.0210525216545107,0.4947139555943873,-0.4736614339398766,False,67.21667985596974,Красный,-10.320206141557911,Ниже
2022-02-25 18:45:00+05:00,62.05,72.17841304562202,Вниз,14.032468460092257,False,-0.0569310822918254,0.3843849480171448,-0.4413160303089702,False,66.76126187037278,Красный,-10.128413045622025,Ниже
2022-02-25 19:15:00+05:00,61.08,72.06798107501882,Вниз,15.246689183065829,False,-0.1947594776082866,0.2685560628920585,-0.4633155405003451,False,66.33163568333549,Красный,-10.987981075018823,Ниже
2022-02-25 19:45:00+05:00,61.16,71.95944394989426,Вниз,15.00768121195319,False,-0.294143440005989,0.156016162312449,-0.450159602318438,False,65.40197211500194,Красный,-10.799443949894268,Ниже
2022-02-25 20:15:00+05:00,60.6,71.8464146568605,Вниз,15.653411113934549,False,-0.4133286704884469,0.0421471957522698,-0.4554758662407167,False,65.16052490350175,Красный,-11.246414656860502,Ниже
2022-02-25 20:45:00+05:00,61.4,71.74247023241414,Вниз,14.416105549347643,False,-0.4381794502625808,-0.0539181334507003,-0.3842613168118805,False,65.16052490350175,Красный,-10.342470232414136,Ниже
2022-02-25 21:15:00+05:00,61.865,71.64418694651947,Вниз,13.649658630112416,False,-0.4155619193133972,-0.1262468906232396,-0.28931502869015757,False,65.16052490350175,Красный,-9.779186946519467,Ниже
2022-02-25 21:45:00+05:00,61.38,71.54205573312126,Вниз,14.2043104981908,False,-0.4317953418539204,-0.1873565808693758,-0.2444387609845446,False,65.08558265465277,Красный,-10.162055733121257,Ниже
2022-02-25 22:15:00+05:00,61.42,71.4413387606524,Вниз,14.027366976179668,False,-0.4364022074699534,-0.2371657061894913,-0.1992365012804621,False,64.6637743891875,Красный,-10.021338760652398,Ниже
2022-02-25 22:45:00+05:00,60.61,71.33356424562103,Вниз,15.03298532608978,False,-0.4996537152036566,-0.2896633079923244,-0.20999040721133216,False,63.97664695026874,Красный,-10.723564245621034,Ниже
2022-02-25 23:15:00+05:00,61.0,71.23074271083874,Вниз,14.362819088340057,False,-0.5124045692377095,-0.3342115602414014,-0.17819300899630808,False,63.84798225524187,Красный,-10.23074271083874,Ниже
2022-02-26 00:00:00+05:00,60.435,71.12332238535777,Вниз,15.027872752409808,False,-0.5616264113528473,-0.3796945304636906,-0.18193188088915668,False,63.24443402971768,Красный,-10.688322385357765,Ниже
2022-02-26 00:30:00+05:00,60.26,71.01522962530446,Вниз,15.14496211876235,False,-0.6077503456441562,-0.4253056934997837,-0.1824446521443725,False,62.85099062674591,Красный,-10.755229625304459,Ниже
2022-02-26 01:00:00+05:00,60.2,70.90761540017705,Вниз,15.100797480985817,False,-0.6417477261214586,-0.4685941000241187,-0.17315362609733986,False,62.51139156407132,Красный,-10.707615400177048,Ниже
2022-02-26 01:30:00+05:00,60.055,70.79962917728972,Вниз,15.176109397951839,False,-0.6726374375937496,-0.5094027675380449,-0.1632346700557047,False,62.51139156407132,Красный,-10.744629177289717,Ниже
2022-03-24 12:00:00+05:00,66.915,70.76097615065002,Вниз,5.435165482259515,False,-0.1419369273501729,-0.4359095995004706,0.29397267215029765,Ниже,62.49022283310223,Зелёный,-3.845976150650017,Ниже
2022-03-24 12:30:00+05:00,70.045,70.75385200984755,Вниз,1.0018564215399732,True,0.525158195232116,-0.2436960405539532,0.7688542357860693,False,64.78620054979201,Зелёный,-0.708852009847547,Ниже
2022-03-24 13:00:00+05:00,70.905,70.75535596994858,Вверх,0.21149498578591944,True,1.1104303488765694,0.0271292373321512,1.0833011115444182,False,66.87258049481281,Зелёный,0.14964403005141946,Выше
2022-03-24 13:30:00+05:00,70.875,70.75654645780979,Вверх,0.16741001097451863,True,1.5539292686962725,0.3324892436049755,1.221440025091297,False,66.87258049481281,Зелёный,0.11845354219020976,Выше
2022-03-24 14:00:00+05:00,70.005,70.74906838360273,Вниз,1.0517006097781885,True,1.8142896273163127,0.6288493203472432,1.1854403069690695,False,66.87258049481281,Зелёный,-0.7440683836027375,Ниже
2022-03-24 14:30:00+05:00,68.015,70.72186372306938,Вниз,3.8274779263013112,True,1.8388535592571744,0.8708501681292294,0.968003391127945,False,66.87258049481281,Зелёный,-2.7068637230693753,Ниже
2022-03-24 15:00:00+05:00,69.34,70.70811383527764,Вниз,1.9348753078957985,True,1.942841214660902,1.085248377435564,0.8575928372253381,False,66.87258049481281,Зелёный,-1.36811383527764,Ниже
2022-03-24 15:30:00+05:00,69.55,70.6965903145286,Вниз,1.6218466964636307,True,2.0189245205793758,1.2719836060643264,0.7469409145150494,False,66.87258049481281,Зелёный,-1.1465903145286092,Ниже
2022-03-25 12:00:00+05:00,65.57,70.64557946562783,Вниз,7.18456767432608,False,1.7380333839561928,1.3651935616426996,0.3728398223134932,False,73.30007964425619,Красный,-5.07557946562784,Ниже
2022-03-25 12:30:00+05:00,65.465,70.59403141124348,Вниз,7.265531247768598,False,1.4897792639926593,1.3901107021126915,0.09966856187996775,False,70.24407167983055,Красный,-5.129031411243474,Ниже
2022-03-25 13:00:00+05:00,67.135,70.55961318824603,Вниз,4.8535033477429925,True,1.411520004602508,1.3943925626106548,0.01712744199185323,False,70.24407167983055,Красный,-3.4246131882460276,Ниже
2022-03-25 13:30:00+05:00,66.75,70.52170658935802,Вниз,5.34829171296201,False,1.3034078212671716,1.3761956143419585,-0.07278779307478689,Выше,70.24407167983055,Красный,-3.7717065893580184,Ниже
2022-03-25 14:00:00+05:00,66.82,70.48487368797137,Вниз,5.199517990477452,False,1.2094349389244885,1.3428434792584645,-0.13340854033397598,False,70.16381825459648,Красный,-3.6648736879713795,Ниже
2022-03-25 14:30:00+05:00,66.0,70.44024807913584,Вниз,6.303566782086658,False,1.0566136215457362,1.2855975077159187,-0.2289838861701825,False,69.48243642913684,Красный,-4.440248079135841,Ниже
2022-03-25 15:00:00+05:00,66.825,70.404275461433,Вниз,5.083889349012196,False,0.9906526051202746,1.22660852719679,-0.23595592207651528,False,69.48243642913684,Красный,-3.5792754614329994,Ниже
2022-03-25 15:30:00+05:00,66.59,70.366322471767,Вниз,5.366661691439356,False,0.908937818973584,1.1630743855521488,-0.25413656657856476,False,69.48243642913684,Красный,-3.7763224717670028,Ниже
2022-03-28 12:00:00+05:00,66.245,70.32531428796834,Вниз,5.802056242877565,False,0.8070366296111047,1.0918668343639402,-0.2848302047528355,False,69.47079615684076,Красный,-4.080314287968335,Ниже
2022-03-28 12:30:00+05:00,66.695,70.2891917577398,Вниз,5.113434466749346,False,0.7538999527076129,1.0242734580326749,-0.270373505325062,False,69.47079615684076,Красный,-3.5941917577398073,Ниже
2022-03-28 13:00:00+05:00,67.3,70.25944855617026,Вниз,4.21217162529289,True,0.7519393089489625,0.9698066282159326,-0.21786731926697,False,69.47079615684076,Красный,-2.9594485561702584,Ниже
2022-03-28 13:30:00+05:00,67.88,70.23577245113373,Вниз,3.3540920373200866,True,0.7881018893779412,0.9334656804483344,-0.1453637910703932,False,69.47079615684076,Красный,-2.3557724511337312,Ниже
2022-03-28 14:00:00+05:00,67.3,70.2065607849533,Вниз,4.140013059258466,True,0.7611853710316581,0.8990096185649991,-0.137824247533341,False,69.47079615684076,Красный,-2.9065607849532995,Ниже
2022-03-28 14:30:00+05:00,66.69,70.17157013037665,Вниз,4.961510942263372,True,0.6827614849081556,0.8557599918336305,-0.17299850692547492,False,69.47079615684076,Красный,-3.481570130376653,Ниже
2022-03-28 15:00:00+05:00,65.765,70.12772366141768,Вниз,6.221111186328046,False,0.5397483378323784,0.7925576610333802,-0.2528093232010018,False,68.6778247753876,Красный,-4.362723661417675,Ниже
2022-03-28 15:30:00+05:00,64.935,70.07605476926427,Вниз,7.336392989291351,False,0.3553391959600986,0.705113968018724,-0.34977477205862534,False,67.81654229784884,Красный,-5.141054769264272,Ниже
2022-03-29 12:00:00+05:00,67.795,70.05335770688355,Вниз,3.2237679688858574,True,0.4349577976731495,0.651082733949609,-0.2161249362764595,False,67.81654229784884,Красный,-2.258357706883544,Ниже
2022-03-29 12:30:00+05:00,67.7,70.0299412122877,Вниз,3.3270643555514985,True,0.4848019124321183,0.6178265696461109,-0.13302465721399265,False,67.81654229784884,Красный,-2.329941212287693,Ниже
2022-03-29 13:00:00+05:00,67.96,70.00934478231468,Вниз,2.9272446252523467,True,0.5390695019164156,0.6020751561001719,-0.06300565418375637,False,65.56199816486819,Зелёный,-2.049344782314691,Ниже
2022-03-29 13:30:00+05:00,67.28,69.98218712278917,Вниз,3.861249889272498,True,0.5211985876728846,0.5858998424147145,-0.06470125474182986,False,65.56199816486819,Зелёный,-2.7021871227891694,Ниже
2022-03-29 14:00:00+05:00,67.625,69.95873252455247,Вниз,3.3358702199663712,True,0.528778941611165,0.5744756622540046,-0.04569672064283958,False,65.56199816486819,Зелёный,-2.333732524552474,Ниже
2022-03-29 14:30:00+05:00,63.0,69.88949140490519,Вниз,9.857692861135412,False,0.15974612556154,0.4915297549155117,-0.3317836293539717,False,67.61771333781108,Красный,-6.889491404905186,Ниже
2022-03-29 15:00:00+05:00,62.085,69.8118347740106,Вниз,11.06808723624484,False,-0.2041940707800478,0.3523849897763998,-0.5565790605564476,False,64.82019200402998,Красный,-7.726834774010605,Ниже
2022-03-29 15:30:00+05:00,63.0,69.74405532352294,Вниз,9.669720655386582,False,-0.4140139502980275,0.1991052017615144,-0.6131191520595419,False,64.82019200402998,Красный,-6.744055323522943,Ниже
2022-03-30 12:00:00+05:00,65.715,69.70396522080132,Вниз,5.722723532535731,False,-0.3571034405152744,0.0878634733061566,-0.44496691382143094,False,62.41901947673571,Зелёный,-3.988965220801319,Ниже
2022-03-30 12:30:00+05:00,66.92,69.67626407432569,Вниз,3.955814954983089,True,-0.2123205232722114,0.027826673990483,-0.2401471972626944,False,63.36286752906214,Зелёный,-2.756264074325685,Ниже
2022-03-30 13:00:00+05:00,66.35,69.64316691935727,Вниз,4.728628902201663,True,-0.1419370921185532,-0.0061260792313242,-0.13581101288722902,False,63.64483077615593,Зелёный,-3.293166919357276,Ниже
2022-03-30 13:30:00+05:00,65.945,69.60636923856765,Вниз,5.2601066233159575,False,-0.1174835538401311,-0.0283975741530855,-0.0890859796870456,False,63.64934769854034,Зелёный,-3.6613692385676586,Ниже
2022-03-30 14:00:00+05:00,65.5,69.56550984315902,Вниз,5.844145830778839,False,-0.1324845303588517,-0.0492149653942388,-0.08326956496461288,False,63.64934769854034,Зелёный,-4.06550984315902,Ниже
2022-03-30 14:30:00+05:00,65.3,69.5230669591475,Вниз,6.074339271639183,False,-0.1586820529264088,-0.0711083829006728,-0.087573670025736,False,63.64934769854034,Зелёный,-4.223066959147502,Ниже
2022-03-30 15:00:00+05:00,65.075,69.47880758641966,Вниз,6.3383465252222155,False,-0.1953475529103912,-0.0959562169026165,-0.09939133600777468,False,63.64934769854034,Зелёный,-4.40380758641966,Ниже
2022-03-30 15:30:00+05:00,65.475,69.43896870496275,Вниз,5.708565059203495,False,-0.1899390693888847,-0.1147527873998701,-0.07518628198901459,False,63.64934769854034,Зелёный,-3.9639687049627526,Ниже
2022-03-31 12:00:00+05:00,65.955,69.40430234968949,Вниз,4.969868196801954,True,-0.1452465074345497,-0.120851531406806,-0.024394976027743695,False,63.64934769854034,Зелёный,-3.4493023496894892,Ниже
2022-03-31 12:30:00+05:00,67.505,69.38540381884681,Вниз,2.710085573265844,True,0.0150709870588343,-0.0936670277136779,0.10873801477251219,Выше,64.78365399275998,Зелёный,-1.8804038188468155,Ниже
2022-03-31 13:00:00+05:00,66.225,69.35395701467918,Вниз,4.511576771339701,True,0.0383958504133943,-0.0672544520882635,0.1056503025016578,False,64.78365399275998,Зелёный,-3.1289570146791874,Ниже
2022-03-31 13:30:00+05:00,67.49,69.33541017871224,Вниз,2.66156957023214,True,0.1571444373673642,-0.0223746741971379,0.1795191115645021,False,64.83690973413559,Зелёный,-1.8454101787122426,Ниже
2022-03-31 14:00:00+05:00,67.5,69.31714739086436,Вниз,2.621497651393332,True,0.2491879805664467,0.0319378567555789,0.2172501238108678,False,65.35221876072202,Зелёный,-1.8171473908643634,Ниже
2022-03-31 14:30:00+05:00,67.185,69.29593199394034,Вниз,3.046256732826587,True,0.2933339134937398,0.0842170681032111,0.20911684539052866,False,65.35221876072202,Зелёный,-2.1109319939403406,Ниже
2022-03-31 15:00:00+05:00,67.485,69.27791277012004,Вниз,2.5880005595280196,True,0.3485099701918415,0.1370756485209372,0.21143432167090428,False,65.35221876072202,Зелёный,-1.79291277012004,Ниже
2022-03-31 15:30:00+05:00,67.895,69.2641524440492,Вниз,1.9767114672415746,True,0.4204740035571035,0.1937553195281705,0.22671868402893303,False,65.88503997656635,Зелёный,-1.369152444049206,Ниже
2022-03-31 16:00:00+05:00,67.965,69.25122555405866,Вниз,1.8573325508219507,True,0.4776484000278174,0.2505339356280999,0.2271144643997175,False,66.0415359789097,Зелёный,-1.2862255540586602,Ниже
2022-03-31 16:30:00+05:00,67.41,69.23290490177948,Вниз,2.633003633699367,True,0.4727263642139547,0.2949724213452709,0.1777539428686838,False,66.0415359789097,Зелёный,-1.8229049017794807,Ниже
2022-03-31 17:00:00+05:00,66.99,69.21058744007023,Вниз,3.20845050187307,True,0.4299785998103402,0.3219736570382848,0.10800494277205541,False,66.0415359789097,Зелёный,-2.220587440070233,Ниже
2022-03-31 17:30:00+05:00,66.94,69.18799453021879,Вниз,3.2491106954067703,True,0.3875981165902971,0.3350985489486873,0.05249956764160979,False,66.0415359789097,Зелёный,-2.24799453021879,Ниже
2022-03-31 18:00:00+05:00,67.11,69.16731796772905,Вниз,2.974407607779324,True,0.3635382153029098,0.3407864822195318,0.022751733083378023,False,66.0415359789097,Зелёный,-2.0573179677290483,Ниже
2022-03-31 18:30:00+05:00,67.7,69.15271778894568,Вниз,2.1007385326190304,True,0.3876105067124626,0.350151287118118,0.03745921959434462,False,66.0415359789097,Зелёный,-1.4527177889456766,Ниже
2022-03-31 19:00:00+05:00,67.555,69.13682009950344,Вниз,2.287956109677646,True,0.3904863987659723,0.3582183094476889,0.0322680893182834,False,66.14279826966776,Зелёный,-1.5818200995034317,Ниже
2022-03-31 19:30:00+05:00,67.83,69.12381691443376,Вниз,1.8717382404321483,True,0.4102269250327879,0.3686200325647087,0.04160689246807919,False,66.43001844270098,Зелёный,-1.2938169144337621,Ниже
2022-03-31 20:00:00+05:00,67.85,69.11114211926528,Вниз,1.82480289081163,True,0.4226136401987048,0.379418754091508,0.043194886107196795,False,66.8700165984309,Зелёный,-1.261142119265287,Ниже
2022-03-31 20:30:00+05:00,68.0,69.10008597877508,Вниз,1.5920182488817578,True,0.439468033674018,0.39142861000801,0.048039423666007997,False,66.8700165984309,Зелёный,-1.100085978775084,Ниже
2022-04-01 12:00:00+05:00,69.35,69.10257268545394,Вверх,0.3580580359465284,True,0.5553571677794764,0.4242143215623033,0.1311428462171731,False,67.65618844472903,Зелёный,0.2474273145460586,Выше
2022-04-01 12:30:00+05:00,69.445,69.10597992241459,Вверх,0.4905799439730412,True,0.6474029888845507,0.4688520550267528,0.1785509338577979,False,68.12581960025611,Зелёный,0.33902007758540265,Выше
2022-04-01 13:00:00+05:00,70.09,69.11577116696769,Вверх,1.4095608232147223,True,0.7635938403043667,0.5278004120822757,0.23579342822209104,False,68.3857376402305,Зелёный,0.9742288330323134,Выше
2022-04-01 13:30:00+05:00,68.105,69.10571374242075,Вниз,1.4480911754283086,True,0.6875770561996148,0.5597557409057435,0.1278213152938713,False,70.63783612379254,Красный,-1.0007137424207428,Ниже
2022-04-01 14:00:00+05:00,70.0,69.11461211314293,Вверх,1.2810429803290586,True,0.7713522019158461,0.602075033107764,0.16927716880808208,False,70.63783612379254,Красный,0.8853878868570746,Выше
2022-04-01 14:30:00+05:00,70.0,69.1234219428629,Вверх,1.2681346387360144,True,0.8281976613582884,0.6472995587578689,0.1808981026004195,False,70.63783612379254,Красный,0.8765780571370954,Выше
2022-04-01 15:00:00+05:00,70.11,69.13323863994884,Вверх,1.4128679333803584,True,0.8720714810199439,0.6922539432102839,0.17981753780966003,False,70.63783612379254,Красный,0.9767613600511567,Выше
2022-04-01 15:30:00+05:00,70.23,69.14415168830756,Вверх,1.5704123706474862,True,0.9060800692902546,0.7350191684262781,0.17106090086397652,False,70.63783612379254,Красный,1.0858483116924447,Выше
2022-04-01 16:00:00+05:00,70.025,69.1529163481254,Вверх,1.2610945393602977,True,0.90604599948162,0.7692245346373465,0.1368214648442735,False,70.63783612379254,Красный,0.872083651874604,Выше
2022-04-01 16:30:00+05:00,70.005,69.16139479242266,Вверх,1.2197631498168775,True,0.8940985544807631,0.79419933860603,0.09989921587473316,False,70.63783612379254,Красный,0.8436052075773404,Выше
2022-04-01 17:00:00+05:00,70.005,69.16978887409009,Вверх,1.207479651889995,True,0.8745488633321656,0.8102692435512572,0.06427961978090846,False,70.63783612379254,Красный,0.8352111259099075,Выше
2022-04-01 17:30:00+05:00,70.005,69.17809943255685,Вверх,1.1953213144418766,True,0.8492657849298979,0.8180685518269853,0.031197233102912558,False,70.63783612379254,Красный,0.8269005674431469,Выше
2022-04-01 18:00:00+05:00,70.3,69.18926262228266,Вверх,1.6053609124020713,True,0.8433116262394691,0.8231171667094821,0.020194459529986997,False,70.63783612379254,Красный,1.1107373777173422,Выше
2022-04-01 18:30:00+05:00,70.11,69.19842418823009,Вверх,1.3173360845476545,True,0.8138796030348345,0.8212696539745526,-0.007390050939718118,Выше,70.63783612379254,Красный,0.9115758117699073,Выше
2022-04-01 19:00:00+05:00,70.09,69.20729558934224,Вверх,1.2754499408494446,True,0.779949902768692,0.8130057037333807,-0.03305580096468863,False,70.63783612379254,Красный,0.882704410657766,Выше
2022-04-01 19:30:00+05:00,70.02,69.21538220039356,Вверх,1.162484080889548,True,0.7388944407052804,0.7981834511277607,-0.05928901042248025,False,70.63783612379254,Красный,0.804617799606433,Выше
2022-04-01 20:00:00+05:00,70.02,69.22338834765334,Вверх,1.1507839638619197,True,0.6983080309324663,0.7782083670887019,-0.0799003361562356,False,70.63783612379254,Красный,0.7966116523466553,Выше
2022-04-01 20:30:00+05:00,69.5,69.22614070240306,Вверх,0.3956009894791607,True,0.6170701539773091,0.7459807244664234,-0.12891057048911425,False,70.55065619275473,Красный,0.2738592975969425,Выше
2022-04-04 12:00:00+05:00,70.15,69.2353333322299,Вверх,1.3210980921851325,True,0.5982419580269465,0.716432971178528,-0.11819101315158154,False,70.55065619275473,Красный,0.9146666677701063,Выше
2022-04-04 12:30:00+05:00,70.41,69.24702155777986,Вверх,1.6794634860211932,True,0.5974136910227941,0.6926291151473812,-0.09521542412458717,False,70.55065619275473,Красный,1.1629784422201368,Выше
2022-04-04 13:00:00+05:00,71.405,69.26849398009051,Вверх,3.0843835301566895,True,0.6693298500249796,0.6879692621229009,-0.018639412097921304,False,69.6111691354818,Зелёный,2.13650601990949,Выше
2022-04-04 13:30:00+05:00,72.3,69.29865821909459,Вверх,4.3310243777251305,True,0.7894427398412347,0.7082639576665677,0.08117878217466701,Выше,70.54755222193363,Зелёный,3.001341780905406,Выше
2022-04-04 14:00:00+05:00,72.01,69.32563674427773,Вверх,3.8721076095184186,True,0.8514178787019091,0.736894741873636,0.11452313682827309,False,70.90354699974026,Зелёный,2.6843632557222747,Выше
2022-04-04 14:30:00+05:00,72.305,69.35528214980731,Вверх,4.253054358313058,True,0.9138038948611182,0.7722765724711325,0.14152732238998578,False,70.94444229976624,Зелёный,2.949717850192698,Выше
2022-04-04 15:00:00+05:00,72.115,69.38274202891371,Вверх,3.9379504055168018,True,0.9371114129931328,0.8052435405755326,0.13186787241760023,False,71.18599806978962,Зелёный,2.732257971086284,Выше
2022-04-04 15:30:00+05:00,72.88,69.4175406156907,Вверх,4.987873891237608,True,1.005718597706334,0.8453385520016929,0.16038004570464115,False,71.26064826281065,Зелёный,3.462459384309298,Выше
2022-04-04 16:00:00+05:00,72.22,69.44542578369378,Вверх,3.9953304123274704,True,0.9953599122513594,0.8753428240516263,0.12001708819973311,False,71.47308343652959,Зелёный,2.7745742163062204,Выше
2022-04-04 16:30:00+05:00,72.27,69.47353099977643,Вверх,4.0252294074883945,True,0.9798896041341862,0.8962521800681384,0.0836374240660478,False,71.47308343652959,Зелёный,2.796469000223567,Выше
2022-04-04 17:00:00+05:00,72.095,69.49961526843538,Вверх,3.734387192706327,True,0.9426420453058172,0.9055301531156742,0.03711189219014299,False,71.47308343652959,Зелёный,2.5953847315646215,Выше
2022-04-04 17:30:00+05:00,71.865,69.52315143491862,Вверх,3.368444204192337,True,0.8843695471319535,0.90129803191893,-0.016928484786976505,Выше,71.47308343652959,Зелёный,2.341848565081378,Выше
2022-04-04 18:00:00+05:00,72.025,69.54804545049157,Вверх,3.561501309582708,True,0.8413997032962328,0.8893183661943906,-0.04791866289815783,False,71.47308343652959,Зелёный,2.4769545495084344,Выше
2022-04-04 18:30:00+05:00,71.9,69.5714479833225,Вверх,3.346993751280986,True,0.7881737606523416,0.8690894450859808,-0.08091568443363928,False,71.47308343652959,Зелёный,2.3285520166775058,Выше
2022-04-04 19:00:00+05:00,72.0,69.59561268000586,Вверх,3.4547972600647863,True,0.7454676943569609,0.844365094940177,-0.09889740058321606,False,71.47308343652959,Зелёный,2.404387319994143,Выше
2022-04-04 19:30:00+05:00,71.99,69.61943742945854,Вверх,3.4050297705197767,True,0.7027154464690426,0.8160351652459502,-0.11331971877690761,False,71.47308343652959,Зелёный,2.370562570541452,Выше
2022-04-04 20:00:00+05:00,71.905,69.64217934558333,Вверх,3.2492099984234315,True,0.6544313155429791,0.783714395305356,-0.12928307976237696,False,71.47308343652959,Зелёный,2.2628206544166716,Выше
2022-04-04 20:30:00+05:00,71.92,69.66484422771684,Вверх,3.237150383788448,True,0.6103405427029571,0.7490396247848763,-0.13869908208191917,False,71.47308343652959,Зелёный,2.2551557722831603,Выше
2022-04-05 12:00:00+05:00,72.27,69.69076617569975,Вверх,3.7009692471993385,True,0.596761270048205,0.718583953837542,-0.12182268378933703,False,71.47308343652959,Зелёный,2.579233824300246,Выше
2022-04-05 12:30:00+05:00,71.43,69.70807198489678,Вверх,2.470198882385257,True,0.5123129935232953,0.6773297617746927,-0.16501676825139744,False,73.0183674077781,Красный,1.7219280151032308,Выше
2022-04-05 13:00:00+05:00,71.3,69.72391206464906,Вверх,2.260469742273739,True,0.4299411188268749,0.6278520331851292,-0.19791091435825425,False,72.18803066700029,Красный,1.576087935350941,Выше
2022-04-05 13:30:00+05:00,71.805,69.74461940728936,Вверх,2.954178559178291,True,0.4007900361578578,0.5824396337796749,-0.1816495976218171,False,72.18803066700029,Красный,2.0603805927106436,Выше
2022-04-05 14:00:00+05:00,70.865,69.75576747288846,Вверх,1.5901660426037867,True,0.2983977060193581,0.5256312482276115,-0.22723354220825343,False,72.18803066700029,Красный,1.10923252711153,Выше
2022-04-05 14:30:00+05:00,71.335,69.77148122937714,Вверх,2.240913827646435,True,0.2522681287767341,0.470958624337436,-0.21869049556070191,False,72.18803066700029,Красный,1.5635187706228493,Выше
2022-04-05 15:00:00+05:00,70.805,69.78176499823907,Вверх,1.4663357995985897,True,0.1709726693555637,0.4109614333410616,-0.2399887639854979,False,72.18803066700029,Красный,1.0232350017609377,Выше
2022-04-05 15:30:00+05:00,70.1,69.78493151566953,Вверх,0.4514849803352201,True,0.0490919228648323,0.3385875312458158,-0.28949560838098354,False,71.81675880355701,Красный,0.3150684843304674,Выше
2022-04-05 16:00:00+05:00,70.725,69.7942854309365,Вверх,1.3335111367885073,True,0.0028994072625181,0.2714499064491563,-0.2685504991866382,False,71.81675880355701,Красный,0.9307145690634968,Выше
2022-04-05 16:30:00+05:00,71.0,69.80628259082769,Вверх,1.7100429429387183,True,-0.0113870298305869,0.2148825191932076,-0.2262695490237945,False,71.81675880355701,Красный,1.193717409172308,Выше
2022-04-05 17:00:00+05:00,71.655,69.82467778892892,Вверх,2.6213113601525064,True,0.0298003716472408,0.1778660896840143,-0.14806571803677349,False,71.81675880355701,Красный,1.8303222110710777,Выше
2022-04-05 17:30:00+05:00,71.655,69.84288995023313,Вверх,2.594551930852374,True,0.0617300979145198,0.1546388913301154,-0.0929087934155956,False,71.81675880355701,Красный,1.812110049766872,Выше
2022-04-05 18:00:00+05:00,71.305,69.85743830893728,Вверх,2.072165435928296,True,0.0581225603984023,0.1353356251437728,-0.07721306474537049,False,71.81675880355701,Красный,1.447561691062731,Выше
2022-04-05 18:30:00+05:00,70.865,69.86746379840059,Вверх,1.427754991189816,True,0.0195340616561594,0.1121753124462501,-0.09264125079009071,False,71.81675880355701,Красный,0.9975362015994023,Выше
2022-04-05 19:00:00+05:00,70.825,69.8769915217996,Вверх,1.356681874182657,True,-0.0141125862092081,0.0869177327151584,-0.10103031892436651,False,71.81675880355701,Красный,0.948008478200407,Выше
2022-04-05 19:30:00+05:00,70.85,69.8866731981996,Вверх,1.378412732665616,True,-0.0383187908192894,0.0618704280082689,-0.1001892188275583,False,71.81675880355701,Красный,0.9633268018003918,Выше
2022-04-05 20:00:00+05:00,71.8,69.90571127582946,Вверх,2.709776768733779,True,0.0189363912191851,0.0532836206504521,-0.034347229431267,False,71.81675880355701,Красный,1.8942887241705364,Выше
2022-04-05 20:30:00+05:00,72.02,69.92674897457744,Вверх,2.9934911262406647,True,0.0811284980445634,0.0588525961292744,0.022275901915289005,Выше,70.5952791854923,Зелёный,2.0932510254225605,Выше
2022-04-06 12:00:00+05:00,70.6,69.93344798975576,Вверх,0.9531233328319115,True,0.0156536131009659,0.0502127995236127,-0.0345591864226468,Выше,70.5952791854923,Зелёный,0.6665520102442315,Выше
2022-04-06 12:30:00+05:00,71.58,69.94983159184774,Вверх,2.3304822485694805,True,0.0423538757451495,0.0486410147679201,-0.006287139022770602,False,70.5952791854923,Зелёный,1.630168408152258,Выше
2022-04-06 13:00:00+05:00,71.485,69.96510689939154,Вверх,2.1723587198888055,True,0.0552118721102914,0.0499551862363943,0.0052566858738971045,Выше,70.5952791854923,Зелёный,1.5198931006084564,Выше
2022-04-06 13:30:00+05:00,71.295,69.97833966656178,Вверх,1.8815255402056505,True,0.0494999106059452,0.0498641311103045,-0.00036422050435930275,Выше,70.5952791854923,Зелёный,1.3166603334382216,Выше
2022-04-06 14:00:00+05:00,71.7,69.99547061515321,Вверх,2.43519954915166,True,0.0767683178534781,0.0552449684589392,0.0215233493945389,Выше,70.5952791854923,Зелёный,1.7045293848467935,Выше
2022-04-06 14:30:00+05:00,71.655,70.0119833453507,Вверх,2.3467649052944726,True,0.0936678583710204,0.0629295464413555,0.030738311929664905,False,70.5952791854923,Зелёный,1.6430166546493012,Выше
2022-04-06 15:00:00+05:00,71.53,70.02708798868055,Вверх,2.146186646462279,True,0.0958692891654351,0.0695174949861714,0.026351794179263713,False,70.5952791854923,Зелёный,1.5029120113194523,Выше
2022-04-06 15:30:00+05:00,71.4,70.04074880471359,Вверх,1.9406577149485644,True,0.0861311589996205,0.0728402277888612,0.01329093121075929,False,70.5952791854923,Зелёный,1.3592511952864186,Выше
2022-04-06 16:00:00+05:00,71.275,70.05302991113435,Вверх,1.7443500879487848,True,0.0675485081973619,0.0717818838705613,-0.0042333756731993966,Выше,70.5952791854923,Зелёный,1.2219700888656604,Выше
2022-04-06 16:30:00+05:00,71.205,70.06449230007829,Вверх,1.6277969945704418,True,0.046635622147761,0.0667526315260013,-0.020117009378240305,False,70.5952791854923,Зелёный,1.140507699921713,Выше
2022-04-06 17:00:00+05:00,71.35,70.07728342147054,Вверх,1.8161614097893453,True,0.0412863738507951,0.0616593799909601,-0.020373006140164997,False,70.5952791854923,Зелёный,1.2727165785294545,Выше
2022-04-06 17:30:00+05:00,70.91,70.08556915857034,Вверх,1.1763203913838018,True,0.00152515226371,0.0496325344455101,-0.0481073821818001,False,70.5952791854923,Зелёный,0.8244308414296597,Выше
2022-04-06 18:00:00+05:00,70.81,70.09277742564925,Вверх,1.02324747383787,True,-0.0376213906009752,0.032181749436213,-0.0698031400371882,False,70.5952791854923,Зелёный,0.7172225743507568,Выше
2022-04-06 18:30:00+05:00,70.63,70.09812292390149,Вверх,0.7587607968845558,True,-0.082221999505208,0.0093009996479288,-0.0915229991531368,False,70.5952791854923,Зелёный,0.5318770760985103,Выше
2022-04-06 19:00:00+05:00,70.58,70.10291772067859,Вверх,0.6805455390919924,True,-0.1202170976551855,-0.016602619812694,-0.1036144778424915,False,71.3974242593068,Красный,0.477082279321408,Выше
2022-04-06 19:30:00+05:00,70.575,70.10761505679125,Вверх,0.6666678688615316,True,-0.1490142019304556,-0.0430849362362463,-0.1059292656942093,False,71.32218183337612,Красный,0.46738494320875645,Выше
2022-04-06 20:00:00+05:00,70.68,70.1133104293605,Вверх,0.808248201617086,True,-0.1615017998449133,-0.0667683089579797,-0.09473349088693361,False,71.27321365003851,Красный,0.566689570639511,Выше
2022-04-06 20:30:00+05:00,70.2,70.11417301215293,Вверх,0.12241032612934667,True,-0.2077356523437714,-0.0949617776351381,-0.11277387470863329,False,71.13089228503466,Красный,0.08582698784707077,Выше
2022-04-07 12:00:00+05:00,70.505,70.11806183790266,Вверх,0.5518380741781653,True,-0.217260913961482,-0.1194216049004069,-0.0978393090610751,False,71.13089228503466,Красный,0.3869381620973371,Выше
2022-04-07 12:30:00+05:00,70.385,70.12071793901806,Вверх,0.3768958287218042,True,-0.2318204674914454,-0.1419013774186146,-0.08991909007283078,False,71.13089228503466,Красный,0.26428206098194096,Выше
2022-04-07 13:00:00+05:00,70.225,70.12175557146566,Вверх,0.14723594367102755,True,-0.2533492291745745,-0.1641909477698066,-0.08915828140476786,False,71.01012047579029,Красный,0.1032444285343388,Выше
2022-04-07 13:30:00+05:00,70.12,70.12173810309287,Вниз,0.00247869368312928,True,-0.2757053902747657,-0.1864938362707984,-0.0892115540039673,False,70.84635842821125,Красный,-0.0017381030928618202,Ниже
2022-04-07 14:00:00+05:00,70.195,70.12246707719144,Вверх,0.10343749418956352,True,-0.2840960533558103,-0.2060142796878008,-0.07808177366800947,False,70.80472258539012,Красный,0.0725329228085485,Выше
2022-04-07 14:30:00+05:00,69.58,70.11706939483133,Вниз,0.7659609842035475,True,-0.3364922018853491,-0.2321098641273105,-0.10438233775803862,False,70.33325032685111,Красный,-0.5370693948313345,Ниже
2022-04-07 15:00:00+05:00,69.585,70.11177517199718,Вниз,0.7513362351829059,True,-0.3733097860394281,-0.260349848509734,-0.11295993752969408,False,70.311925294166,Красный,-0.5267751719971869,Ниже
2022-04-07 15:30:00+05:00,69.59,70.106583379241,Вниз,0.7368543071719025,True,-0.3975023686554237,-0.287780352538872,-0.10972201611655169,False,70.311925294166,Красный,-0.5165833792409984,Ниже
2022-04-07 16:00:00+05:00,69.62,70.10174175357692,Вниз,0.68720368642243,True,-0.4095335673584941,-0.3121309955027964,-0.09740257185569773,False,70.28083448827446,Красный,-0.4817417535769124,Ниже
2022-04-07 16:30:00+05:00,69.4,70.0947592485662,Вниз,0.9911714599125487,True,-0.4318425285377145,-0.3360733021097801,-0.0957692264279344,False,70.17900103944703,Красный,-0.6947592485662,Ниже
2022-04-07 17:00:00+05:00,69.595,70.08978651972475,Вниз,0.7059324108306589,True,-0.4288442214440806,-0.3546274859766402,-0.0742167354674404,False,70.10085093550232,Красный,-0.4947865197247552,Ниже
2022-04-07 17:30:00+05:00,69.495,70.08386824589665,Вниз,0.840233652387083,True,-0.4295852147873091,-0.369619031738774,-0.05996618304853513,False,70.08301584195208,Красный,-0.5888682458966485,Ниже
2022-04-07 18:00:00+05:00,69.21,70.07517303946982,Вниз,1.2346356090801445,True,-0.4480052498592215,-0.3852962753628635,-0.06270897449635804,False,69.94121425775687,Красный,-0.8651730394698234,Ниже
2022-04-07 18:30:00+05:00,69.115,70.06561907887807,Вниз,1.35675541210575,True,-0.4649097759143217,-0.4012189754731552,-0.06369080044116648,False,69.72659283198118,Красный,-0.9506190788780771,Ниже
2022-04-07 19:00:00+05:00,68.95,70.05451839152606,Вниз,1.5766554633250627,True,-0.4860183387675789,-0.41817884813204,-0.0678394906355389,False,69.54693354878306,Красный,-1.1045183915260566,Ниже
2022-04-07 19:30:00+05:00,69.0,70.04402567121238,Вниз,1.4905277947801745,True,-0.4930291120712127,-0.4331489009198745,-0.05988021115133818,False,69.28474019390477,Красный,-1.0440256712123812,Ниже
2022-04-07 20:00:00+05:00,68.93,70.03294083866301,Вниз,1.5748886530466861,True,-0.4984873633823667,-0.4462165934123731,-0.052270769969993636,False,69.28474019390477,Красный,-1.1029408386630024,Ниже
2022-04-07 20:30:00+05:00,68.95,70.02216530793005,Вниз,1.531179881706152,True,-0.4954875618354748,-0.4560707870969934,-0.03941677473848143,False,69.28474019390477,Красный,-1.0721653079300495,Ниже
2022-04-08 12:00:00+05:00,69.6,70.01796465809991,Вниз,0.5969391714552894,True,-0.435638856215121,-0.451984400920619,0.016345544705497983,Ниже,68.91040189864343,Зелёный,-0.417964658099919,Ниже
2022-04-08 12:30:00+05:00,69.41,70.01191525851684,Вниз,0.8597325987930573,True,-0.3989409944759359,-0.4413757196316824,0.04243472515574648,False,68.92211170877908,Зелёный,-0.6019152585168399,Ниже
2022-04-08 13:00:00+05:00,69.43,70.00612505693957,Вниз,0.8229637856272832,True,-0.3640473307831229,-0.4259100418619705,0.06186271107884761,False,68.92211170877908,Зелёный,-0.57612505693956,Ниже
2022-04-08 13:30:00+05:00,69.405,70.00014371308943,Вниз,0.8502035589080381,True,-0.3345546047470549,-0.4076389544389874,0.0730843496919325,False,68.94241048411106,Зелёный,-0.5951437130894277,Ниже
2022-04-08 14:00:00+05:00,68.885,69.98904775574526,Вниз,1.5774578896947875,True,-0.3491166615023076,-0.3959344958516514,0.046817834349343834,False,69.59108056430004,Красный,-1.1040477557452562,Ниже
2022-04-08 14:30:00+05:00,68.725,69.97647016613585,Вниз,1.788415681963752,True,-0.3693106756381752,-0.3906097318089562,0.021299056170780983,False,69.27022250787003,Красный,-1.25147016613586,Ниже
2022-04-08 15:00:00+05:00,68.785,69.96461474159719,Вниз,1.6860162039824058,True,-0.376137203230229,-0.3877152260932108,0.011578022862981818,False,69.27022250787003,Красный,-1.1796147415971916,Ниже
2022-04-08 15:30:00+05:00,68.65,69.9515339978997,Вниз,1.8606225246450991,True,-0.3879683891985763,-0.387765858714284,-0.00020253048429230702,Ниже,69.27022250787003,Красный,-1.3015339978996963,Ниже
2022-04-08 16:00:00+05:00,68.505,69.93714062478628,Вниз,2.047754043119577,True,-0.404383496276921,-0.3910893862268114,-0.013294110050109609,False,69.19974220823727,Красный,-1.4321406247862853,Ниже
2022-04-08 16:30:00+05:00,67.44,69.9122934543904,Вниз,3.5362785745303564,True,-0.4975932411813204,-0.4123901572177132,-0.0852030839636072,False,68.57776798741352,Красный,-2.472293454390396,Ниже
2022-04-08 17:00:00+05:00,67.415,69.88744476330193,Вниз,3.537752412719787,True,-0.5669445428450786,-0.4433010343431863,-0.12364350850189226,False,68.11349118867219,Красный,-2.4724447633019224,Ниже
2022-04-08 17:30:00+05:00,67.57,69.86438561142828,Вниз,3.284056091452941,True,-0.6024540294153269,-0.4751316333576145,-0.1273223960577124,False,68.11349118867219,Красный,-2.2943856114282823,Ниже
2022-04-08 18:00:00+05:00,68.08,69.84663053071756,Вниз,2.5292995772224462,True,-0.5827255185582061,-0.4966504103977328,-0.08607510816047331,False,68.11349118867219,Красный,-1.7666305307175634,Ниже
2022-04-08 18:30:00+05:00,68.7,69.83522127170545,Вниз,1.625571239029488,True,-0.5111692719487024,-0.4995541827079268,-0.011615089240775645,False,67.52755242345798,Зелёный,-1.135221271705447,Ниже
2022-04-08 19:00:00+05:00,68.765,69.82457230382778,Вниз,1.5174776856738335,True,-0.4440962095401346,-0.4884625880743684,0.04436637853423375,Ниже,67.93779718111217,Зелёный,-1.0595723038277782,Ниже
2022-04-08 19:30:00+05:00,68.695,69.81333277841655,Вниз,1.6018899741773989,True,-0.3920692095386613,-0.469183912367227,0.0771147028285657,False,67.96276746300096,Зелёный,-1.1183327784165584,Ниже
2022-04-08 20:00:00+05:00,69.085,69.806085686094,Вниз,1.0329839855748373,True,-0.3157281786595831,-0.4384927656256982,0.12276458696611514,False,68.33299071670086,Зелёный,-0.7210856860939998,Ниже
2022-04-08 20:30:00+05:00,68.75,69.79557737080948,Вниз,1.4980567683458594,True,-0.2790424344818376,-0.4066026993969261,0.12756026491508854,False,68.33299071670086,Зелёный,-1.0455773708094824,Ниже
2022-04-11 12:00:00+05:00,68.635,69.7840293372691,Вниз,1.6465505763729866,True,-0.2562938607302527,-0.3765409316635915,0.1202470709333388,False,68.33299071670086,Зелёный,-1.1490293372690985,Ниже
2022-04-11 12:30:00+05:00,69.315,69.77936237868931,Вниз,0.6654723730051345,True,-0.1813051620846408,-0.3374937777478013,0.15618861566316053,False,68.33299071670086,Зелёный,-0.46436237868931585,Ниже
2022-04-11 13:00:00+05:00,69.495,69.77653290228446,Вниз,0.40347791811140055,True,-0.1061282026091987,-0.2912206627200808,0.1850924601108821,False,68.44677270922745,Зелёный,-0.2815329022844537,Ниже
2022-04-11 13:30:00+05:00,69.36,69.77238829629158,Вниз,0.5910479866911765,True,-0.0567886679476998,-0.2443342637656046,0.1875455958179048,False,68.44677270922745,Зелёный,-0.41238829629158147,Ниже
2022-04-11 14:00:00+05:00,69.275,69.76743915901505,Вниз,0.7058294885851751,True,-0.0242657998459918,-0.2003205709816821,0.1760547711356903,False,68.44677270922745,Зелёный,-0.4924391590150492,Ниже
2022-04-11 14:30:00+05:00,69.135,69.76114623205969,Вниз,0.8975572591322015,True,-0.0096764781156366,-0.162191752408473,0.1525152742928364,False,68.44677270922745,Зелёный,-0.626146232059682,Ниже
2022-04-11 15:00:00+05:00,69.115,69.7547169163178,Вниз,0.917094849779484,True,0.0002687338168669,-0.129699655163405,0.1299683889802719,False,68.44677270922745,Зелёный,-0.6397169163178091,Ниже
2022-04-11 15:30:00+05:00,69.105,69.74825207137933,Вниз,0.9222483033998153,True,0.0072597832361651,-0.102307767483491,0.1095675507196561,False,68.44677270922745,Зелёный,-0.6432520713793224,Ниже
2022-04-11 16:00:00+05:00,69.07,69.74150329454969,Вниз,0.9628460283020205,True,0.0098623457927544,-0.0798737448282419,0.0897360906209963,False,68.44677270922745,Зелёный,-0.6715032945496944,Ниже
2022-04-11 16:30:00+05:00,68.755,69.73168734137009,Вниз,1.400636322750576,True,-0.0133392060024277,-0.066566837063079,0.0532276310606513,False,68.44677270922745,Зелёный,-0.9766873413700949,Ниже
2022-04-11 17:00:00+05:00,67.985,69.71430736782413,Вниз,2.480563076815817,True,-0.0927895476539077,-0.0718113791812448,-0.0209781684726629,Ниже,69.12906326515473,Красный,-1.7293073678241342,Ниже
2022-04-11 17:30:00+05:00,67.885,69.6961053044627,Вниз,2.5985746212804997,True,-0.1619567435614328,-0.0898404520572824,-0.0721162915041504,False,68.58440693863925,Красный,-1.8111053044627,Ниже
2022-04-11 18:00:00+05:00,67.21,69.67136793824915,Вниз,3.5328256227589847,True,-0.2681480595167613,-0.1255019735491782,-0.1426460859675831,False,68.34046624477533,Красный,-2.461367938249154,Ниже
2022-04-11 18:30:00+05:00,67.56,69.65035930204768,Вниз,3.001218260745165,True,-0.320370337720874,-0.1644756463835174,-0.1558946913373566,False,68.32966962029779,Красный,-2.0903593020476734,Ниже
2022-04-11 19:00:00+05:00,67.435,69.6283159259079,Вниз,3.1500344317415676,True,-0.3676057940036514,-0.2051016759075442,-0.1625041180961072,False,68.32966962029779,Красный,-2.1933159259078963,Ниже
2022-04-11 19:30:00+05:00,67.67,69.60883019530185,Вниз,2.785322192402977,True,-0.3816779515584869,-0.2404169310377328,-0.1412610205207541,False,68.32966962029779,Красный,-1.938830195301847,Ниже
2022-04-11 20:00:00+05:00,67.715,69.58998611375655,Вниз,2.6943332201440136,True,-0.3847637963486505,-0.2692863040999164,-0.1154774922487341,False,68.32966962029779,Красный,-1.8749861137565489,Ниже
2022-04-11 20:30:00+05:00,67.63,69.57048376436595,Вниз,2.789234254771515,True,-0.3895773351859617,-0.2933445103171255,-0.09623282486883622,False,68.32966962029779,Красный,-1.9404837643659505,Ниже
2022-04-12 12:00:00+05:00,67.32,69.54809089108868,Вниз,3.203669378326779,True,-0.413638343275764,-0.3174032769088531,-0.09623506636691087,False,68.32966962029779,Красный,-2.2280908910886836,Ниже
2022-04-12 12:30:00+05:00,66.45,69.51726411605297,Вниз,4.412233644483534,True,-0.4971774425680451,-0.3533581100406915,-0.14381933252735357,False,67.78449807768068,Красный,-3.067264116052968,Ниже
2022-04-12 13:00:00+05:00,67.145,69.49365949798279,Вниз,3.3796745126812167,True,-0.5015208685939854,-0.3829906617513503,-0.11853020684263504,False,67.78449807768068,Красный,-2.348659497982794,Ниже
2022-04-12 13:30:00+05:00,67.22,69.47103602039093,Вниз,3.240251116638321,True,-0.4932255941859012,-0.4050376482382605,-0.08818794594764068,False,67.78449807768068,Красный,-2.251036020390927,Ниже
2022-04-12 14:00:00+05:00,67.005,69.44649834854624,Вниз,3.5156536421643154,True,-0.4982566402287318,-0.4236814466363549,-0.07457519359237691,False,67.78449807768068,Красный,-2.441498348546247,Ниже
2022-04-12 14:30:00+05:00,66.575,69.41792622567515,Вниз,4.095377635501373,True,-0.5308221989206316,-0.4451095970932102,-0.08571260182742146,False,67.78449807768068,Красный,-2.842926225675143,Ниже
2022-04-12 15:00:00+05:00,67.155,69.3954095468127,Вниз,3.2284693777927282,True,-0.5040194634351423,-0.4568915703615966,-0.047127893073545646,False,67.78449807768068,Красный,-2.2404095468126997,Ниже
2022-04-12 15:30:00+05:00,67.21,69.3736641781877,Вниз,3.1188552656383917,True,-0.4728888933147601,-0.4600910349522293,-0.012797858362530778,False,67.78449807768068,Красный,-2.1636641781877017,Ниже
2022-04-12 16:00:00+05:00,67.2,69.35203567890225,Вниз,3.10306057758147,True,-0.4439075190801134,-0.4568543317778062,0.012946812697692822,Ниже,67.78449807768068,Красный,-2.1520356789022514,Ниже
2022-04-12 16:30:00+05:00,67.67,69.33529900548034,Вниз,2.4018054719122337,True,-0.3786496615563379,-0.4412133977335125,0.06256373617717459,False,67.78449807768068,Красный,-1.6652990054803354,Ниже
2022-04-12 17:00:00+05:00,68.145,69.32345523428154,Вниз,1.6999372438937213,True,-0.2853148767550095,-0.4100336935378119,0.12471881678280239,False,66.90041152509289,Зелёный,-1.178455234281543,Ниже
2022-04-12 17:30:00+05:00,68.98,69.32003776926382,Вниз,0.4905331563662059,True,-0.1423281949106041,-0.3564925938123704,0.2141643989017663,False,67.35212037258361,Зелёный,-0.3400377692638159,Ниже
2022-04-12 18:00:00+05:00,69.38,69.32063440837562,Вверх,0.08563913491420339,True,0.003229213314043,-0.2845482323870877,0.28777744570113073,False,68.01565833532524,Зелёный,0.059365591624370495,Выше
2022-04-12 18:30:00+05:00,69.775,69.32515545903856,Вверх,0.6488907785100395,True,0.148743089121794,-0.1978899680853114,0.34663305720710536,False,68.43384250179272,Зелёный,0.44984454096145043,Выше
2022-04-12 19:00:00+05:00,69.79,69.3297807778541,Вверх,0.6638117371530998,True,0.2622511902347497,-0.1058617364212992,0.3681129266560489,False,68.57645825161345,Зелёный,0.46021922214590916,Выше
2022-04-12 19:30:00+05:00,69.47,69.33117599399486,Вверх,0.20023316208737266,True,0.3226663556054774,-0.0201561180159438,0.3428224736214212,False,68.57645825161345,Зелёный,0.13882400600513733,Выше
2022-04-12 20:00:00+05:00,69.41,69.33196031246257,Вверх,0.11255947067661191,True,0.3615367403762093,0.0561824536624867,0.3053542867137226,False,68.57645825161345,Зелёный,0.07803968753742652,Выше
2022-04-12 20:30:00+05:00,69.52,69.3338313541296,Вверх,0.26851054129624025,True,0.3966455974999832,0.124275082429986,0.2723705150699972,False,68.57645825161345,Зелёный,0.18616864587039572,Выше
2022-04-13 12:00:00+05:00,68.745,69.32797233568056,Вниз,0.8408905035587161,True,0.3578089972693306,0.1709818653978549,0.18682713187147568,False,68.57645825161345,Зелёный,-0.5829723356805516,Ниже
2022-04-13 12:30:00+05:00,68.95,69.32421141691756,Вниз,0.5397990244231469,True,0.3396571424188863,0.2047169208020612,0.1349402216168251,False,68.57645825161345,Зелёный,-0.37421141691756077,Ниже
2022-04-13 13:00:00+05:00,68.51,69.31610981077908,Вниз,1.1629472758636001,True,0.2864651519529388,0.2210665670322368,0.06539858492070202,False,69.8354426853043,Красный,-0.806109810779077,Ниже
2022-04-13 13:30:00+05:00,68.625,69.30923309624397,Вниз,0.9872178145353796,True,0.2506997445855603,0.2269932025429015,0.023706542042658818,False,69.71439841677386,Красный,-0.6842330962439718,Ниже
2022-04-13 14:00:00+05:00,68.37,69.29988749329627,Вниз,1.3418311730826633,True,0.1994795565389324,0.2214904733421077,-0.022010916803175296,Выше,69.39445857509648,Красный,-0.9298874932962633,Ниже
2022-04-13 14:30:00+05:00,68.235,69.28929159784059,Вниз,1.5215794151277566,True,0.1463072775104876,0.2064538341757837,-0.060146556665296086,False,69.23951271758683,Красный,-1.0542915978405887,Ниже
2022-04-13 15:00:00+05:00,68.49,69.28133844761332,Вниз,1.1422101035355912,True,0.123322645479547,0.1898275964365364,-0.06650495095698941,False,69.23951271758683,Красный,-0.7913384476133274,Ниже
2022-04-13 15:30:00+05:00,68.805,69.27659876156743,Вниз,0.6807475684401667,True,0.1290375617461308,0.1776695894984553,-0.0486320277523245,False,69.23951271758683,Красный,-0.47159876156742087,Ниже
2022-04-13 16:00:00+05:00,68.935,69.27319976891502,Вниз,0.4882115595110401,True,0.1424149170917985,0.1706186550171239,-0.028203737925325406,False,69.23951271758683,Красный,-0.33819976891501824,Ниже
2022-04-13 16:30:00+05:00,68.72,69.26769529360243,Вниз,0.7906936866903606,True,0.1341217918829329,0.1633192823902857,-0.02919749050735279,False,69.23951271758683,Красный,-0.5476952936024304,Ниже
2022-04-13 17:00:00+05:00,68.67,69.26174807675068,Вниз,0.8543649174071454,True,0.1221072716550963,0.1550768802432479,-0.032969608588151594,False,69.23951271758683,Красный,-0.591748076750676,Ниже
2022-04-13 17:30:00+05:00,68.855,69.2577008322059,Вниз,0.5814527877290327,True,0.1260604849050253,0.1492736011756034,-0.023213116270578094,False,69.23951271758683,Красный,-0.4027008322058947,Ниже
2022-04-13 18:00:00+05:00,68.68,69.25195256521879,Вниз,0.8259009948927247,True,0.113761031070581,0.1421710871545989,-0.028410056084017893,False,69.23951271758683,Красный,-0.5719525652187798,Ниже
2022-04-13 18:30:00+05:00,68.665,69.24611224118675,Вниз,0.8391983641806621,True,0.1016317036382332,0.1340632104513258,-0.03243150681309259,False,69.23951271758683,Красный,-0.5811122411867444,Ниже
2022-04-13 19:00:00+05:00,68.8,69.24167331341376,Вниз,0.6378720967856738,True,0.1017397040415204,0.1275985091693647,-0.02585880512784429,False,69.23951271758683,Красный,-0.4416733134137587,Ниже
2022-04-13 19:30:00+05:00,68.765,69.23693029536983,Вниз,0.6816164341147724,True,0.0978728701233819,0.1216533813601681,-0.023780511236786192,False,69.23951271758683,Красный,-0.47193029536983033,Ниже
2022-04-13 20:00:00+05:00,68.62,69.23079168546566,Вниз,0.8822543706283896,True,0.0821609874795683,0.1137549025840482,-0.0315939151044799,False,69.20874383614934,Красный,-0.6107916854656565,Ниже
2022-04-13 20:30:00+05:00,68.63,69.22481365874461,Вниз,0.8592492017051099,True,0.0697125211634244,0.1049464262999234,-0.035233905136499,False,69.17386945253439,Красный,-0.5948136587446129,Ниже
2022-04-14 12:00:00+05:00,68.48,69.21740257756308,Вниз,1.0653427463371823,True,0.0471991926118704,0.0933969795623128,-0.046197786950442396,False,69.04348250728096,Красный,-0.7374025775630741,Ниже
2022-04-14 12:30:00+05:00,67.5,69.20031399470176,Вниз,2.4570899993776636,True,-0.0491539758272239,0.0648867884844055,-0.1140407643116294,False,68.55113425655287,Красный,-1.7003139947017587,Ниже
2022-04-14 13:00:00+05:00,67.23,69.18070888032662,Вниз,2.819729534285463,True,-0.1456226522302017,0.022784900341484,-0.16840755257168571,False,67.99702083089758,Красный,-1.9507088803266157,Ниже
2022-04-14 13:30:00+05:00,67.13,69.1603038168408,Вниз,2.9356490714929637,True,-0.2275212146287799,-0.0272763226525687,-0.2002448919762112,False,67.87131874780782,Красный,-2.0303038168407994,Ниже
2022-04-14 14:00:00+05:00,66.505,69.1338828833399,Вниз,3.8025968941683947,True,-0.3389514704723382,-0.0896113522165226,-0.2493401182558156,False,67.37318687302704,Красный,-2.628882883339898,Ниже
2022-04-14 14:30:00+05:00,67.265,69.11528703375443,Вниз,2.6771024373389145,True,-0.3617649020252997,-0.144042062178278,-0.2177228398470217,False,67.37318687302704,Красный,-1.8502870337544266,Ниже
2022-04-14 15:00:00+05:00,67.12,69.09543343142852,Вниз,2.858992748614808,True,-0.3870829478058368,-0.1926502393037898,-0.194432708502047,False,67.37318687302704,Красный,-1.9754334314285131,Ниже
2022-04-14 15:30:00+05:00,67.105,69.07562812365312,Вниз,2.852855887355043,True,-0.4037044030719841,-0.2348610720574287,-0.16884333101455537,False,67.37318687302704,Красный,-1.970628123653114,Ниже
2022-04-14 16:00:00+05:00,67.16,69.05656714729837,Вниз,2.746396506002062,True,-0.4077388263936541,-0.2694366229246738,-0.1383022034689803,False,67.37318687302704,Красный,-1.89656714729837,Ниже
2022-04-14 16:30:00+05:00,66.9,69.03510876772327,Вниз,3.092786852711554,True,-0.4269938437950173,-0.3009480670987425,-0.1260457766962748,False,67.37318687302704,Красный,-2.135108767723267,Ниже
2022-04-14 17:00:00+05:00,66.75,69.01237136704941,Вниз,3.2782113152100743,True,-0.449179468895295,-0.330594347458053,-0.11858512143724198,False,67.37318687302704,Красный,-2.262371367049411,Ниже
2022-04-14 17:30:00+05:00,66.525,68.98762140319818,Вниз,3.56965692266063,True,-0.479391232504966,-0.3603537244674356,-0.11903750803753044,False,67.22015656898952,Красный,-2.4626214031981704,Ниже
2022-04-14 18:00:00+05:00,66.31,68.96097840416138,Вниз,3.8441716830418518,True,-0.5147492668714619,-0.3912328329482409,-0.12351643392322104,False,67.22015656898952,Красный,-2.6509784041613784,Ниже
2022-04-14 18:30:00+05:00,66.045,68.93196369367222,Вниз,4.1881349942410395,True,-0.5577249431771634,-0.4245312549940254,-0.13319368818313798,False,66.95497682088151,Красный,-2.8869636936722145,Ниже
2022-04-14 19:00:00+05:00,66.105,68.90383470169537,Вниз,4.061943306656784,True,-0.580253180246558,-0.4556756400445319,-0.1245775402020261,False,66.86247913879336,Красный,-2.7988347016953696,Ниже
2022-04-14 19:30:00+05:00,66.995,68.88484132157902,Вниз,2.7434792406018027,True,-0.5202937855830214,-0.4685992691522298,-0.05169451643079159,False,65.42976877508598,Зелёный,-1.8898413215790129,Ниже
2022-04-14 20:00:00+05:00,66.745,68.86354936813048,Вниз,3.07644521313466,True,-0.4873307979055283,-0.4723455749028895,-0.014985223002638826,False,66.10904189757738,Зелёный,-2.1185493681304735,Ниже
2022-04-14 20:30:00+05:00,66.65,68.84152400128342,Вниз,3.1834333029038624,True,-0.4635298155609746,-0.4705824230345066,0.00705260747353198,Ниже,66.10904189757738,Зелёный,-2.191524001283412,Ниже
2022-04-15 12:00:00+05:00,66.6,68.81922027987761,Вниз,3.224710002310948,True,-0.4435885351991686,-0.465183645467439,0.021595110268270434,False,66.10904189757738,Зелёный,-2.219220279877618,Ниже
2022-04-15 12:30:00+05:00,66.51,68.79624296365994,Вниз,3.3232090375452423,True,-0.4300893721214152,-0.4581647907982343,0.02807541867681912,False,66.10904189757738,Зелёный,-2.28624296365993,Ниже
2022-04-15 13:00:00+05:00,66.94,68.77777288441955,Вниз,2.6720447716559703,True,-0.380309807064819,-0.4425937940515512,0.06228398698673221,False,66.10904189757738,Зелёный,-1.8377728844195502,Ниже
2022-04-15 13:30:00+05:00,66.67,68.75680001989797,Вниз,3.0350452890391235,True,-0.3585131699741453,-0.4257776692360701,0.06726449926192479,False,66.10904189757738,Зелёный,-2.0868000198979644,Ниже
2022-04-15 14:00:00+05:00,66.525,68.73459305452585,Вниз,3.2146739455822653,True,-0.3489173640487024,-0.4104056081985966,0.06148824414989423,False,66.10904189757738,Зелёный,-2.2095930545258398,Ниже
2022-04-15 14:30:00+05:00,66.77,68.71504486492859,Вниз,2.8305953503369103,True,-0.3178788566820572,-0.3919002578952887,0.07402140121323153,False,66.10904189757738,Зелёный,-1.9450448649285903,Ниже
2022-04-15 15:00:00+05:00,66.225,68.69026829910841,Вниз,3.5889629785307084,True,-0.3334141702075328,-0.3802030403577375,0.04678887015020472,False,66.10904189757738,Зелёный,-2.4652682991084163,Ниже
2022-04-15 15:30:00+05:00,66.095,68.66444473394316,Вниз,3.7420308922603054,True,-0.3521564908305379,-0.3745937304522976,0.022437239621759697,False,67.04471950951158,Красный,-2.5694447339431576,Ниже
2022-04-15 16:00:00+05:00,66.175,68.63967413957558,Вниз,3.590742774453996,True,-0.3564456994003535,-0.3709641242419088,0.0145184248415553,False,66.99374755856044,Красный,-2.4646741395755782,Ниже
2022-04-15 16:30:00+05:00,66.935,68.62271220783852,Вниз,2.459407612346943,True,-0.2951173505658744,-0.3557947695067019,0.06067741894082751,False,66.99374755856044,Красный,-1.6877122078385156,Ниже
2022-04-15 17:00:00+05:00,66.725,68.6038294993028,Вниз,2.7386656299148786,True,-0.2604570504754377,-0.3367272257004491,0.0762701752250114,False,66.99374755856044,Красный,-1.8788294993028103,Ниже
2022-04-15 17:30:00+05:00,66.995,68.58782124557841,Вниз,2.3223091456358067,True,-0.2087949116527312,-0.3111407628909056,0.10234585123817438,False,66.05076802980945,Зелёный,-1.5928212455784063,Ниже
2022-04-15 18:00:00+05:00,66.855,68.57057924313484,Вниз,2.5019173850811547,True,-0.1771075389380314,-0.2843341181003307,0.1072265791622993,False,66.17794122682851,Зелёный,-1.7155792431348402,Ниже
2022-04-15 18:30:00+05:00,66.945,68.55440432529271,Вниз,2.347630821290552,True,-0.1430834430625651,-0.2560839830927776,0.11300054003021248,False,66.22639710414566,Зелёный,-1.609404325292715,Ниже
2022-04-15 19:00:00+05:00,66.895,68.5378928394689,Вниз,2.397057702542625,True,-0.1187844113303526,-0.2286240687402926,0.10983965740993999,False,66.35375739373109,Зелёный,-1.6428928394688995,Ниже
2022-04-15 19:30:00+05:00,67.14,68.52398345798164,Вниз,2.019706660559642,True,-0.0788488803569009,-0.1986690310636143,0.11982015070671341,False,66.35375739373109,Зелёный,-1.3839834579816426,Ниже
2022-04-15 20:00:00+05:00,67.0,68.50881944347437,Вниз,2.2023725641911995,True,-0.0578298873679443,-0.1705012023244803,0.11267131495653598,False,66.37269348892218,Зелёный,-1.5088194434743656,Ниже
2022-04-15 20:30:00+05:00,66.75,68.49131875249452,Вниз,2.542393378038295,True,-0.0606460052555917,-0.1485301629107026,0.08788415765511089,False,66.37269348892218,Зелёный,-1.7413187524945215,Ниже
2022-04-18 12:00:00+05:00,66.3,68.46951458580303,Вниз,3.1685847328219148,True,-0.0980586787543984,-0.1384358660794417,0.04037718732504329,False,67.46869327397305,Красный,-2.1695145858030287,Ниже
2022-04-18 12:30:00+05:00,66.46,68.44951941579504,Вниз,2.9065498673697827,True,-0.1134895918516889,-0.1334466112338912,0.019957019382202304,False,66.95382394657572,Красный,-1.9895194157950442,Ниже
2022-04-18 13:00:00+05:00,66.435,68.42947444648364,Вниз,2.9146423564065898,True,-0.1262803118925717,-0.1320133513656273,0.005733039473055618,False,66.95382394657572,Красный,-1.9944744464836361,Ниже
2022-04-18 13:30:00+05:00,66.165,68.40694236243903,Вниз,3.277360871591928,True,-0.1564009009628648,-0.1368908612850748,-0.019510039677789998,Ниже,66.91767239672633,Красный,-2.241942362439019,Ниже
2022-04-18 14:00:00+05:00,66.02,68.38319169216601,Вниз,3.4558078289240477,True,-0.189784258200703,-0.1474695406682004,-0.0423147175325026,False,66.80990515705372,Красный,-2.363191692166012,Ниже
2022-04-18 14:30:00+05:00,66.01,68.35957784448276,Вниз,3.437086533547668,True,-0.2145742473961434,-0.160890482013789,-0.05368376538235439,False,66.72641464134833,Красный,-2.349577844482752,Ниже
2022-04-18 15:00:00+05:00,66.045,68.33654721916453,Вниз,3.3533260201385753,True,-0.2287592902427633,-0.1744642436595839,-0.05429504658317941,False,66.5947731772135,Красный,-2.291547219164528,Ниже
2022-04-18 15:30:00+05:00,65.5,68.30832286872509,Вниз,4.111245527316077,True,-0.2807417677978776,-0.1957197484872427,-0.08502201931063488,False,66.43129585949215,Красный,-2.808322868725085,Ниже
2022-04-18 16:00:00+05:00,65.09,68.27629975560345,Вниз,4.666772755713,True,-0.3509759964487813,-0.2267709980795504,-0.1242049983692309,False,65.98741627354293,Красный,-3.186299755603443,Ниже
2022-04-18 16:30:00+05:00,65.205,68.24573955903028,Вниз,4.455574192144474,True,-0.392829298138821,-0.2599826580914045,-0.13284664004741653,False,65.89592464618866,Красный,-3.0407395590302855,Ниже
2022-04-18 17:00:00+05:00,65.01,68.2135431455076,Вниз,4.696344740037996,True,-0.4366992148687529,-0.2953259694468742,-0.14137324542187868,False,65.77783218156978,Красный,-3.203543145507595,Ниже
2022-04-18 17:30:00+05:00,65.115,68.18271187042792,Вниз,4.499251769653431,True,-0.4577175346444164,-0.3278042824863827,-0.12991325215803368,False,65.7017989634128,Красный,-3.067711870427928,Ниже
2022-04-18 18:00:00+05:00,65.19,68.15293364286147,Вниз,4.34747777460027,True,-0.4629858189741185,-0.3548405897839298,-0.10814522919018871,False,65.7017989634128,Красный,-2.962933642861472,Ниже
2022-04-18 18:30:00+05:00,65.12,68.12275519865389,Вниз,4.407859297377951,True,-0.4674212460817273,-0.3773567210434893,-0.09006452503823803,False,65.67100716036435,Красный,-3.0027551986538867,Ниже
2022-04-18 19:00:00+05:00,64.61,68.0878024106076,Вниз,5.107820031603455,False,-0.5062533186465998,-0.4031360405641114,-0.10311727808248844,False,65.33265644432792,Красный,-3.4778024106075947,Ниже
2022-04-18 19:30:00+05:00,64.695,68.05404318264135,Вниз,4.935846608887676,True,-0.5241274117541508,-0.4273343148021193,-0.09679309695203148,False,65.20689079989513,Красный,-3.359043182641358,Ниже
2022-04-18 20:00:00+05:00,64.61,68.01977409624692,Вниз,5.012915937389241,False,-0.5389389956788335,-0.4496552509774622,-0.08928374470137135,False,65.20689079989513,Красный,-3.4097740962469203,Ниже
2022-04-18 20:30:00+05:00,64.605,67.98579624454298,Вниз,4.972797894993168,True,-0.5448006184610819,-0.4686843244741862,-0.07611629398689568,False,65.20375654791505,Красный,-3.380796244542978,Ниже
2022-04-19 12:00:00+05:00,63.47,67.94086294857738,Вниз,6.580521286521271,False,-0.6337258144476152,-0.501692622468872,-0.1320331919787432,False,64.52688089312356,Красный,-4.470862948577377,Ниже
2022-04-19 12:30:00+05:00,63.98,67.90145137694975,Вниз,5.775209951227868,False,-0.6554908447567556,-0.5324522669264488,-0.1230385778303068,False,64.52688089312356,Красный,-3.9214513769497543,Ниже
2022-04-19 13:00:00+05:00,63.765,67.8602926567811,Вниз,6.034887997748513,False,-0.6822242349447549,-0.56240666053011,-0.11981757441464491,False,64.52688089312356,Красный,-4.095292656781098,Ниже
2022-04-19 13:30:00+05:00,63.665,67.81854845124099,Вниз,6.124502140040986,False,-0.703371771588408,-0.5905996827417697,-0.11277208884663836,False,64.44174617108708,Красный,-4.153548451240987,Ниже
2022-04-19 14:00:00+05:00,63.565,67.77622458605451,Вниз,6.213424562631961,False,-0.7199019296814271,-0.6164601321297012,-0.10344179755172589,False,64.34657155397836,Красный,-4.211224586054513,Ниже
2022-04-19 14:30:00+05:00,63.105,67.7297447394271,Вниз,6.8282329384521265,False,-0.761344054344832,-0.6454369165727274,-0.1159071377721046,False,64.10616439858053,Красный,-4.624744739427108,Ниже
2022-04-19 15:00:00+05:00,62.53,67.67800598580097,Вниз,7.6066159320371085,False,-0.831005615783738,-0.6825506564149295,-0.14845495936880848,False,63.59829795872248,Красный,-5.148005985800964,Ниже
2022-04-19 15:30:00+05:00,62.305,67.6245432396736,Вниз,7.866290824058031,False,-0.8940623306913267,-0.7248529912702091,-0.1692093394211176,False,63.20121816285023,Красный,-5.3195432396735995,Ниже
2022-04-19 16:00:00+05:00,62.075,67.56932390395546,Вниз,8.13138801235486,False,-0.9516245736452332,-0.770207307745214,-0.18141726590001928,False,62.953596346565206,Красный,-5.494323903955461,Ниже
2022-04-19 16:30:00+05:00,61.21,67.50604704918973,Вниз,9.326641574201465,False,-1.05488132155903,-0.8271421105079773,-0.22773921105105277,False,62.48173671190868,Красный,-6.296047049189731,Ниже
2022-04-19 17:00:00+05:00,61.9,67.45026548651123,Вниз,8.228678488480044,False,-1.0687163084252944,-0.8754569500914408,-0.19325935833385366,False,62.408563040717816,Красный,-5.550265486511229,Ниже
2022-04-19 17:30:00+05:00,62.155,67.39757627769022,Вниз,7.7785828025771355,False,-1.047034702027915,-0.9097725004787356,-0.13726220154917934,False,62.408563040717816,Красный,-5.242576277690219,Ниже
2022-04-19 18:00:00+05:00,62.86,67.35242626497688,Вниз,6.67002885286248,False,-0.9618763528330732,-0.9201932709496032,-0.04168308188346992,False,61.62008893701857,Зелёный,-4.492426264976885,Ниже
2022-04-19 18:30:00+05:00,62.695,67.30608371507661,Вниз,6.8509166787900995,False,-0.8973576877620957,-0.9156261543121016,0.018268466550005913,Ниже,61.74908004331672,Зелёный,-4.61108371507661,Ниже
2022-04-19 19:00:00+05:00,62.555,67.25880925024998,Вниз,6.993595787205376,False,-0.8477506688288514,-0.9020510572154518,0.05430038838660034,False,61.74908004331672,Зелёный,-4.703809250249982,Ниже
2022-04-19 19:30:00+05:00,62.585,67.21230368557087,Вниз,6.884608072977361,False,-0.7968306321281275,-0.881006972197987,0.08417634006985941,False,61.861529835086536,Зелёный,-4.6273036855708725,Ниже
2022-04-19 20:00:00+05:00,63.085,67.17123598720698,Вниз,6.083312190332812,False,-0.7079692856289412,-0.8463994348841779,0.13843014925523667,False,62.115626851577886,Зелёный,-4.086235987206983,Ниже
2022-04-19 20:30:00+05:00,63.2,67.13172120126463,Вниз,5.856726344729199,False,-0.6211067573389357,-0.8013408993751295,0.1802341420361938,False,62.3055641664201,Зелёный,-3.9317212012646223,Ниже
2022-04-20 12:00:00+05:00,62.34,67.0840423833416,Вниз,7.071789675751027,False,-0.6145779188514453,-0.7639883032703928,0.1494103844189475,False,62.3055641664201,Зелёный,-4.7440423833415934,Ниже
2022-04-20 12:30:00+05:00,62.195,67.03539519544765,Вниз,7.22065586595715,False,-0.6140259466022542,-0.7339958319367651,0.11996988533451092,False,63.28854302519972,Красный,-4.840395195447648,Ниже
2022-04-20 13:00:00+05:00,62.21,66.9873813129059,Вниз,7.13176305637354,False,-0.6053994618303662,-0.7082765579154853,0.10287709608511908,False,63.06043872267975,Красный,-4.777381312905895,Ниже
2022-04-20 13:30:00+05:00,63.09,66.94860139934464,Вниз,5.7635280180511845,False,-0.5215422505494729,-0.6709296964422828,0.14938744589280994,False,61.47010514958823,Зелёный,-3.8586013993446358,Ниже
2022-04-20 14:00:00+05:00,64.045,66.91970984313227,Вниз,4.295759574975633,True,-0.3737163186279844,-0.6114870208794232,0.23777070225143881,False,62.262094634629406,Зелёный,-2.8747098431322655,Ниже
2022-04-20 14:30:00+05:00,63.85,66.88916546658369,Вниз,4.543584069832636,True,-0.2691949609273507,-0.5430286088890087,0.27383364796165804,False,62.73463517116646,Зелёный,-3.0391654665836896,Ниже
2022-04-20 15:00:00+05:00,63.575,66.85618869577192,Вниз,4.907830912562061,True,-0.2061745814077369,-0.4756578033927544,0.2694832219850175,False,62.73463517116646,Зелёный,-3.2811886957719167,Ниже
2022-04-20 15:30:00+05:00,63.63,66.8240873157145,Вниз,4.77984428073642,True,-0.1500626079219102,-0.4105387642985856,0.2604761563766754,False,62.73463517116646,Зелёный,-3.1940873157144907,Ниже
2022-04-20 16:00:00+05:00,63.59,66.79190734242381,Вниз,4.793855228611015,True,-0.1075810035336246,-0.3499472121455934,0.24236620861196878,False,62.73463517116646,Зелёный,-3.2019073424238087,Ниже
2022-04-20 16:30:00+05:00,63.425,66.75840577682756,Вниз,4.993237537713365,True,-0.0862340940723314,-0.297204588530941,0.2109704944586096,False,62.73463517116646,Зелёный,-3.3334057768275613,Ниже
2022-04-20 17:00:00+05:00,63.215,66.7231480079039,Вниз,5.2577675254296,False,-0.0852787194907236,-0.2548194147228975,0.16954069523217388,False,62.73463517116646,Зелёный,-3.5081480079038982,Ниже
2022-04-20 17:30:00+05:00,63.48,66.69087787847202,Вниз,4.814568319707941,True,-0.0624187682431269,-0.2163392854269434,0.1539205171838165,False,62.73463517116646,Зелёный,-3.2108778784720258,Ниже
2022-04-20 18:00:00+05:00,63.315,66.6572870538106,Вниз,5.01413604053893,False,-0.0569596181973679,-0.1844633519810283,0.12750373378366042,False,62.73463517116646,Зелёный,-3.342287053810608,Ниже
2022-04-20 18:30:00+05:00,63.225,66.62313494382245,Вниз,5.100532940528546,False,-0.0592128810595511,-0.1594132577967329,0.1002003767371818,False,62.73463517116646,Зелёный,-3.3981349438224484,Ниже
2022-04-20 19:00:00+05:00,63.205,66.58912365084909,Вниз,5.082096692837224,False,-0.061898908873978,-0.1399103880121819,0.07801147913820389,False,62.73463517116646,Зелёный,-3.384123650849091,Ниже
2022-04-20 19:30:00+05:00,63.615,66.55953038069138,Вниз,4.423904982276705,True,-0.0305913932428438,-0.1180465890583143,0.08745519581547051,False,62.78671384349818,Зелёный,-2.9445303806913827,Ниже
2022-04-20 20:00:00+05:00,63.43,66.52839077491336,Вниз,4.657245934891466,True,-0.0204719277968763,-0.0985316568060267,0.0780597290091504,False,62.82579245914835,Зелёный,-3.098390774913362,Ниже
2022-04-20 20:30:00+05:00,63.2,66.49527245874508,Вниз,4.955649231739781,True,-0.0306578517033528,-0.0849568957854919,0.0542990440821391,False,62.82579245914835,Зелёный,-3.2952724587450746,Ниже
2022-04-21 12:00:00+05:00,63.885,66.46929959845906,Вниз,3.887959725874669,True,0.0163549754548668,-0.0646945215374202,0.081049496992287,False,63.13486689191016,Зелёный,-2.5842995984590615,Ниже
2022-04-21 12:30:00+05:00,63.33,66.4380627865341,Вниз,4.67813577966644,True,0.0087285012858941,-0.0500099169727573,0.0587384182586514,False,63.13486689191016,Зелёный,-3.1080627865341057,Ниже
2022-04-21 13:00:00+05:00,64.02,66.41400246029994,Вниз,3.6046652386761338,True,0.0576966084038019,-0.0284686118974454,0.08616522030124729,False,63.13486689191016,Зелёный,-2.3940024602999443,Ниже
2022-04-21 13:30:00+05:00,64.15,66.39147507263527,Вниз,3.3761489260224944,True,0.1057747936568276,-0.0016199307865908,0.1073947244434184,False,63.21793546420251,Зелёный,-2.241475072635268,Ниже
2022-04-21 14:00:00+05:00,64.66,66.37424646494736,Вниз,2.582698194325519,True,0.1829212374458677,0.0352883028599008,0.14763293458596688,False,63.48764191778227,Зелёный,-1.7142464649473652,Ниже
2022-04-21 14:30:00+05:00,64.63,66.35689077872898,Вниз,2.602428713074286,True,0.2388858730361889,0.0760078168951584,0.16287805614103051,False,63.75137772600404,Зелёный,-1.7268907787289862,Ниже
2022-04-21 15:00:00+05:00,64.6,66.33940927844311,Вниз,2.621984876504376,True,0.2776173012276359,0.1163297137616539,0.16128758746598199,False,63.80973995340364,Зелёный,-1.7394092784431194,Ниже
2022-04-21 15:30:00+05:00,64.665,66.32274848960289,Вниз,2.4995171752611527,True,0.3099838925317257,0.1550605495156683,0.1549233430160574,False,63.90926595806327,Зелёный,-1.6577484896028807,Ниже
2022-04-21 16:00:00+05:00,64.65,66.30610422602476,Вниз,2.4976648007842703,True,0.3306131718436873,0.1901710739812721,0.14044209786241524,False,63.96558936225695,Зелёный,-1.6561042260247518,Ниже
2022-04-21 16:30:00+05:00,64.305,66.2861927411887,Вниз,2.988846785821847,True,0.3154866736197874,0.2152341939089752,0.10025247971081219,False,63.96558936225695,Зелёный,-1.9811927411886927,Ниже
2022-04-21 17:00:00+05:00,64.585,66.2692654502316,Вниз,2.541548391684671,True,0.3223763211808972,0.2366626193633596,0.0857137018175376,False,63.96558936225695,Зелёный,-1.6842654502316066,Ниже
2022-04-21 17:30:00+05:00,64.445,66.25111355520443,Вниз,2.726163317541026,True,0.3129322978036413,0.2519165550514159,0.06101574275222538,False,63.96558936225695,Зелёный,-1.8061135552044334,Ниже
2022-04-21 18:00:00+05:00,64.185,66.23055521137155,Вниз,3.0885370126269684,True,0.2812262134162964,0.2577784867243921,0.023447726691904314,False,63.96558936225695,Зелёный,-2.04555521137155,Ниже
2022-04-21 18:30:00+05:00,63.9,66.2073656072783,Вниз,3.4850587787541474,True,0.2304453642419801,0.2523118622279097,-0.0218664979859296,Выше,64.73759313748089,Красный,-2.3073656072783066,Ниже
2022-04-21 19:00:00+05:00,63.905,66.18445649675812,Вниз,3.4440964199347452,True,0.1884325010513592,0.2395359899925996,-0.051103488941240394,False,64.6823338237328,Красный,-2.2794564967581152,Ниже
2022-04-21 19:30:00+05:00,64.15,66.16421314853167,Вниз,3.0442637381781763,True,0.1729132207618278,0.2262114361464452,-0.0532982153846174,False,64.64460044135953,Красный,-2.0142131485316668,Ниже
2022-04-21 20:00:00+05:00,64.95,66.15213142566071,Вниз,1.8172225138529663,True,0.2226013832613347,0.2254894255694231,-0.002888042308088423,False,63.90010960277643,Зелёный,-1.2021314256607099,Ниже
2022-04-21 20:30:00+05:00,64.605,66.13673708311683,Вниз,2.316015501629336,True,0.2314727198833424,0.226686084432207,0.00478663545113539,Выше,64.1245986424988,Зелёный,-1.5317370831168233,Ниже
2022-04-22 12:00:00+05:00,66.215,66.13751581860821,Вверх,0.1171561713994635,True,0.3642183799731384,0.2541925435403933,0.1100258364327451,False,64.8648887782489,Зелёный,0.07748418139179591,Выше
2022-04-22 12:30:00+05:00,66.37,66.13982909404494,Вверх,0.3480065024476865,True,0.4764354255708554,0.2986411199464858,0.1777943056243696,False,65.418399900424,Зелёный,0.23017090595506318,Выше
2022-04-22 13:00:00+05:00,65.96,66.1380397498256,Вниз,0.2691941740321541,True,0.5262187470440409,0.3441566453659968,0.1820621016780441,False,65.418399900424,Зелёный,-0.17803974982560078,Ниже
2022-04-22 13:30:00+05:00,65.73,66.13397965281241,Вниз,0.6108503600315702,True,0.5408784006535967,0.3835009964235168,0.1573774042300799,False,65.418399900424,Зелёный,-0.40397965281241,Ниже
2022-04-22 14:00:00+05:00,65.77,66.13035796472472,Вниз,0.5449206322411706,True,0.5493909110239912,0.4166789793436117,0.13271193168037948,False,65.418399900424,Зелёный,-0.36035796472472725,Ниже
2022-04-22 14:30:00+05:00,65.615,66.12523002477721,Вниз,0.7716117200439697,True,0.537434719308223,0.440830127336534,0.09660459197168897,False,65.418399900424,Зелёный,-0.5102300247772149,Ниже
2022-04-22 15:00:00+05:00,65.52,66.11920783547595,Вниз,0.9062538029296371,True,0.5143643728721372,0.4555369764436547,0.058827396428482503,False,65.418399900424,Зелёный,-0.5992078354759514,Ниже
2022-04-22 15:30:00+05:00,65.73,66.1153351206951,Вниз,0.5828226083882819,True,0.507179749620235,0.4658655310789708,0.04131421854126427,False,65.418399900424,Зелёный,-0.385335120695089,Ниже
2022-04-22 16:00:00+05:00,66.0,66.11418750755385,Вниз,0.1727125627019228,True,0.5173094066209529,0.4761543061873672,0.04115510043358572,False,65.418399900424,Зелёный,-0.11418750755385076,Ниже
2022-04-22 16:30:00+05:00,65.33,66.10638464678217,Вниз,1.17444729571967,True,0.4659031902355082,0.4741040829969954,-0.008200892761487222,Выше,66.4346552620502,Красный,-0.7763846467821764,Ниже
2022-04-22 17:00:00+05:00,65.445,66.09980370502315,Вниз,0.990628819330964,True,0.4294920156858381,0.465181669534764,-0.03568965384892586,False,66.13518973584519,Красный,-0.6548037050231557,Ниже
2022-04-22 17:30:00+05:00,65.58,66.09463152885377,Вниз,0.7786283347825393,True,0.4068394770422259,0.4535132310362564,-0.04667375399403051,False,66.13518973584519,Красный,-0.5146315288537693,Ниже
2022-04-22 18:00:00+05:00,65.465,66.08836653851692,Вниз,0.9432318744837113,True,0.37528162509021,0.4378669098470472,-0.06258528475683717,False,66.1186786860346,Красный,-0.6233665385169189,Ниже
2022-04-22 18:30:00+05:00,65.39,66.08141761773567,Вниз,1.04631172069483,True,0.3402971926481228,0.4183529664072624,-0.07805577375913958,False,66.04906081743113,Красный,-0.6914176177356666,Ниже
2022-04-22 19:00:00+05:00,65.31,66.07374182054427,Вниз,1.1558930968652947,True,0.302627939963898,0.3952079611185896,-0.0925800211546916,False,65.98090473568803,Красный,-0.7637418205442685,Ниже
2022-04-22 19:30:00+05:00,64.69,66.05997324521547,Вниз,2.07383257654392,True,0.2202075517929245,0.3602078792534566,-0.1400003274605321,False,65.59331426211922,Красный,-1.3699732452154763,Ниже
2022-04-22 20:00:00+05:00,64.965,66.04907798904418,Вниз,1.6413219109947235,True,0.1750610077638725,0.3231785049555398,-0.14811749719166728,False,65.4572328359073,Красный,-1.0840779890441752,Ниже
2022-04-22 20:30:00+05:00,64.895,66.0375946259691,Вниз,1.7302184194331451,True,0.1321107409859649,0.2849649521616249,-0.15285421117565998,False,65.4572328359073,Красный,-1.1425946259691102,Ниже
2022-04-25 12:00:00+05:00,62.72,66.00458373416842,Вниз,4.976296415105031,True,-0.0765495619424285,0.2126620493408141,-0.2892116112832426,False,64.5506085970849,Красный,-3.2845837341684216,Ниже
2022-04-25 12:30:00+05:00,62.445,65.96916499054485,Вниз,5.342139757339601,False,-0.2610948185166108,0.1179106757693291,-0.37900549428593994,False,63.11554773737642,Красный,-3.524164990544854,Ниже
2022-04-25 13:00:00+05:00,62.58,65.93544195581308,Вниз,5.088980761002166,False,-0.391936887701334,0.0159411630751965,-0.4078780507765305,False,63.11554773737642,Красный,-3.3554419558130775,Ниже
2022-04-25 13:30:00+05:00,62.1,65.8972783542627,Вниз,5.762420617508036,False,-0.528272561419243,-0.0929015818236913,-0.43537097959555165,False,63.096818667274896,Красный,-3.7972783542626942,Ниже
2022-04-25 14:00:00+05:00,62.545,65.8639223507377,Вниз,5.039059673767699,False,-0.5935694845723845,-0.19303516237343,-0.40053432219895446,False,63.096818667274896,Красный,-3.3189223507376937,Ниже
2022-04-25 14:30:00+05:00,62.85,65.83393307361592,Вниз,4.53251527639898,True,-0.6136332336573389,-0.2771547766302117,-0.3364784570271272,False,63.096818667274896,Красный,-2.9839330736159226,Ниже
2022-04-25 15:00:00+05:00,62.7,65.80274965994812,Вниз,4.715227974487902,True,-0.6343255358332271,-0.3485889284708148,-0.28573660736241235,False,63.096818667274896,Красный,-3.102749659948117,Ниже
2022-04-25 15:30:00+05:00,62.32,65.768095434476,Вниз,5.242808707926313,False,-0.6736220627706544,-0.4135955553307827,-0.2600265074398717,False,63.096818667274896,Красный,-3.448095434475995,Ниже
2022-04-25 16:00:00+05:00,62.2,65.73259199731703,Вниз,5.374186366272024,False,-0.7063059848695445,-0.4721376412385351,-0.23416834363100947,False,63.096818667274896,Красный,-3.532591997317027,Ниже
2022-04-25 16:30:00+05:00,62.22,65.69764083316463,Вниз,5.293402912284014,False,-0.7222685336949439,-0.5221638197298168,-0.20010471396512708,False,63.096818667274896,Красный,-3.477640833164628,Ниже
2022-04-25 17:00:00+05:00,62.365,65.6644802278595,Вниз,5.024756483886132,False,-0.7149768721342724,-0.560726430210708,-0.1542504419235644,False,63.096818667274896,Красный,-3.2994802278594975,Ниже
2022-04-25 17:30:00+05:00,62.995,65.6379182355425,Вниз,4.026511362012362,True,-0.6508597370410527,-0.578753091576777,-0.0721066454642757,False,63.096818667274896,Красный,-2.6429182355425027,Ниже
2022-04-25 18:00:00+05:00,62.75,65.60918273071124,Вниз,4.357900238517793,True,-0.6127524689532962,-0.5855529670520809,-0.02719950190121523,False,63.096818667274896,Красный,-2.8591827307112396,Ниже
2022-04-25 18:30:00+05:00,62.615,65.57938986771909,Вниз,4.52030717836593,True,-0.5866826438822343,-0.5857789024181116,-0.0009037414641227537,False,63.096818667274896,Красный,-2.9643898677190847,Ниже
2022-04-25 19:00:00+05:00,62.63,65.55004270485621,Вниз,4.454677044230025,True,-0.5583751439675027,-0.5802981507279898,0.021923006760487196,Ниже,63.096818667274896,Красный,-2.9200427048562076,Ниже
2022-04-25 19:30:00+05:00,62.615,65.52083829983277,Вниз,4.434983396481039,True,-0.5310302349862397,-0.5704445675796399,0.039414332593400214,False,63.096818667274896,Красный,-2.905838299832773,Ниже
2022-04-25 20:00:00+05:00,62.375,65.4895364262026,Вниз,4.755777176270357,True,-0.5226998335338422,-0.5608956207704804,0.03819578723663819,False,63.096818667274896,Красный,-3.114536426202605,Ниже
2022-04-25 20:30:00+05:00,62.36,65.45839676027025,Вниз,4.7333832076846845,True,-0.511413053666196,-0.5509991073496235,0.03958605368342749,False,63.037729666737526,Красный,-3.098396760270248,Ниже
2022-04-26 12:00:00+05:00,64.495,65.44881072285462,Вниз,1.4573385097760734,True,-0.3264286756654329,-0.5060850210127854,0.17965634534735253,False,62.39454329993623,Зелёный,-0.9538107228546124,Ниже
2022-04-26 12:30:00+05:00,64.23,65.43668325297547,Вниз,1.8440470894749958,True,-0.1989175114122332,-0.444651519092675,0.24573400768044176,False,63.50108896994261,Зелёный,-1.2066832529754663,Ниже
2022-04-26 13:00:00+05:00,64.405,65.42641774797075,Вниз,1.5611702170602557,True,-0.0827886219100193,-0.3722789396561439,0.2894903177461246,False,63.508230072948336,Зелёный,-1.0214177479707445,Ниже
2022-04-26 13:30:00+05:00,64.925,65.42142851664765,Вниз,0.7588163815795145,True,0.0506204923371242,-0.2876990532574903,0.33831954559461447,False,63.75840706565352,Зелёный,-0.4964285166476543,Ниже
2022-04-26 14:00:00+05:00,64.925,65.41648892941733,Вниз,0.7513226977798103,True,0.1545664309371801,-0.1992459564185562,0.3538123873557363,False,64.05956635908817,Зелёный,-0.49148892941732925,Ниже
2022-04-26 14:30:00+05:00,64.875,65.4111009798709,Вниз,0.8195871523946225,True,0.2302555118239766,-0.1133456627700496,0.34360117459402617,False,64.05956635908817,Зелёный,-0.5361009798708949,Ниже
2022-04-26 15:00:00+05:00,64.795,65.40497062186222,Вниз,0.9326059106252835,True,0.2805503129538067,-0.0345664676252783,0.31511678057908504,False,64.05956635908817,Зелёный,-0.6099706218622174,Ниже
2022-04-26 15:30:00+05:00,65.18,65.40273210821185,Вниз,0.34055474600559965,True,0.3474701678224363,0.0418408594642645,0.30562930835817176,False,64.17028637577526,Зелёный,-0.22273210821184364,Ниже
2022-04-26 16:00:00+05:00,65.35,65.4022074106177,Вниз,0.07982515068632974,True,0.4095017331146948,0.1153730341943506,0.2941286989203442,False,64.51525773819775,Зелёный,-0.0522074106177115,Ниже
2022-04-26 16:30:00+05:00,66.535,65.41347897867125,Вверх,1.7145105853404157,True,0.547965190444927,0.2018914654444659,0.3460737250004611,False,65.23848196437797,Зелёный,1.1215210213287463,Выше
2022-04-26 17:00:00+05:00,66.53,65.42458864057502,Вверх,1.6895961937151913,True,0.6498044782057093,0.2914740679967146,0.3583304102089947,False,65.88563376794018,Зелёный,1.105411359424977,Выше
2022-04-26 17:30:00+05:00,66.515,65.43543850484791,Вверх,1.649811661416635,True,0.720991333537313,0.3773775211048343,0.34361381243247874,False,65.88563376794018,Зелёный,1.0795614951520918,Выше
2022-04-26 18:00:00+05:00,66.545,65.446478917735,Вверх,1.6785029545222974,True,0.770941247731173,0.4560902664301021,0.3148509813010709,False,65.88563376794018,Зелёный,1.0985210822649947,Выше
2022-04-26 18:30:00+05:00,66.51,65.45706121706104,Вверх,1.6085946471799795,True,0.7984981178519348,0.5245718367144687,0.2739262811374661,False,65.88563376794018,Зелёный,1.0529387829389663,Выше
2022-04-26 19:00:00+05:00,66.54,65.46783672733905,Вверх,1.6376946700198944,True,0.8133817270023656,0.5823338147720482,0.2310479122303174,False,65.88563376794018,Зелёный,1.0721632726609585,Выше
2022-04-26 19:30:00+05:00,66.6,65.47910203353467,Вверх,1.7118407730931637,True,0.8205596916985343,0.6299789901573454,0.1905807015411889,False,66.033162108631,Зелёный,1.1208979664653214,Выше
2022-04-26 20:00:00+05:00,66.0,65.48428509787762,Вверх,0.7875399438988419,True,0.768969097751679,0.657777011676212,0.11119208607546693,False,66.99390410223211,Красный,0.515714902122383,Выше
2022-04-26 20:30:00+05:00,66.18,65.49120763421715,Вверх,1.0517325770352515,True,0.7341449104969939,0.6730505914403684,0.061094319056625546,False,66.73101369200889,Красный,0.6887923657828594,Выше
2022-04-27 12:00:00+05:00,67.77,65.51388218512047,Вверх,3.4437248101165663,True,0.8253322861749979,0.7035069303872943,0.1218253557877036,False,66.48033767719201,Зелёный,2.2561178148795307,Выше
2022-04-27 12:30:00+05:00,68.705,65.54563460118892,Вверх,4.820100404907467,True,0.9619567852255528,0.755196901354946,0.20675988387060684,False,67.3718039094728,Зелёный,3.159365398811076,Выше
2022-04-27 13:00:00+05:00,68.67,65.57672281411243,Вверх,4.717035333796651,True,1.055244278382247,0.8152063767604063,0.2400379016218408,False,68.17212351852551,Зелёный,3.0932771858875725,Выше
2022-04-27 13:30:00+05:00,67.88,65.59964099506654,Вверх,3.4761760435624254,True,1.053287251329721,0.8628225516742692,0.19046469965545165,False,69.30783883332704,Красный,2.2803590049334588,Выше
2022-04-27 14:00:00+05:00,68.325,65.62675899511562,Вверх,4.111495137349692,True,1.0752492700056138,0.9053078953405382,0.16994137466507553,False,69.18130494999433,Красный,2.6982410048843803,Выше
2022-04-27 14:30:00+05:00,68.005,65.65042308471646,Вверх,3.5865373057004413,True,1.0546753613328264,0.935181388538996,0.11949397279383034,False,69.13142445499489,Красный,2.3545769152835305,Выше
2022-04-27 15:00:00+05:00,68.295,65.67673728287849,Вверх,3.9865907251821944,True,1.049671012813306,0.958079313393858,0.091591699419448,False,69.08753200949539,Красный,2.6182627171215103,Выше
2022-04-27 15:30:00+05:00,68.63,65.70612298155632,Вверх,4.449930821918083,True,1.060511810835763,0.978565812882239,0.08194599795352397,False,69.08753200949539,Красный,2.923877018443676,Выше
2022-04-27 16:00:00+05:00,68.75,65.73641031507317,Вверх,4.584353892283985,True,1.0664923584506738,0.996151121995926,0.07034123645474777,False,69.08753200949539,Красный,3.0135896849268278,Выше
2022-04-27 16:30:00+05:00,68.485,65.76375946616697,Вверх,4.137902936088992,True,1.037884612468602,1.0044978200904613,0.033386792378140795,False,69.08753200949539,Красный,2.7212405338330257,Выше
2022-04-27 17:00:00+05:00,68.255,65.78854792919019,Вверх,3.749059902438507,True,0.9852958130528152,1.0006574186829322,-0.015361605630117015,Выше,69.08753200949539,Красный,2.466452070809808,Выше
2022-04-27 17:30:00+05:00,68.955,65.82005491496939,Вверх,4.762902566824859,True,0.9887057757549372,0.9982670900973332,-0.009561314342395932,False,69.08753200949539,Красный,3.1349450850306084,Выше
2022-04-27 18:00:00+05:00,68.745,65.84915884616373,Вверх,4.397688906856826,True,0.96335795991466,0.9912852640607988,-0.027927304146138754,False,69.08753200949539,Красный,2.8958411538362725,Выше
2022-04-27 18:30:00+05:00,68.78,65.87832144470937,Вверх,4.404603049465919,True,0.9353121445421948,0.980090640157078,-0.04477849561488323,False,69.08753200949539,Красный,2.90167855529063,Выше
2022-04-27 19:00:00+05:00,68.95,65.90888541043365,Вверх,4.61411928092616,True,0.9162413530732608,0.9673207827403144,-0.05107942966705359,False,69.08753200949539,Красный,3.041114589566348,Выше
2022-04-27 19:30:00+05:00,68.685,65.9365084411756,Вверх,4.168391114122199,True,0.8697187517449123,0.9478003765412342,-0.07808162479632186,False,69.08753200949539,Красный,2.748491558824398,Выше
2022-04-27 20:00:00+05:00,69.48,65.97176706365147,Вверх,5.317779244814967,False,0.8867768988324514,0.9355956809994777,-0.04881878216702629,False,68.12624428351008,Зелёный,3.5082329363485343,Выше
2022-04-27 20:30:00+05:00,69.365,66.00553057545594,Вверх,5.089678690944837,False,0.880862035167894,0.924648951833161,-0.04378691666526702,False,68.53036985515907,Зелёный,3.3594694245440593,Выше
2022-04-28 12:00:00+05:00,71.29,66.05811236077479,Вверх,7.9201288868979365,False,1.0197508224943306,0.943669325965395,0.07608149652893559,Выше,69.71383286964316,Зелёный,5.231887639225221,Выше
2022-04-28 12:30:00+05:00,70.25,66.0998226855432,Вверх,6.2786512063737945,False,1.033982769003714,0.9617320145730588,0.0722507544306552,False,69.71383286964316,Зелёный,4.150177314456798,Выше
2022-04-28 13:00:00+05:00,70.395,66.14256076827412,Вверх,6.429202592599943,False,1.0449168265936493,0.978368976977177,0.06654784961647231,False,69.71383286964316,Зелёный,4.252439231725873,Выше
2022-04-28 13:30:00+05:00,70.44,66.18532135764454,Вверх,6.428432400236482,False,1.0451652554564816,0.991728232673038,0.053437022783443644,False,69.71383286964316,Зелёный,4.254678642355458,Выше
2022-04-28 14:00:00+05:00,70.32,66.226462438663,Вверх,6.181120673821738,False,1.0238765287198817,0.9981578918824068,0.025718636837474884,False,69.71383286964316,Зелёный,4.093537561336987,Выше
2022-04-28 14:30:00+05:00,70.365,66.26764191688527,Вверх,6.183044944097677,False,0.999118961861072,0.99835010587814,0.0007688559829319708,False,69.71383286964316,Зелёный,4.097358083114727,Выше
2022-04-28 15:00:00+05:00,69.105,66.29587433562273,Вверх,4.237255624921822,True,0.8678232161812502,0.972244727938762,-0.1044215117575118,Выше,70.71093079592396,Красный,2.8091256643772766,Выше
2022-04-28 15:30:00+05:00,69.18,66.32457210342747,Вверх,4.305233801010795,True,0.7610493616892882,0.9300056546888672,-0.16895629299957904,False,70.34333771633158,Красный,2.855427896572536,Выше
2022-04-28 16:00:00+05:00,67.7,66.33825795314462,Вверх,2.052725062236629,True,0.5506590271250502,0.8541363291761039,-0.3034773020510537,False,69.3997539446984,Красный,1.3617420468553831,Выше
2022-04-28 16:30:00+05:00,68.54,66.36016583420786,Вверх,3.2848534032271295,True,0.4465565253767209,0.7726203684162274,-0.3260638430395065,False,69.3997539446984,Красный,2.179834165792144,Выше
2022-04-28 17:00:00+05:00,67.865,66.37513930849435,Вверх,2.24460650030602,True,0.3060596191593561,0.6793082185648532,-0.37324859940549715,False,69.3997539446984,Красный,1.4898606915056405,Выше
2022-04-28 17:30:00+05:00,68.23,66.39359563378297,Вверх,2.7659360043495274,True,0.2216126456937814,0.587769103990639,-0.3661564582968576,False,69.3997539446984,Красный,1.8364043662170388,Выше
2022-04-28 18:00:00+05:00,68.11,66.41067428419309,Вверх,2.5588141275827647,True,0.1433523371872098,0.4988857506299531,-0.3555334134427433,False,69.3997539446984,Красный,1.699325715806907,Выше
2022-04-28 18:30:00+05:00,68.14,66.42788150524589,Вверх,2.5774094491014288,True,0.0827967981898893,0.4156679601419404,-0.33287116195205113,False,69.36783735680497,Красный,1.7121184947541082,Выше
2022-04-28 19:00:00+05:00,68.22,66.44571353006933,Вверх,2.67027980537486,True,0.040791212956222,0.3406926107047968,-0.29990139774857477,False,69.36530362112447,Красный,1.7742864699306722,Выше
2022-04-28 19:30:00+05:00,67.15,66.45272135564078,Вверх,1.0492853116240994,True,-0.0779401283289331,0.2569660628980508,-0.3349061912269839,False,68.93702325901202,Красный,0.6972786443592298,Выше
2022-04-28 20:00:00+05:00,67.53,66.46344054613192,Вверх,1.6047310297272188,True,-0.1397616620614172,0.1776205179061572,-0.31738217996757445,False,68.52882093311082,Красный,1.0665594538680807,Выше
2022-04-28 20:30:00+05:00,67.165,66.47042123721519,Вверх,1.0449441268110045,True,-0.2157214202613744,0.0989521302726509,-0.3146735505340253,False,68.49693883979974,Красный,0.6945787627848148,Выше
2022-04-29 12:00:00+05:00,68.58,66.49141207067574,Вверх,3.1411393806830863,True,-0.1598981946885658,0.0471820652804075,-0.2070802599689733,False,66.54525504418024,Зелёный,2.0885879293242624,Выше
2022-04-29 12:30:00+05:00,68.04,66.50682090579339,Вверх,2.3052960182510565,True,-0.1574167707248079,0.0062622980793644,-0.1636790688041723,False,67.20597953976221,Зелёный,1.5331790942066164,Выше
2022-04-29 13:00:00+05:00,68.4,66.52565850872082,Вверх,2.817471533984854,True,-0.1249607631096125,-0.0199823141584309,-0.10497844895118161,False,67.20597953976221,Зелёный,1.874341491279182,Выше
2022-04-29 13:30:00+05:00,68.21,66.54241812554947,Вверх,2.5060433952132533,True,-0.1132649079910521,-0.0386388329249551,-0.074626075066097,False,67.20597953976221,Зелёный,1.6675818744505193,Выше
2022-04-29 14:00:00+05:00,68.005,66.55697117902659,Вверх,2.1756230719671152,True,-0.1191639969096485,-0.0547438657218938,-0.0644201311877547,False,67.20597953976221,Зелёный,1.4480288209734056,Выше
2022-04-29 14:30:00+05:00,68.405,66.57535952550393,Вверх,2.7482246998533575,True,-0.090518964046339,-0.0618988853867829,-0.028620078659556097,False,67.28344692603798,Зелёный,1.829640474496074,Выше
2022-04-29 15:00:00+05:00,68.085,66.59038082375763,Вверх,2.244497114678052,True,-0.0925717848623008,-0.0680334652818865,-0.024538319580414303,False,67.28344692603798,Зелёный,1.4946191762423666,Выше
2022-04-29 15:30:00+05:00,68.005,66.60445663645656,Вверх,2.102777252861536,True,-0.0995069375259447,-0.0743281597306981,-0.02517877779524659,False,67.28344692603798,Зелёный,1.4005433635434343,Выше
2022-04-29 16:00:00+05:00,68.195,66.62028293858137,Вверх,2.3637201644285857,True,-0.0886497843418965,-0.0771924846529378,-0.0114572996889587,False,67.28344692603798,Зелёный,1.5747170614186246,Выше
2022-04-29 16:30:00+05:00,68.2,66.63600151630693,Вверх,2.347077327727014,True,-0.0787343533932301,-0.0775008584009963,-0.0012334949922337968,False,67.28344692603798,Зелёный,1.5639984836930694,Выше
2022-04-29 17:00:00+05:00,68.27,66.65226020768696,Вверх,2.4271341846055785,True,-0.0644845501896611,-0.0748975967587292,0.010413046569068107,Ниже,67.46972000035616,Зелёный,1.6177397923130314,Выше
2022-04-29 17:30:00+05:00,68.3,66.668655628506,Вверх,2.4469435540807116,True,-0.050192145398384,-0.0699565064866602,0.0197643610882762,False,67.46972000035616,Зелёный,1.631344371493995,Выше
2022-04-29 18:00:00+05:00,68.06,66.68249985110793,Вверх,2.0657596100443447,True,-0.0575677012411119,-0.0674787454375505,0.009911044196438602,False,67.46972000035616,Зелёный,1.377500148892068,Выше
2022-04-29 18:30:00+05:00,67.9,66.69461428045014,Вверх,1.8073209247169981,True,-0.0754537612177159,-0.0690737485935836,-0.006380012624132292,Ниже,67.46972000035616,Зелёный,1.2053857195498665,Выше
2022-04-29 19:00:00+05:00,68.02,66.7078021980576,Вверх,1.9670829478783185,True,-0.0790345345758254,-0.071065905790032,-0.007968628785793408,False,67.46972000035616,Зелёный,1.3121978019423892,Выше
2022-04-29 19:30:00+05:00,67.99,66.72056038514161,Вверх,1.9026213322109384,True,-0.0833324677244746,-0.0735192181769205,-0.009813249547554095,False,67.46972000035616,Зелёный,1.2694396148583849,Выше
2022-04-29 20:00:00+05:00,67.6,66.72931102807553,Вверх,1.304807375514688,True,-0.1168612476247119,-0.0821876240664788,-0.0346736235582331,False,67.46972000035616,Зелёный,0.8706889719244657,Выше
2022-04-29 20:30:00+05:00,67.5,66.73697957505986,Вверх,1.1433247800523536,True,-0.1497756905935574,-0.0957052373718945,-0.05407045322166289,False,67.46972000035616,Зелёный,0.7630204249401373,Выше
2022-05-04 12:00:00+05:00,67.78,66.74735788774584,Вверх,1.5470906189138447,True,-0.151520331773213,-0.1068682562521582,-0.044652075521054796,False,67.46972000035616,Зелёный,1.032642112254166,Выше
2022-05-04 12:30:00+05:00,67.19,66.75176228687273,Вверх,0.6565185668715262,True,-0.1982260155262452,-0.1251398081069756,-0.0730862074192696,False,68.36006830337892,Красный,0.4382377131272648,Выше
2022-05-04 13:00:00+05:00,66.885,66.75308803526205,Вверх,0.1976117789011803,True,-0.2568902860959809,-0.1514899037047767,-0.10540038239120422,False,68.00756147304104,Красный,0.1319119647379523,Выше
2022-05-04 13:30:00+05:00,65.88,66.74440059212513,Вниз,1.2950908008111215,True,-0.3800957369857087,-0.1972110703609631,-0.1828846666247456,False,67.32280532573692,Красный,-0.8644005921251363,Ниже
2022-05-04 14:00:00+05:00,65.9,66.73599859618359,Вниз,1.252695117731248,True,-0.4706972072043101,-0.2519082977296325,-0.21878890947467755,False,66.44952479316323,Красный,-0.8359985961835861,Ниже
2022-05-04 14:30:00+05:00,65.9,66.72768020219172,Вниз,1.2403850990829577,True,-0.5363171943305218,-0.3087900770498104,-0.22752711728071146,False,66.44952479316323,Красный,-0.8276802021917149,Ниже
2022-05-04 15:00:00+05:00,65.465,66.71511622008036,Вниз,1.8738125494025437,True,-0.616317842998285,-0.3702956302395053,-0.24602221275877967,False,66.44952479316323,Красный,-1.2501162200803577,Ниже
2022-05-04 15:30:00+05:00,65.275,66.7007867054527,Вниз,2.1375860403999374,True,-0.687129543886158,-0.4336624129688359,-0.2534671309173221,False,66.157231074216,Красный,-1.425786705452694,Ниже
2022-05-04 16:00:00+05:00,65.33,66.68714703674173,Вниз,2.0350953625201673,True,-0.7303907962184155,-0.4930080896187518,-0.2373827065996637,False,66.0877579667944,Красный,-1.3571470367417362,Ниже
2022-05-04 16:30:00+05:00,65.495,66.67528487717217,Вниз,1.7701984766116354,True,-0.7427990047839188,-0.5429662726517853,-0.19983273213213348,False,66.0877579667944,Красный,-1.18028487717217,Ниже
2022-05-04 17:00:00+05:00,65.63,66.6648840326232,Вниз,1.5523675584836818,True,-0.7332863590186207,-0.5810302899251524,-0.15225606909346834,False,66.0877579667944,Красный,-1.0348840326232107,Ниже
2022-05-04 17:30:00+05:00,65.865,66.65692498752249,Вниз,1.1880610869324268,True,-0.6987304529743739,-0.6045703225349967,-0.09416013043937721,False,66.0877579667944,Красный,-0.7919249875224921,Ниже
2022-05-04 18:00:00+05:00,65.7,66.6474033458556,Вниз,1.4215157654968178,True,-0.6768563903701903,-0.6190275361020354,-0.05782885426815487,False,66.0877579667944,Красный,-0.9474033458555908,Ниже
2022-05-04 18:30:00+05:00,65.795,66.6389217205237,Вниз,1.2664096277893129,True,-0.6444267813171081,-0.62410738514505,-0.020319396172058024,False,66.0877579667944,Красный,-0.8439217205236957,Ниже
2022-05-04 19:00:00+05:00,65.72,66.629778220817,Вниз,1.3654228561318593,True,-0.6176579789955667,-0.6228175039151534,0.005159524919586711,Ниже,66.0877579667944,Красный,-0.9097782208170031,Ниже
2022-05-04 19:30:00+05:00,65.705,66.62057644747554,Вниз,1.3743148082745813,True,-0.5908430144530854,-0.6164226060227398,0.025579591569654392,False,66.0877579667944,Красный,-0.9155764474755443,Ниже
2022-05-04 20:00:00+05:00,65.71,66.6115159853116,Вниз,1.3533935866440818,True,-0.5627020249744703,-0.6056784898130859,0.04297646483861561,False,66.0877579667944,Красный,-0.9015159853116046,Ниже
2022-05-04 20:30:00+05:00,65.265,66.59811781630353,Вниз,2.001734973923203,True,-0.5697402580043445,-0.5984908434513376,0.02875058544699316,False,66.0877579667944,Красный,-1.3331178163035275,Ниже
2022-05-05 12:00:00+05:00,66.265,66.59480321116618,Вниз,0.49523866017052887,True,-0.4889896968966383,-0.5765906141403978,0.08760091724375951,False,65.14667617280227,Зелёный,-0.3298032111661797,Ниже
2022-05-05 12:30:00+05:00,66.03,66.58918327871677,Вниз,0.8397509192690448,True,-0.4388974943547339,-0.5490519901832651,0.11015449582853121,False,65.30800855552205,Зелёный,-0.5591832787167732,Ниже
2022-05-05 13:00:00+05:00,66.515,66.58844513663999,Вниз,0.11029711910118874,True,-0.3559603271853859,-0.5104336575836893,0.1544733303983034,False,65.55495769996985,Зелёный,-0.07344513663998953,Ниже
2022-05-05 13:30:00+05:00,66.48,66.58736608055402,Вниз,0.1612409183209465,True,-0.2897165600050186,-0.4662902380679551,0.1765736780629365,False,65.75046192997287,Зелёный,-0.10736608055401575,Ниже
2022-05-05 14:00:00+05:00,66.52,66.58669577129479,Вниз,0.10016380978546968,True,-0.2313236762026633,-0.4192969256948968,0.18797324949223349,False,65.75046192997287,Зелёный,-0.0666957712947891,Ниже
2022-05-05 14:30:00+05:00,66.37,66.58453959446598,Вниз,0.32220631962409235,True,-0.194903910531849,-0.3744183226622873,0.1795144121304383,False,65.75046192997287,Зелёный,-0.21453959446597537,Ниже
2022-05-05 15:00:00+05:00,66.585,66.58454417561558,Вверх,0.000684579867686772,True,-0.1469977817523613,-0.3289342144803021,0.18193643272794077,False,65.81125674695022,Зелёный,0.00045582438441726936,Выше
2022-05-05 15:30:00+05:00,66.375,66.5824591589428,Вниз,0.3115823019506671,True,-0.1245414383296577,-0.2880556592501733,0.1635142209205156,False,65.8338810722552,Зелёный,-0.20745915894279676,Ниже
2022-05-05 16:00:00+05:00,66.39,66.58054414243591,Вниз,0.2861859194606154,True,-0.1043315802254909,-0.2513108434452368,0.14697926321974591,False,65.8338810722552,Зелёный,-0.1905441424359111,Ниже
2022-05-05 16:30:00+05:00,66.36,66.57834967335695,Вниз,0.32795897529483575,True,-0.0897018443293404,-0.2189890436220575,0.1292871992927171,False,65.8338810722552,Зелёный,-0.2183496733569541,Ниже
2022-05-05 17:00:00+05:00,66.355,66.57612728854744,Вниз,0.3321420117890735,True,-0.0776164176946991,-0.1907145184365859,0.11309810074188681,False,65.87169680167403,Зелёный,-0.2211272885474358,Ниже
2022-05-05 17:30:00+05:00,66.44,66.5747727881639,Вниз,0.20243822475029316,True,-0.0604826342323008,-0.1646681415957289,0.1041855073634281,False,65.93277712150663,Зелёный,-0.13477278816390026,Ниже
2022-05-05 18:00:00+05:00,66.455,66.57358101912745,Вниз,0.17812023525274562,True,-0.0451728878246342,-0.1407690908415099,0.0955962030168757,False,66.01999940935596,Зелёный,-0.11858101912744701,Ниже
2022-05-05 18:30:00+05:00,66.55,66.5733463821212,Вниз,0.03506866244517634,True,-0.0250849339402918,-0.1176322594612663,0.0925473255209745,False,66.10224946842038,Зелёный,-0.0233463821212041,Ниже
2022-05-05 19:00:00+05:00,66.55,66.57311407981155,Вниз,0.034719841682392324,True,-0.0090606403392712,-0.0959179356368673,0.0868572952975961,False,66.10552452157833,Зелёный,-0.023114079811549004,Ниже
2022-05-05 19:30:00+05:00,66.625,66.57363035762437,Вверх,0.07716214678346707,True,0.0095801667878987,-0.0748183151519141,0.08439848193981281,False,66.1402220694205,Зелёный,0.05136964237563291,Выше
2022-05-05 20:00:00+05:00,66.4,66.57190269237437,Вниз,0.2582210894117209,True,0.0061268941178695,-0.0586292732979573,0.06475616741582679,False,66.1402220694205,Зелёный,-0.17190269237435984,Ниже
2022-05-05 20:30:00+05:00,66.35,66.56969470538557,Вниз,0.3300221014350009,True,-0.0006370875366314,-0.0470308361456922,0.0463937486090608,False,66.1402220694205,Зелёный,-0.219694705385578,Ниже
2022-05-06 12:00:00+05:00,65.915,66.56318033020762,Вниз,0.9737820924302387,True,-0.0406300978068259,-0.0457506884779189,0.005120590671092995,False,66.28488811139245,Красный,-0.6481803302076088,Ниже
2022-05-06 12:30:00+05:00,65.82,66.55578550105133,Вниз,1.1055169667251787,True,-0.0790789793825439,-0.0524163466588439,-0.026662632723700008,Ниже,66.25114930025322,Красный,-0.735785501051339,Ниже
2022-05-06 13:00:00+05:00,65.64,66.54667320750853,Вниз,1.3624621093849538,True,-0.1226605364076078,-0.0664651846085967,-0.0561953517990111,False,66.22728437022789,Красный,-0.9066732075085326,Ниже
2022-05-06 13:30:00+05:00,65.79,66.53914412086667,Вниз,1.1258697880241122,True,-0.1434419781063383,-0.081860543308145,-0.061581434798193294,False,66.2220559332051,Красный,-0.74914412086666,Ниже
2022-05-06 14:00:00+05:00,65.64,66.53019741319635,Вниз,1.3380351296233721,True,-0.1700548799716585,-0.0994994106408477,-0.07055546933081079,False,66.2220559332051,Красный,-0.890197413196347,Ниже
2022-05-06 14:30:00+05:00,65.7,66.52193674241828,Вниз,1.2355875109302983,True,-0.1841811719747283,-0.1164357629076238,-0.06774540906710451,False,66.12106530589612,Красный,-0.8219367424182735,Ниже
2022-05-06 15:00:00+05:00,65.62,66.51296224746885,Вниз,1.3425386831313864,True,-0.1995316153164594,-0.133054933389391,-0.0664766819270684,False,66.08970877530652,Красный,-0.8929622474688443,Ниже
2022-05-06 15:30:00+05:00,65.31,66.5009924738622,Вниз,1.7909393973786294,True,-0.2340137961076607,-0.1532467059330449,-0.08076709017461581,False,65.90123789777586,Красный,-1.1909924738621953,Ниже
2022-05-06 16:00:00+05:00,65.355,66.48958956367453,Вниз,1.706416855811647,True,-0.2547731822419763,-0.1735520011948312,-0.08122118104714512,False,65.77811410799828,Красный,-1.134589563674524,Ниже
2022-05-06 16:30:00+05:00,65.6,66.48073792622503,Вниз,1.3248016699249185,True,-0.2485901009256395,-0.1885596211409929,-0.060030479784646595,False,65.77811410799828,Красный,-0.8807379262250379,Ниже
2022-05-06 17:00:00+05:00,65.5,66.47097933989444,Вниз,1.46075678369264,True,-0.2488900788011534,-0.200625712673025,-0.0482643661281284,False,65.77811410799828,Красный,-0.9709793398944413,Ниже
2022-05-06 17:30:00+05:00,65.74,66.46370591362684,Вниз,1.0888738502895685,True,-0.2271434508825365,-0.2059292603149273,-0.021214190567609204,False,65.77811410799828,Красный,-0.7237059136268442,Ниже
2022-05-06 18:00:00+05:00,65.695,66.45605709856588,Вниз,1.1452035100985685,True,-0.2111067087709983,-0.2069647500061415,-0.00414195876485679,False,65.77811410799828,Красный,-0.7610570985658853,Ниже
2022-05-06 18:30:00+05:00,65.58,66.44734011251049,Вниз,1.3053044877972328,True,-0.2053103243956258,-0.2066338648840384,0.0013235404884126,Ниже,65.77811410799828,Красный,-0.8673401125104903,Ниже
2022-05-06 19:00:00+05:00,65.385,66.4367695641273,Вниз,1.5831136447898626,True,-0.2139848343648225,-0.2081040587801952,-0.005880775584627296,Ниже,65.77811410799828,Красный,-1.051769564127298,Ниже
2022-05-06 19:30:00+05:00,65.44,66.42685145901162,Вниз,1.4856213072518574,True,-0.2139550648607411,-0.2092742599963044,-0.0046808048644366995,False,65.77811410799828,Красный,-0.9868514590116177,Ниже
2022-05-06 20:00:00+05:00,65.545,66.41807681762842,Вниз,1.3145168596581336,True,-0.2031174384417653,-0.2080428956853965,0.004925457243631193,Ниже,65.77811410799828,Красный,-0.8730768176284158,Ниже
2022-05-06 20:30:00+05:00,65.3,66.40695167516446,Вниз,1.6669213798266482,True,-0.2118558514930839,-0.208805486846934,-0.0030503646461498835,Ниже,65.77811410799828,Красный,-1.106951675164467,Ниже
2022-05-11 12:00:00+05:00,65.605,66.39897205650611,Вниз,1.1957595606004705,True,-0.1919573904763893,-0.2054358675728251,0.013478477096435793,Ниже,65.77811410799828,Красный,-0.7939720565061066,Ниже
2022-05-11 12:30:00+05:00,65.745,66.39246487186426,Вниз,0.9752083660605896,True,-0.1630117883638746,-0.196951051731035,0.03393926336716041,False,65.77811410799828,Красный,-0.6474648718642584,Ниже
2022-05-11 13:00:00+05:00,65.455,66.38313686318901,Вниз,1.3981515593362743,True,-0.1616098290066077,-0.1898828071861496,0.028272978179541913,False,65.77811410799828,Красный,-0.9281368631890103,Ниже
2022-05-11 13:30:00+05:00,65.345,66.37280714315727,Вниз,1.5485364976961618,True,-0.1674446491226291,-0.1853951755734455,0.017950526450816406,False,65.77811410799828,Красный,-1.0278071431572755,Ниже
2022-05-11 14:00:00+05:00,65.36,66.3627294601408,Вниз,1.510982848803807,True,-0.1689113070582948,-0.1820984018704154,0.013187094812120603,False,65.77811410799828,Красный,-1.0027294601407988,Ниже
2022-05-11 14:30:00+05:00,65.32,66.35235404262696,Вниз,1.5558664911326954,True,-0.171326366044255,-0.1799439947051833,0.0086176286609283,False,65.77811410799828,Красный,-1.032354042626963,Ниже
2022-05-11 15:00:00+05:00,65.31,66.34198236061077,Вниз,1.5555494784603963,True,-0.1720637898532686,-0.1783679537348004,0.006304163881531821,False,65.77811410799828,Красный,-1.031982360610769,Ниже
2022-05-11 15:30:00+05:00,65.335,66.33196263562958,Вниз,1.5029898046376773,True,-0.1686864006454698,-0.1764316431169343,0.007745242471464492,False,65.77811410799828,Красный,-0.9969626356295862,Ниже
2022-05-11 16:00:00+05:00,65.32,66.32189335567307,Вниз,1.510652523594421,True,-0.1653145270422698,-0.1742082199020014,0.0088936928597316,False,65.72663979538864,Красный,-1.0018933556730758,Ниже
2022-05-11 16:30:00+05:00,65.3,66.3117252625818,Вниз,1.525710963748215,True,-0.1623842610905654,-0.1718434281397142,0.009459167049148814,False,65.69422581584978,Красный,-1.0117252625818054,Ниже
2022-05-11 17:00:00+05:00,65.31,66.30175784703373,Вниз,1.4958243630912946,True,-0.1574402149906149,-0.1689627855098944,0.011522570519279518,False,65.6725532342648,Красный,-0.9917578470337247,Ниже
2022-05-11 17:30:00+05:00,65.305,66.29183985850604,Вниз,1.4886294612011846,True,-0.1521713445135475,-0.165604497310625,0.013433152797077491,False,65.6725532342648,Красный,-0.9868398585060305,Ниже
2022-05-11 18:00:00+05:00,65.38,66.28276682508806,Вниз,1.3619932726561552,True,-0.1403262597293775,-0.1605488497943755,0.02022259006499799,False,65.6571431197545,Красный,-0.9027668250880652,Ниже
2022-05-11 18:30:00+05:00,65.3,66.27298805070907,Вниз,1.4681517754482276,True,-0.1358285293744927,-0.1556047857103989,0.01977625633590621,False,65.64392880777903,Красный,-0.9729880507090769,Ниже
2022-05-11 19:00:00+05:00,65.305,66.26335632881147,Вниз,1.4462840126236802,True,-0.1303579026933192,-0.150555409106983,0.0201975064136638,False,65.60153592700112,Красный,-0.9583563288114618,Ниже
2022-05-11 19:30:00+05:00,65.39,66.25466621608699,Вниз,1.305064632379119,True,-0.117805612242904,-0.1440054497341672,0.0261998374912632,False,65.60153592700112,Красный,-0.864666216086988,Ниже
2022-05-11 20:00:00+05:00,65.395,66.24611232338961,Вниз,1.2847732395748614,True,-0.1062298221493449,-0.1364503242172028,0.030220502067857896,False,65.60153592700112,Красный,-0.8511123233896143,Ниже
2022-05-11 20:30:00+05:00,65.26,66.23630026047032,Вниз,1.4739655696816816,True,-0.1067191054418685,-0.130504080462136,0.023784975020267496,False,65.60153592700112,Красный,-0.9763002604703104,Ниже
2022-05-12 12:00:00+05:00,64.025,66.21429727280395,Вниз,3.3063814961049904,True,-0.2044047934295605,-0.1452842230556209,-0.05912057037393961,Ниже,64.98128272170545,Красный,-2.189297272803941,Ниже
2022-05-12 12:30:00+05:00,64.21,66.19435401635815,Вниз,2.9977692899122093,True,-0.2638519302469149,-0.1689977644938797,-0.09485416575303518,False,64.5871544495349,Красный,-1.9843540163581537,Ниже
2022-05-12 13:00:00+05:00,64.125,66.1737634291307,Вниз,3.0960358349949986,True,-0.3142010895169704,-0.1980384294984978,-0.11616266001847261,False,64.5871544495349,Красный,-2.0487634291307018,Ниже
2022-05-12 13:30:00+05:00,64.16,66.15372598207468,Вниз,3.013777308045972,True,-0.3472757745346086,-0.22788589850572,-0.11938987602888862,False,64.5871544495349,Красный,-1.9937259820746789,Ниже
2022-05-12 14:00:00+05:00,63.85,66.13080333548687,Вниз,3.448927308377269,True,-0.39396077533722,-0.2611008738720201,-0.13285990146519994,False,64.5871544495349,Красный,-2.2808033354868726,Ниже
2022-05-12 14:30:00+05:00,64.18,66.11139235702433,Вниз,2.921421389212523,True,-0.399722975107494,-0.2888252941191149,-0.1108976809883791,False,64.5871544495349,Красный,-1.9313923570243219,Ниже
2022-05-12 15:00:00+05:00,64.185,66.09222427386986,Вниз,2.8857014494879025,True,-0.3992834111086125,-0.3109169175170144,-0.0883664935915981,False,64.5871544495349,Красный,-1.9072242738698577,Ниже
2022-05-12 15:30:00+05:00,64.2,66.0733961716423,Вниз,2.83532598623458,True,-0.3931922038603943,-0.3273719747856904,-0.06582022907470386,False,64.5871544495349,Красный,-1.8733961716422982,Ниже
2022-05-12 16:00:00+05:00,64.265,66.05540217988467,Вниз,2.710455346269745,True,-0.3787538824680894,-0.3376483563221703,-0.04110552614591911,False,64.5871544495349,Красный,-1.7904021798846657,Ниже
2022-05-12 16:30:00+05:00,64.16,66.03654245670174,Вниз,2.8416727873542698,True,-0.3715015921183493,-0.3444190034814061,-0.02708258863694324,False,64.5871544495349,Красный,-1.876542456701742,Ниже
2022-05-12 17:00:00+05:00,63.97,66.01597984519226,Вниз,3.0992190830009565,True,-0.3767426570338728,-0.3508837341918994,-0.025858922841973386,False,64.54449520758985,Красный,-2.0459798451922637,Ниже
2022-05-12 17:30:00+05:00,63.895,65.99487556812568,Вниз,3.1818766988324727,True,-0.3825384468447907,-0.3572146767224777,-0.025323770122313016,False,64.37904568683086,Красный,-2.0998755681256753,Ниже
2022-05-12 18:00:00+05:00,63.815,65.97318526396523,Вниз,3.27130675187218,True,-0.3891016616898781,-0.3635920737159578,-0.025509587973920278,False,64.35564111814777,Красный,-2.158185263965237,Ниже
2022-05-12 18:30:00+05:00,63.06,65.94419834591584,Вниз,4.3736953640508744,True,-0.4500374948398615,-0.3808811579407386,-0.06915633689912287,False,63.893077006332994,Красный,-2.8841983459158342,Ниже
2022-05-12 19:00:00+05:00,63.395,65.91883318824505,Вниз,3.8286982129032956,True,-0.4659269653153046,-0.3978903194156519,-0.06803664589965269,False,63.7795193056997,Красный,-2.5238331882450424,Ниже
2022-05-12 19:30:00+05:00,63.455,65.89431743512819,Вниз,3.7018631197290333,True,-0.4682799468522987,-0.4119682449029812,-0.056311701949317505,False,63.7795193056997,Красный,-2.4393174351281885,Ниже
2022-05-12 20:00:00+05:00,63.5,65.87049338104731,Вниз,3.5987181200154246,True,-0.4611971837049111,-0.4218140326633672,-0.039383151041543885,False,63.7795193056997,Красный,-2.3704933810473108,Ниже
2022-05-12 20:30:00+05:00,63.21,65.84402081009162,Вниз,4.000394838718469,True,-0.4735261050714356,-0.4321564471449809,-0.041369657926454695,False,63.7795193056997,Красный,-2.63402081009162,Ниже
2022-05-13 12:00:00+05:00,63.08,65.81651811546385,Вниз,4.1577983670650855,True,-0.488159577879145,-0.4433570732918138,-0.044802504587331204,False,63.7795193056997,Красный,-2.736518115463852,Ниже
2022-05-13 12:30:00+05:00,63.205,65.79053286058361,Вниз,3.9299466779857246,True,-0.4840899673680496,-0.4515036521070609,-0.03258631526098871,False,63.7795193056997,Красный,-2.585532860583612,Ниже
2022-05-13 13:00:00+05:00,63.115,65.76391064306536,Вниз,4.027909254731458,True,-0.482564318479092,-0.4577157853814672,-0.024848533097624803,False,63.7795193056997,Красный,-2.6489106430653564,Ниже
2022-05-13 13:30:00+05:00,62.94,65.73581202970153,Вниз,4.253103359304818,True,-0.4898298150079228,-0.4641385913067583,-0.0256912237011645,False,63.62217117290632,Красный,-2.795812029701537,Ниже
2022-05-13 14:00:00+05:00,62.96,65.7081920095055,Вниз,4.182419155754483,True,-0.4883446078438069,-0.468979794614168,-0.0193648132296389,False,63.49870405561569,Красный,-2.7481920095054946,Ниже
2022-05-13 14:30:00+05:00,63.0,65.68124482533132,Вниз,4.082207687235005,True,-0.4784249200902266,-0.4708688197093797,-0.007556100380846864,False,63.49870405561569,Красный,-2.6812448253313192,Ниже
2022-05-13 15:00:00+05:00,63.09,65.655461294731,Вниз,3.907460619634514,True,-0.4580214619346847,-0.4682993481544408,0.010277886219756116,Ниже,63.49870405561569,Красный,-2.5654612947309943,Ниже
2022-05-13 15:30:00+05:00,62.975,65.62879003806701,Вниз,4.043637002187174,True,-0.4459900179446308,-0.4638374821124788,0.01784746416784805,False,63.49870405561569,Красный,-2.653790038067008,Ниже
2022-05-13 16:00:00+05:00,62.79,65.60054337102156,Вниз,4.284329407343127,True,-0.4462390003690046,-0.460317785763784,0.014078785394779414,False,63.37273398088945,Красный,-2.8105433710215593,Ниже
2022-05-13 16:30:00+05:00,62.85,65.57317478026512,Вниз,4.152879267155271,True,-0.4365624025491215,-0.4555667091208515,0.019004306571730023,False,63.3659605828005,Красный,-2.7231747802651185,Ниже
2022-05-13 17:00:00+05:00,62.845,65.54602876255105,Вниз,4.1208122193579,True,-0.4244048127751583,-0.4493343298517129,0.024929517076554608,False,63.33886452452045,Красный,-2.701028762551047,Ниже
2022-05-13 17:30:00+05:00,62.85,65.51920260570974,Вниз,4.073924131483745,True,-0.4096442531200495,-0.4413963145053803,0.03175206138533082,False,63.33886452452045,Красный,-2.669202605709735,Ниже
2022-05-13 18:00:00+05:00,62.92,65.49333989321511,Вниз,3.9291627170195604,True,-0.3878273559188159,-0.4306825227880674,0.042855166869251504,False,63.28470526486157,Красный,-2.573339893215106,Ниже
2022-05-13 18:30:00+05:00,63.0,65.46853054104382,Вниз,3.770560482484385,True,-0.3599328939415684,-0.4165325970187677,0.056599703077199304,False,63.28470526486157,Красный,-2.468530541043819,Ниже
2022-05-13 19:00:00+05:00,62.975,65.4437192918792,Вниз,3.772278407449166,True,-0.3359707611224536,-0.4004202298395049,0.06444946871705132,False,63.28470526486157,Красный,-2.4687192918792036,Ниже
2022-05-13 19:30:00+05:00,62.995,65.41935392579086,Вниз,3.7058665063261746,True,-0.3117728421203196,-0.3826907522956679,0.07091791017534832,False,63.28470526486157,Красный,-2.424353925790861,Ниже
2022-05-13 20:00:00+05:00,63.0,65.39528075239991,Вниз,3.662773100506965,True,-0.2888625313110111,-0.3639251080987365,0.07506257678772543,False,63.28470526486157,Красный,-2.3952807523999127,Ниже
2022-05-13 20:30:00+05:00,62.975,65.37119835685365,Вниз,3.665526129371361,True,-0.2696152788956212,-0.3450631422581135,0.07544786336249232,False,63.28470526486157,Красный,-2.3961983568536525,Ниже
2022-05-16 12:00:00+05:00,63.47,65.35228096026805,Вниз,2.8802069837660453,True,-0.211975804451697,-0.3184456746968302,0.10646987024513321,False,63.3944929518367,Зелёный,-1.882280960268048,Ниже
2022-05-16 12:30:00+05:00,64.245,65.34126323927036,Вниз,1.677750298851734,True,-0.1025776315460404,-0.2752720660666723,0.17269443452063193,False,63.3944929518367,Зелёный,-1.0962632392703568,Ниже
2022-05-16 13:00:00+05:00,64.15,65.32940987370549,Вниз,1.8053276097021398,True,-0.023276184038238,-0.2248728896609854,0.2015967056227474,False,63.54558929098773,Зелёный,-1.179409873705481,Ниже
2022-05-16 13:30:00+05:00,64.15,65.31767445207659,Вниз,1.787685281008132,True,0.039119835337253,-0.1720743446613377,0.2111941799985907,False,63.54558929098773,Зелёный,-1.1676744520765823,Ниже
2022-05-16 14:00:00+05:00,64.3,65.30754833812557,Вниз,1.5427747079235892,True,0.0995256073797321,-0.1177543542531237,0.2172799616328558,False,63.63580232570006,Зелёный,-1.0075483381255737,Ниже
2022-05-16 14:30:00+05:00,64.5,65.29951303127855,Вниз,1.2243782444374167,True,0.161672287955696,-0.0618690258113598,0.2235413137670558,False,63.71872209313005,Зелёный,-0.7995130312785506,Ниже
2022-05-16 15:00:00+05:00,64.13,65.2878760856937,Вниз,1.7734932656928968,True,0.179004618458741,-0.0136942969573396,0.19269891541608059,False,63.76234988381704,Зелёный,-1.157876085693701,Ниже
2022-05-16 15:30:00+05:00,63.94,65.27446438334849,Вниз,2.044389633764519,True,0.1753874458504896,0.0241220516042261,0.1512653942462635,False,63.76234988381704,Зелёный,-1.3344643833484895,Ниже
2022-05-16 16:00:00+05:00,63.825,65.2600418521709,Вниз,2.1989594420144556,True,0.1613809722018544,0.0515738357237518,0.10980713647810261,False,63.76234988381704,Зелёный,-1.4350418521708974,Ниже
2022-05-16 16:30:00+05:00,64.0,65.24750412229855,Вниз,1.9119568465948606,True,0.162528253848059,0.0737647193486132,0.0887635344994458,False,63.76234988381704,Зелёный,-1.247504122298551,Ниже
2022-05-16 17:00:00+05:00,63.715,65.23225532506176,Вниз,2.3259280512394542,True,0.1388399046666109,0.0867797564122128,0.052060148254398086,False,64.48779924122763,Красный,-1.517255325061754,Ниже
2022-05-16 17:30:00+05:00,63.71,65.21710850590691,Вниз,2.3109097297228423,True,0.1182995751977671,0.0930837201693236,0.025215855028443493,False,64.33276931710488,Красный,-1.5071085059069063,Ниже
2022-05-16 18:00:00+05:00,63.305,65.19808255062425,Вниз,2.9035862353073516,True,0.0685508888595265,0.0881771539073642,-0.01962626504783771,Выше,64.20524238539438,Красный,-1.89308255062425,Ниже
2022-05-16 18:30:00+05:00,63.38,65.17999217698619,Вниз,2.761571637042525,True,0.0347756971260366,0.0774968625510987,-0.042721165425062095,False,63.94196814685495,Красный,-1.799992176986187,Ниже
2022-05-16 19:00:00+05:00,63.1,65.1592957374142,Вниз,3.1604020794100713,True,-0.0144188342563325,0.0591137231896124,-0.0735325574459449,False,63.72702133216946,Красный,-2.059295737414196,Ниже
2022-05-16 19:30:00+05:00,62.96,65.13741219773843,Вниз,3.342798131323409,True,-0.0639653322424607,0.0344979121031978,-0.09846324434565851,False,63.70681919895251,Красный,-2.177412197738427,Ниже
2022-05-16 20:00:00+05:00,63.1,65.11713943955198,Вниз,3.0977089241220113,True,-0.0908867727473392,0.0094209751330904,-0.10030774788042959,False,63.70613727905726,Красный,-2.0171394395519755,Ниже
2022-05-16 20:30:00+05:00,63.05,65.09657088791464,Вниз,3.1438996862653363,True,-0.1149319267298238,-0.0154496052394924,-0.0994823214903314,False,63.70613727905726,Красный,-2.0465708879146405,Ниже
2022-05-17 12:00:00+05:00,63.375,65.07944082932842,Вниз,2.6190157868724393,True,-0.1065350311123438,-0.0336666904140627,-0.0728683406982811,False,63.70613727905726,Красный,-1.7044408293284192,Ниже
2022-05-17 12:30:00+05:00,63.33,65.06203345789233,Вниз,2.662126229136824,True,-0.1023319359007857,-0.0473997395114073,-0.05493219638937839,False,63.70613727905726,Красный,-1.732033457892328,Ниже
2022-05-17 13:00:00+05:00,63.255,65.04405302547548,Вниз,2.750525132212726,True,-0.10385564266209,-0.0586909201415438,-0.04516472252054621,False,63.70613727905726,Красный,-1.789053025475475,Ниже
2022-05-17 13:30:00+05:00,63.765,65.03132612969961,Вниз,1.9472555844456012,True,-0.0631821292396139,-0.0595891619611578,-0.003592967278456101,False,62.83057197308949,Зелёный,-1.266326129699607,Ниже
2022-05-17 14:00:00+05:00,63.93,65.02036766074737,Вниз,1.6769632347151748,True,-0.0174329990169965,-0.0511579293723256,0.0337249303553291,Ниже,62.92251477578053,Зелёный,-1.0903676607473685,Ниже
2022-05-17 14:30:00+05:00,63.94,65.00961773377476,Вниз,1.6453222939335315,True,0.0194067240806887,-0.0370449986817227,0.0564517227624114,False,63.19976329820248,Зелёный,-1.0696177337747628,Ниже
2022-05-17 15:00:00+05:00,63.97,64.99927327871232,Вниз,1.5835150560820466,True,0.0504417581420639,-0.0195476473169654,0.06998940545902929,False,63.19976329820248,Зелёный,-1.0292732787123242,Ниже
2022-05-17 15:30:00+05:00,64.175,64.99107155454604,Вниз,1.2556671786233364,True,0.0905353972711466,0.002468961600657,0.08806643567048959,False,63.355983271544005,Зелёный,-0.816071554546042,Ниже
2022-05-17 16:00:00+05:00,63.835,64.97956835499832,Вниз,1.7614280672738236,True,0.093793543058652,0.020733877892256,0.073059665166396,False,63.355983271544005,Зелёный,-1.14456835499832,Ниже
2022-05-17 16:30:00+05:00,64.25,64.97230896838143,Вниз,1.1117181763279123,True,0.1283827622020439,0.0422636547542136,0.0861191074478303,False,63.37107144995064,Зелёный,-0.7223089683814266,Ниже
2022-05-17 17:00:00+05:00,64.25,64.9651218144672,Вниз,1.1007780705922483,True,0.1540195263491171,0.0646148290731943,0.08940469727592279,False,63.46021430495558,Зелёный,-0.7151218144671958,Ниже
2022-05-17 17:30:00+05:00,64.3,64.95850368696006,Вниз,1.0137297652874504,True,0.1763387059361463,0.0869596044457847,0.08937910149036161,False,63.50319287446001,Зелёный,-0.65850368696006,Ниже
2022-05-17 18:00:00+05:00,64.16,64.95055837664205,Вниз,1.2171694846065546,True,0.1806475935791383,0.1056972022724554,0.07495039130668289,False,63.58662358701403,Зелёный,-0.7905583766420534,Ниже
2022-05-17 18:30:00+05:00,64.28,64.9438861539889,Вниз,1.0222458083502315,True,0.1915374902386872,0.1228652598657018,0.06867223037298541,False,63.59021122831262,Зелёный,-0.6638861539888978,Ниже
2022-05-17 19:00:00+05:00,64.285,64.93733007285469,Вниз,1.004553270241988,True,0.198285557533353,0.137949319399232,0.060336238134121006,False,63.59021122831262,Зелёный,-0.6523300728546957,Ниже
2022-05-17 19:30:00+05:00,64.3,64.93098848008997,Вниз,0.9717832653717423,True,0.2025094215672425,0.1508613398328341,0.05164808173440841,False,63.65469609493322,Зелёный,-0.6309884800899681,Ниже
2022-05-17 20:00:00+05:00,64.29,64.9246104852632,Вниз,0.9774575165256344,True,0.2027131962767967,0.1612317111216267,0.04148148515517,False,63.68722648543991,Зелёный,-0.6346104852631953,Ниже
2022-05-17 20:30:00+05:00,64.3,64.9183954555591,Вниз,0.9525735366987438,True,0.20136044772984,0.1692574584432694,0.0321029892865706,False,63.72875383689592,Зелёный,-0.6183954555590958,Ниже
2022-05-18 12:00:00+05:00,64.805,64.91726714256846,Вниз,0.17293879966003442,True,0.2382907963300482,0.1830641260206251,0.055226670309423104,False,64.21787845320631,Зелёный,-0.11226714256845582,Ниже
2022-05-18 12:30:00+05:00,65.02,64.91828936005534,Вверх,0.15667486150249574,True,0.2816602626540714,0.2027833533473144,0.078876909306757,False,64.38109060788568,Зелёный,0.10171063994465612,Выше
2022-05-18 13:00:00+05:00,65.45,64.92358001318911,Вверх,0.8108301894380314,True,0.3467313800001932,0.2315729586778901,0.11515842132230311,False,64.63498154709713,Зелёный,0.5264199868108932,Выше
2022-05-18 13:30:00+05:00,65.4,64.92832051057032,Вверх,0.7264618670567651,True,0.3897730658981544,0.263212980121943,0.12656008577621142,False,64.78048339238741,Зелёный,0.4716794894296896,Выше
2022-05-18 14:00:00+05:00,64.805,64.92709344081341,Вниз,0.18804698369056044,True,0.3715889387139555,0.2848881718403455,0.08670076687361,False,64.78048339238741,Зелёный,-0.12209344081340134,Ниже
2022-05-18 14:30:00+05:00,65.08,64.92861489911377,Вверх,0.23315621490070734,True,0.3750448055785966,0.3029194985879958,0.07212530699060082,False,64.78048339238741,Зелёный,0.15138510088623036,Выше
2022-05-18 15:00:00+05:00,65.15,64.9308177359385,Вверх,0.3375627655774717,True,0.3790624242836173,0.3181480837271201,0.06091434055649719,False,64.78048339238741,Зелёный,0.21918226406150154,Выше
2022-05-18 15:30:00+05:00,65.29,64.93439168881474,Вверх,0.5476424771782679,True,0.389058422707393,0.3323301515231747,0.056728271184218304,False,64.78048339238741,Зелёный,0.35560831118526437,Выше
2022-05-18 16:00:00+05:00,65.1,64.93603953270714,Вверх,0.25249532997815294,True,0.3772996360285106,0.3413240484242418,0.03597558760426878,False,64.78048339238741,Зелёный,0.16396046729285274,Выше
2022-05-18 16:30:00+05:00,64.89,64.93558142790408,Вниз,0.0701948406432456,True,0.347035063718522,0.3424662514830979,0.004568812235424102,False,64.78048339238741,Зелёный,-0.04558142790408226,Ниже
2022-05-18 17:00:00+05:00,64.84,64.93463036891997,Вниз,0.14573174342000828,True,0.3153800846868364,0.3370490181238456,-0.021668933437009152,Выше,64.78048339238741,Зелёный,-0.09463036891996524,Ниже
2022-05-18 17:30:00+05:00,64.83,64.93358927072177,Вниз,0.15953110229265843,True,0.2861873793521852,0.3268766903695135,-0.04068931101732831,False,64.78048339238741,Зелёный,-0.10358927072176982,Ниже
2022-05-18 18:00:00+05:00,64.81,64.93235952673449,Вниз,0.1884415222645743,True,0.2584587654364156,0.3131931053828939,-0.054734339946478305,False,64.78048339238741,Зелёный,-0.1223595267344848,Ниже
2022-05-18 18:30:00+05:00,64.475,64.92780868567246,Вниз,0.6974033081334936,True,0.2070650221640875,0.2919674887391327,-0.08490246657504519,False,65.27704007739214,Красный,-0.45280868567246557,Ниже
2022-05-18 19:00:00+05:00,64.5,64.92355188282994,Вниз,0.6523855681746141,True,0.166433855530073,0.2668607620973208,-0.10042690656724779,False,65.13233606965292,Красный,-0.4235518828299405,Ниже
2022-05-18 19:30:00+05:00,64.35,64.91784489892119,Вниз,0.8747131082452659,True,0.1207378263378302,0.2376361749454227,-0.11689834860759249,False,64.91210246268764,Красный,-0.5678448989211944,Ниже
2022-05-18 20:00:00+05:00,63.91,64.90781659146923,Вниз,1.537282632305295,True,0.0484604493201175,0.1998010298203617,-0.15134058050024418,False,64.75714221641887,Красный,-0.9978165914692312,Ниже
2022-05-18 20:30:00+05:00,64.02,64.89898259553422,Вниз,1.354385786002613,True,5.554767581372744e-05,0.1598519333914521,-0.15979638571563837,False,64.528177994777,Красный,-0.8789825955342252,Ниже
2022-05-19 12:00:00+05:00,63.58,64.88585839060353,Вниз,2.012546990967512,True,-0.0729688686856917,0.1132877729760233,-0.18625664166171502,False,64.528177994777,Красный,-1.3058583906035324,Ниже
2022-05-19 12:30:00+05:00,63.48,64.87186974990101,Вниз,2.145567493687256,True,-0.1373273844255038,0.0631647414957179,-0.20049212592122168,False,64.27224917576936,Красный,-1.3918697499010122,Ниже
2022-05-19 13:00:00+05:00,63.48,64.85802029965323,Вниз,2.1246721581796484,True,-0.1861857385301846,0.0132946454905374,-0.19948038402072202,False,64.04477425819242,Красный,-1.3780202996532367,Ниже
2022-05-19 13:30:00+05:00,63.335,64.84286586881092,Вниз,2.3254152150856626,True,-0.2339102525605767,-0.0361463341196854,-0.1977639184408913,False,64.04477425819242,Красный,-1.5078658688109172,Ниже
2022-05-19 14:00:00+05:00,63.33,64.82781247708147,Вниз,2.3104473525325075,True,-0.2690344700765763,-0.0827239613110636,-0.18631050876551272,False,63.94579214913587,Красный,-1.4978124770814674,Ниже
2022-05-19 14:30:00+05:00,63.3,64.81261036288166,Вниз,2.3338210795903,True,-0.2958806864201477,-0.1253553063328804,-0.1705253800872673,False,63.89021293422228,Красный,-1.5126103628816594,Ниже
2022-05-19 15:00:00+05:00,63.49,64.79945006076343,Вниз,2.0207734163415587,True,-0.298385491972283,-0.1599613434607609,-0.13842414851152207,False,63.89021293422228,Красный,-1.3094500607634316,Ниже
2022-05-19 15:30:00+05:00,63.36,64.78512717458669,Вниз,2.1997752211648467,True,-0.3073179123681484,-0.1894326572422384,-0.11788525512591003,False,63.89021293422228,Красный,-1.4251271745866916,Ниже
2022-05-19 16:00:00+05:00,63.495,64.7722900882724,Вниз,1.97196993734774,True,-0.3000448182353636,-0.2115550894408635,-0.08848972879450012,False,63.89021293422228,Красный,-1.2772900882724016,Ниже
2022-05-19 16:30:00+05:00,63.2,64.75664541077715,Вниз,2.4038388661159478,True,-0.3144599744762288,-0.2321360664479366,-0.0823239080282922,False,63.87582245614323,Красный,-1.5566454107771506,Ниже
2022-05-19 17:00:00+05:00,63.295,64.74210167534655,Вниз,2.235178713541197,True,-0.3145919632748999,-0.2486272458133293,-0.06596471746157062,False,63.72549021052891,Красный,-1.4471016753465449,Ниже
2022-05-19 17:30:00+05:00,63.295,64.72770265370131,Вниз,2.2134304091810475,True,-0.3111102797037688,-0.2611238525914172,-0.04998642711235163,False,63.69244118947602,Красный,-1.4327026537013126,Ниже
2022-05-19 18:00:00+05:00,63.05,64.71100909495802,Вниз,2.566810683666864,True,-0.3243812081913049,-0.2737753237113947,-0.05060588447991021,False,63.57969707052842,Красный,-1.6610090949580183,Ниже
2022-05-19 18:30:00+05:00,62.98,64.6937851238639,Вниз,2.6490722726806957,True,-0.3366660529243717,-0.2863534695539901,-0.05031258337038158,False,63.57969707052842,Красный,-1.7137851238639072,Ниже
2022-05-19 19:00:00+05:00,63.195,64.67887183904935,Вниз,2.2942141643130425,True,-0.3253032839497081,-0.2941434324331337,-0.03115985151657441,False,63.55792962712802,Красный,-1.4838718390493497,Ниже
2022-05-19 19:30:00+05:00,63.185,64.6640074426409,Вниз,2.2872189663667544,True,-0.3134913904915066,-0.2980130240448083,-0.01547836644669831,False,63.55792962712802,Красный,-1.4790074426408921,Ниже
2022-05-19 20:00:00+05:00,63.22,64.64963920938078,Вниз,2.211364559592682,True,-0.2978724837593915,-0.297984915987725,0.0001124322283334589,Ниже,63.55792962712802,Красный,-1.429639209380781,Ниже
2022-05-19 20:30:00+05:00,63.125,64.63446866998396,Вниз,2.3353927108013073,True,-0.2898192379292794,-0.2963517803760359,0.006532542446756495,False,63.55792962712802,Красный,-1.50946866998396,Ниже
2022-05-20 12:00:00+05:00,63.24,64.62059335983487,Вниз,2.1364603573773135,True,-0.2710331423309995,-0.2912880527670287,0.020254910436029172,False,63.4103938783587,Красный,-1.3805933598348687,Ниже
2022-05-20 12:30:00+05:00,62.94,64.60387103784646,Вниз,2.5754974293595003,True,-0.2771576185165969,-0.2884619659169423,0.01130434740034536,False,63.4103938783587,Красный,-1.6638710378464623,Ниже
2022-05-20 13:00:00+05:00,62.43,64.58224048025595,Вниз,3.3325577809799425,True,-0.3194812665991478,-0.2946658260533834,-0.0248154405457644,Ниже,63.25801904147055,Красный,-2.152240480255948,Ниже
2022-05-20 13:30:00+05:00,62.215,64.55868584861162,Вниз,3.630318396052073,True,-0.3661510049361993,-0.3089628618299466,-0.0571881431062527,False,62.81721713732349,Красный,-2.3436858486116137,Ниже
2022-05-20 14:00:00+05:00,62.215,64.5353655914115,Вниз,3.595494610044172,True,-0.3985429537195131,-0.3268788802078599,-0.07166407351165321,False,62.651245423591135,Красный,-2.320365591411502,Ниже
2022-05-20 14:30:00+05:00,61.995,64.51008832184523,Вниз,3.8987519429477238,True,-0.4369293186783025,-0.3488889679019484,-0.08804035077635408,False,62.61737088123203,Красный,-2.5150883218452336,Ниже
2022-05-20 15:00:00+05:00,62.015,64.48526157237414,Вниз,3.8307382371422625,True,-0.4604294129488266,-0.3711970569113241,-0.08923235603750251,False,62.519883793108825,Красный,-2.4702615723741417,Ниже
2022-05-20 15:30:00+05:00,62.175,64.46227389503709,Вниз,3.548236444096622,True,-0.4608305761186244,-0.3891237607527842,-0.07170681536584017,False,62.519883793108825,Красный,-2.2872738950370888,Ниже
2022-05-20 16:00:00+05:00,61.54,64.43319654284767,Вниз,4.490226619323025,True,-0.5065485179055713,-0.4126087121833416,-0.09393980572222971,False,62.54513087241815,Красный,-2.8931965428476687,Ниже
2022-05-20 16:30:00+05:00,61.245,64.40147319416262,Вниз,4.901243772244524,True,-0.5601275490160873,-0.4421124795498907,-0.11801506946619661,False,62.022367785176336,Красный,-3.156473194162622,Ниже
2022-05-20 17:00:00+05:00,61.835,64.37593614745454,Вниз,3.947027879539439,True,-0.5486566753959252,-0.4634213187190976,-0.08523535667682763,False,62.022367785176336,Красный,-2.5409361474545378,Ниже
2022-05-20 17:30:00+05:00,61.625,64.3485636484749,Вниз,4.2325166158381595,True,-0.5501691627260499,-0.4807708875204881,-0.0693982752055618,False,62.022367785176336,Красный,-2.7235636484748937,Ниже
2022-05-20 18:00:00+05:00,61.37,64.31892619923634,Вниз,4.584849862234421,True,-0.5654263062157412,-0.4977019712595387,-0.0677243349562025,False,62.022367785176336,Красный,-2.9489261992363467,Ниже
2022-05-20 18:30:00+05:00,61.305,64.28893688382107,Вниз,4.641446924551653,True,-0.576121489220867,-0.5133858748518044,-0.06273561436906261,False,61.98059975385419,Красный,-2.983936883821066,Ниже
2022-05-20 19:00:00+05:00,61.08,64.25700716358405,Вниз,4.944219010225759,True,-0.5958841369972987,-0.5298855272809033,-0.06599860971639537,False,61.76928977846877,Красный,-3.177007163584051,Ниже
2022-05-20 19:30:00+05:00,60.86,64.22320609727973,Вниз,5.236745876849307,False,-0.6221268480814359,-0.5483337914410098,-0.07379305664042612,False,61.519110800621895,Красный,-3.363206097279729,Ниже
2022-05-20 20:00:00+05:00,60.915,64.19028862367496,Вниз,5.102467513235254,False,-0.631210147670636,-0.5649090626869351,-0.06630108498370091,False,61.47219972055971,Красный,-3.2752886236749603,Ниже
2022-05-20 20:30:00+05:00,60.985,64.15839520453392,Вниз,4.946188561009491,True,-0.625549369312651,-0.5770371240120783,-0.04851224530057274,False,61.46072974850374,Красный,-3.173395204533918,Ниже
2022-05-23 12:00:00+05:00,60.975,64.12671963035945,Вниз,4.914830586262094,True,-0.6147832396098138,-0.5845863471316255,-0.030196892478188353,False,61.46072974850374,Красный,-3.1517196303594446,Ниже
2022-05-23 12:30:00+05:00,60.49,64.09053336538075,Вниз,5.617886412107187,False,-0.6380316195906701,-0.5952754016234345,-0.04275621796723561,False,61.38189109628803,Красный,-3.6005333653807483,Ниже
2022-05-23 13:00:00+05:00,59.99,64.04973203836204,Вниз,6.338405968553458,False,-0.6888611865888805,-0.6139925586165238,-0.07486862797235672,False,60.868951986659226,Красный,-4.059732038362036,Ниже
2022-05-23 13:30:00+05:00,59.6,64.00545609768183,Вниз,6.882938371626393,False,-0.7519457625950068,-0.6415831994122204,-0.11036256318278637,False,60.4938067879933,Красный,-4.405456097681828,Ниже
2022-05-23 14:00:00+05:00,59.15,63.957143101685,Вниз,7.516194233444977,False,-0.8286992536243716,-0.6790064102546507,-0.14969284336972088,False,60.29492610919398,Красный,-4.807143101685,Ниже
2022-05-23 14:30:00+05:00,59.38,63.911599389230425,Вниз,7.090417752859475,False,-0.8610423106573606,-0.7154135903351927,-0.1456287203221679,False,60.25768349827457,Красный,-4.531599389230422,Ниже
2022-05-23 15:00:00+05:00,59.19,63.86461830078037,Вниз,7.319574476691508,False,-0.8917265597782844,-0.750676184223811,-0.14105037555447342,False,60.06141514844712,Красный,-4.674618300780374,Ниже
2022-05-23 15:30:00+05:00,58.845,63.81467185002634,Вниз,7.787663410235483,False,-0.9331261673826744,-0.7871661808555838,-0.14595998652709063,False,59.71502363360241,Красный,-4.969671850026344,Ниже
2022-05-23 16:00:00+05:00,58.8,63.76477461768777,Вниз,7.786077262022643,False,-0.9585175845384484,-0.8214364615921568,-0.1370811229462916,False,59.55252127024217,Красный,-4.964774617687773,Ниже
2022-05-23 16:30:00+05:00,58.79,63.71527437273566,Вниз,7.730131308738783,False,-0.9682855884691648,-0.8508062869675584,-0.11747930150160635,False,59.55252127024217,Красный,-4.925274372735657,Ниже
2022-05-23 17:00:00+05:00,58.155,63.65994825957411,Вниз,8.64742810837298,False,-1.0155592600562642,-0.8837568815852996,-0.13180237847096454,False,59.14224222889615,Красный,-5.504948259574107,Ниже
2022-05-23 17:30:00+05:00,57.88,63.60243633659327,Вниз,8.997196752510092,False,-1.0629610339771318,-0.919597712063666,-0.1433633219134658,False,58.64801800600653,Красный,-5.722436336593269,Ниже
2022-05-23 18:00:00+05:00,57.805,63.54475040289583,Вниз,9.032611453351874,False,-1.0939685658641238,-0.9544718828237576,-0.13949668304036622,False,58.640466205405886,Красный,-5.7397504028958295,Ниже
2022-05-23 18:30:00+05:00,57.79,63.48748920485707,Вниз,8.974192043526566,False,-1.1069919191560444,-0.9849758900902152,-0.1220160290658292,False,58.532669584865296,Красный,-5.697489204857071,Ниже
2022-05-23 19:00:00+05:00,57.69,63.42980274510725,Вниз,9.049062895832517,False,-1.112557316531138,-1.0104921753783995,-0.10206514115273846,False,58.42265262637876,Красный,-5.739802745107255,Ниже
2022-05-23 19:30:00+05:00,57.785,63.373635553613646,Вниз,8.818549708870187,False,-1.0966606071636775,-1.0277258617354552,-0.06893474542822231,False,58.389137363740886,Красный,-5.588635553613649,Ниже
2022-05-23 20:00:00+05:00,57.74,63.31757947845332,Вниз,8.808895609080162,False,-1.0752981071502743,-1.0372403108184192,-0.03805779633185513,False,58.3867236273668,Красный,-5.577579478453316,Ниже
2022-05-23 20:30:00+05:00,57.81,63.262777692598064,Вниз,8.619251148113992,False,-1.040722950648032,-1.0379368387843415,-0.002786111863690488,False,58.3867236273668,Красный,-5.452777692598062,Ниже
2022-05-24 12:00:00+05:00,56.39,63.19439184491052,Вниз,10.76739825522749,False,-1.1150504154893142,-1.0533595541253362,-0.061690861363977945,False,57.57484613816711,Красный,-6.804391844910519,Ниже
2022-05-24 12:30:00+05:00,56.05,63.12330336884176,Вниз,11.20553423433985,False,-1.1876995641200736,-1.0802275561242838,-0.10747200799578982,False,57.4768615243504,Красный,-7.0733033688417635,Ниже
2022-05-24 13:00:00+05:00,55.69,63.04934015124135,Вниз,11.672350786840804,False,-1.259801323712594,-1.1161423096419458,-0.14365901407064818,False,56.99492537191536,Красный,-7.359340151241355,Ниже
2022-05-24 13:30:00+05:00,55.3,62.97223228903995,Вниз,12.18351646456604,False,-1.3330457071687007,-1.159522989147297,-0.17352271802140384,False,56.58243283472383,Красный,-7.672232289039954,Ниже
2022-05-24 14:00:00+05:00,55.17,62.89459813691021,Вниз,12.281814918500872,False,-1.385609874182251,-1.2047403661542877,-0.1808695080279632,False,56.24368955125144,Красный,-7.72459813691021,Ниже
2022-05-24 14:30:00+05:00,54.715,62.81320910072204,Вниз,12.892525659270843,False,-1.447298496495634,-1.253251992222557,-0.19404650427307701,False,55.8420705961263,Красный,-8.098209100722038,Ниже
2022-05-24 15:00:00+05:00,54.955,62.73501796539148,Вниз,12.401395931190168,False,-1.4599913088893572,-1.294599855555917,-0.16539145333344019,False,55.74836353651367,Красный,-7.78001796539148,Ниже
2022-05-24 15:30:00+05:00,55.82,62.66621181648212,Вниз,10.92488538565445,False,-1.3842948934270185,-1.3125388631301371,-0.07175603029688138,False,54.36722281713771,Зелёный,-6.846211816482118,Ниже
2022-05-24 16:00:00+05:00,57.11,62.61092612676588,Вниз,8.785888449610814,False,-1.206307161729434,-1.2912925228499967,0.08498536112056265,Ниже,55.31000053542393,Зелёный,-5.500926126765883,Ниже
2022-05-24 16:30:00+05:00,56.735,62.5524592001314,Вниз,9.300128683220791,False,-1.083025523940961,-1.2496391230681898,0.16661359912722884,False,55.64950048188154,Зелёный,-5.8174592001314025,Ниже
2022-05-24 17:00:00+05:00,57.2,62.49920089963258,Вниз,8.478829846388846,False,-0.9370011578794362,-1.1871115300304391,0.25011037215100296,False,55.85855043369339,Зелёный,-5.299200899632574,Ниже
2022-05-24 17:30:00+05:00,57.965,62.45408447277056,Вниз,7.187815673973668,False,-0.7508908863739236,-1.099867401299136,0.3489765149252124,False,56.31969539032405,Зелёный,-4.489084472770557,Ниже
2022-05-24 18:00:00+05:00,58.49,62.41464084617583,Вниз,6.288013185637502,False,-0.5546404926146238,-0.9908220195622336,0.4361815269476098,False,57.29597585129165,Зелёный,-3.9246408461758264,Ниже
2022-05-24 18:30:00+05:00,57.985,62.37056481785567,Вниз,7.031465613087021,False,-0.434847272517004,-0.8796270701531876,0.44477979763618364,False,57.29597585129165,Зелёный,-4.385564817855673,Ниже
2022-05-24 19:00:00+05:00,58.225,62.32931541668298,Вниз,6.58488768767132,False,-0.3168913619275102,-0.7670799285080523,0.45018856658054207,False,57.29597585129165,Зелёный,-4.104315416682979,Ниже
2022-05-24 19:30:00+05:00,58.85,62.29469536278564,Вниз,5.529676873327277,False,-0.1710069150334305,-0.647865325813128,0.4768584107796975,False,57.29597585129165,Зелёный,-3.4446953627856374,Ниже
2022-05-24 20:00:00+05:00,58.69,62.258827747235536,Вниз,5.732243725700415,False,-0.0675247197171771,-0.5317972045939378,0.46427248487676065,False,57.485522506032446,Зелёный,-3.568827747235538,Ниже
2022-05-24 20:30:00+05:00,58.395,62.220381699999365,Вниз,6.148116735194186,False,-0.0092121767233308,-0.4272801990198164,0.4180680222964856,False,57.485522506032446,Зелёный,-3.8253816999993617,Ниже
2022-05-25 12:00:00+05:00,58.905,62.18739282736256,Вниз,5.278228718278568,False,0.0772630313399105,-0.326371552947871,0.40363458428778154,False,57.796573229886285,Зелёный,-3.282392827362557,Ниже
2022-05-25 12:30:00+05:00,57.905,62.144781953458455,Вниз,6.822426308670158,False,0.0643616925707704,-0.2482249038441427,0.3125865964149131,False,57.796573229886285,Зелёный,-4.239781953458454,Ниже
2022-05-25 13:00:00+05:00,57.28,62.09637616287679,Вниз,7.7562918490502355,False,0.0036627896311784,-0.1978473651490785,0.20151015478025688,False,58.84695068379211,Красный,-4.816376162876786,Ниже
2022-05-25 13:30:00+05:00,57.205,62.04770575329592,Вниз,7.804810338275374,False,-0.0499179780808134,-0.1682614877354255,0.11834350965461211,False,58.6392556154129,Красный,-4.842705753295924,Ниже
2022-05-25 14:00:00+05:00,57.025,61.99772858162134,Вниз,8.020823819496284,False,-0.1056873205551056,-0.1557466542993615,0.05005933374425589,False,58.36558005387161,Красный,-4.97272858162134,Ниже
2022-05-25 14:30:00+05:00,57.09,61.9488954614062,Вниз,7.843393211801916,False,-0.1429916507494368,-0.1531956535893766,0.010204002839939802,False,58.24502204848445,Красный,-4.858895461406199,Ниже
2022-05-25 15:00:00+05:00,57.99,61.90950346676535,Вниз,6.331020679029418,False,-0.0987942837991298,-0.1423153796313272,0.043521095832197404,False,58.24502204848445,Красный,-3.9195034667653488,Ниже
2022-05-25 15:30:00+05:00,58.1,61.87159795963336,Вниз,6.095847018682223,False,-0.0542659275412091,-0.1247054892133036,0.0704395616720945,False,58.24502204848445,Красный,-3.771597959633361,Ниже
2022-05-25 16:00:00+05:00,57.82,61.83128355207483,Вниз,6.487466087771722,False,-0.0410968059426508,-0.1079837525591731,0.06688694661652231,False,58.24502204848445,Красный,-4.011283552074829,Ниже
2022-05-25 16:30:00+05:00,57.9,61.79216630280045,Вниз,6.2988021551593665,False,-0.0239290120299102,-0.0911728044533205,0.0672437924234103,False,58.24502204848445,Красный,-3.8921663028004545,Ниже
2022-05-25 17:00:00+05:00,57.765,61.752094996304926,Вниз,6.45661494811391,False,-0.020974996719012,-0.0771332429064588,0.0561582461874468,False,58.24502204848445,Красный,-3.9870949963049256,Ниже
2022-05-25 17:30:00+05:00,58.865,61.72336768290886,Вниз,4.630932805859094,True,0.0693277217920211,-0.0478410499667628,0.1171687717587839,False,57.20655735753137,Зелёный,-2.858367682908856,Ниже
2022-05-25 18:00:00+05:00,59.045,61.6967172582033,Вниз,4.297987601359328,True,0.1536466297788195,-0.0075435140176463,0.1611901437964658,False,57.82840162177824,Зелёный,-2.6517172582032984,Ниже
2022-05-25 18:30:00+05:00,58.85,61.66839171334556,Вниз,4.570237093982186,True,0.2024019379761199,0.0344455763811068,0.16795636159501312,False,57.84731145960042,Зелёный,-2.818391713345555,Ниже
2022-05-25 19:00:00+05:00,58.995,61.64179080077496,Вниз,4.2938252870189,True,0.2498609180398077,0.077528644712847,0.17233227332696072,False,57.97858031364037,Зелёный,-2.6467908007749656,Ниже
2022-05-25 19:30:00+05:00,59.085,61.61635009628964,Вниз,4.1082441467789454,True,0.2913759489382599,0.1202981055579296,0.17107784338033033,False,58.046722282276335,Зелёный,-2.5313500962896427,Ниже
2022-05-25 20:00:00+05:00,59.425,61.59454561771959,Вниз,3.522301521931278,True,0.3477039537853343,0.1657792752034105,0.18192467858192382,False,58.38205005404871,Зелёный,-2.169545617719592,Ниже
2022-05-25 20:30:00+05:00,59.515,61.57385362152338,Вниз,3.343714093612773,True,0.3950526304742254,0.2116339462575735,0.1834186842166519,False,58.59209504864383,Зелёный,-2.058853621523376,Ниже
2022-05-26 12:00:00+05:00,60.355,61.5617257247918,Вниз,1.9601882672789277,True,0.4946556947692428,0.2682382959599074,0.22641739880933542,False,58.78088554377945,Зелёный,-1.2067257247918022,Ниже
2022-05-26 12:30:00+05:00,60.31,61.54927074245556,Вниз,2.013461292890239,True,0.5634654380799304,0.327283724383912,0.23618171369601842,False,59.07829698940151,Зелёный,-1.2392707424555596,Ниже
2022-05-26 13:00:00+05:00,59.97,61.53355660571472,Вниз,2.5409820136571026,True,0.5838324399549109,0.3785934674981118,0.20523897245679906,False,59.07829698940151,Зелёный,-1.563556605714723,Ниже
2022-05-26 13:30:00+05:00,59.955,61.51784957481208,Вниз,2.5404814791380135,True,0.5919395503702916,0.4212626840725478,0.17067686629774376,False,59.07829698940151,Зелёный,-1.562849574812084,Ниже
2022-05-26 14:00:00+05:00,59.925,61.50200032531147,Вниз,2.5641447708530074,True,0.5891523627997728,0.4548406198179928,0.13431174298178,False,59.07829698940151,Зелёный,-1.5770003253114737,Ниже
2022-05-26 14:30:00+05:00,60.255,61.48959236187554,Вниз,2.0078070360424127,True,0.6065794681186105,0.4851883894781164,0.12139107864049414,False,59.15291665474632,Зелёный,-1.234592361875535,Ниже
2022-05-26 15:00:00+05:00,60.16,61.47636258713051,Вниз,2.1412499564606327,True,0.6057422490023825,0.5092991613829696,0.09644308761941289,False,59.4956249892717,Зелёный,-1.316362587130513,Ниже
2022-05-26 15:30:00+05:00,59.435,61.45605052158693,Вниз,3.2886111366317277,True,0.5403485046919272,0.5155090300447611,0.02483947464716607,False,60.73843750965547,Красный,-2.021050521586929,Ниже
2022-05-26 16:00:00+05:00,59.47,61.43628882485472,Вниз,3.200533206783217,True,0.485748294708614,0.5095568829775318,-0.02380858826891774,Выше,60.09309375868993,Красный,-1.966288824854722,Ниже
2022-05-26 16:30:00+05:00,59.485,61.416873015652186,Вниз,3.145508588755155,True,0.4386313405084792,0.4953717744837212,-0.05674043397524203,False,60.09309375868993,Красный,-1.9318730156521866,Ниже
2022-05-26 17:00:00+05:00,59.275,61.39556084634221,Вниз,3.4539318757091304,True,0.3799655633943146,0.47229053226584,-0.09232496887152541,False,60.09309375868993,Красный,-2.120560846342208,Ниже
2022-05-26 17:30:00+05:00,59.115,61.372868698617424,Вниз,3.6789362245801067,True,0.3169087230525207,0.4412141704231762,-0.12430544737065546,False,60.09309375868993,Красный,-2.257868698617422,Ниже
2022-05-26 18:00:00+05:00,59.18,61.35104910957645,Вниз,3.5387318409157666,True,0.2690789054280031,0.4067871174241416,-0.13770821199613847,False,59.96348906507647,Красный,-2.171049109576451,Ниже
2022-05-26 18:30:00+05:00,59.3,61.33064066072495,Вниз,3.3109725234377696,True,0.238111624891097,0.3730520189175327,-0.1349403940264357,False,59.96348906507647,Красный,-2.0306406607249556,Ниже
2022-05-26 19:00:00+05:00,59.83,61.31570891285704,Вниз,2.4230477624723505,True,0.2534151899987549,0.3491246531337771,-0.09570946313502221,False,59.96348906507647,Красный,-1.4857089128570422,Ниже
2022-05-26 19:30:00+05:00,59.625,61.29888593859976,Вниз,2.730695530545879,True,0.2461639639150235,0.3285325152900264,-0.08236855137500293,False,59.96348906507647,Красный,-1.67388593859976,Ниже
2022-05-26 20:00:00+05:00,59.69,61.28287712329031,Вниз,2.599220529554654,True,0.2428627017250377,0.3113985525770287,-0.06853585085199099,False,59.96348906507647,Красный,-1.5928771232903145,Ниже
2022-05-26 20:30:00+05:00,59.6,61.26613207728742,Вниз,2.7194993723213847,True,0.2303290894482614,0.2951846599512752,-0.0648555705030138,False,59.96348906507647,Красный,-1.666132077287422,Ниже
2022-05-27 12:00:00+05:00,60.03,61.25383225562288,Вниз,1.9979684707980658,True,0.2521864691237496,0.2865850217857701,-0.03439855266202052,False,59.206421532766704,Зелёный,-1.223832255622881,Ниже
2022-05-27 12:30:00+05:00,60.31,61.24444088989529,Вниз,1.5257562585561266,True,0.2887734592498461,0.2870227092785853,0.00175074997126079,Выше,59.38852937949002,Зелёный,-0.934440889895285,Ниже
2022-05-27 13:00:00+05:00,60.335,61.23539172681176,Вниз,1.4703779977903326,True,0.3161419163657371,0.2928465506960157,0.023295365669721402,False,59.52642644154103,Зелёный,-0.9003917268117618,Ниже
2022-05-27 13:30:00+05:00,60.7,61.23006444594796,Вниз,0.8656931047588263,True,0.363098491982285,0.3068969389532696,0.056201553029015416,False,59.706783797386926,Зелёный,-0.5300644459479571,Ниже
2022-05-27 14:00:00+05:00,60.87,61.22648171514251,Вниз,0.5822345252517582,True,0.4093112108615457,0.3273797933349249,0.08193141752662081,False,60.04360541764823,Зелёный,-0.3564817151425146,Ниже
2022-05-27 14:30:00+05:00,60.93,61.22353164832518,Вниз,0.47944252875063936,True,0.4456395665548527,0.3510317479789104,0.0946078185759423,False,60.135994875883405,Зелёный,-0.2935316483251782,Ниже
2022-05-27 15:00:00+05:00,61.0,61.22130745281945,Вниз,0.3614876291069157,True,0.4746074854991278,0.3757468954829539,0.09886059001617387,False,60.135994875883405,Зелёный,-0.22130745281945252,Ниже
2022-05-27 15:30:00+05:00,61.0,61.21910538861229,Вниз,0.35790361068074117,True,0.4918945161762735,0.3989764196216179,0.0929180965546556,False,60.32440584946556,Зелёный,-0.21910538861229156,Ниже
2022-05-27 16:00:00+05:00,60.82,61.21513419071566,Вниз,0.6454844801689382,True,0.4854738762090704,0.4162759109391084,0.06919796526996203,False,60.32440584946556,Зелёный,-0.3951341907156589,Ниже
2022-05-27 16:30:00+05:00,60.815,61.21115275598217,Вниз,0.6471904843246982,True,0.4745121340557361,0.427923155562434,0.046588978493302124,False,60.32440584946556,Зелёный,-0.3961527559821718,Ниже
2022-05-27 17:00:00+05:00,60.78,61.20686267880822,Вниз,0.6974098330251678,True,0.4577243060546294,0.4338833856608731,0.023840920393756293,False,60.32440584946556,Зелёный,-0.42686267880822015,Ниже
2022-05-27 17:30:00+05:00,61.035,61.20515260240217,Вниз,0.27800372218253055,True,0.4596970982924588,0.4390461281871903,0.020650970105268507,False,60.32440584946556,Зелёный,-0.170152602402176,Ниже
2022-05-27 18:00:00+05:00,61.15,61.204603820288725,Вниз,0.08921521728832003,True,0.4651778090395595,0.4442724643576641,0.02090534468189542,False,60.32440584946556,Зелёный,-0.05460382028872601,Ниже
2022-05-27 18:30:00+05:00,61.15,61.20406049869382,Вниз,0.08832828778570294,True,0.4641706415731548,0.4482520998007623,0.01591854177239249,False,60.46727141404583,Зелёный,-0.05406049869382201,Ниже
2022-05-27 19:00:00+05:00,61.125,61.20327382706503,Вниз,0.12789156881738378,True,0.4560975543379655,0.449821190708203,0.006276363629762527,False,60.487794272641246,Зелёный,-0.07827382706503272,Ниже
2022-05-27 19:30:00+05:00,61.24,61.2036392616216,Вверх,0.059409438420762316,True,0.4537485822381697,0.4506066690141964,0.003141913223973336,False,60.525764845377125,Зелёный,0.036360738378398594,Выше
2022-05-27 20:00:00+05:00,61.48,61.20638911971492,Вверх,0.44702993301878174,True,0.465882594613106,0.4536618541339783,0.01222074047912769,False,60.69368836083941,Зелёный,0.2736108802850765,Выше
2022-05-27 20:30:00+05:00,61.055,61.20488276031477,Вниз,0.24488693312545873,True,0.4361769622047191,0.4501648757481264,-0.013987913543407338,Выше,60.69368836083941,Зелёный,-0.14988276031476744,Ниже
2022-05-30 12:00:00+05:00,61.6,61.20881427513751,Вверх,0.6391003150364646,True,0.4514084244237324,0.4504135854832476,0.000994838940484799,Выше,60.94023757227991,Зелёный,0.39118572486248837,Выше
2022-05-30 12:30:00+05:00,61.68,61.21350269031028,Вверх,0.7620823661240431,True,0.4645794170520361,0.4532467517970054,0.011332665255030683,False,60.94023757227991,Зелёный,0.46649730968972136,Выше
2022-05-30 13:00:00+05:00,61.49,61.21625390732212,Вверх,0.44717877231154674,True,0.4544475233328739,0.4534869061041791,0.0009606172286948378,False,60.94023757227991,Зелёный,0.2737460926778823,Выше
2022-05-30 13:30:00+05:00,61.46,61.218679241577625,Вверх,0.3941946500839874,True,0.4389373784152042,0.4505770005663841,-0.011639622151179918,Выше,60.94023757227991,Зелёный,0.24132075842237555,Выше
2022-05-30 14:00:00+05:00,61.835,61.22481178643755,Вверх,0.9966355073346592,True,0.4516979500219875,0.4508011904575049,0.0008967595644825965,Выше,60.94023757227991,Зелёный,0.6101882135624521,Выше
2022-05-30 14:30:00+05:00,61.88,61.23133107214464,Вверх,1.0593742067946874,True,0.4601377374629507,0.452668499858594,0.007469237604356749,False,61.12581168405557,Зелёный,0.6486689278553612,Выше
2022-05-30 15:00:00+05:00,61.88,61.237785489337234,Вверх,1.0487226236725868,True,0.4615063716407661,0.4544360742150284,0.0070702974257376705,False,61.16848051565002,Зелёный,0.6422145106627681,Выше
2022-05-30 15:30:00+05:00,61.75,61.24288215113488,Вверх,0.8280437351293468,True,0.446948961134602,0.4529386515989432,-0.005989690464341224,Выше,61.16848051565002,Зелёный,0.5071178488651213,Выше
2022-05-30 16:00:00+05:00,61.805,61.24847536356141,Вверх,0.9086342690738748,True,0.4348376114658521,0.449318443572325,-0.014480832106472885,False,61.16848051565002,Зелёный,0.5565246364385885,Выше
2022-05-30 16:30:00+05:00,61.96,61.25555521069015,Вверх,1.1500096389411483,True,0.4327579202841676,0.4460063389146935,-0.013248418630525893,False,61.16848051565002,Зелёный,0.7044447893098535,Выше
2022-05-30 17:00:00+05:00,62.315,61.26609694988726,Вверх,1.7120448377357662,True,0.4545159067340236,0.4477082524785596,0.00680765425546398,Выше,61.33033956631797,Зелёный,1.0489030501127345,Выше
2022-05-30 17:30:00+05:00,63.18,61.28514076133117,Вверх,3.091873845975435,True,0.5353859427647194,0.4652437905357916,0.07014215222892778,False,61.930805609686175,Зелёный,1.894859238668829,Выше
2022-05-30 18:00:00+05:00,63.35,61.3056866244025,Вверх,3.334622753876429,True,0.6062056468598271,0.4934361618005988,0.11276948505922835,False,62.40722504871757,Зелёный,2.044313375597504,Выше
2022-05-30 18:30:00+05:00,63.32,61.32572954356268,Вверх,3.2519310757170716,True,0.6523896811581622,0.5252268656721115,0.12716281548605068,False,62.5385025438458,Зелёный,1.9942704564373201,Выше
2022-05-30 19:00:00+05:00,63.34,61.345772035666535,Вверх,3.2507993593658275,True,0.682734554968448,0.5567284035313789,0.12600615143706917,False,62.5385025438458,Зелёный,1.9942279643334686,Выше
2022-05-30 19:30:00+05:00,63.31,61.36531659252557,Вверх,3.169026928333806,True,0.6963354155894024,0.5846498059429835,0.11168560964641883,False,62.637812060515095,Зелёный,1.9446834074744288,Выше
2022-05-30 20:00:00+05:00,62.9,61.38058707419199,Вверх,2.475396535343429,True,0.6663493614822897,0.6009897170508448,0.06535964443144493,False,62.637812060515095,Зелёный,1.5194129258080054,Выше
2022-05-30 20:30:00+05:00,62.8,61.394710585891566,Вверх,2.2889421591823007,True,0.6272850813529871,0.6062487899112733,0.021036291441713817,False,62.637812060515095,Зелёный,1.405289414108431,Выше
2022-05-31 12:00:00+05:00,61.0,61.39078311737523,Вниз,0.6365501424343721,True,0.4459408723473714,0.574187206398493,-0.12824633405112157,Выше,62.90818250788449,Красный,-0.39078311737522853,Ниже
2022-05-31 12:30:00+05:00,60.825,61.38515343461528,Вниз,0.9125226594276263,True,0.2848200148945778,0.5163137680977099,-0.2314937532031321,False,62.216114257096045,Красный,-0.5601534346152803,Ниже
2022-05-31 13:00:00+05:00,59.965,61.37102255466886,Вниз,2.2910202505040287,True,0.0867359241279217,0.4303981993037523,-0.3436622751758306,False,61.44450283138644,Красный,-1.4060225546688585,Ниже
2022-05-31 13:30:00+05:00,59.5,61.35240541482141,Вниз,3.019287348713977,True,-0.1065406247533999,0.3230104344923218,-0.4295510592457217,False,60.96405254824779,Красный,-1.852405414821412,Ниже
2022-05-31 14:00:00+05:00,59.79,61.33685909228588,Вниз,2.521907895476867,True,-0.233620079007963,0.2116843317922648,-0.4453044108002278,False,60.92139729342302,Красный,-1.546859092285878,Ниже
2022-05-31 14:30:00+05:00,59.735,61.320920195845225,Вниз,2.5862628786067687,True,-0.3349088812984746,0.1023656891741169,-0.43727457047259155,False,60.77625756408072,Красный,-1.585920195845226,Ниже
2022-05-31 15:00:00+05:00,59.625,61.30404536802588,Вниз,2.7388818436794637,True,-0.4192245083773827,-0.0019523503361829,-0.41727215804119977,False,60.61813180767265,Красный,-1.6790453680258821,Ниже
2022-05-31 15:30:00+05:00,59.75,61.288582230035566,Вниз,2.510389658322943,True,-0.4705347631158219,-0.0956688328921107,-0.3748659302237112,False,60.61381862690538,Красный,-1.5385822300355656,Ниже
2022-05-31 16:00:00+05:00,59.725,61.27302419789592,Вниз,2.52643674465325,True,-0.5073671876189749,-0.1780085038374836,-0.32935868378149136,False,60.577436764214845,Красный,-1.54802419789592,Ниже
2022-05-31 16:30:00+05:00,59.74,61.25777022577756,Вниз,2.4776778850805705,True,-0.5292459568152523,-0.2482559944330373,-0.280989962382215,False,60.48394308779336,Красный,-1.5177702257775607,Ниже
2022-05-31 17:00:00+05:00,59.98,61.24505609417778,Вниз,2.0655644305925316,True,-0.521210850552329,-0.3028469656568957,-0.2183638848954333,False,60.48394308779336,Красный,-1.2650560941777798,Ниже
2022-05-31 17:30:00+05:00,59.9,61.23167245144964,Вниз,2.174809862502971,True,-0.5153575809668212,-0.3453490887188808,-0.17000849224794035,False,60.48394308779336,Красный,-1.3316724514496414,Ниже
2022-05-31 18:00:00+05:00,59.77,61.2171284469576,Вниз,2.363927357702645,True,-0.5152690354970701,-0.3793330780745187,-0.13593595742255143,False,60.48394308779336,Красный,-1.4471284469575991,Ниже
2022-05-31 18:30:00+05:00,59.8,61.20302766639086,Вниз,2.2924154570237434,True,-0.5069344880720834,-0.4048533600740317,-0.10208112799805169,False,60.42674705990122,Красный,-1.4030276663908623,Ниже
2022-05-31 19:00:00+05:00,59.795,61.18901744085464,Вниз,2.278215109765569,True,-0.4950264011941385,-0.4228879682980531,-0.0721384328960854,False,60.40057235391111,Красный,-1.3940174408546397,Ниже
2022-05-31 19:30:00+05:00,59.635,61.17355458074663,Вниз,2.515064869601135,True,-0.4928189097519464,-0.4368741565888318,-0.05594475316311465,False,60.27076511851999,Красный,-1.5385545807466343,Ниже
2022-05-31 20:00:00+05:00,59.11,61.15302169934617,Вниз,3.340835240146462,True,-0.5273535656333976,-0.4549700383977449,-0.07238352723565272,False,60.01893860666799,Красный,-2.04302169934617,Ниже
2022-05-31 20:30:00+05:00,59.15,61.13309113517357,Вниз,3.2438914806200287,True,-0.5452100217726112,-0.4730180350727183,-0.07219198669989296,False,59.93279474600119,Красный,-1.9830911351735736,Ниже
2022-06-01 12:00:00+05:00,58.925,61.11112007910219,Вниз,3.577286877204154,True,-0.5709356210637608,-0.4926015522709268,-0.07833406879283406,False,59.13651527140108,Красный,-2.1861200791021957,Ниже
2022-06-01 12:30:00+05:00,58.72,61.087327839509136,Вниз,3.8753173910776844,True,-0.60093789263302,-0.5142688203433454,-0.08666907228967458,False,59.13651527140108,Красный,-2.3673278395091373,Ниже
2022-06-01 13:00:00+05:00,59.25,61.0690459704593,Вниз,2.9786710133628413,True,-0.5753164485048501,-0.5264783459756464,-0.04883810252920373,False,58.136397630165135,Зелёный,-1.8190459704592996,Ниже
2022-06-01 13:30:00+05:00,59.095,61.04940372199702,Вниз,3.201347765650358,True,-0.5610510270539564,-0.5333928821913084,-0.02765814486264795,False,58.43850786714862,Зелёный,-1.9544037219970178,Ниже
2022-06-01 14:00:00+05:00,59.02,61.02921065013636,Вниз,3.2922114324148986,True,-0.5494635768909646,-0.5366070211312397,-0.012856555759724886,False,58.43850786714862,Зелёный,-2.0092106501363602,Ниже
2022-06-01 14:30:00+05:00,58.92,61.00822347948824,Вниз,3.4228557404073947,True,-0.5421006050892885,-0.5377057379228495,-0.004394867166438998,False,58.43850786714862,Зелёный,-2.088223479488235,Ниже
2022-06-01 15:00:00+05:00,58.93,60.98754463889632,Вниз,3.373712863960861,True,-0.5293563895171545,-0.5360358682417105,0.006679478724555987,Ниже,58.43850786714862,Зелёный,-2.0575446388963172,Ниже
2022-06-01 15:30:00+05:00,59.0,60.96776807532522,Вниз,3.2275547185753215,True,-0.50775500820545,-0.5303796962344584,0.0226246880290083,False,58.43850786714862,Зелёный,-1.9677680753252176,Ниже
2022-06-01 16:00:00+05:00,58.99,60.94808879099363,Вниз,3.2127156566113304,True,-0.4858421879959422,-0.5214721945867552,0.035630006590813,False,58.44098611047259,Зелёный,-1.958088790993628,Ниже
2022-06-01 16:30:00+05:00,59.37,60.93238641496384,Вниз,2.5641313378465465,True,-0.4328239705896806,-0.5037425497873403,0.07091857919765976,False,58.63388749942533,Зелёный,-1.5623864149638393,Ниже
2022-06-01 17:00:00+05:00,59.205,60.91519849043684,Вниз,2.807507047203222,True,-0.3995154074299023,-0.4828971213158528,0.08338171388595045,False,58.7172487494828,Зелёный,-1.710198490436845,Ниже
2022-06-01 17:30:00+05:00,59.225,60.89838059500961,Вниз,2.747824455527046,True,-0.3672706310804514,-0.4597718232687725,0.09250119218832109,False,58.7172487494828,Зелёный,-1.6733805950096112,Ниже
2022-06-01 18:00:00+05:00,58.98,60.87929223088017,Вниз,3.1197672661456823,True,-0.3573663689140076,-0.4392907323978195,0.08192436348381194,False,58.7172487494828,Зелёный,-1.899292230880171,Ниже
2022-06-01 18:30:00+05:00,58.92,60.85979678579679,Вниз,3.1873205108195317,True,-0.3503203929270384,-0.4214966645036633,0.07117627157662487,False,58.7172487494828,Зелёный,-1.939796785796787,Ниже
2022-06-01 19:00:00+05:00,58.68,60.83810726554011,Вниз,3.547295211076536,True,-0.359953085325543,-0.4091879486680393,0.04923486334249633,False,59.32299059546435,Красный,-2.15810726554011,Ниже
2022-06-01 19:30:00+05:00,57.975,60.80961863603225,Вниз,4.661464254526036,True,-0.4196373533263582,-0.4112778295997031,-0.008359523726655105,Ниже,58.87044153591791,Красный,-2.8346186360322463,Ниже
2022-06-01 20:00:00+05:00,58.09,60.78255775408168,Вниз,4.429819760095346,True,-0.4524425507249887,-0.4195107738247603,-0.03293177690022836,False,58.63614738232612,Красный,-2.692557754081676,Ниже
2022-06-01 20:30:00+05:00,57.99,60.75477110976246,Вниз,4.55070615732794,True,-0.480965795972061,-0.4318017782542205,-0.049164017717840514,False,58.5405326440935,Красный,-2.7647711097624565,Ниже
2022-06-02 12:00:00+05:00,57.8,60.72537040220264,Вниз,4.817377617998911,True,-0.5129886713539875,-0.4480391568741739,-0.06494951447981362,False,58.5405326440935,Красный,-2.9253704022026454,Ниже
2022-06-02 12:30:00+05:00,57.575,60.694023433026494,Вниз,5.138930089991831,False,-0.5501805119369294,-0.468467427886725,-0.08171308405020439,False,58.39163144171574,Красный,-3.1190234330264914,Ниже
2022-06-02 13:00:00+05:00,57.45,60.66174459289688,Вниз,5.294514054040169,False,-0.5830210649641714,-0.4913781553022143,-0.0916429096619571,False,58.13221829754416,Красный,-3.2117445928968777,Ниже
2022-06-02 13:30:00+05:00,57.1,60.62630434819145,Вниз,5.816459350612948,False,-0.6300269561967511,-0.5191079154811218,-0.1109190407156293,False,57.89399646778975,Красный,-3.526304348191445,Ниже
2022-06-02 14:00:00+05:00,57.11,60.59131624522437,Вниз,5.745569598017698,False,-0.6588774184878403,-0.5470618160824655,-0.1118156024053748,False,57.37659682101077,Красный,-3.48131624522437,Ниже
2022-06-02 14:30:00+05:00,58.035,60.56588026268483,Вниз,4.178722824976639,True,-0.6001833086761508,-0.5576861146012027,-0.04249719407494812,False,56.7665628610903,Зелёный,-2.530880262684832,Ниже
2022-06-02 15:00:00+05:00,58.905,60.54935409091682,Вниз,2.7157252386999367,True,-0.4779564897789541,-0.541740189636753,0.06378369985779886,Ниже,57.53090657498127,Зелёный,-1.6443540909168206,Ниже
2022-06-02 15:30:00+05:00,59.075,60.534683900957454,Вниз,2.411318283821688,True,-0.3631866859161405,-0.5060294888926304,0.14284280297648994,False,58.09106591748314,Зелёный,-1.459683900957451,Ниже
2022-06-02 16:00:00+05:00,59.275,60.522149732788726,Вниз,2.0606500897522926,True,-0.2531740283493704,-0.4554583967839785,0.20228436843460806,False,58.28170932573482,Зелёный,-1.2471497327887278,Ниже
2022-06-02 16:30:00+05:00,59.39,60.51088456131819,Вниз,1.8523684944356633,True,-0.1549228119839583,-0.3953512798239744,0.2404284678400161,False,58.45578839316135,Зелёный,-1.1208845613181921,Ниже
2022-06-02 17:00:00+05:00,59.42,60.50002998856876,Вниз,1.7851726499521208,True,-0.0737866987405837,-0.3310383636072963,0.25725166486671264,False,58.45578839316135,Зелёный,-1.0800299885687608,Ниже
2022-06-02 17:30:00+05:00,59.225,60.48734312301087,Вниз,2.0869541590604905,True,-0.0249332003448898,-0.269817330954815,0.24488413060992523,False,58.45578839316135,Зелёный,-1.262343123010865,Ниже
2022-06-02 18:00:00+05:00,60.6,60.48846408696101,Вверх,0.18439204023868538,True,0.1233130813080976,-0.1911912485022325,0.3145043298103301,False,58.980742238614624,Зелёный,0.11153591303899191,Выше
2022-06-02 18:30:00+05:00,60.795,60.49151419554847,Вверх,0.5016997978765533,True,0.2536107312492319,-0.1022308525519396,0.3558415838011715,False,60.08266801475316,Зелёный,0.30348580445153317,Выше
2022-06-02 19:00:00+05:00,60.63,60.49289216375197,Вверх,0.22665115081105555,True,0.3396432406760539,-0.0138560339063409,0.3534992745823948,False,60.08266801475316,Зелёный,0.1371078362480347,Выше
2022-06-02 19:30:00+05:00,60.72,60.49515194321712,Вверх,0.3716794644865632,True,0.4103565373417837,0.0709864803432839,0.33937005699849976,False,60.08266801475316,Зелёный,0.2248480567828821,Выше
2022-06-02 20:00:00+05:00,60.145,60.49166784427964,Вниз,0.5730836272725103,True,0.4152133192041987,0.1398318481154669,0.2753814710887318,False,60.08266801475316,Зелёный,-0.3466678442796365,Ниже
2022-06-02 20:30:00+05:00,60.5,60.49175075130174,Вверх,0.013636981234314048,True,0.4426058027806903,0.2003866390485116,0.2422191637321787,False,60.08266801475316,Зелёный,0.008249248698263045,Выше
2022-06-03 12:00:00+05:00,61.225,60.4990467637266,Вверх,1.1999416108299157,True,0.516857967374456,0.2636809047137005,0.2531770626607555,False,60.08266801475316,Зелёный,0.7259532362734049,Выше
2022-06-03 12:30:00+05:00,60.505,60.49910599990842,Вверх,0.009742292872209748,True,0.5117067234821135,0.3132860684673831,0.19842065501473044,False,60.08266801475316,Зелёный,0.005894000091579699,Выше
2022-06-03 13:00:00+05:00,59.245,60.486627333242666,Вниз,2.0527303107876973,True,0.4013266124726442,0.3308941772684354,0.07043243520420878,False,60.72392504256441,Красный,-1.2416273332426684,Ниже
2022-06-03 13:30:00+05:00,60.12,60.48297930007608,Вниз,0.6001346234536888,True,0.3800735156706665,0.3407300449488816,0.0393434707217849,False,60.66128253830797,Красный,-0.36297930007608414,Ниже
2022-06-03 14:00:00+05:00,60.1,60.47916856077184,Вниз,0.6269407629022452,True,0.3574954652911088,0.344083129017327,0.0134123362737818,False,60.66128253830797,Красный,-0.3791685607718378,Ниже
2022-06-03 14:30:00+05:00,60.99,60.48425146066466,Вверх,0.8361656582031964,True,0.406729238181299,0.3566123508501214,0.05011688733117764,False,59.106111143970544,Зелёный,0.5057485393353431,Выше
2022-06-03 15:00:00+05:00,61.125,60.49062706802123,Вверх,1.0487127720885083,True,0.4514368467057323,0.3755772500212436,0.07585959668448872,False,59.61350002957349,Зелёный,0.634372931978767,Выше
2022-06-03 15:30:00+05:00,60.945,60.495148191722514,Вверх,0.743616342341714,True,0.466960621513131,0.3938539243196212,0.07310669719350982,False,59.66415002661614,Зелёный,0.4498518082774865,Выше
2022-06-03 16:00:00+05:00,61.19,60.50206214006359,Вверх,1.1370486155394397,True,0.4933457941227743,0.4137522982802518,0.07959349584252251,False,59.66415002661614,Зелёный,0.6879378599364045,Выше
2022-06-03 16:30:00+05:00,61.12,60.50821077548584,Вверх,1.0110846390487118,True,0.5028117180292071,0.4315641822300429,0.07124753579916421,False,59.98338652155908,Зелёный,0.6117892245141547,Выше
2022-06-03 17:00:00+05:00,61.5,60.518079324983496,Вверх,1.62252451824118,True,0.5348113824228022,0.4522136222685948,0.08259776015420744,False,60.16804786940317,Зелёный,0.9819206750165037,Выше
2022-06-03 17:30:00+05:00,61.74,60.530237739660286,Вверх,1.9986081428308382,True,0.5729329270910384,0.4763574832330836,0.0965754438579548,False,60.63699308246285,Зелёный,1.2097622603397156,Выше
2022-06-03 18:00:00+05:00,60.89,60.53381746364377,Вверх,0.5884025678211194,True,0.5284648161947416,0.4867789498254152,0.04168586636932642,False,60.63699308246285,Зелёный,0.3561825363562292,Выше
2022-06-03 18:30:00+05:00,60.94,60.53785908092095,Вверх,0.6642800475343922,True,0.4915913410914285,0.4877414280786178,0.0038499130128106795,False,60.63699308246285,Зелёный,0.40214091907904503,Выше
2022-06-03 19:00:00+05:00,60.5,60.53748237364811,Вниз,0.06191597697565715,True,0.4219999706704129,0.4745931365969769,-0.05259316592656399,Выше,61.30061204288458,Красный,-0.03748237364811047,Ниже
2022-06-03 19:30:00+05:00,60.91,60.54118901669639,Вверх,0.6091901881905407,True,0.3953742534383266,0.4587493599652469,-0.0633751065269203,False,61.30061204288458,Красный,0.36881098330360373,Выше
2022-06-03 20:00:00+05:00,60.6,60.541774200609865,Вверх,0.0961745838455292,True,0.3452786145421029,0.4360552108806181,-0.0907765963385152,False,61.30061204288458,Красный,0.0582257993901365,Выше
2022-06-03 20:30:00+05:00,60.8,60.544343611549074,Вверх,0.4222630442427583,True,0.3180495115374597,0.4124540710119865,-0.0944045594745268,False,61.30061204288458,Красный,0.2556563884509231,Выше
2022-06-06 12:00:00+05:00,60.1,60.53992228208093,Вниз,0.7266647618593658,True,0.2372512170291258,0.3774135002154144,-0.14016228318628862,False,61.30061204288458,Красный,-0.43992228208092854,Ниже
2022-06-06 12:30:00+05:00,60.685,60.54136584146321,Вверх,0.23724961691964339,True,0.2179106590293855,0.3455129319782086,-0.1276022729488231,False,61.30061204288458,Красный,0.1436341585367913,Выше
2022-06-06 13:00:00+05:00,60.29,60.53886468881184,Вниз,0.41108251714181054,True,0.1687645163340931,0.3101632488493855,-0.14139873251529242,False,61.30061204288458,Красный,-0.24886468881184243,Ниже
2022-06-06 13:30:00+05:00,60.315,60.536637179470425,Вниз,0.366120732496833,True,0.1303307633240038,0.2741967517443092,-0.14386598842030537,False,61.30061204288458,Красный,-0.22163717947042727,Ниже
2022-06-06 14:00:00+05:00,59.715,60.52846168514733,Вниз,1.3439325277730194,True,0.0508703498451765,0.2295314713644827,-0.17866112151930622,False,61.080133744092926,Красный,-0.813461685147324,Ниже
2022-06-06 14:30:00+05:00,59.755,60.52076554897672,Вниз,1.2652938905027846,True,-0.0087737957561344,0.1818704179403593,-0.1906442136964937,False,60.77137036968364,Красный,-0.7657655489767166,Ниже
2022-06-06 15:00:00+05:00,59.71,60.51269823008143,Вниз,1.326495518394193,True,-0.058993296774183,0.1336976749974508,-0.1926909717716338,False,60.520233332715264,Красный,-0.8026982300814325,Ниже
2022-06-06 15:30:00+05:00,60.185,60.509437551175154,Вниз,0.5361767755662282,True,-0.0597750335059998,0.0950031332967606,-0.1547781668027604,False,60.520233332715264,Красный,-0.3244375511751514,Ниже
2022-06-06 16:00:00+05:00,60.12,60.50556255066595,Вниз,0.6372348828970742,True,-0.0648914935265878,0.0630242079320909,-0.1279157014586787,False,60.520233332715264,Красный,-0.38556255066595213,Ниже
2022-06-06 16:30:00+05:00,60.015,60.50068133125634,Вниз,0.8027700193938494,True,-0.0765366802261766,0.0351120303004374,-0.111648710526614,False,60.520233332715264,Красный,-0.4856813312563375,Ниже
2022-06-06 17:00:00+05:00,60.02,60.49589843243787,Вниз,0.7866623106182178,True,-0.0843893287204338,0.0112117584962632,-0.095601087216697,False,60.520233332715264,Красный,-0.4758984324378659,Ниже
2022-06-06 17:30:00+05:00,60.0,60.4909641196773,Вниз,0.8116321616332011,True,-0.0911754284954611,-0.0092656789020816,-0.0819097495933795,False,60.520233332715264,Красный,-0.4909641196773009,Ниже
2022-06-06 18:00:00+05:00,60.295,60.48901422793922,Вниз,0.3207429157435458,True,-0.0719203735785214,-0.0217966178373696,-0.05012375574115179,False,60.520233332715264,Красный,-0.19401422793922052,Ниже
2022-06-06 18:30:00+05:00,60.195,60.48608871323336,Вниз,0.48124902671987724,True,-0.0639921069219013,-0.0302357156542759,-0.0337563912676254,False,60.520233332715264,Красный,-0.29108871323335705,Ниже
2022-06-06 19:00:00+05:00,60.36,60.48483409917133,Вниз,0.20638909080357531,True,-0.0438888540493778,-0.0329663433332963,-0.010922510716081496,False,60.520233332715264,Красный,-0.12483409917133059,Ниже
2022-06-06 19:30:00+05:00,60.5,60.4849850036572,Вверх,0.02482433672074377,True,-0.016470193205663,-0.0296671133077696,0.013196920102106598,Ниже,60.520233332715264,Красный,0.015014996342799236,Выше
2022-06-06 20:00:00+05:00,60.445,60.48458714292429,Вниз,0.06544996799059952,True,0.0008118937027248,-0.0235713119056707,0.0243832056083955,False,60.520233332715264,Красный,-0.03958714292429022,Ниже
2022-06-06 20:30:00+05:00,60.405,60.4837952310544,Вниз,0.13027494513760918,True,0.0111518547426001,-0.0166266785760165,0.0277785333186166,False,60.520233332715264,Красный,-0.0787952310544,Ниже
2022-06-07 12:00:00+05:00,60.1,60.47997637303396,Вниз,0.6282680579937875,True,-0.0052046071747966,-0.0143422642957726,0.009137657120976,False,60.520233332715264,Красный,-0.37997637303396203,Ниже
2022-06-07 12:30:00+05:00,60.11,60.47629501608835,Вниз,0.6056836252798004,True,-0.0171624664300225,-0.0149063047226225,-0.002256161707400001,Ниже,60.520233332715264,Красный,-0.36629501608835113,Ниже
2022-06-07 13:00:00+05:00,59.81,60.46966521493325,Вниз,1.090902707313718,True,-0.0502671998473047,-0.021978483747559,-0.028288716099745696,False,60.505380460804,Красный,-0.6596652149332485,Ниже
2022-06-07 13:30:00+05:00,59.64,60.46140983966029,Вниз,1.3585687826972872,True,-0.0891923647771193,-0.035421259953471,-0.053771104823648296,False,60.27534241472359,Красный,-0.8214098396602907,Ниже
2022-06-07 14:00:00+05:00,59.315,60.45000277657909,Вниз,1.8775892877524254,True,-0.144598777587916,-0.05725676348036,-0.08734201410755602,False,60.26405817325124,Красный,-1.1350027765790927,Ниже
2022-06-07 14:30:00+05:00,59.685,60.44239080865293,Вниз,1.253078838411039,True,-0.1568448414415186,-0.0771743790725918,-0.07967046236892682,False,60.25865235592611,Красный,-0.7573908086529286,Ниже
2022-06-07 15:00:00+05:00,60.45,60.44246652199967,Вверх,0.012463882488301652,True,-0.103626289287618,-0.082464761115597,-0.021161528172020994,False,59.3634628796665,Зелёный,0.007533478000333105,Выше
2022-06-07 15:30:00+05:00,59.925,60.43731760138276,Вниз,0.847684215176089,True,-0.1026302579500821,-0.0864978604824941,-0.016132397467588003,False,59.3634628796665,Зелёный,-0.5123176013827617,Ниже
2022-06-07 16:00:00+05:00,60.68,60.43973235161776,Вверх,0.3975326147780536,True,-0.0404523957004343,-0.0772887675260821,0.0368363718256478,Ниже,59.43762993252986,Зелёный,0.24026764838224324,Выше
2022-06-07 16:30:00+05:00,60.515,60.44048128344246,Вверх,0.12329272529793017,True,-0.0044389435595419,-0.0627188027327741,0.058279859173232196,False,59.69761693927688,Зелёный,0.07451871655754161,Выше
2022-06-07 17:00:00+05:00,60.87,60.444755101517664,Вверх,0.7035265471224582,True,0.0521463986426837,-0.0397457624576825,0.0918921611003662,False,59.85035524534919,Зелёный,0.42524489848233316,Выше
2022-06-07 17:30:00+05:00,61.045,60.45072768757222,Вверх,0.9830689144044117,True,0.1098454969647448,-0.009827510573197,0.1196730075379418,False,60.05906972081426,Зелёный,0.5942723124277833,Выше
2022-06-07 18:00:00+05:00,60.865,60.45484980013369,Вверх,0.6784405241635524,True,0.1394405683342796,0.0200261052082982,0.11941446312598139,False,60.20966274873284,Зелёный,0.4101501998663153,Выше
2022-06-07 18:30:00+05:00,61.13,60.461567712570165,Вверх,1.1055490499477538,True,0.1821781248963461,0.0524565091459078,0.1297216157504383,False,60.247446473859554,Зелёный,0.6684322874298374,Выше
2022-06-07 19:00:00+05:00,60.845,60.46538295921126,Вверх,0.6278254138319432,True,0.1908508187851865,0.0801353710737635,0.110715447711423,False,60.247446473859554,Зелёный,0.37961704078873737,Выше
2022-06-07 19:30:00+05:00,60.69,60.467617954642,Вверх,0.36777047431372184,True,0.1831060539541056,0.1007295076498319,0.08237654630427368,False,60.247446473859554,Зелёный,0.2223820453579961,Выше
2022-06-07 20:00:00+05:00,60.465,60.46759190534208,Вниз,0.0042864371813198165,True,0.1570028216339807,0.1119841704466617,0.045018651187318987,False,60.247446473859554,Зелёный,-0.0025919053420793148,Ниже
2022-06-07 20:30:00+05:00,60.295,60.46587457295063,Вниз,0.2825967112151407,True,0.1212011117349263,0.1138275587043146,0.007373553030611699,False,60.247446473859554,Зелёный,-0.17087457295063047,Ниже
2022-06-08 12:00:00+05:00,60.7,60.468204179189925,Вверх,0.3833350501416908,True,0.1240778220791369,0.1158776113792791,0.008200210699857796,False,60.247446473859554,Зелёный,0.23179582081007766,Выше
2022-06-08 12:30:00+05:00,60.65,60.47001309282983,Вверх,0.2976465490322667,True,0.1209290587068991,0.1168879008448031,0.004041157862095995,False,60.247446473859554,Зелёный,0.17998690717016785,Выше
2022-06-08 13:00:00+05:00,61.085,60.476132365538,Вверх,1.0067899692754843,True,0.1517848246265671,0.1238672856011559,0.027917539025411192,False,60.247446473859554,Зелёный,0.6088676344620012,Выше
2022-06-08 13:30:00+05:00,61.0,60.48134497881623,Вверх,0.8575454487089016,True,0.1674492016334099,0.1325836688076067,0.03486553282580321,False,60.247446473859554,Зелёный,0.5186550211837684,Выше
2022-06-08 14:00:00+05:00,60.925,60.48575945663895,Вверх,0.7261883578992305,True,0.1718307026885313,0.1404330755837917,0.03139762710473959,False,60.247446473859554,Зелёный,0.4392405433610449,Выше
2022-06-08 14:30:00+05:00,60.9,60.4898812530903,Вверх,0.6779956224310549,True,0.1713110160201694,0.1466086636710672,0.024702352349102202,False,60.247446473859554,Зелёный,0.41011874690969563,Выше
2022-06-08 15:00:00+05:00,60.86,60.4935640266914,Вверх,0.6057437335762129,True,0.1657607086188051,0.1504390726606148,0.015321635958190305,False,60.247446473859554,Зелёный,0.36643597330859734,Выше
2022-06-08 15:30:00+05:00,60.67,60.49531960851536,Вверх,0.2887502580613762,True,0.1443664710978609,0.1492245523480641,-0.004858081250203178,Выше,60.247446473859554,Зелёный,0.17468039148464243,Выше
2022-06-08 16:00:00+05:00,60.695,60.49730647808237,Вверх,0.3267807005411901,True,0.1279537041387399,0.1449703827061992,-0.01701667856745928,False,60.247446473859554,Зелёный,0.19769352191762835,Выше
2022-06-08 16:30:00+05:00,60.48,60.49713427432036,Вниз,0.02832245613927454,True,0.0964855396649255,0.1352734140979445,-0.038787874433018996,False,60.247446473859554,Зелёный,-0.017134274320362408,Ниже
2022-06-08 17:00:00+05:00,60.5,60.49716278900374,Вверх,0.004689824886758953,True,0.0723268861351229,0.1226841085053802,-0.05035722237025729,False,60.247446473859554,Зелёный,0.002837210996261774,Выше
2022-06-08 17:30:00+05:00,60.745,60.4996288309042,Вверх,0.4055746685349213,True,0.0721190876586632,0.1125711043360368,-0.040452016677373595,False,60.247446473859554,Зелёный,0.24537116909579737,Выше
2022-06-08 18:00:00+05:00,60.385,60.49848824552207,Вниз,0.1875885642984981,True,0.0424164639217394,0.0985401762531773,-0.056123712331437904,False,60.247446473859554,Зелёный,-0.11348824552207049,Ниже
2022-06-08 18:30:00+05:00,60.535,60.49885154656165,Вверх,0.059750644044081924,True,0.0306276109777527,0.0849576631980924,-0.05433005222033971,False,60.247446473859554,Зелёный,0.03614845343834361,Выше
2022-06-08 19:00:00+05:00,60.295,60.49682317296403,Вниз,0.3336095391108419,True,0.0018969984321444,0.0683455302449028,-0.0664485318127584,False,60.247446473859554,Зелёный,-0.2018231729640263,Ниже
2022-06-08 19:30:00+05:00,60.25,60.49436722099424,Вниз,0.40395037128256084,True,-0.0242241025472651,0.0498316036864692,-0.07405570623373431,False,60.247446473859554,Зелёный,-0.24436722099424202,Ниже
2022-06-08 20:00:00+05:00,60.4,60.49342824367092,Вниз,0.15444362533825468,True,-0.0324474824878606,0.0333757864516032,-0.0658232689394638,False,60.247446473859554,Зелёный,-0.09342824367092106,Ниже
2022-06-08 20:30:00+05:00,60.33,60.49180209199261,Вниз,0.26747771829735323,True,-0.0441045752334829,0.017879714114586,-0.0619842893480689,False,60.247446473859554,Зелёный,-0.16180209199261242,Ниже
2022-06-09 12:00:00+05:00,59.685,60.48377421048025,Вниз,1.3206421406517317,True,-0.1041880003164124,-0.0065338287716136,-0.0976541715447988,False,60.55708776292872,Красный,-0.7987742104802464,Ниже
2022-06-09 12:30:00+05:00,59.37,60.47269188002771,Вниз,1.8234542662915565,True,-0.1752027863464391,-0.0402676202865787,-0.1349351660598604,False,60.11562898663585,Красный,-1.102691880027713,Ниже
2022-06-09 13:00:00+05:00,59.545,60.46346111505231,Вниз,1.5190349644467505,True,-0.2148844245597558,-0.0751909811412142,-0.1396934434185416,False,60.11562898663585,Красный,-0.9184611150523097,Ниже
2022-06-09 13:30:00+05:00,59.6,60.45486946216622,Вниз,1.4140622083407424,True,-0.2391377374099548,-0.1079803323949623,-0.1311574050149925,False,60.11562898663585,Красный,-0.8548694621662207,Ниже
2022-06-09 14:00:00+05:00,59.605,60.44641304960735,Вниз,1.3919983124835225,True,-0.2550155439175512,-0.1373873746994801,-0.11762816921807112,False,60.11562898663585,Красный,-0.841413049607354,Ниже
2022-06-09 14:30:00+05:00,59.485,60.436846750606286,Вниз,1.5749444284115262,True,-0.2741219103389696,-0.164734281827378,-0.10938762851159159,False,60.06587317813178,Красный,-0.9518467506062862,Ниже
2022-06-09 15:00:00+05:00,59.44,60.42692787746592,Вниз,1.633258403384699,True,-0.2895571329159949,-0.1896988520451014,-0.09985828087089349,False,59.87928586031861,Красный,-0.9869278774659236,Ниже
2022-06-09 15:30:00+05:00,59.31,60.41581416724238,Вниз,1.8303389310972065,True,-0.308720830001512,-0.2135032476363835,-0.0952175823651285,False,59.83335727428674,Красный,-1.1058141672423787,Ниже
2022-06-09 16:00:00+05:00,59.245,60.404164275031015,Вниз,1.9190138443984324,True,-0.3254021216781879,-0.2358830224447444,-0.08951909923344348,False,59.76727154685807,Красный,-1.1591642750310172,Ниже
2022-06-09 16:30:00+05:00,58.995,60.39014273995608,Вниз,2.310215999925123,True,-0.3547062434000452,-0.2596476666358046,-0.09505857676424062,False,59.50304439217226,Красный,-1.3951427399560856,Ниже
2022-06-09 17:00:00+05:00,59.025,60.37655923010578,Вниз,2.2385496082258447,True,-0.3712299143399704,-0.2819641161766377,-0.08926579816333269,False,59.50304439217226,Красный,-1.351559230105778,Ниже
2022-06-09 17:30:00+05:00,59.13,60.36415565567686,Вниз,2.0445173833236474,True,-0.3715692016650962,-0.2998851332743294,-0.0716840683907668,False,59.50189095765953,Красный,-1.234155655676858,Ниже
2022-06-09 18:00:00+05:00,58.96,60.350183957610426,Вниз,2.3035289479595975,True,-0.3811618717726404,-0.3161404809739916,-0.06502139079864877,False,59.45895186189357,Красный,-1.3901839576104251,Ниже
2022-06-09 18:30:00+05:00,58.94,60.336152276440174,Вниз,2.313956432030122,True,-0.3859292130617717,-0.3300982273915476,-0.0558309856702241,False,59.29580667570422,Красный,-1.3961522764401764,Ниже
2022-06-09 19:00:00+05:00,58.895,60.321812452794006,Вниз,2.36533418804447,True,-0.3888559993930016,-0.3418497817918384,-0.04700621760116319,False,59.266726008133794,Красный,-1.4268124527940031,Ниже
2022-06-09 19:30:00+05:00,58.87,60.30736655774133,Вниз,2.3834012986873288,True,-0.3887119602007445,-0.3512222174736197,-0.0374897427271248,False,59.21830340732042,Красный,-1.4373665577413348,Ниже
2022-06-09 20:00:00+05:00,58.985,60.29420868154491,Вниз,2.171367217803187,True,-0.3749955538797351,-0.3559768847548428,-0.019018669124892307,False,59.21830340732042,Красный,-1.3092086815449093,Ниже
2022-06-09 20:30:00+05:00,58.98,60.28113197824595,Вниз,2.158439855966048,True,-0.3603744884843038,-0.356856405500735,-0.0035180829835688154,False,59.21830340732042,Красный,-1.3011319782459552,Ниже
2022-06-10 12:00:00+05:00,58.93,60.267687878959926,Вниз,2.2195772329054733,True,-0.3488010100293692,-0.3552453264064618,0.006444316377092585,Ниже,59.12240818393658,Красный,-1.337687878959926,Ниже
2022-06-10 12:30:00+05:00,58.735,60.25243725329863,Вниз,2.51846617742514,True,-0.3513140851996752,-0.3544590781651045,0.003144992965429305,False,59.12240818393658,Красный,-1.517437253298631,Ниже
2022-06-10 13:00:00+05:00,58.405,60.2340547930668,Вниз,3.036579223083165,True,-0.3756042257439347,-0.3586881076808705,-0.0169161180630642,Ниже,58.89030062898863,Красный,-1.8290547930667955,Ниже
2022-06-10 13:30:00+05:00,58.62,60.21799454636962,Вниз,2.653682771084509,True,-0.3732035754496152,-0.3615912012346195,-0.011612374214995669,False,58.89030062898863,Красный,-1.5979945463696197,Ниже
2022-06-10 14:00:00+05:00,58.74,60.20328813297292,Вниз,2.4305784257845002,True,-0.3574970423079264,-0.3607723694492809,0.0032753271413545337,Ниже,58.89030062898863,Красный,-1.4632881329729202,Ниже
2022-06-10 14:30:00+05:00,58.71,60.18842954458513,Вниз,2.4563351391150112,True,-0.3435104759740284,-0.3573199907542304,0.013809514780201981,False,58.89030062898863,Красный,-1.4784295445851257,Ниже
2022-06-10 15:00:00+05:00,58.745,60.17406706155443,Вниз,2.3748886045754314,True,-0.3258456678665595,-0.3510251261766962,0.025179458310136682,False,58.89030062898863,Красный,-1.4290670615544343,Ниже
2022-06-10 15:30:00+05:00,58.705,60.1594494788524,Вниз,2.417657560785492,True,-0.3114832607411557,-0.3431167530895881,0.031633492348432435,False,58.89030062898863,Красный,-1.4544494788524034,Ниже
2022-06-10 16:00:00+05:00,58.35,60.14144500642601,Вниз,2.9787195938418116,True,-0.325000084095997,-0.3394934192908699,0.014493335194872892,False,58.91621115907035,Красный,-1.7914450064260095,Ниже
2022-06-10 16:30:00+05:00,58.185,60.121977891934215,Вниз,3.221746788530175,True,-0.3450488763643662,-0.3406045107055692,-0.004444365658797023,Ниже,58.71084004316332,Красный,-1.9369778919342124,Ниже
2022-06-10 17:00:00+05:00,57.995,60.10081393281049,Вниз,3.5038026858749025,True,-0.3719811338240433,-0.346879835329264,-0.025101298494779323,False,58.41375603884698,Красный,-2.1058139328104915,Ниже
2022-06-10 17:30:00+05:00,57.86,60.07851727676263,Вниз,3.692696453447126,True,-0.399612034867097,-0.3574262752368306,-0.042185759630266384,False,58.23263043496228,Красный,-2.2185172767626327,Ниже
2022-06-10 18:00:00+05:00,57.99,60.057736010327176,Вниз,3.4429136822134256,True,-0.406335823036251,-0.3672081847967147,-0.0391276382395363,False,58.23263043496228,Красный,-2.067736010327174,Ниже
2022-06-10 18:30:00+05:00,58.255,60.03979833858263,Вниз,2.9726920941965966,True,-0.3858335394304717,-0.3709332557234661,-0.014900283707005635,False,57.70891934768056,Зелёный,-1.7847983385826254,Ниже
2022-06-10 19:00:00+05:00,57.8,60.01751178794997,Вниз,3.6947746114246525,True,-0.401669829603378,-0.3770805704994485,-0.024589259103929506,False,57.70891934768056,Зелёный,-2.2175117879499737,Ниже
2022-06-10 19:30:00+05:00,57.935,59.99679027762211,Вниз,3.436500966271066,True,-0.3987305147291167,-0.3814105593453822,-0.017319955383734487,False,57.70891934768056,Зелёный,-2.0617902776221086,Ниже
2022-06-10 20:00:00+05:00,58.0,59.97692171764578,Вниз,3.296137349216692,True,-0.3866985100301576,-0.3824681494823373,-0.004230360547820278,False,57.70891934768056,Зелёный,-1.97692171764578,Ниже
2022-06-10 20:30:00+05:00,57.94,59.95665383985826,Вниз,3.363519660794719,True,-0.3776512298810459,-0.381504765562079,0.003853535681033138,Ниже,57.70891934768056,Зелёный,-2.0166538398582645,Ниже
2022-06-14 12:00:00+05:00,56.06,59.9178811648348,Вниз,6.438614132935916,False,-0.5162306972299575,-0.4084499518956547,-0.10778074533430282,Ниже,57.56908016438811,Красный,-3.857881164834801,Ниже
2022-06-14 12:30:00+05:00,56.26,59.881484337324,Вниз,6.047753120018663,False,-0.6029669671217945,-0.4473533549408827,-0.15561361218091185,False,56.7906721479493,Красный,-3.6214843373239987,Ниже
2022-06-14 13:00:00+05:00,56.2,59.84485265237551,Вниз,6.09050317752069,False,-0.668837640488654,-0.491650212050437,-0.177187428438217,False,56.7906721479493,Красный,-3.644852652375505,Ниже
2022-06-14 13:30:00+05:00,56.33,59.80987899414292,Вниз,5.818234466723634,False,-0.7024532661693712,-0.5338108228742239,-0.16864244329514733,False,56.7906721479493,Красный,-3.479878994142922,Ниже
2022-06-14 14:00:00+05:00,55.99,59.77187024793255,Вниз,6.32717402391028,False,-0.7479076365326733,-0.5766301856059137,-0.1712774509267596,False,56.78907249585504,Красный,-3.7818702479325452,Ниже
2022-06-14 14:30:00+05:00,55.91,59.73344367830138,Вниз,6.400842547924748,False,-0.7813786373981415,-0.6175798759643594,-0.16379876143378214,False,56.51266524626954,Красный,-3.8234436783013805,Ниже
2022-06-14 15:00:00+05:00,55.75,59.69380742279589,Вниз,6.606727888644995,False,-0.8114612889320796,-0.6563561585579034,-0.15510513037417617,False,56.34339872164258,Красный,-3.943807422795892,Ниже
2022-06-14 15:30:00+05:00,55.595,59.65302326933524,Вниз,6.802711827384076,False,-0.8381475681802399,-0.6927144404823709,-0.1454331276978691,False,56.25080884947833,Красный,-4.058023269335244,Ниже
2022-06-14 16:00:00+05:00,55.605,59.6127444308344,Вниз,6.722965817291603,False,-0.8487063616859984,-0.7239128247230964,-0.12479353696290207,False,56.13272796453049,Красный,-4.0077444308344,Ниже
2022-06-14 16:30:00+05:00,55.445,59.57127433699526,Вниз,6.926617539945321,False,-0.8600705860943734,-0.7511443769973518,-0.10892620909702155,False,55.99095516807745,Красный,-4.126274336995259,Ниже
2022-06-14 17:00:00+05:00,55.54,59.5311621545376,Вниз,6.704324273356022,False,-0.8515944589374698,-0.7712343933853755,-0.0803600655520943,False,55.99095516807745,Красный,-3.991162154537598,Ниже
2022-06-14 17:30:00+05:00,55.54,59.49144909827356,Вниз,6.642045467317814,False,-0.8352488384135413,-0.7840372823910087,-0.05121155602253258,False,55.95672368614272,Красный,-3.9514490982735637,Ниже
2022-06-14 18:00:00+05:00,55.705,59.45377298784298,Вниз,6.305357590357683,False,-0.7997615421236972,-0.7871821343375465,-0.012579407786150743,False,55.95672368614272,Красный,-3.748772987842983,Ниже
2022-06-14 18:30:00+05:00,55.5,59.414431963088326,Вниз,6.588352078364053,False,-0.7791972895647135,-0.78558516538298,0.006387875818266497,Ниже,55.95672368614272,Красный,-3.914431963088326,Ниже
2022-06-14 19:00:00+05:00,55.625,59.376726172410834,Вниз,6.318513017233441,False,-0.7442344445163442,-0.7773150212096529,0.03308057669330866,False,55.95672368614272,Красный,-3.7517261724108337,Ниже
2022-06-14 19:30:00+05:00,55.58,59.3389478025361,Вниз,6.334705858022384,False,-0.7119503414782571,-0.7642420852633738,0.052291743785116696,False,55.95672368614272,Красный,-3.758947802536099,Ниже
2022-06-14 20:00:00+05:00,55.5,59.300749316938735,Вниз,6.409277050826547,False,-0.68492490073357,-0.7483786483574131,0.06345374762384304,False,55.95672368614272,Красный,-3.8007493169387345,Ниже
2022-06-14 20:30:00+05:00,55.3,59.26094086602392,Вниз,6.6838980416776534,False,-0.6719001263525897,-0.7330829439564485,0.0611828176038588,False,55.857884487487375,Красный,-3.9609408660239254,Ниже
2022-06-15 12:00:00+05:00,56.34,59.23187677780478,Вниз,4.882298071784907,True,-0.5710755865799939,-0.7006814724811575,0.12960588590116362,False,55.43440396126136,Зелёный,-2.891876777804775,Ниже
2022-06-15 12:30:00+05:00,56.16,59.201310839717166,Вниз,5.137235639851416,False,-0.499932991754406,-0.6605317763358073,0.1605987845814013,False,55.610213565135226,Зелёный,-3.0413108397171698,Ниже
2022-06-15 13:00:00+05:00,56.455,59.17398436370008,Вниз,4.594898236002551,True,-0.4149644859308878,-0.6114183182548234,0.1964538323239356,False,55.7209422086217,Зелёный,-2.7189843637000806,Ниже
2022-06-15 13:30:00+05:00,56.295,59.145337753116,Вниз,4.819209529268154,True,-0.3564283120129659,-0.5604203170064519,0.20399200499348602,False,55.7209422086217,Зелёный,-2.8503377531160012,Ниже
2022-06-15 14:00:00+05:00,56.2,59.11603090980142,Вниз,4.932724448721298,True,-0.3140831237637371,-0.511152878357909,0.19706975459417192,False,55.7209422086217,Зелёный,-2.916030909801414,Ниже
2022-06-15 14:30:00+05:00,56.125,59.08626940821135,Вниз,5.011772511398082,False,-0.2833103053489338,-0.465584363756114,0.1822740584071802,False,55.7209422086217,Зелёный,-2.9612694082113507,Ниже
2022-06-15 15:00:00+05:00,55.925,59.05481399121423,Вниз,5.299845651329741,False,-0.2719263558176976,-0.4268527621684307,0.15492640635073313,False,55.7209422086217,Зелёный,-3.1298139912142346,Ниже
2022-06-15 15:30:00+05:00,55.93,59.02372131468473,Вниз,5.241488075939106,False,-0.2595095707910246,-0.3933841238929496,0.13387455310192498,False,55.7209422086217,Зелёный,-3.0937213146847284,Ниже
2022-06-15 16:00:00+05:00,56.06,58.99423155035951,Вниз,4.973760100349379,True,-0.2364535760175172,-0.3619980143178631,0.1255444383003459,False,55.7209422086217,Зелёный,-2.934231550359506,Ниже
2022-06-15 16:30:00+05:00,56.345,58.967871037420615,Вниз,4.44796630991843,True,-0.1929600920665706,-0.3281904298676046,0.135230337801034,False,55.7209422086217,Зелёный,-2.622871037420616,Ниже
2022-06-15 17:00:00+05:00,56.535,58.94366336540648,Вниз,4.08638219595307,True,-0.1415283300871479,-0.2908580099115133,0.14932967982436537,False,55.76307357524162,Зелёный,-2.4086633654064826,Ниже
2022-06-15 17:30:00+05:00,56.72,58.9215373617706,Вниз,3.73638818731672,True,-0.0848620968544153,-0.2496588273000937,0.16479673044567839,False,56.04576621771746,Зелёный,-2.2015373617706047,Ниже
2022-06-15 18:00:00+05:00,56.61,58.8985369900117,Вниз,3.885558295615732,True,-0.0482733147278651,-0.2093817247856479,0.1611084100577828,False,56.14043959594571,Зелёный,-2.2885369900117,Ниже
2022-06-15 18:30:00+05:00,56.21,58.871785378170784,Вниз,4.521326066591066,True,-0.0509655986489079,-0.1776984995583,0.1267329009093921,False,56.14043959594571,Зелёный,-2.6617853781707836,Ниже
2022-06-15 19:00:00+05:00,56.595,58.84913079729347,Вниз,3.8303552945545634,True,-0.0217818826480282,-0.1465151761762456,0.1247332935282174,False,56.14043959594571,Зелёный,-2.2541307972934703,Ниже
2022-06-15 19:30:00+05:00,56.555,58.8263036251811,Вниз,3.8610340701550507,True,-0.0018598044975064,-0.1175841018404978,0.1157242973429914,False,56.14043959594571,Зелёный,-2.2713036251810976,Ниже
2022-06-15 20:00:00+05:00,56.505,58.80320607667184,Вниз,3.908300635300859,True,0.0097812516545872,-0.0921110311414808,0.10189228279606799,False,56.14043959594571,Зелёный,-2.298206076671839,Ниже
2022-06-15 20:30:00+05:00,56.78,58.78307467292386,Вниз,3.4075704342945796,True,0.0407275919258367,-0.0655433065280173,0.10627089845385401,False,56.16412750200998,Зелёный,-2.0030746729238587,Ниже
2022-06-16 12:00:00+05:00,57.19,58.76722318364104,Вниз,2.6838484076615265,True,0.097215720720392,-0.0329915010783354,0.1302072217987274,False,56.54271475180899,Зелёный,-1.5772231836410455,Ниже
2022-06-16 12:30:00+05:00,57.405,58.75366872410232,Вниз,2.295462995571301,True,0.1575159273745825,0.0051099846122481,0.1524059427623344,False,56.777943276628086,Зелёный,-1.3486687241023176,Ниже
2022-06-16 13:00:00+05:00,57.435,58.74054764227046,Вниз,2.222566344156733,True,0.2053577881164727,0.045159545313093,0.16019824280337971,False,56.77864894896528,Зелёный,-1.3055476422704544,Ниже
2022-06-16 13:30:00+05:00,57.23,58.72551731747175,Вниз,2.5466226366077698,True,0.2241471913972503,0.0809570745299245,0.1431901168673258,False,56.78428405406875,Зелёный,-1.4955173174717515,Ниже
2022-06-16 14:00:00+05:00,57.11,58.70944251829293,Вниз,2.7243360687585665,True,0.2267412003335067,0.1101138996906409,0.11662730064286579,False,56.78428405406875,Зелёный,-1.599442518292932,Ниже
2022-06-16 14:30:00+05:00,57.12,58.6936271698522,Вниз,2.6810869352107285,True,0.226987319011954,0.1334885835549036,0.0934987354570504,False,56.78428405406875,Зелёный,-1.5736271698522017,Ниже
2022-06-16 15:00:00+05:00,57.12,58.67796918806263,Вниз,2.6551177718324763,True,0.2245933969621631,0.1517095462363555,0.07288385072580761,False,56.78428405406875,Зелёный,-1.5579691880626356,Ниже
2022-06-16 15:30:00+05:00,57.055,58.66182024091773,Вниз,2.7391244157080212,True,0.2149731629121944,0.1643622695715233,0.05061089334067109,False,56.78428405406875,Зелёный,-1.6068202409177275,Ниже
2022-06-16 16:00:00+05:00,57.12,58.64647874598322,Вниз,2.602848079924611,True,0.2101712910734789,0.1735240738719144,0.0366472172015645,False,56.78428405406875,Зелёный,-1.5264787459832192,Ниже
2022-06-16 16:30:00+05:00,57.18,58.631886917664986,Вниз,2.476275272709247,True,0.2088003511306269,0.1805793293236569,0.028221021806970004,False,56.78428405406875,Зелёный,-1.4518869176649858,Ниже
2022-06-16 17:00:00+05:00,57.82,58.6238084408723,Вниз,1.3711296864703353,True,0.2564008927579593,0.1957436420105174,0.06065725074744191,False,57.07193059528052,Зелёный,-0.8038084408723023,Ниже
2022-06-16 17:30:00+05:00,58.0,58.6176013917094,Вниз,1.053610821743297,True,0.3051317912664544,0.2176212718617048,0.0875105194047496,False,57.33198753575247,Зелёный,-0.6176013917093996,Ниже
2022-06-16 18:00:00+05:00,57.595,58.60742625348344,Вниз,1.727470933640026,True,0.3075262924766306,0.23560227598469,0.0719240164919406,False,57.33198753575247,Зелёный,-1.01242625348344,Ниже
2022-06-16 18:30:00+05:00,57.25,58.59391952459306,Вниз,2.2936160193703916,True,0.2783763855333063,0.2441570978944133,0.03421928763889298,False,57.932365096040506,Красный,-1.343919524593062,Ниже
2022-06-16 19:00:00+05:00,57.16,58.579651668626965,Вниз,2.423455292390003,True,0.2451862717112334,0.2443629326577773,0.0008233390534560792,False,57.74562858643645,Красный,-1.419651668626969,Ниже
2022-06-16 19:30:00+05:00,57.055,58.56448100525755,Вниз,2.5774684234323475,True,0.208012407358197,0.2370928275978613,-0.029080420239664284,Выше,57.701815727792805,Красный,-1.5094810052575482,Ниже
2022-06-16 20:00:00+05:00,57.0,58.54891403008086,Вниз,2.6455042860147127,True,0.1721296087071522,0.2241001838197195,-0.05197057511256731,False,57.46688415501353,Красный,-1.5489140300808586,Ниже
2022-06-16 20:30:00+05:00,57.25,58.535989512368616,Вниз,2.196921113116038,True,0.1619977338813214,0.2116796938320398,-0.04968195995071839,False,57.46688415501353,Красный,-1.2859895123686158,Ниже
2022-06-17 12:00:00+05:00,57.8,58.52866623363858,Вниз,1.2449732422226174,True,0.1960881711672897,0.2085613892990898,-0.012473218131800107,False,56.93512383443905,Зелёный,-0.7286662336385845,Ниже
2022-06-17 12:30:00+05:00,57.57,58.51912726613969,Вниз,1.6219094687163493,True,0.202215001848117,0.2072921118088953,-0.005077109960778314,False,56.96911145099514,Зелёный,-0.9491272661396906,Ниже
2022-06-17 13:00:00+05:00,57.43,58.50829017891442,Вниз,1.8429699032685505,True,0.1935426896824026,0.2045422273835968,-0.01099953770119419,False,56.96911145099514,Зелёный,-1.078290178914422,Ниже
2022-06-17 13:30:00+05:00,57.5,58.49825744081577,Вниз,1.7064738070629433,True,0.1901265740006295,0.2016590967070033,-0.01153252270637381,False,56.96911145099514,Зелёный,-0.9982574408157703,Ниже
2022-06-17 14:00:00+05:00,57.26,58.48593647125541,Вниз,2.0961218118785365,True,0.1661381463411189,0.1945549066338265,-0.028416760292707594,False,56.96911145099514,Зелёный,-1.2259364712554088,Ниже
2022-06-17 14:30:00+05:00,57.33,58.47443461582005,Вниз,1.9571537943702157,True,0.1510345275612508,0.1858508308193113,-0.03481630325806051,False,56.96911145099514,Зелёный,-1.1444346158200531,Ниже
2022-06-17 15:00:00+05:00,57.415,58.46389297785169,Вниз,1.7940867848965398,True,0.144260643587728,0.1775327933729947,-0.033272149785266714,False,56.96911145099514,Зелёный,-1.0488929778516933,Ниже
2022-06-17 15:30:00+05:00,57.055,58.44987414225118,Вниз,2.386445074041454,True,0.108591524878129,0.1637445396740216,-0.055153014795892616,False,56.96911145099514,Зелёный,-1.394874142251183,Ниже
2022-06-17 16:00:00+05:00,56.8,58.43345748411933,Вниз,2.7954147408841306,True,0.0590662435543336,0.142808880450084,-0.0837426368957504,False,57.494347979984525,Красный,-1.633457484119333,Ниже
2022-06-17 16:30:00+05:00,56.765,58.41685591711317,Вниз,2.8277042493641926,True,0.016799242590622,0.1176069528781916,-0.1008077102875696,False,57.24016318198606,Красный,-1.651855917113167,Ниже
2022-06-17 17:00:00+05:00,56.3,58.39579267415682,Вниз,3.5889446451239335,True,-0.0536013905586116,0.0833652841908309,-0.13696667474944252,False,57.07964686378747,Красный,-2.095792674156826,Ниже
2022-06-17 17:30:00+05:00,56.96,58.38150617988661,Вниз,2.4348569828031232,True,-0.0554981670651884,0.0555925939396271,-0.11109076100481549,False,57.07964686378747,Красный,-1.421506179886606,Ниже
2022-06-17 18:00:00+05:00,56.795,58.365720048743455,Вниз,2.6911688015357043,True,-0.0695141809428179,0.030571238963138,-0.1000854199059559,False,57.07964686378747,Красный,-1.5707200487434534,Ниже
2022-06-17 18:30:00+05:00,56.68,58.34894671492511,Вниз,2.86028593297334,True,-0.0888769931723771,0.006681592536035,-0.0955585857084121,False,57.07964686378747,Красный,-1.668946714925113,Ниже
2022-06-17 19:00:00+05:00,56.51,58.33064873766218,Вниз,3.1212557670160956,True,-0.1165956979884512,-0.0179738655688622,-0.098621832419589,False,57.07964686378747,Красный,-1.8206487376621823,Ниже
2022-06-17 19:30:00+05:00,56.445,58.3118860636556,Вниз,3.2015532161275515,True,-0.1421690912433391,-0.0428129107037576,-0.09935618053958149,False,56.95470990159786,Красный,-1.866886063655599,Ниже
2022-06-17 20:00:00+05:00,56.5,58.29385734660431,Вниз,3.0772665050081933,True,-0.1561976005883991,-0.0654898486806859,-0.0907077519077132,False,56.95470990159786,Красный,-1.7938573466043124,Ниже
2022-06-17 20:30:00+05:00,56.56,58.2766050346978,Вниз,2.9456160558353317,True,-0.1606222435158599,-0.0845163276477207,-0.07610591586813921,False,56.95470990159786,Красный,-1.7166050346977997,Ниже
2022-06-20 12:00:00+05:00,56.995,58.26385274579534,Вниз,2.177770068401305,True,-0.1275575364816461,-0.0931245694145058,-0.034432967067140316,False,56.24538148173516,Зелёный,-1.2688527457953427,Ниже
2022-06-20 12:30:00+05:00,56.43,58.2456054547924,Вниз,3.1171544026640565,True,-0.145269717164453,-0.1035535989644952,-0.0417161181999578,False,56.24538148173516,Зелёный,-1.8156054547923972,Ниже
2022-06-20 13:00:00+05:00,56.075,58.22400739056562,Вниз,3.6909300593999155,True,-0.1858103747687636,-0.1200049541253489,-0.06580542064341471,False,56.71541599979452,Красный,-2.1490073905656146,Ниже
2022-06-20 13:30:00+05:00,56.0,58.20187796379383,Вниз,3.7831733971944494,True,-0.2214384070824735,-0.1402916447167738,-0.0811467623656997,False,56.580624399815065,Красный,-2.2018779637938266,Ниже
2022-06-20 14:00:00+05:00,56.305,58.18300355619389,Вниз,3.227752851191481,True,-0.2224981086720419,-0.1567329375078274,-0.06576517116421449,False,56.580624399815065,Красный,-1.8780035561938888,Ниже
2022-06-20 14:30:00+05:00,56.215,58.16342143125664,Вниз,3.3499085564618536,True,-0.2279722554026477,-0.1709808010867915,-0.0569914543158562,False,56.580624399815065,Красный,-1.9484214312566337,Ниже
2022-06-20 15:00:00+05:00,56.145,58.14333763592075,Вниз,3.4369159342620574,True,-0.2352471879647666,-0.1838340784623865,-0.051413109502380094,False,56.580624399815065,Красный,-1.9983376359207483,Ниже
2022-06-20 15:30:00+05:00,56.0,58.122010893274776,Вниз,3.650959181662298,True,-0.2498329933856382,-0.1970338614470369,-0.05279913193860128,False,56.580624399815065,Красный,-2.1220108932747763,Ниже
2022-06-20 16:00:00+05:00,56.075,58.10164262568,Вниз,3.4880986734517103,True,-0.2524306130927556,-0.2081132117761806,-0.044317401316574995,False,56.580624399815065,Красный,-2.0266426256799974,Ниже
2022-06-20 16:30:00+05:00,56.215,58.0828700622404,Вниз,3.215870807070705,True,-0.2404209919163591,-0.2145747678042163,-0.025846224112142796,False,56.580624399815065,Красный,-1.8678700622403994,Ниже
2022-06-20 17:00:00+05:00,56.065,58.06279175316339,Вниз,3.440743534441825,True,-0.2402377161580275,-0.2197073574749786,-0.020530358683048894,False,56.580624399815065,Красный,-1.9977917531633906,Ниже
2022-06-20 17:30:00+05:00,56.07,58.04296297950008,Вниз,3.3991424252357745,True,-0.2369575118897344,-0.2231573883579297,-0.013800123531804709,False,56.57239763472131,Красный,-1.9729629795000818,Ниже
2022-06-20 18:00:00+05:00,56.055,58.0231822533359,Вниз,3.392061891301629,True,-0.2328837619713866,-0.2251026630806211,-0.007781098890765503,False,56.54465787124918,Красный,-1.9681822533358968,Ниже
2022-06-20 18:30:00+05:00,56.08,58.00384710653653,Вниз,3.3167577712612335,True,-0.2250438295627503,-0.225090896377047,4.70668142966979e-05,Ниже,56.516692084124266,Красный,-1.9238471065365346,Ниже
2022-06-20 19:00:00+05:00,56.04,57.98430633930732,Вниз,3.353159608273662,True,-0.2195277135210815,-0.2239782598058539,0.0044505462847724,False,56.43577287571184,Красный,-1.9443063393073174,Ниже
2022-06-20 19:30:00+05:00,55.935,57.96391523145352,Вниз,3.5003074298068593,True,-0.2210802982346251,-0.2233986674916082,0.0023183692569830883,False,56.34619558814066,Красный,-2.0289152314535173,Ниже
2022-06-20 20:00:00+05:00,55.99,57.94427428387687,Вниз,3.3726788505497804,True,-0.2153898127739069,-0.2217968965480679,0.006407083774160993,False,56.3253260293266,Красный,-1.9542742838768703,Ниже
2022-06-20 20:30:00+05:00,56.015,57.92507752483333,Вниз,3.297496708596459,True,-0.2064825684639544,-0.2187340309312452,0.01225146246729078,False,56.3253260293266,Красный,-1.9100775248333264,Ниже
2022-06-21 12:00:00+05:00,56.095,57.90686779821807,Вниз,3.128934213005093,True,-0.1907691141645386,-0.2131410475779039,0.022371933413365297,False,56.3253260293266,Красный,-1.8118677982180742,Ниже
2022-06-21 12:30:00+05:00,55.66,57.88451090470347,Вниз,3.8430158084357533,True,-0.2109848509480301,-0.2127098082519292,0.0017249573038990995,False,56.23571267537908,Красный,-2.2245109047034717,Ниже
2022-06-21 13:00:00+05:00,55.9,57.86476452754225,Вниз,3.395442016543711,True,-0.2052737062519227,-0.2112225878519279,0.005948881600005201,False,56.18539140784117,Красный,-1.9647645275422505,Ниже
2022-06-21 13:30:00+05:00,55.795,57.8441698556264,Вниз,3.5425693907284534,True,-0.2068359295669211,-0.2103452561949265,0.0035093266280054047,False,56.18539140784117,Красный,-2.0491698556263955,Ниже
2022-06-21 14:00:00+05:00,55.73,57.82313333965002,Вниз,3.6198891667718334,True,-0.2108879742773339,-0.210453799811408,-0.00043417446592591835,Ниже,56.13024204035136,Красный,-2.0931333396500236,Ниже
2022-06-21 14:30:00+05:00,55.805,57.80305241089729,Вниз,3.45665553558311,True,-0.2056764654404475,-0.2094983329372159,0.0038218674967684108,Ниже,56.13024204035136,Красный,-1.9980524108972872,Ниже
2022-06-21 15:00:00+05:00,55.78,57.78292253616199,Вниз,3.4662880454143017,True,-0.2012437851216333,-0.2078474233740994,0.006603638252466099,False,56.13024204035136,Красный,-2.0029225361619893,Ниже
2022-06-21 15:30:00+05:00,56.025,57.76543076963301,Вниз,3.012927881683769,True,-0.1759333514231755,-0.2014646089839147,0.02553125756073918,False,56.13024204035136,Красный,-1.740430769633008,Ниже
2022-06-21 16:00:00+05:00,56.045,57.74831205550731,Вниз,2.9495443154599883,True,-0.1525028594779627,-0.1916722590827243,0.03916939960476162,False,56.13024204035136,Красный,-1.7033120555073111,Ниже
2022-06-21 16:30:00+05:00,56.18,57.73270696042764,Вниз,2.6894754155420615,True,-0.121638481350196,-0.1776655035362187,0.05602702218602271,False,55.741389077592935,Зелёный,-1.552706960427642,Ниже
2022-06-21 17:00:00+05:00,56.135,57.716809378731845,Вниз,2.7406389850003228,True,-0.0996605385851339,-0.1620645105460017,0.062403971960867805,False,55.78550016983364,Зелёный,-1.5818093787318475,Ниже
2022-06-21 17:30:00+05:00,55.855,57.69828391227681,Вниз,3.194694516528946,True,-0.1036418023608263,-0.1503799689089666,0.046738166548140295,False,55.78550016983364,Зелёный,-1.84328391227681,Ниже
2022-06-21 18:00:00+05:00,55.805,57.67944526638351,Вниз,3.2497629922179,True,-0.109568526944507,-0.1422176805160747,0.032649153571567696,False,55.78550016983364,Зелёный,-1.8744452663835105,Ниже
2022-06-21 18:30:00+05:00,55.73,57.66004780104636,Вниз,3.3472878963019848,True,-0.1189462339323554,-0.1375633911993309,0.018617157266975493,False,56.07838537619128,Красный,-1.9300478010463635,Ниже
2022-06-21 19:00:00+05:00,55.455,57.6381070269066,Вниз,3.7876105575214107,True,-0.1468752495617806,-0.1394257628718208,-0.007449486689959817,Ниже,55.92754683857215,Красный,-2.1831070269066046,Ниже
2022-06-21 19:30:00+05:00,55.29,57.61474277788265,Вниз,4.034979010224928,True,-0.1802455581083464,-0.147589721919126,-0.03265583618922038,False,55.72179215471493,Красный,-2.3247427778826477,Ниже
2022-06-21 20:00:00+05:00,54.595,57.58469558606292,Вниз,5.19182320169547,False,-0.2597779017490111,-0.170027357885103,-0.0897505438639081,False,55.33436293924344,Красный,-2.989695586062922,Ниже
2022-06-21 20:30:00+05:00,54.5,57.55400209764439,Вниз,5.3063244715164455,False,-0.3267074826441245,-0.2013633828369073,-0.12534409980721722,False,54.9499266453191,Красный,-3.0540020976443927,Ниже
2022-06-22 12:00:00+05:00,54.305,57.52167371856335,Вниз,5.592107306024489,False,-0.3909775818338161,-0.2392862226362891,-0.151691359197527,False,54.66868398078719,Красный,-3.2166737185633494,Ниже
2022-06-22 12:30:00+05:00,54.665,57.49324910444829,Вниз,4.919271651024966,True,-0.4081581144544017,-0.2730606009999117,-0.13509751345449,False,54.66868398078719,Красный,-2.8282491044482896,Ниже
2022-06-22 13:00:00+05:00,54.885,57.467296377040846,Вниз,4.4935059413592295,True,-0.3994174136363071,-0.2983319635271908,-0.10108545010911629,False,54.36244097556238,Зелёный,-2.582296377040848,Ниже
2022-06-22 13:30:00+05:00,54.3,57.43578099020462,Вниз,5.459629757170734,False,-0.4346841874838176,-0.3256024083185161,-0.10908177916530148,False,55.308053121993865,Красный,-3.1357809902046228,Ниже
2022-06-22 14:00:00+05:00,54.47,57.40627073159562,Вниз,5.114895453362967,False,-0.4437999312391696,-0.3492419129026469,-0.09455801833652272,False,55.15424780979448,Красный,-2.93627073159562,Ниже
2022-06-22 14:30:00+05:00,54.285,57.37521331138074,Вниз,5.385972675360459,False,-0.460642181403756,-0.3715219666028687,-0.08912021480088733,False,55.04332302881502,Красный,-3.0902133113807437,Ниже
2022-06-22 15:00:00+05:00,54.31,57.34471367644164,Вниз,5.292054806593901,False,-0.4665938910038818,-0.3905363514830713,-0.07605753952081051,False,54.89899072593352,Красный,-3.0347136764416405,Ниже
2022-06-22 15:30:00+05:00,54.28,57.31421901299446,Вниз,5.294007430000098,False,-0.4683327644398289,-0.4060956340744229,-0.06223713036540601,False,54.89899072593352,Красный,-3.0342190129944555,Ниже
2022-06-22 16:00:00+05:00,54.25,57.28372927157163,Вниз,5.295970269654193,False,-0.4667511665399075,-0.4182267405675199,-0.0485244259723876,False,54.84165748800615,Красный,-3.03372927157163,Ниже
2022-06-22 16:30:00+05:00,54.98,57.26080659225251,Вниз,3.9831897732315693,True,-0.4019593030395114,-0.4149732530619182,0.013013950022406795,Ниже,54.08300826079446,Зелёный,-2.2808065922525103,Ниже
2022-06-22 17:00:00+05:00,54.805,57.23637070576244,Вниз,4.24794702351324,True,-0.3605758281826183,-0.4040937680860582,0.043517939903439884,False,54.272707434715024,Зелёный,-2.43137070576244,Ниже
2022-06-22 17:30:00+05:00,54.495,57.20909338530709,Вниз,4.744164300992314,True,-0.3487730962784141,-0.3930296337245294,0.04425653744611535,False,54.272707434715024,Зелёный,-2.7140933853070948,Ниже
2022-06-22 18:00:00+05:00,54.44,57.181540217294085,Вниз,4.7944497592685185,True,-0.3399387838602763,-0.3824114637516788,0.042472679891402465,False,54.272707434715024,Зелёный,-2.7415402172940873,Ниже
2022-06-22 18:30:00+05:00,54.405,57.153912951450366,Вниз,4.809667106756873,True,-0.3319353905542073,-0.3723162491121845,0.04038085855797724,False,54.272707434715024,Зелёный,-2.7489129514503645,Ниже
2022-06-22 19:00:00+05:00,54.445,57.126958593724495,Вниз,4.694733729477965,True,-0.318691303028892,-0.361591259895526,0.042899956866634004,False,54.272707434715024,Зелёный,-2.681958593724495,Ниже
2022-06-22 19:30:00+05:00,54.21,57.097934130105344,Вниз,5.057860978866232,False,-0.3234295102038871,-0.3539589099571982,0.030529399753311093,False,54.83640056187513,Красный,-2.887934130105343,Ниже
2022-06-22 20:00:00+05:00,53.8,57.06511886512917,Вниз,5.721741985408172,False,-0.3561625271050488,-0.3543996333867684,-0.0017628937182804227,Ниже,54.53101050568762,Красный,-3.2651188651291747,Ниже
2022-06-22 20:30:00+05:00,53.825,57.03287887642142,Вниз,5.6246132750412885,False,-0.3757549189551881,-0.3586706905004523,-0.017084228454735784,False,54.33690945511885,Красный,-3.207878876421418,Ниже
2022-06-23 12:00:00+05:00,53.64,56.99911888760131,Вниз,5.893282129896225,False,-0.4015808109294667,-0.3672527145862553,-0.03432809634321138,False,54.33690945511885,Красный,-3.359118887601312,Ниже
2022-06-23 12:30:00+05:00,53.75,56.96678934643115,Вниз,5.646780138632956,False,-0.4084634236052693,-0.3754948563900581,-0.03296856721521124,False,54.28222165864627,Красный,-3.216789346431149,Ниже
2022-06-23 13:00:00+05:00,53.955,56.93682129323283,Вниз,5.237070186753181,False,-0.3928476537802652,-0.3789654158680995,-0.013882237912165696,False,54.28222165864627,Красный,-2.9818212932328336,Ниже
2022-06-23 13:30:00+05:00,54.02,56.90779819578773,Вниз,5.074521045169301,False,-0.3709509947574858,-0.3773625316459769,0.0064115368884911095,Ниже,54.28222165864627,Красный,-2.887798195787724,Ниже
2022-06-23 14:00:00+05:00,53.96,56.87846687045651,Вниз,5.131057553121928,False,-0.3543544556968143,-0.3727609164561444,0.018406460759330112,False,54.28222165864627,Красный,-2.9184668704565127,Ниже
2022-06-23 14:30:00+05:00,54.19,56.85171595632262,Вниз,4.681856847324601,True,-0.3189656634903386,-0.3620018658629833,0.04303620237264466,False,54.28222165864627,Красный,-2.661715956322624,Ниже
2022-06-23 15:00:00+05:00,54.53,56.82861430501593,Вниз,4.04481850055078,True,-0.2604819583315318,-0.341697884356693,0.0812159260251612,False,53.892887982785965,Зелёный,-2.2986143050159313,Ниже
2022-06-23 15:30:00+05:00,54.37,56.80415048108543,Вниз,4.28516307430027,True,-0.2244564690096027,-0.318249601287275,0.09379313227767228,False,53.892887982785965,Зелёный,-2.4341504810854317,Ниже
2022-06-23 16:00:00+05:00,54.35,56.77973107331344,Вниз,4.279222580635677,True,-0.195268903654707,-0.2936534617607614,0.0983845581060544,False,53.892887982785965,Зелёный,-2.429731073313441,Ниже
2022-06-23 16:30:00+05:00,54.495,56.75699743079291,Вниз,3.9854071448213837,True,-0.1586089148022438,-0.2666445523690579,0.10803563756681409,False,53.892887982785965,Зелёный,-2.26199743079291,Ниже
2022-06-23 17:00:00+05:00,54.815,56.73767407327258,Вниз,3.3887079523027115,True,-0.102552126786179,-0.2338260672524821,0.13127394046630309,False,54.012241555505874,Зелёный,-1.9226740732725816,Ниже
2022-06-23 17:30:00+05:00,54.65,56.71690119692161,Вниз,3.644242110028742,True,-0.0706266988330028,-0.2011861935685863,0.1305594947355835,False,54.11501739995528,Зелёный,-2.066901196921613,Ниже
2022-06-23 18:00:00+05:00,54.595,56.69578775217612,Вниз,3.7053683094746153,True,-0.0491965008772936,-0.1707882550303277,0.12159175415303411,False,54.11501739995528,Зелёный,-2.1007877521761245,Ниже
2022-06-23 18:30:00+05:00,54.74,56.67632717752761,Вниз,3.4164655226554106,True,-0.0202788642923152,-0.1406863768827252,0.12040751259040999,False,54.15241409396378,Зелёный,-1.936327177527609,Ниже
2022-06-23 19:00:00+05:00,55.055,56.660194568796,Вниз,2.8330198669667417,True,0.0277367069841503,-0.1070017601093501,0.1347384670935004,False,54.4314226845674,Зелёный,-1.6051945687960014,Ниже
2022-06-23 19:30:00+05:00,54.9,56.64268019497713,Вниз,3.0766202958236213,True,0.0526749841154625,-0.0750664112643876,0.1277413953798501,False,54.4314226845674,Зелёный,-1.7426801949771331,Ниже
2022-06-23 20:00:00+05:00,55.04,56.62673312836045,Вниз,2.8020919461549587,True,0.0827813267782886,-0.0434968636558523,0.1262781904341409,False,54.4314226845674,Зелёный,-1.58673312836045,Ниже
2022-06-23 20:30:00+05:00,55.48,56.61532284847627,Вниз,2.005327871245773,True,0.1405252553400018,-0.0066924398566815,0.1472176951966833,False,54.58078713704963,Зелёный,-1.135322848476271,Ниже
2022-06-24 12:00:00+05:00,54.59,56.59517038232228,Вниз,3.543006176634109,True,0.1131676466024274,0.0172795774351402,0.0958880691672872,False,54.58078713704963,Зелёный,-2.0051703823222766,Ниже
2022-06-24 12:30:00+05:00,54.5,56.57432291583152,Вниз,3.6665448368115654,True,0.0832644756928999,0.0304765570866922,0.0527879186062077,False,55.226787418989794,Красный,-2.074322915831523,Ниже
2022-06-24 13:00:00+05:00,54.68,56.55547393159439,Вниз,3.3161669440925143,True,0.0732461568812539,0.0390304770456045,0.034215679835649396,False,55.22260867709082,Красный,-1.8754739315943922,Ниже
2022-06-24 13:30:00+05:00,54.7,56.537011504414345,Вниз,3.2492193264776827,True,0.0661577742580945,0.0444559364881025,0.02170183776999201,False,55.22260867709082,Красный,-1.8370115044143418,Ниже
2022-06-24 14:00:00+05:00,54.215,56.51390691233063,Вниз,4.0678605283773726,True,0.0211608046899982,0.0397969101284816,-0.0186361054384834,Выше,55.05473802844356,Красный,-2.2989069123306294,Ниже
2022-06-24 14:30:00+05:00,54.69,56.49575858484475,Вниз,3.19627283547823,True,0.0235573578239325,0.0365489996675718,-0.012991641843639302,False,55.05473802844356,Красный,-1.805758584844753,Ниже
2022-06-24 15:00:00+05:00,54.58,56.47669631036869,Вниз,3.358369795473448,True,0.0163916104750327,0.032517521829064,-0.016125911354031297,False,55.05473802844356,Красный,-1.8966963103686894,Ниже
2022-06-24 15:30:00+05:00,54.68,56.45881873514114,Вниз,3.1506481626651,True,0.0185678299541152,0.0297275834540742,-0.011159753499959,False,55.05473802844356,Красный,-1.7788187351411437,Ниже
2022-06-24 16:00:00+05:00,54.6,56.44032302633377,Вниз,3.260652894341369,True,0.0136794796319748,0.0265179626896543,-0.012838483057679501,False,55.05473802844356,Красный,-1.8403230263337704,Ниже
2022-06-24 16:30:00+05:00,54.605,56.42206110567374,Вниз,3.2204798443476617,True,0.0100925444265058,0.0232328790370246,-0.0131403346105188,False,55.05473802844356,Красный,-1.8170611056737442,Ниже
2022-06-24 17:00:00+05:00,54.605,56.40398089566704,Вниз,3.1894573168420473,True,0.0071672528048267,0.0200197537905851,-0.012852500985758398,False,55.05473802844356,Красный,-1.798980895667043,Ниже
2022-06-24 17:30:00+05:00,54.6,56.38603083700369,Вниз,3.1675058706767354,True,0.0043948191661371,0.0168947668656955,-0.0124999476995584,False,55.03602576631666,Красный,-1.7860308370036861,Ниже
2022-06-24 18:00:00+05:00,54.56,56.36786137593898,Вниз,3.207255574025867,True,-0.0010182820512554,0.0133121570823053,-0.0143304391335607,False,54.970923189685,Красный,-1.8078613759389768,Ниже
2022-06-24 18:30:00+05:00,54.8,56.35226076523312,Вниз,2.7545669759371902,True,0.0138975877305753,0.0134292432119593,0.00046834451861599985,Выше,54.970923189685,Красный,-1.5522607652331217,Ниже
2022-06-24 19:00:00+05:00,54.93,56.33810891682284,Вниз,2.4993897450511904,True,0.0357958037963257,0.0179025553288326,0.0178932484674931,False,54.970923189685,Красный,-1.4081089168228402,Ниже
2022-06-24 19:30:00+05:00,54.905,56.3238491266057,Вниз,2.5190911995669665,True,0.0505502944028748,0.024432103143641,0.0261181912592338,False,54.970923189685,Красный,-1.4188491266057,Ниже
2022-06-24 20:00:00+05:00,54.875,56.30943271738575,Вниз,2.5474110609231198,True,0.0591408463663825,0.0313738517881893,0.027766994578193198,False,54.970923189685,Красный,-1.4344327173857465,Ниже
2022-06-24 20:30:00+05:00,54.96,56.29600552616798,Вниз,2.3731799684206143,True,0.0719779928179491,0.0394946799941413,0.0324833128238078,False,54.970923189685,Красный,-1.3360055261679804,Ниже
2022-06-27 12:00:00+05:00,55.5,56.28808507317129,Вниз,1.4000921725207436,True,0.1242922472421881,0.0564541934437506,0.06783805379843749,False,54.714404226650615,Зелёный,-0.7880850731712883,Ниже
2022-06-27 12:30:00+05:00,55.5,56.28024343065217,Вниз,1.3863540437837245,True,0.1638627628481614,0.0779359073246328,0.08592685552352859,False,55.20321380398556,Зелёный,-0.7802434306521704,Ниже
2022-06-27 13:00:00+05:00,55.295,56.27044001343176,Вниз,1.7334856688501459,True,0.1766446452990209,0.0976776549195104,0.07896699037951051,False,55.20321380398556,Зелёный,-0.9754400134317578,Ниже
2022-06-27 13:30:00+05:00,55.36,56.261380908820506,Вниз,1.602130794267779,True,0.1898310814608166,0.1161083402277717,0.0737227412330449,False,55.20321380398556,Зелёный,-0.9013809088205065,Ниже
2022-06-27 14:00:00+05:00,55.605,56.25484975549892,Вниз,1.1551888562912696,True,0.2175431772404366,0.1363953076303046,0.08114786961013198,False,55.20321380398556,Зелёный,-0.64984975549892,Ниже
2022-06-27 14:30:00+05:00,55.605,56.24838358877754,Вниз,1.143825915925362,True,0.2367758086661808,0.1564714078374799,0.08030440082870091,False,55.20321380398556,Зелёный,-0.6433835887775459,Ниже
2022-06-27 15:00:00+05:00,55.66,56.24252902570513,Вниз,1.0357447216480884,True,0.2535332742143623,0.1758837811128564,0.07764949310150587,False,55.20321380398556,Зелёный,-0.582529025705135,Ниже
2022-06-27 15:30:00+05:00,55.62,56.2363347070414,Вниз,1.0959723997876973,True,0.2605821913907036,0.1928234631684258,0.0677587282222778,False,55.20321380398556,Зелёный,-0.6163347070414034,Ниже
2022-06-27 16:00:00+05:00,55.67,56.23069953582706,Вниз,0.9971413132959671,True,0.2671238536640103,0.2076835412675427,0.059440312396467604,False,55.20321380398556,Зелёный,-0.5606995358270552,Ниже
2022-06-27 16:30:00+05:00,55.795,56.22636421706261,Вниз,0.7671920869671051,True,0.2791764511298282,0.2219821232399998,0.057194327889828395,False,55.23387292068514,Зелёный,-0.4313642170626082,Ниже
2022-06-27 17:00:00+05:00,55.9,56.223116811917706,Вниз,0.5747045525750992,True,0.2938139397297803,0.2363484865379559,0.05746545319182442,False,55.39398562861664,Зелёный,-0.323116811917707,Ниже
2022-06-27 17:30:00+05:00,55.65,56.21741415707275,Вниз,1.00932098279616,True,0.2819907306302553,0.2454769353564158,0.03651379527383952,False,55.39398562861664,Зелёный,-0.5674141570727542,Ниже
2022-06-27 18:00:00+05:00,55.69,56.212166255012335,Вниз,0.9289203562151926,True,0.2727048462288479,0.2509225175309023,0.021782328697945608,False,55.39398562861664,Зелёный,-0.5221662550123369,Ниже
2022-06-27 18:30:00+05:00,55.665,56.20672181466396,Вниз,0.9638025438491715,True,0.2603275311425292,0.2528035202532277,0.007524010889301491,False,55.39398562861664,Зелёный,-0.5417218146639584,Ниже
2022-06-27 19:00:00+05:00,55.78,56.20247582645835,Вниз,0.7517032305887448,True,0.2568372981701401,0.2536102758366102,0.003227022333529894,False,55.39398562861664,Зелёный,-0.4224758264583457,Ниже
2022-06-27 19:30:00+05:00,55.595,56.1964312908717,Вниз,1.0702303990776645,True,0.2364180296228752,0.2501718265938633,-0.01375379697098808,Выше,55.39398562861664,Зелёный,-0.6014312908717017,Ниже
2022-06-27 20:00:00+05:00,55.555,56.19004888996751,Вниз,1.1301803477891126,True,0.2145349214491219,0.243044445564915,-0.028509524115793106,False,55.39398562861664,Зелёный,-0.6350488899675071,Ниже
2022-06-27 20:30:00+05:00,55.715,56.18532203534097,Вниз,0.8370905750885036,True,0.2077087264816626,0.2359773017482645,-0.028268575266601897,False,55.39398562861664,Зелёный,-0.4703220353409634,Ниже
2022-06-28 12:00:00+05:00,55.3,56.176512860859965,Вниз,1.560283499673515,True,0.1668881039119298,0.2221594621809976,-0.055271358269067816,False,55.8198497087943,Красный,-0.8765128608599682,Ниже
2022-06-28 12:30:00+05:00,55.09,56.16570178761758,Вниз,1.9152289624817382,True,0.1162521391759554,0.2009779975799892,-0.0847258584040338,False,55.70711473791487,Красный,-1.0757017876175752,Ниже
2022-06-28 13:00:00+05:00,54.565,56.14977440664626,Вниз,2.8224056523701306,True,0.0333749344491849,0.1674573849538283,-0.1340824505046434,False,55.37015326412338,Красный,-1.584774406646261,Ниже
2022-06-28 13:30:00+05:00,54.57,56.13405525832142,Вниз,2.7862858849656313,True,-0.0315388291908718,0.1276581421248883,-0.1591969713157601,False,55.10913793771105,Красный,-1.5640552583214173,Ниже
2022-06-28 14:00:00+05:00,54.685,56.119636798039615,Вниз,2.5563900265472275,True,-0.072863984986462,0.0875537167026182,-0.1604177016890802,False,55.10913793771105,Красный,-1.4346367980396124,Ниже
2022-06-28 14:30:00+05:00,55.115,56.109640411989474,Вниз,1.7726729394204745,True,-0.0701088906954083,0.0560211952230129,-0.1261300859184212,False,54.26244827045405,Зелёный,-0.9946404119894723,Ниже
2022-06-28 15:00:00+05:00,54.99,56.09849971137267,Вниз,1.9759881584639656,True,-0.0771228892913526,0.0293923783201398,-0.1065152676114924,False,54.403953443408646,Зелёный,-1.1084997113726658,Ниже
2022-06-28 15:30:00+05:00,54.765,56.08523105752816,Вниз,2.353972752958732,True,-0.099688011960076,0.0035763002640966,-0.1032643122241726,False,54.403953443408646,Зелёный,-1.3202310575281615,Ниже
2022-06-28 16:00:00+05:00,54.785,56.0722934350652,Вниз,2.2957745371267153,True,-0.1146357518063894,-0.0200661101500005,-0.0945696416563889,False,54.403953443408646,Зелёный,-1.2872934350652017,Ниже
2022-06-28 16:30:00+05:00,54.795,56.05958404765162,Вниз,2.2557856415357964,True,-0.1242428328619809,-0.0409014546923966,-0.0833413781695843,False,54.403953443408646,Зелёный,-1.264584047651617,Ниже
2022-06-28 17:00:00+05:00,55.015,56.04919017653072,Вниз,1.8451474022612446,True,-0.1128040179298963,-0.0552819673398965,-0.057522050589999804,False,54.403953443408646,Зелёный,-1.0341901765307213,Ниже
2022-06-28 17:30:00+05:00,55.03,56.03904898074434,Вниз,1.800617603434098,True,-0.1013598863685274,-0.0644975511456227,-0.036862335222904705,False,54.46967499379837,Зелёный,-1.009048980744339,Ниже
2022-06-28 18:00:00+05:00,54.75,56.02622262272698,Вниз,2.2779023160652723,True,-0.1135747703433196,-0.0743129949851621,-0.0392617753581575,False,54.46967499379837,Зелёный,-1.2762226227269835,Ниже
2022-06-28 18:30:00+05:00,54.66,56.01262836777448,Вниз,2.4148632320790857,True,-0.1290300239378865,-0.085256400775707,-0.04377362316217952,False,54.46967499379837,Зелёный,-1.3526283677744857,Ниже
2022-06-28 19:00:00+05:00,54.83,56.000860921328965,Вниз,2.0907909308283905,True,-0.1261071596722232,-0.0934265525550102,-0.03268060711721299,False,54.46967499379837,Зелёный,-1.1708609213289662,Ниже
2022-06-28 19:30:00+05:00,54.83,55.98921056390281,Вниз,2.070417768401566,True,-0.1223800476729479,-0.0992172515785978,-0.023162796094350097,False,54.46967499379837,Зелёный,-1.1592105639028105,Ниже
2022-06-28 20:00:00+05:00,54.65,55.97588508565502,Вниз,2.3686719444027324,True,-0.1324242756202593,-0.1058586563869301,-0.026565619233329202,False,54.46967499379837,Зелёный,-1.325885085655024,Ниже
2022-06-28 20:30:00+05:00,54.6,55.96219468679279,Вниз,2.4341337833812147,True,-0.1427731804152188,-0.1132415611925878,-0.029531619222631006,False,54.46967499379837,Зелёный,-1.3621946867927903,Ниже
2022-06-29 12:00:00+05:00,53.93,55.94197384413813,Вниз,3.5965371006460427,True,-0.2027015453638014,-0.1311335580268306,-0.07156798733697078,False,54.64649910745872,Красный,-2.011973844138133,Ниже
2022-06-29 12:30:00+05:00,53.93,55.921954203897954,Вниз,3.562025383868127,True,-0.2473439789233609,-0.1543756422061366,-0.09296833671722432,False,54.461349196712845,Красный,-1.9919542038979543,Ниже
2022-06-29 13:00:00+05:00,53.61,55.89894968445618,Вниз,4.094799092607398,True,-0.3050285752572179,-0.1845062288163529,-0.12052234644086499,False,54.29096427704156,Красный,-2.2889496844561776,Ниже
2022-06-29 13:30:00+05:00,53.57,55.875776055755125,Вниз,4.126611241075788,True,-0.349937833635515,-0.2175925497801853,-0.1323452838553297,False,53.95336784933741,Красный,-2.305776055755125,Ниже
2022-06-29 14:00:00+05:00,53.62,55.85333052286204,Вниз,3.998562846575259,True,-0.3771466505001584,-0.2495033699241799,-0.12764328057597848,False,53.95336784933741,Красный,-2.2333305228620404,Ниже
2022-06-29 14:30:00+05:00,53.495,55.82986454751018,Вниз,4.1821067746335885,True,-0.4041376420550833,-0.2804302243503606,-0.12370741770472271,False,53.95336784933741,Красный,-2.334864547510179,Ниже
2022-06-29 15:00:00+05:00,53.72,55.808870870420535,Вниз,3.742901151450577,True,-0.4027301551872284,-0.3048902105177342,-0.0978399446694942,False,53.95336784933741,Красный,-2.0888708704205357,Ниже
2022-06-29 15:30:00+05:00,53.74,55.78828509061536,Вниз,3.671532629634315,True,-0.3954424642772309,-0.3230006612696335,-0.0724418030075974,False,53.95336784933741,Красный,-2.0482850906153587,Ниже
2022-06-29 16:00:00+05:00,53.8,55.76850115936546,Вниз,3.529772395604145,True,-0.3804399433160981,-0.3344885176789265,-0.04595142563717158,False,53.95336784933741,Красный,-1.9685011593654593,Ниже
2022-06-29 16:30:00+05:00,54.225,55.753142938874255,Вниз,2.74090904713597,True,-0.3304471996193001,-0.3336802540670012,0.0032330544477011114,Ниже,53.44642673678028,Зелёный,-1.5281429388742538,Ниже
2022-06-29 17:00:00+05:00,54.075,55.736444999183966,Вниз,2.980895174079166,True,-0.2994791274965109,-0.3268400287529032,0.02736090125639229,False,53.50478406310225,Зелёный,-1.6614449991839635,Ниже
2022-06-29 17:30:00+05:00,53.98,55.71896793451547,Вниз,3.1209622126512095,True,-0.2793818729559021,-0.317348397593503,0.03796652463760086,False,53.50478406310225,Зелёный,-1.7389679345154718,Ниже
2022-06-29 18:00:00+05:00,53.84,55.70027173616209,Вниз,3.3397893370677147,True,-0.2716204128690407,-0.3082028006486106,0.0365823877795699,False,53.50478406310225,Зелёный,-1.8602717361620833,Ниже
2022-06-29 18:30:00+05:00,53.785,55.68121430595153,Вниз,3.4054830333483816,True,-0.2668315719135847,-0.2999285549016054,0.03309698298802072,False,53.50478406310225,Зелёный,-1.8962143059515313,Ниже
2022-06-29 19:00:00+05:00,54.12,55.66567983524555,Вниз,2.776719587042357,True,-0.2333151686360821,-0.2866058776485008,0.053290709012418724,False,53.50478406310225,Зелёный,-1.5456798352455507,Ниже
2022-06-29 19:30:00+05:00,54.1,55.65010093141226,Вниз,2.785441365726778,True,-0.2059924575937444,-0.2704831936375496,0.06449073604380517,False,53.568973091421256,Зелёный,-1.5501009314122598,Ниже
2022-06-29 20:00:00+05:00,54.52,55.63885614602508,Вниз,2.0109258592387627,True,-0.1487340092546674,-0.2461333567609731,0.09739934750630569,False,53.727825782279126,Зелёный,-1.1188561460250739,Ниже
2022-06-29 20:30:00+05:00,54.715,55.629663547557165,Вниз,1.6442011136292887,True,-0.0866228715616159,-0.2142312597211017,0.12760838815948583,False,54.05604320405121,Зелёный,-0.9146635475571614,Ниже
2022-06-30 12:00:00+05:00,54.72,55.62061216897451,Вниз,1.6192057833496445,True,-0.0365742836646418,-0.1786998645098097,0.1421255808451679,False,54.280688883646086,Зелёный,-0.9006121689745115,Ниже
2022-06-30 12:30:00+05:00,53.325,55.59777025684541,Вниз,4.0878802267534695,True,-0.1082276773788066,-0.1646054270836091,0.056377749704802485,False,55.04688000471853,Красный,-2.272770256845405,Ниже
2022-06-30 13:00:00+05:00,53.685,55.5787377169763,Вниз,3.4073060935996438,True,-0.134415063594993,-0.1585673543858859,0.0241522907908929,False,54.326692004246674,Красный,-1.8937377169762968,Ниже
2022-06-30 13:30:00+05:00,52.49,55.54800400834967,Вниз,5.505155518981397,False,-0.248728086259014,-0.1765995007605115,-0.07212858549850248,Ниже,53.879522803822,Красный,-3.05800400834967,Ниже
2022-06-30 14:00:00+05:00,52.315,55.51583481423674,Вниз,5.765624933763772,False,-0.3494151771067919,-0.2111626360297676,-0.13825254107702428,False,53.6048205234398,Красный,-3.2008348142367424,Ниже
2022-06-30 14:30:00+05:00,52.62,55.48702053747817,Вниз,5.167011149105897,False,-0.3999886508239143,-0.248927838988597,-0.15106081183531733,False,53.52033847109581,Красный,-2.867020537478176,Ниже
2022-06-30 15:00:00+05:00,53.3,55.46525913909531,Вниз,3.9038114536980593,True,-0.3808084532994584,-0.2753039618507693,-0.10550449144868912,False,53.52033847109581,Красный,-2.165259139095312,Ниже
2022-06-30 15:30:00+05:00,53.3,55.44371427203964,Вниз,3.866469445970585,True,-0.3614415355432641,-0.2925314765892683,-0.06891005895399577,False,53.52033847109581,Красный,-2.143714272039645,Ниже
2022-06-30 16:00:00+05:00,54.01,55.4294484583875,Вниз,2.560820101706624,True,-0.2855108559844979,-0.2911273524683142,0.005616496483816347,Ниже,52.551238254571146,Зелёный,-1.4194484583874996,Ниже
2022-06-30 16:30:00+05:00,54.49,55.4201007125329,Вниз,1.678273226815991,True,-0.1844767240682614,-0.2697972267883037,0.0853205027200423,False,53.17736442911403,Зелёный,-0.9301007125328979,Ниже
2022-06-30 17:00:00+05:00,54.35,55.40945294424899,Вниз,1.9120436819958724,True,-0.1143847207257025,-0.2387147255757834,0.12433000485008092,False,53.41962798620263,Зелёный,-1.0594529442489886,Ниже
2022-06-30 17:30:00+05:00,54.595,55.40134893485348,Вниз,1.4554680533170201,True,-0.0386216443664295,-0.1986961093339127,0.1600744649674832,False,53.56716518758237,Зелёный,-0.8063489348534816,Ниже
2022-06-30 18:00:00+05:00,54.3,55.390390238984295,Вниз,1.9685548960383947,True,-0.0023557395907332,-0.1594280353852768,0.1570722957945436,False,53.56716518758237,Зелёный,-1.0903902389842983,Ниже
2022-06-30 18:30:00+05:00,54.125,55.37779929133272,Вниз,2.2622771351782465,True,0.0121244506419699,-0.1251175381798274,0.1372419888217973,False,53.56716518758237,Зелёный,-1.252799291332721,Ниже
2022-06-30 19:00:00+05:00,54.01,55.364189348135376,Вниз,2.445966181533165,True,0.0141573694779424,-0.0972625566482734,0.11141992612621579,False,53.56716518758237,Зелёный,-1.3541893481353782,Ниже
2022-06-30 19:30:00+05:00,53.945,55.35006806108925,Вниз,2.5385118940386753,True,0.0104035894265948,-0.0757293274332998,0.0861329168598946,False,53.56716518758237,Зелёный,-1.4050680610892528,Ниже
2022-06-30 20:00:00+05:00,53.835,55.334992756998815,Вниз,2.7107489894974175,True,-0.0014308945387284,-0.0608696408543855,0.059438746315657105,False,53.56716518758237,Зелёный,-1.4999927569988145,Ниже
2022-06-30 20:30:00+05:00,53.53,55.31703263006351,Вниз,3.2305287270458125,True,-0.0350171039754911,-0.0556991334786066,0.020682029503115498,False,54.47270877804604,Красный,-1.787032630063507,Ниже
2022-07-01 12:00:00+05:00,52.96,55.29357956906785,Вниз,4.22034454498094,True,-0.1064021158820693,-0.0658397299592992,-0.0405623859227701,Ниже,53.71593790024144,Красный,-2.333579569067851,Ниже
2022-07-01 12:30:00+05:00,52.715,55.267922060917925,Вниз,4.619175039915588,True,-0.1806621438330182,-0.088804212734043,-0.0918579310989752,False,53.622844110217294,Красный,-2.552922060917922,Ниже
2022-07-01 13:00:00+05:00,52.83,55.24366412996352,Вниз,4.36912389497781,True,-0.22761046038908,-0.1165654622650504,-0.1110449981240296,False,53.622844110217294,Красный,-2.4136641299635215,Ниже
2022-07-01 13:30:00+05:00,53.11,55.22243364110816,Вниз,3.8253179040187093,True,-0.2394632957490827,-0.1411450289618569,-0.0983182667872258,False,53.622844110217294,Красный,-2.1124336411081615,Ниже
2022-07-01 14:00:00+05:00,53.175,55.202061167067285,Вниз,3.6720751439560413,True,-0.2408355935867092,-0.1610831418868274,-0.0797524516998818,False,53.622844110217294,Красный,-2.027061167067288,Ниже
2022-07-01 14:30:00+05:00,52.56,55.17577200122582,Вниз,4.7407981915825435,True,-0.2882260196009412,-0.1865117174296501,-0.1017143021712911,False,53.622844110217294,Красный,-2.615772001225821,Ниже
2022-07-01 15:00:00+05:00,52.62,55.15034143404945,Вниз,4.588079363162815,True,-0.3172843189613701,-0.2126662377359941,-0.104618081225376,False,53.33739971864221,Красный,-2.530341434049454,Ниже
2022-07-01 15:30:00+05:00,53.105,55.12998977798926,Вниз,3.6731183628801296,True,-0.2977455584151443,-0.2296821018718242,-0.06806345654332008,False,53.33739971864221,Красный,-2.024989777989262,Ниже
2022-07-01 16:00:00+05:00,53.175,55.1105371433824,Вниз,3.5120999426056607,True,-0.273460255327187,-0.2384377325628967,-0.0350225227642903,False,53.33739971864221,Красный,-1.9355371433824047,Ниже
2022-07-01 16:30:00+05:00,52.74,55.08694970911989,Вниз,4.2604459341326395,True,-0.2860178069781938,-0.2479537474459562,-0.0380640595322376,False,53.33739971864221,Красный,-2.3469497091198903,Ниже
2022-07-01 17:00:00+05:00,53.0,55.066184040372434,Вниз,3.752183080014381,True,-0.2718561416679748,-0.2527342262903599,-0.019121915377614873,False,53.33739971864221,Красный,-2.066184040372434,Ниже
2022-07-01 17:30:00+05:00,52.9,55.04462997031898,Вниз,3.896165659530099,True,-0.2656399521324104,-0.25531537145877,-0.010324580673640393,False,53.33739971864221,Красный,-2.144629970318981,Ниже
2022-07-01 18:00:00+05:00,52.95,55.02378788106208,Вниз,3.7688933476276074,True,-0.2537538782554591,-0.2550030728181078,0.0012491945626487144,Ниже,53.33739971864221,Красный,-2.0737878810620742,Ниже
2022-07-01 18:30:00+05:00,52.86,55.00225765338982,Вниз,3.894854038337445,True,-0.2487291323033744,-0.2537482847151612,0.005019152411786798,False,53.33739971864221,Красный,-2.1422576533898194,Ниже
2022-07-01 19:00:00+05:00,52.73,54.97964812450037,Вниз,4.091783416667362,True,-0.252328215875913,-0.2534642709473115,0.001136055071398523,False,53.33739971864221,Красный,-2.249648124500375,Ниже
2022-07-01 19:30:00+05:00,52.63,54.95626854117201,Вниз,4.2329448540146375,True,-0.2602496834512564,-0.2548213534481005,-0.005428330003155901,Ниже,53.30236775589982,Красный,-2.3262685411720057,Ниже
2022-07-01 20:00:00+05:00,52.84,54.93521114275239,Вниз,3.8139675795690553,True,-0.2467380163555788,-0.2532046860295962,0.006466669674017433,Ниже,53.28363098030984,Красный,-2.095211142752383,Ниже
2022-07-01 20:30:00+05:00,52.84,54.9143632706852,Вниз,3.7774511933429795,True,-0.2333401231455028,-0.2492317734527775,0.015891650307274713,False,53.28363098030984,Красный,-2.074363270685197,Ниже
2022-07-04 12:00:00+05:00,53.35,54.89879746699679,Вниз,2.821186507642304,True,-0.1795002908795382,-0.2352854769381296,0.055785186058591396,False,52.37408390594903,Зелёный,-1.5487974669967883,Ниже
2022-07-04 12:30:00+05:00,54.145,54.89129699468836,Вниз,1.359590746709035,True,-0.071853695333516,-0.2025991206172069,0.13074542528369087,False,53.01792551535412,Зелёный,-0.7462969946883575,Ниже
2022-07-04 13:00:00+05:00,53.9,54.88143334299993,Вниз,1.7882793564558181,True,-0.0062405085628824,-0.1633273982063421,0.15708688964345968,False,53.17113296381872,Зелёный,-0.981433342999928,Ниже
2022-07-04 13:30:00+05:00,54.02,54.87286186695018,Вниз,1.5542507497022955,True,0.0548096008279301,-0.1196999983994876,0.1745095992274177,False,53.23326966743684,Зелёный,-0.8528618669501782,Ниже
2022-07-04 14:00:00+05:00,54.01,54.86427617673177,Вниз,1.5570718074907837,True,0.1012185514808194,-0.0755162884234262,0.1767348399042456,False,53.34444270069316,Зелёный,-0.8542761767317728,Ниже
2022-07-04 14:30:00+05:00,54.01,54.85577591626678,Вниз,1.5418174333324437,True,0.1364253526877092,-0.0331279602011991,0.1695533128889083,False,53.34444270069316,Зелёный,-0.8457759162667813,Ниже
2022-07-04 15:00:00+05:00,54.0,54.84726073302035,Вниз,1.5447639894808134,True,0.1616566031753024,0.0058289524741011,0.1558276507012013,False,53.35794858756146,Зелёный,-0.8472607330203488,Ниже
2022-07-04 15:30:00+05:00,53.985,54.83868102423408,Вниз,1.5567132693377923,True,0.1783858552305375,0.0403403330253884,0.1380455222051491,False,53.432653728805306,Зелёный,-0.8536810242340778,Ниже
2022-07-04 16:00:00+05:00,54.025,54.83058469563474,Вниз,1.4692250686483703,True,0.1926508150432653,0.0708024294289638,0.12184838561430152,False,53.432653728805306,Зелёный,-0.8055846956347423,Ниже
2022-07-04 16:30:00+05:00,54.005,54.82236992254385,Вниз,1.4909423355806644,True,0.2000361731296678,0.0966491781691046,0.1033869949605632,False,53.43309952033231,Зелёный,-0.8173699225438469,Ниже
2022-07-04 17:00:00+05:00,54.095,54.81513241087674,Вниз,1.3137474620673375,True,0.2107222950135465,0.119463801537993,0.0912584934755535,False,53.53978956829908,Зелёный,-0.7201324108767437,Ниже
2022-07-04 17:30:00+05:00,54.2,54.80901169037051,Вниз,1.111152475820881,True,0.2250692874295339,0.1405848987163012,0.08448438871323269,False,53.67731061146917,Зелёный,-0.6090116903705081,Ниже
2022-07-04 18:00:00+05:00,54.2,54.80295187255588,Вниз,1.1002178750481184,True,0.233744916388737,0.1592169022507883,0.07452801413794871,False,53.77907955032224,Зелёный,-0.6029518725558773,Ниже
2022-07-04 18:30:00+05:00,53.985,54.79481304795334,Вниз,1.4779009232947617,True,0.2207273047027698,0.1715189827411846,0.0492083219615852,False,53.77907955032224,Зелёный,-0.809813047953341,Ниже
2022-07-04 19:00:00+05:00,54.0,54.78690446041152,Вниз,1.4363002767935718,True,0.2092094915049003,0.1790570844939278,0.03015240701097252,False,53.77907955032224,Зелёный,-0.7869044604115203,Ниже
2022-07-04 19:30:00+05:00,54.0,54.779074565283054,Вниз,1.4222119878177029,True,0.1978014100364262,0.1828059496024275,0.014995460433998714,False,53.77907955032224,Зелёный,-0.7790745652830537,Ниже
2022-07-04 20:00:00+05:00,54.085,54.772168350703126,Вниз,1.2545940235617925,True,0.1933899341276586,0.1849227465074737,0.00846718762018489,False,53.77907955032224,Зелёный,-0.687168350703125,Ниже
2022-07-04 20:30:00+05:00,54.245,54.76692289447723,Вниз,0.9529892623013638,True,0.2004933084540994,0.1880368588967989,0.01245644955730052,False,53.77907955032224,Зелёный,-0.5219228944772354,Ниже
2022-07-05 12:00:00+05:00,60.045,54.81944107463169,Вверх,9.532309748022033,False,0.6664518688699133,0.2837198608914217,0.38273200797849155,False,60.755235245302806,Зелёный,5.225558925368311,Выше
2022-07-05 12:30:00+05:00,59.545,54.86646156145128,Вверх,8.527137171601062,False,0.9840381840803758,0.4237835255292126,0.5602546585511632,False,62.31203827922748,Красный,4.6785384385487205,Выше
2022-07-05 13:00:00+05:00,58.2,54.899631098153264,Вверх,6.011641309476409,False,1.1143518135577395,0.561897183134918,0.5524546304228215,False,61.16458445130473,Красный,3.3003689018467384,Выше
2022-07-05 13:30:00+05:00,56.82,54.91873924643035,Вверх,3.4619526588881615,True,1.093664750458153,0.668250696599565,0.4254140538585879,False,59.708126006174254,Красный,1.9012607535696517,Выше
2022-07-05 14:00:00+05:00,57.025,54.93969706487383,Вверх,3.7956214659571206,True,1.081346797882027,0.7508699168560575,0.3304768810259695,False,58.74531340555682,Красный,2.0853029351261654,Выше
2022-07-05 14:30:00+05:00,57.695,54.96711301447707,Вверх,4.962761978793513,True,1.112820233352224,0.8232599801552909,0.289560253196933,False,58.74531340555682,Красный,2.727886985522929,Выше
2022-07-05 15:00:00+05:00,57.585,54.9931616411987,Вверх,4.71301936722911,True,1.116022267029983,0.8818124375302293,0.23420982949975377,False,58.74531340555682,Красный,2.5918383588013043,Выше
2022-07-05 15:30:00+05:00,57.8,55.02109038108727,Вверх,5.0506262229000445,False,1.1229637775521084,0.9300427055346052,0.1929210720175032,False,58.74531340555682,Красный,2.778909618912728,Выше
2022-07-05 16:00:00+05:00,57.715,55.04789545192222,Вверх,4.845061788796592,True,1.108824348160006,0.9657990340596854,0.1430253141003206,False,58.74531340555682,Красный,2.6671045480777806,Выше
2022-07-05 16:30:00+05:00,57.46,55.07189649220161,Вверх,4.33633787813455,True,1.0647683923894533,0.9855929057256392,0.07917548666381413,False,58.74531340555682,Красный,2.388103507798391,Выше
2022-07-05 17:00:00+05:00,58.0,55.10103185048817,Вверх,5.261186682271082,False,1.061194428268486,1.0007132102342085,0.06048121803427753,False,58.74531340555682,Красный,2.8989681495118305,Выше
2022-07-05 17:30:00+05:00,57.525,55.12515093655297,Вверх,4.353455768691077,True,1.0084091922390217,1.0022524066351712,0.006156785603850468,False,58.74531340555682,Красный,2.3998490634470286,Выше
2022-07-05 18:00:00+05:00,58.0,55.15375639987086,Вверх,5.16056164786594,False,0.9934531333300214,1.0004925519741412,-0.0070394186441198325,Выше,58.74531340555682,Красный,2.8462436001291422,Выше
2022-07-05 18:30:00+05:00,58.05,55.18257474415076,Вверх,5.196251296978808,False,0.9744026241183548,0.995274566402984,-0.020871942284629186,False,58.74531340555682,Красный,2.867425255849234,Выше
2022-07-05 19:00:00+05:00,57.995,55.21055907505473,Вверх,5.043312314878066,False,0.9439852436919054,0.9850167018607684,-0.041031458168863,False,58.74531340555682,Красный,2.7844409249452653,Выше
2022-07-05 19:30:00+05:00,57.945,55.23776744246712,Вверх,4.9010535415874665,True,0.9054076921476408,0.969094899918143,-0.06368720777050219,False,58.74531340555682,Красный,2.7072325575328833,Выше
2022-07-05 20:00:00+05:00,57.535,55.26062547786546,Вверх,4.115723451312603,True,0.8321585256426047,0.9417076250630354,-0.10954909942043067,False,58.74531340555682,Красный,2.2743745221345364,Выше
2022-07-05 20:30:00+05:00,57.51,55.2830073139066,Вверх,4.0283493867259095,True,0.7632919874903124,0.9060244975484908,-0.14273251005817844,False,58.74531340555682,Красный,2.2269926860933964,Выше
2022-07-06 12:00:00+05:00,57.285,55.302927639141366,Вверх,3.584027908598085,True,0.6826895204195509,0.8613575021227029,-0.178667981703152,False,58.532322748016114,Красный,1.9820723608586306,Выше
2022-07-06 12:30:00+05:00,57.075,55.32056019994593,Вверх,3.1714064241449726,True,0.595007365074423,0.808087474713047,-0.213080109638624,False,58.532322748016114,Красный,1.7544398000540724,Выше
2022-07-06 13:00:00+05:00,57.19,55.339161590991246,Вверх,3.3445364111010547,True,0.5287035981792414,0.7522106994062859,-0.22350710122704454,False,58.532322748016114,Красный,1.8508384090087517,Выше
2022-07-06 13:30:00+05:00,57.215,55.35782664978736,Вверх,3.3548523535104757,True,0.4727253922279857,0.696313637970626,-0.22358824574264025,False,58.40162578330375,Красный,1.8571733502126406,Выше
2022-07-06 14:00:00+05:00,56.9,55.37317165824718,Вверх,2.7573431248910865,True,0.3983524343775357,0.6367213972520079,-0.23836896287447223,False,58.208213204973376,Красный,1.5268283417528181,Выше
2022-07-06 14:30:00+05:00,56.63,55.38567741289149,Вверх,2.246650479387089,True,0.3140049325359939,0.5721781043088051,-0.25817317177281124,False,57.83789188447604,Красный,1.2443225871085133,Выше
2022-07-06 15:00:00+05:00,56.94,55.40114330928064,Вверх,2.77766233474386,True,0.2690716483862161,0.5115568131242874,-0.24248516473807125,False,57.83789188447604,Красный,1.5388566907193564,Выше
2022-07-06 15:30:00+05:00,56.65,55.41356974401416,Вверх,2.2312770350251583,True,0.207667261677571,0.4507789028349441,-0.2431116411573731,False,57.83789188447604,Красный,1.2364302559858373,Выше
2022-07-06 16:00:00+05:00,56.885,55.42821084108865,Вверх,2.6282449619164656,True,0.1759382719579534,0.3958107766595459,-0.2198725047015925,False,57.82614318378303,Красный,1.4567891589113486,Выше
2022-07-06 16:30:00+05:00,56.83,55.44215899192359,Вверх,2.5032232389769984,True,0.1446869179387846,0.3455860049153937,-0.2008990869766091,False,57.76827886540472,Красный,1.387841008076407,Выше
2022-07-06 17:00:00+05:00,56.815,55.45581910145669,Вверх,2.4509256567947895,True,0.1173568039016785,0.2999401647126507,-0.1825833608109722,False,57.71745097886425,Красный,1.3591808985433076,Выше
2022-07-06 17:30:00+05:00,57.125,55.47242786661633,Вверх,2.979087443869029,True,0.1193362666486521,0.263819385099851,-0.14448311845119888,False,57.71745097886425,Красный,1.6525721333836714,Выше
2022-07-06 18:00:00+05:00,56.835,55.48598579829179,Вверх,2.431270134790935,True,0.0963932671866132,0.2303341615172034,-0.1339408943305902,False,57.71745097886425,Красный,1.3490142017082078,Выше
2022-07-06 18:30:00+05:00,56.72,55.4982645465675,Вверх,2.201393977657386,True,0.0681456947626557,0.1978964681662939,-0.1297507734036382,False,57.56237426359204,Красный,1.2217354534325011,Выше
2022-07-06 19:00:00+05:00,56.05,55.50375445157678,Вверх,0.9841596371643236,True,-0.0082094767348905,0.156675279186057,-0.1648847559209475,False,57.11538683723284,Красный,0.5462455484232152,Выше
2022-07-06 19:30:00+05:00,55.755,55.50625440728249,Вверх,0.4481397553730021,True,-0.091471112788696,0.1070460007911064,-0.1985171135798024,False,56.64384815350955,Красный,0.24874559271751195,Выше
2022-07-06 20:00:00+05:00,55.625,55.507435955468736,Вверх,0.21179873021982218,True,-0.1660325528560591,0.0524302900616733,-0.2184628429177324,False,56.4824633381586,Красный,0.11756404453126379,Выше
2022-07-06 20:30:00+05:00,55.63,55.50865549820039,Вверх,0.2186046495101043,True,-0.2221586662665871,-0.0024875012039787,-0.2196711650626084,False,56.30371700434274,Красный,0.1213445017996122,Выше
2022-07-07 12:00:00+05:00,54.695,55.50055942359143,Вниз,1.4514437907611728,True,-0.3381872888387605,-0.0696274587309351,-0.26855983010782536,False,55.99384530390847,Красный,-0.8055594235914327,Ниже
2022-07-07 12:30:00+05:00,54.69,55.492494155695006,Вниз,1.446130991055213,True,-0.4256377790153749,-0.140829522787823,-0.2848082562275519,False,55.47521077351762,Красный,-0.8024941556950083,Ниже
2022-07-07 13:00:00+05:00,54.67,55.48431013424531,Вниз,1.46764036945773,True,-0.4908979889370428,-0.210843216017667,-0.28005477291937575,False,55.47521077351762,Красный,-0.8143101342453107,Ниже
2022-07-07 13:30:00+05:00,54.49,55.474416501068745,Вниз,1.7745414249643852,True,-0.5507924783179874,-0.2788330684777311,-0.2719594098402563,False,55.47521077351762,Красный,-0.9844165010687433,Ниже
2022-07-07 14:00:00+05:00,54.765,55.46735763041134,Вниз,1.266253992287271,True,-0.5695042010145315,-0.3369672949850912,-0.23253690602944027,False,55.47521077351762,Красный,-0.7023576304113419,Ниже
2022-07-07 14:30:00+05:00,54.665,55.4593739723973,Вниз,1.4323529378327828,True,-0.5856515142267611,-0.3867041388334252,-0.1989473753933359,False,55.36144628850492,Красный,-0.7943739723973025,Ниже
2022-07-07 15:00:00+05:00,54.94,55.45420607217444,Вниз,0.9272625263180201,True,-0.5696911298292022,-0.4233015370325806,-0.14638959279662161,False,55.36144628850492,Красный,-0.5142060721744457,Ниже
2022-07-07 15:30:00+05:00,54.9,55.4486915838941,Вниз,0.9895482981125565,True,-0.5538852317418943,-0.4494182759744434,-0.10446695576745091,False,55.36144628850492,Красный,-0.5486915838941044,Ниже
2022-07-07 16:00:00+05:00,55.38,55.4480080855469,Вниз,0.1226519903870579,True,-0.4968990126507862,-0.458914423309712,-0.03798458934107418,False,54.44152565567992,Зелёный,-0.06800808554690008,Ниже
2022-07-07 16:30:00+05:00,55.495,55.44847566678524,Вверх,0.08390552247881568,True,-0.4374152340164343,-0.4546145854510565,0.0171993514346222,Ниже,54.80412309011193,Зелёный,0.04652433321475513,Выше
2022-07-07 17:00:00+05:00,56.3,55.4569485457227,Вверх,1.5201908442225625,True,-0.3216098207386224,-0.4280136325085697,0.10640381176994734,False,55.03246078110073,Зелёный,0.843051454277294,Выше
2022-07-07 17:30:00+05:00,56.255,55.46488935621303,Вверх,1.4245239699526564,True,-0.230803758247589,-0.3885716576563736,0.15776789940878458,False,55.37371470299066,Зелёный,0.7901106437869743,Выше
2022-07-07 18:00:00+05:00,56.12,55.47140787008156,Вверх,1.1692368281646794,True,-0.1677983958030822,-0.3444170052857153,0.17661860948263308,False,55.3943432326916,Зелёный,0.6485921299184341,Выше
2022-07-07 18:30:00+05:00,55.3,55.46970231913547,Вниз,0.3059369566454876,True,-0.181936093080985,-0.3119208228447692,0.1299847297637842,False,56.55809109057756,Красный,-0.1697023191354745,Ниже
2022-07-07 19:00:00+05:00,55.6,55.470998813472434,Вверх,0.2325560910870715,True,-0.1670076668106261,-0.2829381916379406,0.1159305248273145,False,56.27528198151981,Красный,0.1290011865275673,Выше
2022-07-07 19:30:00+05:00,55.65,55.47277991980605,Вверх,0.3194721455282122,True,-0.1494197810795938,-0.2562345095262713,0.1068147284466775,False,56.27528198151981,Красный,0.17722008019394764,Выше
2022-07-07 20:00:00+05:00,55.895,55.47698111463384,Вверх,0.7534996983747198,True,-0.1143931494546492,-0.2278662375119469,0.1134730880572977,False,56.27528198151981,Красный,0.41801888536616616,Выше
2022-07-07 20:30:00+05:00,55.9,55.48119025777181,Вверх,0.754867983693851,True,-0.0852481457661085,-0.1993426191627792,0.11409447339667071,False,56.27528198151981,Красный,0.41880974222819134,Выше
2022-07-08 12:00:00+05:00,55.855,55.48490975769449,Вверх,0.6670106231076375,True,-0.0650319959159375,-0.1724804945134109,0.10744849859747341,False,56.27528198151981,Красный,0.37009024230550835,Выше
2022-07-08 12:30:00+05:00,55.23,55.48237334219505,Вниз,0.4548712086242289,True,-0.0983095765641977,-0.1576463109235683,0.05933673435937059,False,56.27528198151981,Красный,-0.2523733421950496,Ниже
2022-07-08 13:00:00+05:00,55.48,55.48234972684983,Вниз,0.004235088927206912,True,-0.103318398136885,-0.1467807283662316,0.043462330229346605,False,56.14142261404086,Красный,-0.0023497268498360313,Ниже
2022-07-08 13:30:00+05:00,55.16,55.47914226688117,Вниз,0.5752472980673453,True,-0.1315923364273175,-0.1437430499784488,0.012150713551131315,False,56.03378035263678,Красный,-0.31914226688117253,Ниже
2022-07-08 14:00:00+05:00,55.09,55.47527020452414,Вниз,0.694490000866585,True,-0.1578287001998433,-0.1465601800227277,-0.011268520177115604,Ниже,55.76490231737311,Красный,-0.38527020452414007,Ниже
2022-07-08 14:30:00+05:00,55.285,55.47337696865824,Вниз,0.33958085653353576,True,-0.1610300826404369,-0.1494541605462695,-0.011575922094167385,False,55.76490231737311,Красный,-0.18837696865824682,Ниже
2022-07-08 15:00:00+05:00,55.325,55.47190058091039,Вниз,0.26481980853734,True,-0.1585123044085321,-0.1512657893187221,-0.007246515089810002,False,55.76490231737311,Красный,-0.1469005809103905,Ниже
2022-07-08 15:30:00+05:00,55.255,55.46974236617497,Вниз,0.3871342411460618,True,-0.1603173236922757,-0.1530760961934328,-0.0072412274988429,False,55.76490231737311,Красный,-0.214742366174967,Ниже
2022-07-08 16:00:00+05:00,55.3,55.46805338740706,Вниз,0.30297329209179813,True,-0.1563147909522655,-0.1537238351451993,-0.0025909558070661975,False,55.76490231737311,Красный,-0.16805338740706333,Ниже
2022-07-08 16:30:00+05:00,55.435,55.46772449798013,Вниз,0.058997368787533574,True,-0.1406283075696137,-0.1511047296300822,0.010476422060468504,Ниже,55.76490231737311,Красный,-0.032724497980126444,Ниже
2022-07-08 17:00:00+05:00,55.31,55.46615509999028,Вниз,0.2815322239458898,True,-0.1367072358872647,-0.1482252308815187,0.011517994994254016,False,55.76490231737311,Красный,-0.1561550999902792,Ниже
2022-07-08 17:30:00+05:00,55.32,55.46470082038839,Вниз,0.26088812929320976,True,-0.1312795331630596,-0.1448360913378269,0.013556558174767308,False,55.76490231737311,Красный,-0.14470082038838683,Ниже
2022-07-08 18:00:00+05:00,55.185,55.461917727648206,Вниз,0.49929345935717306,True,-0.1363002272319846,-0.1431289185166585,0.006828691284673893,False,55.70606489230713,Красный,-0.276917727648204,Ниже
2022-07-08 18:30:00+05:00,55.155,55.45886381991041,Вниз,0.5479084838397293,True,-0.1410737029015649,-0.1427178753936397,0.0016441724920747969,False,55.60095840307642,Красный,-0.30386381991041134,Ниже
2022-07-08 19:00:00+05:00,55.29,55.45718358289638,Вниз,0.30146425060781346,True,-0.1324366971965176,-0.1406616397542153,0.008224942557697706,False,55.60095840307642,Красный,-0.1671835828963779,Ниже
2022-07-08 19:30:00+05:00,55.995,55.462534990031735,Вверх,0.9600444878041774,True,-0.0679212460350555,-0.1261135610103834,0.0581923149753279,False,55.170523693508095,Зелёный,0.5324650099682628,Выше
2022-07-08 20:00:00+05:00,55.885,55.46673862197172,Вверх,0.7540760254156947,True,-0.0253758498711249,-0.1059660187825317,0.0805901689114068,False,55.36322132415729,Зелёный,0.41826137802827645,Выше
2022-07-08 20:30:00+05:00,55.83,55.47035316304663,Вверх,0.648358657274526,True,0.0038591568085522,-0.0840009836643149,0.0878601404728671,False,55.41614919174156,Зелёный,0.35964683695336674,Выше
2022-07-11 12:00:00+05:00,55.59,55.471543678837214,Вверх,0.21354430273044814,True,0.0075747984315697,-0.065685827245138,0.0732606256767077,False,55.6440342725674,Зелёный,0.11845632116278892,Выше
2022-07-11 12:30:00+05:00,56.08,55.47759797059008,Вверх,1.0858473536097628,True,0.0494879102623428,-0.0426510797436418,0.0921389900059846,False,55.6440342725674,Зелёный,0.6024020294099159,Выше
2022-07-11 13:00:00+05:00,55.7,55.4798109261066,Вверх,0.39688144248845825,True,0.0514484632891623,-0.023831171137081,0.0752796344262433,False,55.6440342725674,Зелёный,0.22018907389340114,Выше
2022-07-11 13:30:00+05:00,55.575,55.48075808107071,Вверх,0.16986415144432948,True,0.0424266918624312,-0.0105795985371785,0.0530062903996097,False,56.27042901529836,Красный,0.09424191892929201,Выше
2022-07-11 14:00:00+05:00,55.48,55.48075053797548,Вниз,0.001352789874338316,True,0.0272965097832269,-0.0030043768730974,0.0303008866563243,False,56.208136113768525,Красный,-0.0007505379754846331,Ниже
2022-07-11 14:30:00+05:00,54.9,55.47497192565732,Вниз,1.0364528465698903,True,-0.0311364990797642,-0.0086308013144308,-0.0225056977653334,Ниже,55.87807250239168,Красный,-0.5749719256573229,Ниже
2022-07-11 15:00:00+05:00,54.89,55.46915130948163,Вниз,1.044096215300546,True,-0.0773602353789257,-0.0223766881273298,-0.05498354725159589,False,55.471515252152514,Красный,-0.579151309481631,Ниже
2022-07-11 15:30:00+05:00,54.71,55.46159756510868,Вниз,1.3551675359267288,True,-0.1270527896260915,-0.0433119084270821,-0.08374088119900941,False,55.46611372693726,Красный,-0.7515975651086819,Ниже
2022-07-11 16:00:00+05:00,54.96,55.45660654456034,Вниз,0.8954867156563292,True,-0.1445947875162971,-0.0635684842449251,-0.08102630327137199,False,55.46611372693726,Красный,-0.49660654456033626,Ниже
2022-07-11 16:30:00+05:00,54.855,55.4506204097886,Вниз,1.074145618907192,True,-0.1650667825867984,-0.0838681439132998,-0.08119863867349861,False,55.46611372693726,Красный,-0.5956204097886015,Ниже
2022-07-11 17:00:00+05:00,54.925,55.44539035595986,Вниз,0.9385637879343101,True,-0.1736409464444577,-0.1018227044195314,-0.07181824202492632,False,55.46611372693726,Красный,-0.5203903559598615,Ниже
2022-07-11 17:30:00+05:00,54.785,55.43881930764186,Вниз,1.1793528718814839,True,-0.1895478731540834,-0.1193677381664418,-0.07018013498764158,False,55.46611372693726,Красный,-0.6538193076418608,Ниже
2022-07-11 18:00:00+05:00,54.975,55.43420419015288,Вниз,0.8283769864859949,True,-0.1846937801413517,-0.1324329465614238,-0.05226083357992792,False,55.46611372693726,Красный,-0.4592041901528816,Ниже
2022-07-11 18:30:00+05:00,54.71,55.42699817831057,Вниз,1.2935901309393671,True,-0.1999255445314744,-0.1459314661554339,-0.053994078376040505,False,55.46611372693726,Красный,-0.7169981783105683,Ниже
2022-07-11 19:00:00+05:00,54.685,55.41961511185972,Вниз,1.3255507285226726,True,-0.2115752112812146,-0.15906021518059,-0.0525149961006246,False,55.372098417391534,Красный,-0.7346151118597177,Ниже
2022-07-11 19:30:00+05:00,54.815,55.41359904109495,Вниз,1.0802385180775325,True,-0.2079209591759578,-0.1688323639796636,-0.03908859519629418,False,55.372098417391534,Красный,-0.5985990410949498,Ниже
2022-07-11 20:00:00+05:00,54.52,55.40470750834773,Вниз,1.5968092751223826,True,-0.2262212350572952,-0.1803101381951899,-0.04591109686210529,False,55.24307471808714,Красный,-0.8847075083477236,Ниже
2022-07-11 20:30:00+05:00,54.495,55.39565569234428,Вниз,1.625859791869476,True,-0.2399753402628164,-0.1922431786087152,-0.047732161654101185,False,55.18801724627843,Красный,-0.9006556923442801,Ниже
2022-07-12 12:00:00+05:00,53.8,55.37977852127617,Вниз,2.8526270119864154,True,-0.3034581823439239,-0.214486179355757,-0.0889720029881669,False,54.44846552165058,Красный,-1.5797785212761752,Ниже
2022-07-12 12:30:00+05:00,53.51,55.36117375987045,Вниз,3.3438123402150577,True,-0.3728711420103821,-0.246163171886682,-0.12670797012370008,False,54.44846552165058,Красный,-1.8511737598704485,Ниже
2022-07-12 13:00:00+05:00,52.52,55.33290337420009,Вниз,5.083599816147825,False,-0.5019796301592052,-0.2973264635411867,-0.20465316661801852,False,53.764182072536975,Красный,-2.81290337420009,Ниже
2022-07-12 13:30:00+05:00,52.14,55.30113319137223,Вниз,5.7162177498840325,False,-0.6277258287924994,-0.3634063365914493,-0.2643194922010501,False,53.67676386528328,Красный,-3.1611331913722296,Ниже
2022-07-12 14:00:00+05:00,52.1,55.26928111981629,Вниз,5.73425428303603,False,-0.7222822427782276,-0.435181517828805,-0.2871007249494226,False,53.13333747875495,Красный,-3.16928111981629,Ниже
2022-07-12 14:30:00+05:00,52.175,55.23849225295245,Вниз,5.545937493955964,False,-0.7821508606556122,-0.5045753863941664,-0.2775754742614458,False,52.99475373087946,Красный,-3.06349225295245,Ниже
2022-07-12 15:00:00+05:00,52.325,55.20950228028626,Вниз,5.22464822385517,False,-0.808177260865456,-0.5652957612884244,-0.24288149957703165,False,52.99475373087946,Красный,-2.884502280286256,Ниже
2022-07-12 15:30:00+05:00,52.175,55.1793082277461,Вниз,5.444628293174993,False,-0.8313241298519145,-0.6185014350011224,-0.21282269485079208,False,52.99475373087946,Красный,-3.004308227746101,Ниже
2022-07-12 16:00:00+05:00,52.185,55.149514116027234,Вниз,5.375412936168918,False,-0.8391876411107972,-0.6626386762230574,-0.17654896488773986,False,52.95056046981112,Красный,-2.9645141160272317,Ниже
2022-07-12 16:30:00+05:00,52.165,55.11981745815632,Вниз,5.360717060428296,False,-0.8373805614291712,-0.6975870532642802,-0.139793508164891,False,52.81025442283001,Красный,-2.9548174581563202,Ниже
2022-07-12 17:00:00+05:00,52.315,55.09190882673188,Вниз,5.040502109784336,False,-0.8144561478731518,-0.7209608721860545,-0.09349527568709726,False,52.81025442283001,Красный,-2.7769088267318836,Ниже
2022-07-12 17:30:00+05:00,52.205,55.063183365769376,Вниз,5.190733973339795,False,-0.7959888022338433,-0.7359664581956123,-0.060022344038230924,False,52.81025442283001,Красный,-2.858183365769378,Ниже
2022-07-12 18:00:00+05:00,52.22,55.03489298402043,Вниз,5.114742359611284,False,-0.7712524054824215,-0.7430236476529742,-0.028228757829447226,False,52.78604047424308,Красный,-2.8148929840204318,Ниже
2022-07-12 18:30:00+05:00,52.225,55.00693384985107,Вниз,5.057423955759358,False,-0.7426839760562984,-0.7429557133336392,0.0002717372773407556,Ниже,52.76618642681877,Красный,-2.7819338498510717,Ниже
2022-07-12 19:00:00+05:00,52.475,54.98174047821077,Вниз,4.559223582971488,True,-0.6918946484312087,-0.7327435003531532,0.04084885192194443,False,52.76618642681877,Красный,-2.506740478210766,Ниже
2022-07-12 19:30:00+05:00,52.7,54.95903659285543,Вниз,4.110400641828392,True,-0.6262688829308445,-0.7114485768686915,0.08517969393784697,False,52.76618642681877,Красный,-2.2590365928554306,Ниже
2022-07-12 20:00:00+05:00,52.7,54.93655861680712,Вниз,4.071166219943873,True,-0.5677157175624075,-0.6827020050074347,0.11498628744502726,False,52.76618642681877,Красный,-2.236558616807116,Ниже
2022-07-12 20:30:00+05:00,52.965,54.91694111813243,Вниз,3.5543514958955615,True,-0.4942314345237406,-0.645007890910696,0.15077645638695542,False,52.28480533536421,Зелёный,-1.9519411181324244,Ниже
2022-07-13 12:00:00+05:00,52.445,54.89234468909629,Вниз,4.458444438760559,True,-0.4725074927182504,-0.6105078112722069,0.1380003185539565,False,52.28480533536421,Зелёный,-2.4473446890962904,Ниже
2022-07-13 12:30:00+05:00,51.79,54.86147558771225,Вниз,5.5986018509502,False,-0.5023533218710057,-0.5888769133919667,0.08652359152096101,False,52.65878267835499,Красный,-3.07147558771225,Ниже
2022-07-13 13:00:00+05:00,51.46,54.82763005947631,Вниз,6.142213434764825,False,-0.5463367683938642,-0.5803688843923462,0.03403211599848199,False,52.17290441051949,Красный,-3.367630059476312,Ниже
2022-07-13 13:30:00+05:00,52.065,54.80014120316312,Вниз,4.991120721793412,True,-0.5263085653175494,-0.5695568205773869,0.04324825525983744,False,52.17290441051949,Красный,-2.735141203163124,Ниже
2022-07-13 14:00:00+05:00,51.855,54.77083631556946,Вниз,5.323702378341433,False,-0.521371271564675,-0.5599197107748445,0.03854843921016948,False,52.17290441051949,Красный,-2.9158363155694644,Ниже
2022-07-13 14:30:00+05:00,51.86,54.74187277014091,Вниз,5.264476029604952,False,-0.5111626081222269,-0.550168290244321,0.0390056821220941,False,52.17290441051949,Красный,-2.881872770140909,Ниже
2022-07-13 15:00:00+05:00,51.705,54.71165513063702,Вниз,5.495456358353483,False,-0.5097038249907087,-0.5420753971935985,0.03237157220288989,False,52.17290441051949,Красный,-3.0066551306370215,Ниже
2022-07-13 15:30:00+05:00,51.825,54.682932194013766,Вниз,5.226369690407029,False,-0.4931796635629837,-0.5322962504674755,0.039116586904491824,False,52.17290441051949,Красный,-2.857932194013763,Ниже
2022-07-13 16:00:00+05:00,51.51,54.65136072939672,Вниз,5.748000941735014,False,-0.4997413073040846,-0.5257852618347973,0.026043954530712732,False,52.17290441051949,Красный,-3.141360729396723,Ниже
2022-07-13 16:30:00+05:00,51.825,54.62323773706441,Вниз,5.1227972800405235,False,-0.4740589335137244,-0.5154399961705828,0.04138106265685837,False,52.17290441051949,Красный,-2.7982377370644045,Ниже
2022-07-13 17:00:00+05:00,51.5,54.59216074465581,Вниз,5.664111298174817,False,-0.4744609605040395,-0.5072441890372741,0.032783228533234565,False,52.17290441051949,Красный,-3.092160744655807,Ниже
2022-07-13 17:30:00+05:00,51.13,54.55771138401247,Вниз,6.282725754176194,False,-0.4988846459180465,-0.5055722804134286,0.006687634495382122,False,52.11579479783372,Красный,-3.4277113840124684,Ниже
2022-07-13 18:00:00+05:00,51.075,54.52305753939543,Вниз,6.32403554570293,False,-0.5167221812604339,-0.5078022605828296,-0.008919920677604276,Ниже,51.75771531805035,Красный,-3.4480575393954283,Ниже
2022-07-13 18:30:00+05:00,51.075,54.48874850915269,Вниз,6.265052148480285,False,-0.5248088863718792,-0.5112035857406396,-0.013605300631239547,False,51.55944378624532,Красный,-3.41374850915269,Ниже
2022-07-13 19:00:00+05:00,50.47,54.44876096179794,Вниз,7.307348948839251,False,-0.5734260042070929,-0.5236480694339303,-0.04977793477316261,False,51.44724940762079,Красный,-3.9787609617979385,Ниже
2022-07-13 19:30:00+05:00,50.425,54.40872353929249,Вниз,7.321847086553235,False,-0.6085713130044041,-0.540632718148025,-0.0679385948563791,False,51.25027446685871,Красный,-3.983723539292491,Ниже
2022-07-13 20:00:00+05:00,50.455,54.36938300656321,Вниз,7.19960902644543,False,-0.6267783633384312,-0.5578618471861063,-0.06891651615232486,False,51.12224702017284,Красный,-3.914383006563213,Ниже
2022-07-13 20:30:00+05:00,50.11,54.3270010860999,Вниз,7.762256339930495,False,-0.6614217405136529,-0.5785738258516157,-0.08284791466203723,False,51.01627231815555,Красный,-4.2170010860998985,Ниже
2022-07-14 12:00:00+05:00,50.56,54.28951848822826,Вниз,6.869684226499337,False,-0.6451289819983543,-0.5918848570809634,-0.053244124917390945,False,51.01627231815555,Красный,-3.7295184882282584,Ниже
2022-07-14 12:30:00+05:00,50.32,54.25002079182798,Вниз,7.244275180849298,False,-0.6441574021701513,-0.602339366098801,-0.04181803607135026,False,51.01627231815555,Красный,-3.930020791827978,Ниже
2022-07-14 13:00:00+05:00,50.945,54.21713501280482,Вниз,6.035241463850894,False,-0.5861978179495395,-0.5991110564689488,0.012913238519409287,Ниже,51.01627231815555,Красный,-3.2721350128048172,Ниже
2022-07-14 13:30:00+05:00,50.895,54.18407894302567,Вниз,6.070194431991946,False,-0.5380961742672952,-0.5869080800286182,0.04881190576132299,False,51.01627231815555,Красный,-3.2890789430256646,Ниже
2022-07-14 14:00:00+05:00,50.885,54.151252286876165,Вниз,6.031720687773937,False,-0.4950752719604949,-0.5685415184149936,0.07346624645449867,False,51.01627231815555,Красный,-3.266252286876167,Ниже
2022-07-14 14:30:00+05:00,50.03,54.11024480143462,Вниз,7.54061419682662,False,-0.5239326815838226,-0.5596197510487594,0.03568706946493683,False,51.2067827145329,Красный,-4.080244801434617,Ниже
2022-07-14 15:00:00+05:00,49.53,54.064670226295966,Вниз,8.387492621920023,False,-0.5804570602735097,-0.5637872128937095,-0.016669847379800262,Ниже,50.40585444307961,Красный,-4.534670226295965,Ниже
2022-07-14 15:30:00+05:00,49.35,54.017758084740784,Вниз,8.64115477991182,False,-0.632486621238094,-0.5775270945625864,-0.05495952667550752,False,50.40585444307961,Красный,-4.6677580847407825,Ниже
2022-07-14 16:00:00+05:00,49.05,53.9683276560369,Вниз,9.113359389943476,False,-0.6899743214668916,-0.6000165399434475,-0.08995778152344414,False,50.10111709889449,Красный,-4.918327656036901,Ниже
2022-07-14 16:30:00+05:00,49.425,53.923120415678326,Вниз,8.341728707470137,False,-0.697237057298949,-0.6194606434145479,-0.07777641388440115,False,50.10111709889449,Красный,-4.498120415678329,Ниже
2022-07-14 17:00:00+05:00,49.2,53.87612419263675,Вниз,8.679399757705353,False,-0.7129302314431669,-0.6381545610202717,-0.07477567042289524,False,50.10111709889449,Красный,-4.676124192636749,Ниже
2022-07-14 17:30:00+05:00,48.91,53.82671002156574,Вниз,9.134331300567796,False,-0.7402347954428521,-0.6585706079047878,-0.08166418753806426,False,49.60478686509408,Красный,-4.916710021565741,Ниже
2022-07-14 18:00:00+05:00,48.88,53.77748902632628,Вниз,9.106949980369585,False,-0.755584698343533,-0.677973425992537,-0.07761127235099607,False,49.60478686509408,Красный,-4.8974890263262765,Ниже
2022-07-14 18:30:00+05:00,48.93,53.7292553046713,Вниз,8.932294478040243,False,-0.755011719723349,-0.6933810847386994,-0.0616306349846496,False,49.60170236072621,Красный,-4.7992553046712985,Ниже
2022-07-14 19:00:00+05:00,48.805,53.68025773945069,Вниз,9.082031168914758,False,-0.7559301926593989,-0.7058909063228394,-0.05003928633655952,False,49.60170236072621,Красный,-4.875257739450689,Ниже
2022-07-14 19:30:00+05:00,49.35,53.637170597764616,Вниз,7.992909674365424,False,-0.7045594213966595,-0.7056246093376034,0.0010651879409439013,Ниже,49.60170236072621,Красный,-4.287170597764614,Ниже
2022-07-14 20:00:00+05:00,48.97,53.59073108932915,Вниз,8.622257982685397,False,-0.6865958892518051,-0.7018188653204438,0.01522297606863865,False,49.60170236072621,Красный,-4.620731089329148,Ниже
2022-07-14 20:30:00+05:00,48.95,53.54455466057961,Вниз,8.580806563252997,False,-0.6662928838477029,-0.6947136690258956,0.028420785178192687,False,49.60170236072621,Красный,-4.594554660579604,Ниже
2022-07-15 12:00:00+05:00,49.12,53.50052924107136,Вниз,8.187824126622871,False,-0.6292316359231478,-0.681617262405346,0.052385626482198244,False,49.60170236072621,Красный,-4.380529241071365,Ниже
2022-07-15 12:30:00+05:00,49.16,53.45733989538906,Вниз,8.038821055814882,False,-0.5898334315842817,-0.6632604962411333,0.07342706465685156,False,49.60170236072621,Красный,-4.297339895389065,Ниже
2022-07-15 13:00:00+05:00,49.155,53.414530543196136,Вниз,7.974479041337765,False,-0.5526430044631212,-0.6411369978855309,0.08849399342240971,False,49.60170236072621,Красный,-4.259530543196135,Ниже
2022-07-15 13:30:00+05:00,49.1,53.37159989102504,Вниз,8.00350729554081,False,-0.5215947438472455,-0.6172285470778739,0.09563380323062842,False,49.60170236072621,Красный,-4.271599891025041,Ниже
2022-07-15 14:00:00+05:00,49.38,53.33188247917404,Вниз,7.40998122599036,False,-0.4689889015544892,-0.587580617973197,0.11859171641870786,False,49.60170236072621,Красный,-3.9518824791740386,Ниже
2022-07-15 14:30:00+05:00,49.315,53.29191349928176,Вниз,7.462508358487377,False,-0.4276140803672348,-0.5555873104520046,0.1279732300847698,False,49.60170236072621,Красный,-3.976913499281764,Ниже
2022-07-15 15:00:00+05:00,49.64,53.25557605152772,Вниз,6.789103263157736,False,-0.3643988890625067,-0.5173496261741051,0.15295073711159834,False,48.80187059123293,Зелёный,-3.615576051527718,Ниже
2022-07-15 15:30:00+05:00,49.71,53.22029668783093,Вниз,6.595785642498261,False,-0.3051345780509606,-0.4749066165494762,0.16977203849851558,False,49.02493353210963,Зелёный,-3.5102966878309303,Ниже
2022-07-15 16:00:00+05:00,49.43,53.18258229292714,Вниз,7.056036264388389,False,-0.2775612907564309,-0.4354375513908671,0.15787626063443622,False,49.02493353210963,Зелёный,-3.752582292927137,Ниже
2022-07-15 16:30:00+05:00,49.07,53.141661076082094,Вниз,7.6619002749138,False,-0.2815131449757544,-0.4046526701078446,0.1231395251320902,False,49.02493353210963,Зелёный,-4.071661076082094,Ниже
2022-07-15 17:00:00+05:00,48.965,53.100102259404665,Вниз,7.787371555715385,False,-0.2897772684242028,-0.3816775897711162,0.0919003213469134,False,49.55135095509208,Красный,-4.135102259404661,Ниже
2022-07-15 17:30:00+05:00,49.21,53.06139477423646,Вниз,7.258374550128627,False,-0.2734055444202994,-0.3600231807009529,0.0866176362806535,False,49.55135095509208,Красный,-3.8513947742364607,Ниже
2022-07-15 18:00:00+05:00,49.44,53.02536099538834,Вниз,6.761596579606811,False,-0.2391153840819697,-0.3358416213771563,0.09672623729518659,False,49.55135095509208,Красный,-3.585360995388342,Ниже
2022-07-15 18:30:00+05:00,49.3,52.98829272677752,Вниз,6.960580416876981,False,-0.2206930033715153,-0.3128118977760282,0.0921188944045129,False,49.55135095509208,Красный,-3.688292726777526,Ниже
2022-07-15 19:00:00+05:00,49.435,52.952936580242415,Вниз,6.643515558219318,False,-0.1929752634602266,-0.2888445709128679,0.09586930745264133,False,49.55135095509208,Красный,-3.517936580242413,Ниже
2022-07-15 19:30:00+05:00,49.615,52.91972328093652,Вниз,6.244785641437764,False,-0.1547009628065367,-0.2620158492916017,0.10731488648506501,False,48.85944282452768,Зелёный,-3.3047232809365212,Ниже
2022-07-15 20:00:00+05:00,49.5,52.885696183613774,Вниз,6.401912857228882,False,-0.132124790353572,-0.2360376375039957,0.1039128471504237,False,48.85944282452768,Зелёный,-3.3856961836137742,Ниже
2022-07-15 20:30:00+05:00,49.5,52.85200766437384,Вниз,6.342252286157417,False,-0.1129312103365407,-0.2114163520705048,0.0984851417339641,False,48.85944282452768,Зелёный,-3.3520076643738435,Ниже
2022-07-18 12:00:00+05:00,49.14,52.81507226472833,Вниз,6.958377802282521,False,-0.1253244885529767,-0.1941979793669991,0.06887349081402239,False,48.90288881908068,Зелёный,-3.6750722647283283,Ниже
2022-07-18 12:30:00+05:00,49.205,52.779151147666354,Вниз,6.771899642088859,False,-0.1284209374284941,-0.1810425709792981,0.052621633550804015,False,48.90288881908068,Зелёный,-3.574151147666356,Ниже
2022-07-18 13:00:00+05:00,49.13,52.74284118599804,Вниз,6.84991764713115,False,-0.1353663496537294,-0.1719073267141844,0.036540977060455004,False,48.90288881908068,Зелёный,-3.612841185998036,Ниже
2022-07-18 13:30:00+05:00,49.31,52.708683562256766,Вниз,6.448052450868774,False,-0.1249063011161766,-0.1625071215945829,0.037600820478406294,False,48.90288881908068,Зелёный,-3.398683562256764,Ниже
2022-07-18 14:00:00+05:00,49.16,52.67337327805521,Вниз,6.670112543407115,False,-0.1272534847278947,-0.1554563942212453,0.02820290949335061,False,48.90288881908068,Зелёный,-3.5133732780552123,Ниже
2022-07-18 14:30:00+05:00,49.18,52.63861334494023,Вниз,6.570487186423356,False,-0.1260468224894566,-0.1495744798748875,0.023527657385430917,False,48.90288881908068,Зелёный,-3.4586133449402325,Ниже
2022-07-18 15:00:00+05:00,49.18,52.6041992818065,Вниз,6.5093648958758745,False,-0.1236650008212834,-0.1443925840641667,0.02072758324288329,False,48.90288881908068,Зелёный,-3.4241992818065015,Ниже
2022-07-18 15:30:00+05:00,49.17,52.5700281446741,Вниз,6.467617128370426,False,-0.1211873342627853,-0.1397515341038904,0.018564199841105106,False,48.90288881908068,Зелёный,-3.4000281446740956,Ниже
2022-07-18 16:00:00+05:00,49.155,52.53604776512511,Вниз,6.435672093646801,False,-0.1190616714689483,-0.135613561576902,0.016551890107953687,False,48.90288881908068,Зелёный,-3.3810477651251105,Ниже
2022-07-18 16:30:00+05:00,49.12,52.502057240098985,Вниз,6.441761366859176,False,-0.1188314607732721,-0.132257141416176,0.013425680642903906,False,48.90288881908068,Зелёный,-3.3820572400989874,Ниже
2022-07-18 17:00:00+05:00,49.19,52.46910144666517,Вниз,6.249585672814273,False,-0.111712846002888,-0.1281482823335184,0.01643543633063041,False,48.90288881908068,Зелёный,-3.279101446665173,Ниже
2022-07-18 17:30:00+05:00,49.165,52.43622481535507,Вниз,6.238482703272616,False,-0.1068568048465721,-0.1238899868361291,0.017033181989557,False,48.90288881908068,Зелёный,-3.271224815355069,Ниже
2022-07-18 18:00:00+05:00,49.11,52.40312805102317,Вниз,6.284220376723998,False,-0.1062219372187271,-0.1203563769126488,0.01413443969392171,False,48.90288881908068,Зелёный,-3.2931280510231673,Ниже
2022-07-18 18:30:00+05:00,49.195,52.371206378873694,Вниз,6.0647951393286235,False,-0.0977334006189281,-0.1158317816539046,0.018098381034976505,False,48.90288881908068,Зелёный,-3.176206378873694,Ниже
2022-07-18 19:00:00+05:00,49.255,52.34019935022818,Вниз,5.89451203573746,False,-0.0851827420222832,-0.1097019737275803,0.0245192317052971,False,48.90753002520111,Зелёный,-3.08519935022818,Ниже
2022-07-18 19:30:00+05:00,49.17,52.30865507808661,Вниз,6.000259562019341,False,-0.0811594882269375,-0.1039934766274518,0.022833988400514302,False,48.90753002520111,Зелёный,-3.1386550780866074,Ниже
2022-07-18 20:00:00+05:00,49.22,52.27792219173749,Вниз,5.849356790658359,False,-0.0730938678661701,-0.0978135548751955,0.024719687009025396,False,48.90753002520111,Зелёный,-3.0579221917374895,Ниже
2022-07-18 20:30:00+05:00,49.335,52.24863938385951,Вниз,5.5764885329427045,False,-0.0567678819098276,-0.0896044202821219,0.0328365383722943,False,48.9259193883716,Зелёный,-2.913639383859511,Ниже
2022-07-19 12:00:00+05:00,49.45,52.22079222581115,Вниз,5.305917638763112,False,-0.0341561506687142,-0.0785147663594404,0.044358615690726196,False,49.06682744953444,Зелёный,-2.7707922258111495,Ниже
2022-07-19 12:30:00+05:00,49.38,52.1925256364996,Вниз,5.388751745964038,False,-0.021635208520621,-0.0671388547916765,0.0455036462710555,False,49.06682744953444,Зелёный,-2.8125256364996005,Ниже
2022-07-19 13:00:00+05:00,49.12,52.16195324210658,Вниз,5.831747189349938,False,-0.0323195392191735,-0.0601749916771759,0.027855452458002403,False,49.06682744953444,Зелёный,-3.0419532421065796,Ниже
2022-07-19 13:30:00+05:00,48.555,52.12606316009557,Вниз,6.850820767199911,False,-0.0853933648181026,-0.0652186663053612,-0.020174698512741396,Ниже,49.312017789289385,Красный,-3.5710631600955693,Ниже
2022-07-19 14:00:00+05:00,48.68,52.09177397442298,Вниз,6.549544609669382,False,-0.1160307681811616,-0.0753810866805213,-0.0406496815006403,False,49.01031601036045,Красный,-3.411773974422978,Ниже
2022-07-19 14:30:00+05:00,48.5,52.05603492990136,Вниз,6.8311674807539875,False,-0.1530711181871922,-0.0909190929818555,-0.062152025205336706,False,49.01031601036045,Красный,-3.556034929901358,Ниже
2022-07-19 15:00:00+05:00,48.505,52.02070124900682,Вниз,6.758273465361905,False,-0.1799480748222635,-0.1087248893499371,-0.0712231854723264,False,48.99270596839197,Красный,-3.515701249006817,Ниже
2022-07-19 15:30:00+05:00,48.505,51.98571914702666,Вниз,6.695529472589273,False,-0.1989548291680023,-0.1267708773135502,-0.07218395185445212,False,48.882185371552765,Красный,-3.4807191470266545,Ниже
2022-07-19 16:00:00+05:00,48.18,51.94785129481744,Вниз,7.25314175832589,False,-0.2375047953457922,-0.1489176609199986,-0.08858713442579358,False,48.75121683439749,Красный,-3.76785129481744,Ниже
2022-07-19 16:30:00+05:00,48.785,51.91638013765508,Вниз,6.03158411536456,False,-0.216739044683436,-0.1624819376726861,-0.0542571070107499,False,48.27165484904225,Зелёный,-3.1313801376550856,Ниже
2022-07-19 17:00:00+05:00,49.0,51.88736142981772,Вниз,5.564671916730892,False,-0.1808486241396067,-0.1661552749660702,-0.014693349173536513,False,48.35298936413803,Зелёный,-2.887361429817723,Ниже
2022-07-19 17:30:00+05:00,48.85,51.8571389280285,Вниз,5.798890934191424,False,-0.1626342077689173,-0.1654510615266396,0.0028168537577223096,Ниже,48.35298936413803,Зелёный,-3.007138928028496,Ниже
2022-07-19 18:00:00+05:00,48.28,51.82154550585906,Вниз,6.834117877589442,False,-0.1919803578173144,-0.1707569207847746,-0.021223437032539788,Ниже,49.24897861504819,Красный,-3.5415455058590624,Ниже
2022-07-19 18:30:00+05:00,48.255,51.78605749087539,Вниз,6.818548586166376,False,-0.2147788473672847,-0.1795613061012766,-0.035217541266008096,False,48.99508075354337,Красный,-3.5310574908753907,Ниже
2022-07-19 19:00:00+05:00,48.385,51.752216122806985,Вниз,6.506419193366811,False,-0.2198229192669245,-0.1876136287344062,-0.03220929053251828,False,48.96107267818904,Красный,-3.367216122806987,Ниже
2022-07-19 19:30:00+05:00,48.44,51.7192587484507,Вниз,6.34049835168787,False,-0.2168822585698677,-0.1934673547014985,-0.023414903868369197,False,48.96107267818904,Красный,-3.279258748450701,Ниже
2022-07-19 20:00:00+05:00,48.7,51.68921637284422,Вниз,5.783056085204365,False,-0.1913659886953098,-0.1930470815002608,0.00168109280495099,Ниже,48.96107267818904,Красный,-2.9892163728442185,Ниже
2022-07-19 20:30:00+05:00,48.7,51.65947292634826,Вниз,5.72880975879801,False,-0.1691938001759823,-0.1882764252354051,0.01908262505942282,False,48.96107267818904,Красный,-2.959472926348255,Ниже
2022-07-20 12:00:00+05:00,48.83,51.631318966882105,Вниз,5.425619610219445,False,-0.139523922559114,-0.1785259247001469,0.03900200214103289,False,48.96107267818904,Красный,-2.801318966882107,Ниже
2022-07-20 12:30:00+05:00,48.78,51.6029476338783,Вниз,5.47051624629478,False,-0.1186768797247097,-0.1665561157050595,0.047879235980349794,False,48.96107267818904,Красный,-2.8229476338783,Ниже
2022-07-20 13:00:00+05:00,48.46,51.57167452309345,Вниз,6.033689136272008,False,-0.1265183489601469,-0.158548562356077,0.032030213395930096,False,48.96107267818904,Красный,-3.1116745230934484,Ниже
2022-07-20 13:30:00+05:00,48.64,51.5425036323164,Вниз,5.631281811651401,False,-0.1168611713074554,-0.1502110841463527,0.03334991283889731,False,48.96107267818904,Красный,-2.902503632316396,Ниже
2022-07-20 14:00:00+05:00,48.5,51.51222996433316,Вниз,5.847601562616904,False,-0.1191313464079826,-0.1439951365986786,0.024863790190695997,False,48.96107267818904,Красный,-3.0122299643331587,Ниже
2022-07-20 14:30:00+05:00,48.695,51.48419782538457,Вниз,5.4175804289395755,False,-0.1039967958866441,-0.1359954684562717,0.0319986725696276,False,48.96107267818904,Красный,-2.7891978253845693,Ниже
2022-07-20 15:00:00+05:00,48.5,51.45450431468423,Вниз,5.741974107096906,False,-0.1065096489438701,-0.1300983045537914,0.023588655609921294,False,48.96107267818904,Красный,-2.954504314684229,Ниже
2022-07-20 15:30:00+05:00,48.245,51.42256894836897,Вниз,6.179327508043058,False,-0.1276065036303748,-0.1295999443691081,0.0019934407387333097,False,48.96107267818904,Красный,-3.1775689483689717,Ниже
2022-07-20 16:00:00+05:00,48.31,51.39159811306182,Вниз,5.996307229602555,False,-0.1374959880299897,-0.1311791531012844,-0.0063168349287053005,Ниже,48.88365184792959,Красный,-3.0815981130618155,Ниже
2022-07-20 16:30:00+05:00,48.23,51.36013942536967,Вниз,6.094491682441808,False,-0.1500590201034199,-0.1349551265017116,-0.015103893601708301,False,48.81128666313663,Красный,-3.13013942536967,Ниже
2022-07-20 17:00:00+05:00,47.8,51.32471515248042,Вниз,6.867481177457801,False,-0.1924937714988033,-0.1464628555011299,-0.04603091599767342,False,48.54015799682298,Красный,-3.524715152480425,Ниже
2022-07-20 17:30:00+05:00,47.63,51.28795181762988,Вниз,7.1321854119596235,False,-0.237107963942492,-0.1645918771894023,-0.07251608675308971,False,48.24939219714067,Красный,-3.657951817629879,Ниже
2022-07-20 18:00:00+05:00,47.855,51.25379309307635,Вниз,6.631300608140704,False,-0.2514113003135563,-0.1819557618142331,-0.0694555384993232,False,48.24939219714067,Красный,-3.3987930930763497,Ниже
2022-07-20 18:30:00+05:00,47.815,51.21957624637908,Вниз,6.647021502095623,False,-0.2629434151306284,-0.1981532924775122,-0.0647901226531162,False,48.24939219714067,Красный,-3.4045762463790794,Ниже
2022-07-20 19:00:00+05:00,47.55,51.18306304989769,Вниз,7.09817434403226,False,-0.2901216428063264,-0.2165469625432751,-0.0735746802630513,False,48.18020191171556,Красный,-3.633063049897693,Ниже
2022-07-20 19:30:00+05:00,47.55,51.14691316880418,Вниз,7.032512708896058,False,-0.3081088964803697,-0.234859349330694,-0.07324954714967571,False,48.043931720544,Красный,-3.5969131688041855,Ниже
2022-07-20 20:00:00+05:00,47.615,51.11176975418922,Вниз,6.841417878907655,False,-0.3135050764645442,-0.2505884947574641,-0.06291658170708009,False,48.0232885484896,Красный,-3.4967697541892164,Ниже
2022-07-20 20:30:00+05:00,47.6,51.07682677156047,Вниз,6.807053200682314,False,-0.315356726577896,-0.2635421411215505,-0.051814585456345486,False,47.99170969364064,Красный,-3.476826771560468,Ниже
2022-07-21 12:00:00+05:00,47.035,51.0366095897539,Вниз,7.84066500874554,False,-0.3582848658225117,-0.2824906860617427,-0.07579417976076896,False,47.59503872427658,Красный,-4.001609589753905,Ниже
2022-07-21 12:30:00+05:00,46.41,50.99057367343794,Вниз,8.983177366808217,False,-0.4376925547939621,-0.3135310598081866,-0.1241614949857755,False,47.25278485184892,Красный,-4.5805736734379465,Ниже
2022-07-21 13:00:00+05:00,46.61,50.94698587569229,Вниз,8.512742807345438,False,-0.4789641908280799,-0.3466176860121653,-0.1323465048159146,False,47.146006366664025,Красный,-4.336985875692292,Ниже
2022-07-21 13:30:00+05:00,46.83,50.90602084210331,Вниз,8.006952369634279,False,-0.4882913792784222,-0.3749524246654167,-0.11333895461300553,False,47.146006366664025,Красный,-4.076020842103311,Ниже
2022-07-21 14:00:00+05:00,48.4,50.88108531133612,Вниз,4.876242902749849,True,-0.3647922661921754,-0.3729203929707684,0.008128126778592981,Ниже,46.71898484300214,Зелёный,-2.4810853113361233,Ниже
2022-07-21 14:30:00+05:00,49.73,50.86963172614869,Вниз,2.240298754832314,True,-0.1577796588888063,-0.329892246154376,0.17211258726556972,False,48.11808635870192,Зелёный,-1.1396317261486928,Ниже
2022-07-21 15:00:00+05:00,48.935,50.85038165922184,Вниз,3.7667006553813684,True,-0.0572110388204691,-0.2753560046875947,0.2181449658671256,False,48.12027772283173,Зелёный,-1.9153816592218362,Ниже
2022-07-21 15:30:00+05:00,49.335,50.83530323475197,Вниз,2.9513018301941245,True,0.0541428491398505,-0.2094562339221056,0.2635990830619561,False,48.12027772283173,Зелёный,-1.5003032347519678,Ниже
2022-07-21 16:00:00+05:00,49.0,50.8170415110231,Вниз,3.5756538692417803,True,0.1140452645031899,-0.1447559342370465,0.2588011987402364,False,48.12027772283173,Зелёный,-1.817041511023099,Ниже
2022-07-21 16:30:00+05:00,49.33,50.8022450780776,Вниз,2.897992157265719,True,0.1860024815029106,-0.078604251089055,0.2646067325919656,False,48.12027772283173,Зелёный,-1.4722450780775986,Ниже
2022-07-21 17:00:00+05:00,49.5,50.78928741560917,Вниз,2.538502667026841,True,0.2538207856308645,-0.0121192437450711,0.26594002937593564,False,48.4596579639499,Зелёный,-1.2892874156091665,Ниже
2022-07-21 17:30:00+05:00,49.595,50.77740395873744,Вниз,2.3286026195791334,True,0.3116405876042663,0.0526327225247963,0.25900786507947,False,48.65844216755492,Зелёный,-1.1824039587374386,Ниже
2022-07-21 18:00:00+05:00,49.6,50.76568849646144,Вниз,2.296213310576286,True,0.3537884029668561,0.1128638586132082,0.2409245443536479,False,48.66084795079942,Зелёный,-1.165688496461442,Ниже
2022-07-21 18:30:00+05:00,49.535,50.75344283978024,Вниз,2.400709728454592,True,0.3775932337726786,0.1658097336451023,0.21178350012757632,False,48.79026315571948,Зелёный,-1.218442839780245,Ниже
2022-07-21 19:00:00+05:00,49.795,50.74390609510581,Вниз,1.869990247355684,True,0.4126814261843918,0.2151840721529602,0.1974973540314316,False,49.01748684014753,Зелёный,-0.948906095105805,Ниже
2022-07-21 19:30:00+05:00,49.8,50.734513994657,Вниз,1.8419689498857115,True,0.4358681133880466,0.2593208803999776,0.17654723298806901,False,49.04648815613277,Зелёный,-0.9345139946570029,Ниже
2022-07-21 20:00:00+05:00,49.8,50.725215347944,Вниз,1.8239751997060862,True,0.4490671633238108,0.2972701369847442,0.1517970263390666,False,49.0890893405195,Зелёный,-0.925215347944004,Ниже
2022-07-21 20:30:00+05:00,49.95,50.71750176239232,Вниз,1.5132877916345366,True,0.4662565367683626,0.3310674169414679,0.1351891198268947,False,49.18693040646755,Зелёный,-0.7675017623923139,Ниже
2022-07-22 12:00:00+05:00,49.77,50.70807388415957,Вниз,1.8499497462722687,True,0.4600515554298425,0.3568642446391429,0.1031873107906996,False,49.18693040646755,Зелёный,-0.9380738841595644,Ниже
2022-07-22 12:30:00+05:00,49.605,50.6970980246157,Вниз,2.1541627966268195,True,0.4367849568833648,0.3728483870879873,0.06393656979537754,False,49.18693040646755,Зелёный,-1.0920980246157015,Ниже
2022-07-22 13:00:00+05:00,49.355,50.68374381541554,Вниз,2.621637068198192,True,0.3936355140690821,0.3770058124842063,0.01662970158487581,False,49.18693040646755,Зелёный,-1.3287438154155424,Ниже
2022-07-22 13:30:00+05:00,49.495,50.67191551874474,Вниз,2.3226189629823124,True,0.3665111869175064,0.3749068873708663,-0.008395700453359911,Выше,49.18693040646755,Зелёный,-1.1769155187447424,Ниже
2022-07-22 14:00:00+05:00,49.475,50.66000591159305,Вниз,2.3391349650866795,True,0.3394877261928428,0.3678230551352616,-0.028335328942418803,False,49.18693040646755,Зелёный,-1.185005911593052,Ниже
2022-07-22 14:30:00+05:00,49.24,50.6458764995374,Вниз,2.77589528843526,True,0.295700254386432,0.3533984949854957,-0.0576982405990637,False,49.18693040646755,Зелёный,-1.4058764995373991,Ниже
2022-07-22 15:00:00+05:00,49.245,50.63193742989026,Вниз,2.7392541156671,True,0.2584228875365468,0.3344033734957059,-0.07598048595915913,False,49.18693040646755,Зелёный,-1.38693742989026,Ниже
2022-07-22 15:30:00+05:00,49.49,50.620574868398826,Вниз,2.2334295320391826,True,0.2458161427107228,0.3166859273387093,-0.07086978462798652,False,49.18693040646755,Зелёный,-1.1305748683988242,Ниже
2022-07-22 16:00:00+05:00,49.495,50.60937511846451,Вниз,2.2019143999625133,True,0.2335366002664329,0.300056061924254,-0.0665194616578211,False,49.18693040646755,Зелёный,-1.1143751184645154,Ниже
2022-07-22 16:30:00+05:00,49.48,50.59813755509671,Вниз,2.2098393520496034,True,0.2200579091745709,0.2840564313743174,-0.0639985221997465,False,49.18693040646755,Зелёный,-1.118137555096716,Ниже
2022-07-22 17:00:00+05:00,49.475,50.58696205703605,Вниз,2.1981198550375978,True,0.2065910382715401,0.268563352753762,-0.061972314482221874,False,49.18693040646755,Зелёный,-1.1119620570360453,Ниже
2022-07-22 17:30:00+05:00,49.49,50.57604701169241,Вниз,2.147354480751195,True,0.194882338409954,0.2538271498850004,-0.05894481147504638,False,49.18693040646755,Зелёный,-1.0860470116924077,Ниже
2022-07-22 18:00:00+05:00,49.5,50.56534007625268,Вниз,2.1068583235990217,True,0.1842856950607299,0.2399188589201463,-0.05563316385941641,False,49.18693040646755,Зелёный,-1.0653400762526815,Ниже
2022-07-22 18:30:00+05:00,49.395,50.5536949013646,Вниз,2.29200833613711,True,0.1655072913533857,0.2250365454067942,-0.059529254053408476,False,49.18693040646755,Зелёный,-1.1586949013645977,Ниже
2022-07-22 19:00:00+05:00,49.365,50.541867091400775,Вниз,2.3284994384408204,True,0.1465155814248007,0.2093323526103955,-0.06281677118559481,False,49.18693040646755,Зелёный,-1.1768670914007728,Ниже
2022-07-22 19:30:00+05:00,49.135,50.5278684138744,Вниз,2.756634027118264,True,0.1116187650257671,0.1897896350934699,-0.0781708700677028,False,49.64131190809684,Красный,-1.3928684138744032,Ниже
2022-07-22 20:00:00+05:00,48.615,50.50883489731844,Вниз,3.7495121421202695,True,0.0415244642570016,0.1601366009261762,-0.11861213666917461,False,49.37093071728716,Красный,-1.8938348973184347,Ниже
2022-07-22 20:30:00+05:00,48.51,50.48894599286751,Вниз,3.919562894315661,True,-0.0222420045989437,0.1236608798211522,-0.1459028844200959,False,49.13033764555845,Красный,-1.9789459928675086,Ниже
2022-07-23 17:30:00+05:00,48.615,50.47029976408275,Вниз,3.676022874354072,True,-0.0635719502313918,0.0862143138106434,-0.1497862640420352,False,48.9885538810026,Красный,-1.8552997640827513,Ниже
2022-07-23 18:00:00+05:00,48.62,50.451888821156565,Вниз,3.6309618211724537,True,-0.0948296346986197,0.0500055241087908,-0.1448351588074105,False,48.976198492902334,Красный,-1.8318888211565678,Ниже
2022-07-23 18:30:00+05:00,48.43,50.43177052442864,Вниз,3.969264817817581,True,-0.1333952890852074,0.0133253614699911,-0.1467206505551985,False,48.967328643612106,Красный,-2.0017705244286432,Ниже
2022-07-23 19:00:00+05:00,48.63,50.41384245950896,Вниз,3.5383981313102537,True,-0.1461359551820038,-0.0185669018604078,-0.12756905332159602,False,48.95584577925089,Красный,-1.7838424595089606,Ниже
2022-07-23 19:30:00+05:00,48.675,50.39654054448897,Вниз,3.4159895220768886,True,-0.1508628479338298,-0.0450260910750922,-0.10583675685873761,False,48.95584577925089,Красный,-1.721540544488974,Ниже
2022-07-23 20:00:00+05:00,48.485,50.377520240563705,Вниз,3.756676056158592,True,-0.1680037143583703,-0.0696216157317478,-0.0983820986266225,False,48.95584577925089,Красный,-1.8925202405637052,Ниже
2022-07-23 20:30:00+05:00,48.485,50.35868919339392,Вниз,3.720686982535108,True,-0.1795185958663907,-0.0916010117586764,-0.08791758410771432,False,48.95584577925089,Красный,-1.873689193393922,Ниже
2022-07-24 12:00:00+05:00,48.685,50.34203556957905,Вниз,3.291554564353717,True,-0.1705400147588207,-0.1073888123587053,-0.06315120240011539,False,48.95584577925089,Красный,-1.657035569579051,Ниже
2022-07-24 12:30:00+05:00,48.69,50.32559740470762,Вниз,3.2500307776865562,True,-0.1611631775405371,-0.1181436853950717,-0.04301949214546541,False,48.95584577925089,Красный,-1.6355974047076245,Ниже
2022-07-24 13:00:00+05:00,48.7,50.30942230615332,Вниз,3.19904747933564,True,-0.1511823144488246,-0.1247514112058223,-0.026430903243002304,False,48.95584577925089,Красный,-1.60942230615332,Ниже
2022-07-24 13:30:00+05:00,48.7,50.29340815385328,Вниз,3.168224648802598,True,-0.1416396745399453,-0.1281290638726469,-0.013510610667298417,False,48.95584577925089,Красный,-1.5934081538532752,Ниже
2022-07-24 14:00:00+05:00,48.75,50.27805085879007,Вниз,3.0392006704510486,True,-0.1285605159271199,-0.1282153542835415,-0.0003451616435783955,False,48.95584577925089,Красный,-1.528050858790067,Ниже
2022-07-24 14:30:00+05:00,48.74,50.26274687014539,Вниз,3.029573521079998,True,-0.1176459555788724,-0.1261014745426077,0.008455518963735295,Ниже,48.95584577925089,Красный,-1.5227468701453901,Ниже
2022-07-24 15:00:00+05:00,48.74,50.247595159994695,Вниз,3.000332961596112,True,-0.1077539672082608,-0.1224319730757383,0.0146780058674775,False,48.95584577925089,Красный,-1.5075951599946933,Ниже
2022-07-24 15:30:00+05:00,48.87,50.233887745467385,Вниз,2.7150750353588773,True,-0.0884054980608226,-0.1156266780727552,0.027221180011932605,False,48.95584577925089,Красный,-1.3638877454673874,Ниже
2022-07-24 16:00:00+05:00,48.855,50.22016746939308,Вниз,2.7183650278050018,True,-0.0734355521696912,-0.1071884528921424,0.0337529007224512,False,48.95584577925089,Красный,-1.3651674693930858,Ниже
2022-07-24 16:30:00+05:00,49.02,50.208225504523504,Вниз,2.366595299044074,True,-0.0477076965322496,-0.0952923016201638,0.047584605087914206,False,48.56057325358777,Зелёный,-1.1882255045235013,Ниже
2022-07-24 17:00:00+05:00,49.025,50.19645211641879,Вниз,2.3337348896728507,True,-0.0266080068273382,-0.0815554426615987,0.0549474358342605,False,48.56057325358777,Зелёный,-1.1714521164187914,Ниже
2022-07-24 17:30:00+05:00,49.025,50.18479587645442,Вниз,2.311050301588603,True,-0.009773685755654,-0.0671990912804098,0.05742540552475579,False,48.563239335406095,Зелёный,-1.1597958764544245,Ниже
2022-07-24 18:00:00+05:00,49.04,50.17340487270861,Вниз,2.258975398588338,True,0.0047235593660914,-0.0528145611511095,0.057538120517200905,False,48.57241540186549,Зелёный,-1.13340487270861,Ниже
2022-07-24 18:30:00+05:00,48.865,50.16038591875132,Вниз,2.5824879434730668,True,0.0020678561496154,-0.0418380776909645,0.043905933840579905,False,48.59267386167894,Зелёный,-1.2953859187513146,Ниже
2022-07-24 19:00:00+05:00,49.07,50.14953630761946,Вниз,2.1526346744215803,True,0.0163168880324349,-0.0302070845462846,0.0465239725787195,False,48.61990647551104,Зелёный,-1.0795363076194562,Ниже
2022-07-24 19:30:00+05:00,48.915,50.13725236426007,Вниз,2.437812817064831,True,0.0149300396439642,-0.0211796597082348,0.036109699352199,False,48.61990647551104,Зелёный,-1.222252364260072,Ниже
2022-07-24 20:00:00+05:00,48.72,50.12315035068535,Вниз,2.799405745385606,True,-0.0018822209412405,-0.017320171954836,0.015437951013595502,False,48.61990647551104,Зелёный,-1.403150350685351,Ниже
2022-07-24 20:30:00+05:00,48.72,50.10918865565366,Вниз,2.7723231864719566,True,-0.0150327701639341,-0.0168626915966556,0.0018299214327214992,False,48.61990647551104,Зелёный,-1.389188655653662,Ниже
2022-07-25 12:00:00+05:00,48.06,50.08879871878148,Вниз,4.050404023805735,True,-0.0778141660487889,-0.0290529864870823,-0.04876117956170659,Ниже,48.8582548614172,Красный,-2.0287987187814807,Ниже
2022-07-25 12:30:00+05:00,48.72,50.07517883103242,Вниз,2.70628854987252,True,-0.073465525604746,-0.037935494310615,-0.035530031294130994,False,48.8582548614172,Красный,-1.3551788310324184,Ниже
2022-07-25 13:00:00+05:00,48.735,50.06184371828583,Вниз,2.650409213356998,True,-0.0680246759622065,-0.0439533306409333,-0.024071345321273203,False,48.8582548614172,Красный,-1.3268437182858293,Ниже
2022-07-25 13:30:00+05:00,48.82,50.04948706437254,Вниз,2.4565427869244747,True,-0.0562060652626499,-0.0464038775652766,-0.009802187697373302,False,48.8582548614172,Красный,-1.2294870643725417,Ниже
2022-07-25 14:00:00+05:00,48.77,50.03675584980167,Вниз,2.5316506401897154,True,-0.0502945490135573,-0.0471820118549328,-0.003112537158624501,False,48.8582548614172,Красный,-1.2667558498016689,Ниже
2022-07-25 14:30:00+05:00,48.8,50.02444982144544,Вниз,2.447702724999324,True,-0.0426966995418851,-0.0462849493923232,0.0035882498504381036,Ниже,48.8582548614172,Красный,-1.2244498214454396,Ниже
2022-07-25 15:00:00+05:00,48.71,50.011370718744494,Вниз,2.6021496712481307,True,-0.0434368835792682,-0.0457153362297122,0.0022784526504440045,False,48.8582548614172,Красный,-1.3013707187444936,Ниже
2022-07-25 15:30:00+05:00,48.62,49.99752623398087,Вниз,2.755188781809441,True,-0.0507012798070931,-0.0467125249451884,-0.0039887548619047045,Ниже,48.8582548614172,Красный,-1.3775262339808734,Ниже
2022-07-25 16:00:00+05:00,49.48,49.992376719214896,Вниз,1.0249097019185398,True,0.0127890226332993,-0.0348122154294908,0.0476012380627901,Выше,48.45922118613681,Зелёный,-0.5123767192148989,Ниже
2022-07-25 16:30:00+05:00,49.025,49.98275108021773,Вниз,1.9161631953403893,True,0.026090096936933,-0.022631752956206,0.048721849893139005,False,48.45922118613681,Зелёный,-0.9577510802177329,Ниже
2022-07-25 17:00:00+05:00,49.195,49.97491276101159,Вниз,1.5606085492160058,True,0.0497750970672754,-0.0081503829515097,0.0579254800187851,False,48.56359416077081,Зелёный,-0.7799127610115875,Ниже
2022-07-25 17:30:00+05:00,49.19,49.9671026837876,Вниз,1.5552286245320834,True,0.0673656231287438,0.0069528182645409,0.060412804864202904,False,48.57948474469373,Зелёный,-0.7771026837876036,Ниже
2022-07-25 18:00:00+05:00,49.34,49.96086285608822,Вниз,1.2426984255188016,True,0.092345486873441,0.0240313519863209,0.0683141348871201,False,48.72978627022436,Зелёный,-0.6208628560882161,Ниже
2022-07-25 18:30:00+05:00,49.375,49.95503337493312,Вниз,1.1611109747034565,True,0.1136562577631821,0.0419563331416931,0.071699924621489,False,48.75005764320193,Зелёный,-0.580033374933123,Ниже
2022-07-25 19:00:00+05:00,49.13,49.94682408762035,Вниз,1.6353874396246193,True,0.1095133431296275,0.05546773513928,0.0540456079903475,False,48.75005764320193,Зелёный,-0.816824087620347,Ниже
2022-07-25 19:30:00+05:00,49.085,49.93824872356443,Вниз,1.7086076211595365,True,0.101429710945176,0.0646601303004592,0.036769580644716804,False,48.75005764320193,Зелёный,-0.8532487235644268,Ниже
2022-07-25 20:00:00+05:00,49.135,49.930256198951845,Вниз,1.592734064457978,True,0.0979290907329115,0.0713139223869497,0.02661516834596181,False,48.75005764320193,Зелёный,-0.7952561989518472,Ниже
2022-07-25 20:30:00+05:00,49.16,49.92259195816626,Вниз,1.527548807572516,True,0.0960647405297621,0.0762640860155122,0.019800654514249907,False,48.75005764320193,Зелёный,-0.7625919581662615,Ниже
2022-07-26 12:00:00+05:00,49.95,49.922864675000426,Вверх,0.05435450304430413,True,0.1565292554357853,0.0923171198995668,0.0642121355362185,False,48.9479135877343,Зелёный,0.027135324999576937,Выше
2022-07-26 12:30:00+05:00,49.66,49.92024910609495,Вниз,0.5213297424494991,True,0.1789840263116104,0.1096505011819755,0.0693335251296349,False,49.32862222896088,Зелёный,-0.2602491060949532,Ниже
2022-07-26 13:00:00+05:00,49.6,49.91706254782535,Вниз,0.6351786977079726,True,0.1897507667264406,0.1256705542908686,0.06408021243557199,False,49.32862222896088,Зелёный,-0.31706254782535126,Ниже
2022-07-26 13:30:00+05:00,49.685,49.91475346774749,Вниз,0.4602917009215349,True,0.2028044719890402,0.1410973378305029,0.06170713415853729,False,49.32862222896088,Зелёный,-0.22975346774748573,Ниже
2022-07-26 14:00:00+05:00,49.955,49.915153930754975,Вверх,0.0798275996509988,True,0.2322590334114238,0.1593296769466871,0.0729293564647367,False,49.32862222896088,Зелёный,0.039846069245022875,Выше
2022-07-26 14:30:00+05:00,50.4,49.91997826975244,Вверх,0.9615824102600071,True,0.2881877179057568,0.185101285138501,0.10308643276725582,False,49.53256104442122,Зелёный,0.48002173024755734,Выше
2022-07-26 15:00:00+05:00,50.325,49.924008336720085,Вверх,0.8032040628135627,True,0.3227393913083674,0.2126289063724743,0.11011048493589307,False,49.5368049399791,Зелёный,0.40099166327991753,Выше
2022-07-26 15:30:00+05:00,50.2,49.92675452242437,Вверх,0.5472926894395034,True,0.3361603389450849,0.2373351928869964,0.09882514605808851,False,49.63012444598119,Зелёный,0.2732454775756352,Выше
2022-07-26 16:00:00+05:00,50.385,49.93131417891766,Вверх,0.9086198281436312,True,0.3576022741140789,0.2613886091324129,0.096213664981666,False,49.69011200138307,Зелёный,0.45368582108233824,Выше
2022-07-26 16:30:00+05:00,50.3,49.93498269455032,Вверх,0.7309851445878492,True,0.3635456446981706,0.2818200162455645,0.08172562845260606,False,49.79285080124477,Зелёный,0.36501730544967614,Выше
2022-07-26 17:00:00+05:00,50.035,49.93597789161947,Вверх,0.19829812604339178,True,0.3429195601734847,0.2940399250311485,0.048879635142336175,False,49.79285080124477,Зелёный,0.09902210838052383,Выше
2022-07-26 17:30:00+05:00,50.19,49.93850547478744,Вверх,0.503608433655528,True,0.3352162795894742,0.3022751959428137,0.032941083646660485,False,49.79285080124477,Зелёный,0.2514945252125571,Выше
2022-07-26 18:00:00+05:00,49.935,49.9384705944413,Вниз,0.006949741151429227,True,0.3050189369143794,0.3028239441371269,0.002194992777252547,False,49.79285080124477,Зелёный,-0.003470594441296271,Ниже
2022-07-26 18:30:00+05:00,49.785,49.93694352384985,Вниз,0.30427077255395807,True,0.2659182389562389,0.2954428031009493,-0.029524564144710386,Выше,50.37009858930331,Красный,-0.15194352384985166,Ниже
2022-07-26 19:00:00+05:00,49.83,49.93587940918467,Вниз,0.2120307290817416,True,0.2358431252972153,0.2835228675402025,-0.04767974224298721,False,50.22208873037298,Красный,-0.10587940918467353,Ниже
2022-07-26 19:30:00+05:00,50.0,49.93651742501368,Вверх,0.12712655639561637,True,0.2231535846777887,0.2714490109677198,-0.04829542628993108,False,50.22208873037298,Красный,0.06348257498631682,Выше
2022-07-26 20:00:00+05:00,49.94,49.93655207750111,Вверх,0.006904606656732239,True,0.2058822513186697,0.2583356590379098,-0.05245340771924009,False,50.22208873037298,Красный,0.0034479224988857027,Выше
2022-07-26 20:30:00+05:00,49.88,49.93598937026229,Вниз,0.1121222808807134,True,0.1852180186148686,0.2437121309533015,-0.05849411233843288,False,50.22208873037298,Красный,-0.055989370262288674,Ниже
2022-07-27 12:00:00+05:00,50.82,49.94478549593133,Вверх,1.7523641264611514,True,0.2419031010422117,0.2433503249710836,-0.0014472239288719213,False,49.895530334002295,Зелёный,0.8752145040686727,Выше
2022-07-27 12:30:00+05:00,51.12,49.95647917258873,Вверх,2.3290689149480652,True,0.3074893838437731,0.2561781367456215,0.0513112470981516,Выше,50.50272730060206,Зелёный,1.1635208274112685,Выше
2022-07-27 13:00:00+05:00,51.42,49.971041568881375,Вверх,2.899596217383911,True,0.3793021195561863,0.2808029333077345,0.09849918624845183,False,50.75645457054185,Зелёный,1.4489584311186263,Выше
2022-07-27 13:30:00+05:00,51.06,49.98187697615619,Вверх,2.157027885043479,True,0.4025251789370614,0.3051473824335999,0.09737779650346151,False,50.75645457054185,Зелёный,1.0781230238438155,Выше
2022-07-27 14:00:00+05:00,50.9,49.99101252863225,Вверх,1.818301781439476,True,0.4033691692903218,0.3247917398049443,0.07857742948537749,False,50.75645457054185,Зелёный,0.9089874713677517,Выше
2022-07-27 14:30:00+05:00,50.63,49.99737061292446,Вверх,1.2653253147516577,True,0.3778951541050901,0.3354124226649734,0.04248273144011672,False,51.49357461807499,Красный,0.6326293870755393,Выше
2022-07-27 15:00:00+05:00,50.86,50.00595398991029,Вверх,1.7078886451441997,True,0.3719779609644646,0.3427255303248717,0.02925243063959293,False,51.46321715626749,Красный,0.8540460100897107,Выше
2022-07-27 15:30:00+05:00,50.835,50.01420320394104,Вверх,1.6411274067728958,True,0.3611086163561126,0.3464021475311198,0.014706468824992769,False,51.46321715626749,Красный,0.8207967960589642,Выше
2022-07-27 16:00:00+05:00,51.055,50.0245593909665,Вверх,2.0598694352909708,True,0.3660274077158831,0.3503271995680725,0.01570020814781059,False,51.46321715626749,Красный,1.0304406090334979,Выше
2022-07-27 16:30:00+05:00,50.785,50.03212596419072,Вверх,1.5047812206663553,True,0.3441714475821911,0.3490960491708962,-0.004924601588705113,Выше,51.46321715626749,Красный,0.7528740358092776,Выше
2022-07-27 17:00:00+05:00,50.85,50.04026401429828,Вверх,1.6181688918954356,True,0.3283108355391917,0.3449390064445554,-0.01662817090536367,False,51.46321715626749,Красный,0.809735985701721,Выше
2022-07-27 17:30:00+05:00,50.7,50.04682855146944,Вверх,1.3051205589557506,True,0.3001771841033473,0.3359866419763138,-0.035809457872966466,False,51.34052242360439,Красный,0.6531714485305642,Выше
2022-07-27 18:00:00+05:00,50.52,50.051536725086656,Вверх,0.9359618216847786,True,0.2603553525327697,0.320860384087605,-0.060505031554835276,False,51.21847018124395,Красный,0.46846327491334705,Выше
2022-07-27 18:30:00+05:00,50.725,50.05823785220022,Вверх,1.3319728708158542,True,0.2425421756323658,0.3051967423965572,-0.0626545667641914,False,51.21847018124395,Красный,0.6667621477997798,Выше
2022-07-27 19:00:00+05:00,50.82,50.0658175750639,Вверх,1.5063819217679768,True,0.2334003170849641,0.2908374573342386,-0.057437140249274515,False,51.21847018124395,Красный,0.7541824249360971,Выше
2022-07-27 19:30:00+05:00,50.54,50.07053580814785,Вверх,0.937605688205462,True,0.2012418772876003,0.2729183413249109,-0.0716764640373106,False,51.21847018124395,Красный,0.46946419185214694,Выше
2022-07-27 20:00:00+05:00,50.44,50.0742120687633,Вверх,0.7304916365621205,True,0.1657759557678702,0.2514898642135028,-0.08571390844563259,False,50.99321003591416,Красный,0.36578793123669584,Выше
2022-07-27 20:30:00+05:00,50.45,50.07795125215869,Вверх,0.7429392348099986,True,0.136897801235122,0.2285714516178266,-0.09167365038270461,False,50.92313903232274,Красный,0.3720487478413119,Выше
2022-07-28 12:00:00+05:00,50.61,50.08324526955015,Вверх,1.0517583826983172,True,0.1254759103477951,0.2079523433638203,-0.0824764330160252,False,50.92313903232274,Красный,0.5267547304498521,Выше
2022-07-28 12:30:00+05:00,50.995,50.09231745592278,Вверх,1.8020378970717492,True,0.1458094612440774,0.1955237669398717,-0.0497143056957943,False,50.24398238381858,Зелёный,0.9026825440772157,Выше
2022-07-28 13:00:00+05:00,50.72,50.09856305337629,Вверх,1.2404286844746732,True,0.1381413377440807,0.1840472811007136,-0.04590594335663292,False,50.24398238381858,Зелёный,0.6214369466237102,Выше
2022-07-28 13:30:00+05:00,49.78,50.09539327175065,Вниз,0.6295853793177115,True,0.055573533432188,0.1583525315670085,-0.10277899813482048,False,50.89137426910695,Красный,-0.3153932717506507,Ниже
2022-07-28 14:00:00+05:00,49.995,50.09439433372328,Вниз,0.19841408414108794,True,0.0074013387897409,0.128162293011555,-0.12076095422181408,False,50.468486842196256,Красный,-0.0993943337232821,Ниже
2022-07-28 14:30:00+05:00,49.9,50.09246006174594,Вниз,0.3842096425464163,True,-0.038003102469041,0.0949292139154358,-0.13293231638447678,False,50.468486842196256,Красный,-0.19246006174594044,Ниже
2022-07-28 15:00:00+05:00,49.81,50.08964951386787,Вниз,0.5582980048411847,True,-0.0803227860482138,0.0598788139227058,-0.1402015999709196,False,50.44254934217897,Красный,-0.2796495138678665,Ниже
2022-07-28 15:30:00+05:00,49.81,50.08686693164033,Вниз,0.5527735085091303,True,-0.1125638739116823,0.0253902763558282,-0.13795415026751048,False,50.44254934217897,Красный,-0.2768669316403276,Ниже
2022-07-28 16:00:00+05:00,50.01,50.08610208654938,Вниз,0.15194252173562642,True,-0.1205867903413349,-0.0038051369836043,-0.11678165335773061,False,50.44254934217897,Красный,-0.07610208654938333,Ниже
2022-07-28 16:30:00+05:00,49.885,50.08410107076283,Вниз,0.39753348169616376,True,-0.1354698526113935,-0.0301380801091622,-0.10533177250223129,False,50.44254934217897,Красный,-0.19910107076282912,Ниже
2022-07-28 17:00:00+05:00,50.02,50.0834632491632,Вниз,0.12671497745168284,True,-0.1348173247305339,-0.0510739290334365,-0.0837433956970974,False,50.44254934217897,Красный,-0.06346324916319901,Ниже
2022-07-28 17:30:00+05:00,49.295,50.07561784369889,Вниз,1.5588781073763986,True,-0.1906044630035879,-0.0789800358274668,-0.11162442717612112,False,50.30654306106326,Красный,-0.7806178436988915,Ниже
2022-07-28 18:00:00+05:00,49.3,50.067900253214326,Вниз,1.533717710011276,True,-0.2317413438385642,-0.1095322974296863,-0.1222090464088779,False,49.79463875495693,Красный,-0.7679002532143286,Ниже
2022-07-28 18:30:00+05:00,49.25,50.059761942237074,Вниз,1.6175904775005558,True,-0.2653187707737814,-0.1406895920985053,-0.12462917867527612,False,49.79463875495693,Красный,-0.8097619422370741,Ниже
2022-07-28 19:00:00+05:00,49.32,50.05240112689143,Вниз,1.4632687151904447,True,-0.2830182503295972,-0.1691553237447237,-0.11386292658487351,False,49.79463875495693,Красный,-0.7324011268914319,Ниже
2022-07-28 19:30:00+05:00,49.38,50.0457105684149,Вниз,1.3302050482525092,True,-0.2888737599493467,-0.1930990109856483,-0.09577474896369842,False,49.79463875495693,Красный,-0.6657105684148945,Ниже
2022-07-28 20:00:00+05:00,49.4,50.03928558763466,Вниз,1.2775673755674795,True,-0.288573959680491,-0.2121940007246169,-0.0763799589558741,False,49.79463875495693,Красный,-0.6392855876346601,Ниже
2022-07-28 20:30:00+05:00,49.38,50.03272553203631,Вниз,1.304597191329027,True,-0.2866459228922977,-0.2270843851581531,-0.059561537734144576,False,49.79463875495693,Красный,-0.6527255320363068,Ниже
2022-07-29 12:00:00+05:00,49.9,50.03140487997625,Вниз,0.26264479338824853,True,-0.2403872510737201,-0.2297449583412665,-0.010642292732453623,False,49.12564956542694,Зелёный,-0.13140487997625172,Ниже
2022-07-29 12:30:00+05:00,49.9,50.03009736873271,Вниз,0.260038208148721,True,-0.2014052460754172,-0.2240770158880966,0.022671769812679377,Ниже,49.34883460888423,Зелёный,-0.13009736873271294,Ниже
2022-07-29 13:00:00+05:00,49.845,50.0282556038697,Вниз,0.36630420480926906,True,-0.1729560370758847,-0.2138528201256543,0.0408967830497696,False,49.34883460888423,Зелёный,-0.18325560386970352,Ниже
2022-07-29 13:30:00+05:00,49.945,50.02742718990085,Вниз,0.16476399953161638,True,-0.1407185538189708,-0.1992259668643176,0.05850741304534679,False,49.43333103319623,Зелёный,-0.08242718990084796,Ниже
2022-07-29 14:00:00+05:00,50.06,50.02775129746402,Вверх,0.06446162719613442,True,-0.1046838469502375,-0.1803175428815016,0.0756336959312641,False,49.48649792987661,Зелёный,0.032248702535980556,Выше
2022-07-29 14:30:00+05:00,50.035,50.02782342385742,Вверх,0.014345169650443397,True,-0.0772528504354141,-0.1597046043922841,0.08245175395686999,False,49.54684813688895,Зелёный,0.007176576142576607,Выше
2022-07-29 15:00:00+05:00,50.365,50.03117841466481,Вверх,0.6672271090007875,True,-0.0285561682607209,-0.1334749171659714,0.1049187489052505,False,49.83416332320005,Зелёный,0.333821585335194,Выше
2022-07-29 15:30:00+05:00,50.28,50.033654251334816,Вверх,0.49236009712125445,True,0.0031413025970721,-0.1061516732133627,0.1092929758104348,False,49.83416332320005,Зелёный,0.24634574866518477,Выше
2022-07-29 16:00:00+05:00,50.565,50.0389412737096,Вверх,1.0512986743922013,True,0.0506747478264344,-0.0747863890054033,0.12546113683183768,False,49.909997291792045,Зелёный,0.5260587262904011,Выше
2022-07-29 16:30:00+05:00,50.495,50.04347917148363,Вверх,0.9022570692360179,True,0.0817545154810375,-0.0434782081081151,0.1252327235891526,False,49.93549756261284,Зелёный,0.4515208285163652,Выше
2022-07-29 17:00:00+05:00,50.375,50.04677788619525,Вверх,0.6558306601698024,True,0.0956004358317343,-0.0156624793201452,0.1112629151518795,False,49.93549756261284,Зелёный,0.32822211380474897,Выше
2022-07-29 17:30:00+05:00,50.1,50.047307459466936,Вверх,0.10528546530848089,True,0.0834215935329183,0.0041543352504674,0.07926725828245089,False,49.93549756261284,Зелёный,0.052692540533065824,Выше
2022-07-29 18:00:00+05:00,50.175,50.04857803200955,Вверх,0.2525985211999231,True,0.0789119980733445,0.0191058678150428,0.0598061302583017,False,49.93549756261284,Зелёный,0.1264219679904457,Выше
2022-07-29 18:30:00+05:00,50.1,50.04908969338259,Вверх,0.10172074443172512,True,0.0684966512252671,0.0289840244970877,0.0395126267281794,False,49.93549756261284,Зелёный,0.05091030661741058,Выше
2022-07-29 19:00:00+05:00,50.27,50.05128780588625,Вверх,0.43697615726090205,True,0.0731171441366029,0.0378106484249907,0.03530649571161221,False,49.93549756261284,Зелёный,0.2187121941137562,Выше
2022-07-29 19:30:00+05:00,50.21,50.05286703169833,Вверх,0.3139340014272557,True,0.0711176198462055,0.0444720427092337,0.0266455771369718,False,49.93549756261284,Зелёный,0.15713296830167423,Выше
2022-07-29 20:00:00+05:00,50.32,50.05552507118392,Вверх,0.5283631096466744,True,0.0775155125549105,0.0510807366783691,0.026434775876541403,False,49.93549756261284,Зелёный,0.26447492881607815,Выше
2022-07-29 20:30:00+05:00,50.235,50.05731089137114,Вверх,0.35497134277640835,True,0.0748641121123867,0.0558374117651726,0.01902670034721409,False,49.93549756261284,Зелёный,0.17768910862886145,Выше
2022-07-30 12:00:00+05:00,50.135,50.05808391732764,Вверх,0.15365366920432683,True,0.0639564438213895,0.057461218176416,0.0064952256449734985,False,49.93549756261284,Зелёный,0.07691608267235495,Выше
2022-07-30 12:45:00+05:00,50.2,50.05949601765274,Вверх,0.280673985007191,True,0.0598668866837428,0.0579423518778813,0.001924534805861501,False,49.63922627137794,Зелёный,0.14050398234726202,Выше
2022-07-30 13:15:00+05:00,50.195,50.06084431598456,Вверх,0.2679852604335788,True,0.0555817135795067,0.0574702242182064,-0.0018885106386997003,Выше,49.63922627137794,Зелёный,0.13415568401543965,Выше
2022-07-30 13:45:00+05:00,50.195,50.06217919841258,Вверх,0.26531166584061255,True,0.0515909743829752,0.0562943742511602,-0.004703399868185,False,49.63922627137794,Зелёный,0.13282080158742104,Выше
2022-07-30 14:15:00+05:00,50.195,50.06350079842838,Вверх,0.2626648146342765,True,0.0478763955323344,0.054610778507395,-0.006734382975060599,False,49.63922627137794,Зелёный,0.13149920157162143,Выше
2022-07-30 14:45:00+05:00,50.215,50.06500825317039,Вверх,0.29959397204356786,True,0.0460159546033906,0.0528918137265942,-0.006875859123203598,False,49.63922627137794,Зелёный,0.14999174682961325,Выше
2022-07-30 15:15:00+05:00,50.26,50.06694846955676,Вверх,0.38558677200113334,True,0.0476236894356674,0.0518381888684088,-0.004214499432741395,False,49.65312544598597,Зелёный,0.19305153044323475,Выше
2022-07-30 15:45:00+05:00,50.285,50.06911813652634,Вверх,0.4311676967926563,True,0.0503348926297775,0.0515375296206825,-0.001202636990904997,False,49.70731290138737,Зелёный,0.2158818634736548,Выше
2022-07-30 16:15:00+05:00,50.31,50.07151497098877,Вверх,0.4762888223961407,True,0.0538797396607222,0.0520059716286905,0.0018737680320317016,Выше,49.76308161124863,Зелёный,0.2384850290112297,Выше
2022-07-30 16:45:00+05:00,50.105,50.071848155357046,Вверх,0.06620855004211476,True,0.0396897509851257,0.0495427274999775,-0.0098529765148518,Выше,49.77227345012376,Зелёный,0.03315184464295129,Выше
2022-07-30 17:15:00+05:00,50.31,50.074217825453,Вверх,0.47086541694747236,True,0.0444732099887517,0.0485288239977324,-0.004055614008980704,False,49.78504610511138,Зелёный,0.23578217454700479,Выше
2022-07-30 17:45:00+05:00,50.315,50.07661366798581,Вверх,0.4760432356602987,True,0.0481129774703532,0.0484456546922565,-0.0003326772219032978,False,49.80154149460025,Зелёный,0.23838633201418702,Выше
2022-07-30 18:15:00+05:00,50.32,50.07903542253321,Вверх,0.48116856771240457,True,0.0508152115089828,0.0489195660556018,0.0018956454533810008,Выше,49.81688734514022,Зелёный,0.24096457746679079,Выше
2022-07-30 18:45:00+05:00,50.33,50.081532582508,Вверх,0.49612582658619353,True,0.0531509765077942,0.0497658481460403,0.003385128361753899,False,49.8329486106262,Зелёный,0.24846741749200163,Выше
2022-07-30 19:15:00+05:00,50.33,50.08400489511987,Вверх,0.491165004466525,True,0.0543752826862586,0.0506877350540839,0.003687547632174701,False,49.84390374956358,Зелёный,0.2459951048801301,Выше
2022-07-30 19:45:00+05:00,50.33,50.08645260760624,Вверх,0.4862540262170059,True,0.0547148355874966,0.0514931551607665,0.0032216804267301002,False,49.85151337460722,Зелёный,0.2435473923937579,Выше
2022-07-30 20:15:00+05:00,50.32,50.08877646225693,Вверх,0.4616274424616899,True,0.0535596153752209,0.0519064472036574,0.001653168171563503,False,49.8568620371465,Зелёный,0.23122353774306958,Выше
2022-07-31 12:00:00+05:00,50.145,50.08933590044343,Вверх,0.11112964178085687,True,0.0380840483670184,0.0491419674363296,-0.011057919069311202,Выше,49.86692583343185,Зелёный,0.05566409955657292,Выше
2022-07-31 12:30:00+05:00,50.27,50.09113355317534,Вверх,0.3570820505285313,True,0.0354968201028498,0.0464129379696336,-0.010916117866783794,False,49.86692583343185,Зелёный,0.17886644682466368,Выше
2022-07-31 13:00:00+05:00,50.07,50.09092326906414,Вниз,0.041770579775005916,True,0.0171108512907238,0.0405525206338516,-0.0234416693431278,False,49.86692583343185,Зелёный,-0.020923269064141437,Ниже
2022-07-31 13:30:00+05:00,50.07,50.09071507733216,Вниз,0.04135512399889305,True,0.0025108945143799,0.0329441954099573,-0.0304333008955774,False,49.86692583343185,Зелёный,-0.020715077332162934,Ниже
2022-07-31 14:00:00+05:00,50.08,50.09060845964727,Вниз,0.021178540196449713,True,-0.0081587114444587,0.0247236140390741,-0.0328823254835328,False,49.86692583343185,Зелёный,-0.010608459647272639,Ниже
2022-07-31 14:30:00+05:00,50.28,50.092492952586106,Вверх,0.37432165253060096,True,-0.0004706966094261,0.019684751909374,-0.0201554485188001,False,49.86692583343185,Зелёный,0.18750704741389512,Выше
2022-07-31 15:00:00+05:00,50.3,50.09455769932654,Вверх,0.4101090220349739,True,0.0071534824961858,0.0171784980267364,-0.010025015530550602,False,49.86692583343185,Зелёный,0.20544230067345381,Выше
2022-07-31 15:30:00+05:00,50.3,50.0966019013233,Вверх,0.4060117671800167,True,0.0130453210262686,0.0163518626266428,-0.003306541600374198,False,49.86692583343185,Зелёный,0.20339809867670056,Выше
2022-07-31 16:00:00+05:00,50.3,50.09862576300167,Вверх,0.40195561042124056,True,0.0175127692076557,0.0165840439428454,0.0009287252648103005,Выше,49.86692583343185,Зелёный,0.20137423699832624,Выше
2022-07-31 16:30:00+05:00,50.305,50.10067923799668,Вверх,0.4078203431788243,True,0.0212121913531078,0.0175096734248979,0.0037025179282099002,False,49.8670819020524,Зелёный,0.20432076200332006,Выше
2022-07-31 17:00:00+05:00,50.5,50.10465257891214,Вверх,0.7890433337806535,True,0.0394244201980882,0.0218926227795359,0.0175317974185523,False,49.94137371184716,Зелёный,0.39534742108786247,Выше
2022-07-31 17:30:00+05:00,50.65,50.110078921410526,Вверх,1.07747002242054,True,0.0652097912851985,0.0305560564806684,0.03465373480453011,False,50.15598634066244,Зелёный,0.5399210785894724,Выше
2022-07-31 18:00:00+05:00,50.45,50.113461220699975,Вверх,0.6715536526561383,True,0.0687144576208567,0.0381877367087061,0.030526720912150605,False,50.1941377065962,Зелёный,0.33653877930002807,Выше
2022-07-31 18:30:00+05:00,50.685,50.11914817372784,Вверх,1.1290132551949115,True,0.0894236468283224,0.0484349187326294,0.040988728095693004,False,50.226473935936575,Зелёный,0.5658518262721657,Выше
2022-07-31 19:00:00+05:00,50.645,50.12438053020816,Вверх,1.0386551699688094,True,0.1014388389785807,0.0590357027818196,0.04240313619676111,False,50.226473935936575,Зелёный,0.5206194697918463,Выше
2022-07-31 19:30:00+05:00,50.455,50.12767027617625,Вверх,0.6529920940277949,True,0.0945397577404207,0.0661365137735399,0.028403243966880792,False,50.24396888810863,Зелёный,0.3273297238237518,Выше
2022-07-31 20:00:00+05:00,50.69,50.13326559681131,Вверх,1.1105089536080317,True,0.1068035572519434,0.0742699224692206,0.03253363478272281,False,50.24396888810863,Зелёный,0.5567344031886847,Выше
2022-07-31 20:30:00+05:00,50.76,50.13950176002712,Вверх,1.237543689489864,True,0.1207788582110893,0.0835717096175943,0.037207148593495,False,50.24413979936799,Зелёный,0.6204982399728749,Выше
2022-08-01 12:00:00+05:00,50.5,50.14308880719104,Вверх,0.7117854150974711,True,0.109611030094058,0.0887795737128871,0.0208314563811709,False,50.24413979936799,Зелёный,0.35691119280895833,Выше
2022-08-01 12:30:00+05:00,50.35,50.14514762502993,Вверх,0.40851883915448184,True,0.0876463666964468,0.088552932309599,-0.0009065656131521937,Выше,50.24413979936799,Зелёный,0.20485237497007347,Выше
2022-08-01 13:00:00+05:00,49.77,50.14141481284058,Вниз,0.740734608759907,True,0.0231709595707272,0.0754765377618247,-0.0523055781910975,False,50.471947086260734,Красный,-0.37141481284057676,Ниже
2022-08-01 13:30:00+05:00,49.7,50.137022625648136,Вниз,0.8716565180010698,True,-0.0331920626453836,0.053742817680383,-0.0869348803257666,False,50.31275237763466,Красный,-0.4370226256481331,Ниже
2022-08-01 14:00:00+05:00,50.185,50.13750001245761,Вверх,0.09473944159679369,True,-0.0382834098215951,0.0353375721799874,-0.0736209820015825,False,50.31275237763466,Красный,0.047499987542394706,Выше
2022-08-01 14:30:00+05:00,50.045,50.13657961432371,Вниз,0.18266027524849793,True,-0.0530041700329135,0.0176692237374072,-0.0706733937703207,False,50.31275237763466,Красный,-0.09157961432370598,Ниже
2022-08-01 15:00:00+05:00,50.045,50.13566837438019,Вниз,0.18084604697624573,True,-0.0639334930471022,0.0013486803805053,-0.0652821734276075,False,50.31275237763466,Красный,-0.09066837438018638,Ниже
2022-08-01 15:30:00+05:00,49.7,50.131333365679886,Вниз,0.8604067291279666,True,-0.0992891336645129,-0.0187788824284983,-0.0805102512360146,False,50.31275237763466,Красный,-0.43133336567988323,Ниже
2022-08-01 16:00:00+05:00,49.775,50.127787760051234,Вниз,0.7037768387863819,True,-0.1198750158158858,-0.0389981091059758,-0.08087690670991,False,50.31275237763466,Красный,-0.35278776005123547,Ниже
2022-08-01 16:30:00+05:00,49.735,50.12387942413033,Вниз,0.7758366443262933,True,-0.1378283421075252,-0.0587641557062857,-0.0790641864012395,False,50.31060612382255,Красный,-0.38887942413033016,Ниже
2022-08-01 17:00:00+05:00,49.825,50.12090549951212,Вниз,0.5903833870579149,True,-0.1431441579530243,-0.0756401561556334,-0.0675040017973909,False,50.27129551144029,Красный,-0.2959054995121164,Ниже
2022-08-01 17:30:00+05:00,49.4,50.11373231046225,Вниз,1.4242250128977965,True,-0.1795808323852128,-0.0964282914015493,-0.08315254098366351,False,50.07991596029626,Красный,-0.7137323104622482,Ниже
2022-08-01 18:00:00+05:00,49.25,50.105137959114366,Вниз,1.706687166118883,True,-0.2180473911866727,-0.120752111358574,-0.09729527982809871,False,49.88067436426664,Красный,-0.8551379591143657,Ниже
2022-08-01 18:30:00+05:00,49.17,50.0958331037998,Вниз,1.8481239784583425,True,-0.2520819043081985,-0.1470180699484989,-0.1050638343596996,False,49.607356927839966,Красный,-0.9258331037997962,Ниже
2022-08-01 19:00:00+05:00,49.385,50.08876013759284,Вниз,1.4050260690414962,True,-0.2587233957360837,-0.1693591351060159,-0.0893642606300678,False,49.607356927839966,Красный,-0.7037601375928446,Ниже
2022-08-01 19:30:00+05:00,49.7,50.084891877517286,Вниз,0.7684790025274234,True,-0.2358502235415613,-0.182657352793125,-0.05319287074843629,False,48.87924088844962,Зелёный,-0.3848918775172834,Ниже
2022-08-01 20:00:00+05:00,49.275,50.07683325187036,Вниз,1.6012059864836095,True,-0.2491450291037864,-0.1959548880552573,-0.053190141048529094,False,48.88106679960466,Зелёный,-0.801833251870363,Ниже
2022-08-01 20:30:00+05:00,49.15,50.06761103045872,Вниз,1.832743786997331,True,-0.2666934376883887,-0.2101025979818835,-0.05659083970650522,False,48.88106679960466,Зелёный,-0.9176110304587226,Ниже
2022-08-02 12:00:00+05:00,48.95,50.05649052269296,Вниз,2.210483617886344,True,-0.293357365352243,-0.2267535514559554,-0.06660381389628758,False,48.88106679960466,Зелёный,-1.1064905226929582,Ниже
2022-08-02 12:30:00+05:00,48.505,50.04105280604926,Вниз,3.069585310290611,True,-0.3464033785891445,-0.2506835168825932,-0.09571986170655128,False,49.385957303088205,Красный,-1.5360528060492555,Ниже
2022-08-02 13:00:00+05:00,48.73,50.02800750449653,Вниз,2.5945616650430594,True,-0.3660673105714593,-0.2737602756203665,-0.09230703495109283,False,49.21461157277938,Красный,-1.2980075044965318,Ниже
2022-08-02 13:30:00+05:00,48.55,50.01330096216323,Вниз,2.925823598946745,True,-0.3916607922035027,-0.2973403789369937,-0.09432041326650897,False,49.20290041550144,Красный,-1.4633009621632311,Ниже
2022-08-02 14:00:00+05:00,48.315,49.99640244512678,Вниз,3.3630468651663437,True,-0.4259957331721651,-0.323071449784028,-0.10292428338813708,False,49.0558603739513,Красный,-1.6814024451267855,Ниже
2022-08-02 14:30:00+05:00,48.34,49.979920828757365,Вниз,3.281159316710615,True,-0.4460473737239923,-0.3476666345720209,-0.09838073915197137,False,48.85027433655617,Красный,-1.6399208287573614,Ниже
2022-08-02 15:00:00+05:00,48.275,49.96295644240158,Вниз,3.3784158556499606,True,-0.4618593727463818,-0.3705051822068931,-0.09135419053948868,False,48.82049690290056,Красный,-1.6879564424015783,Ниже
2022-08-02 15:30:00+05:00,48.345,49.94685737332296,Вниз,3.207123445925809,True,-0.4634002908095453,-0.3890842039274236,-0.07431608688212171,False,48.82049690290056,Красный,-1.6018573733229644,Ниже
2022-08-02 16:00:00+05:00,48.27,49.93017222532969,Вниз,3.3249879808895972,True,-0.4653095537842802,-0.4043292738987949,-0.06098027988548527,False,48.78525249134945,Красный,-1.6601722253296884,Ниже
2022-08-02 16:30:00+05:00,48.135,49.91230981512741,Вниз,3.560864687910603,True,-0.4722719728809039,-0.4179178136952167,-0.0543541591856872,False,48.68622724221451,Красный,-1.7773098151274098,Ниже
2022-08-02 17:00:00+05:00,48.085,49.89412762791221,Вниз,3.6259329783333722,True,-0.4763334468411528,-0.429600940324404,-0.04673250651674882,False,48.55785451799305,Красный,-1.8091276279122113,Ниже
2022-08-02 17:30:00+05:00,47.875,49.874036805743934,Вниз,4.008171252569849,True,-0.490839348697861,-0.4418486219990954,-0.048990726698765585,False,48.42531906619375,Красный,-1.999036805743934,Ниже
2022-08-02 18:00:00+05:00,47.755,49.8529518624032,Вниз,4.2082801198887045,True,-0.506183410281345,-0.4547155796555454,-0.05146783062579957,False,48.31828715957437,Красный,-2.0979518624031996,Ниже
2022-08-02 18:30:00+05:00,47.95,49.834017018001184,Вниз,3.7805842890823573,True,-0.496881083484574,-0.4631486804213511,-0.03373240306322289,False,48.29695844361693,Красный,-1.884017018001181,Ниже
2022-08-02 19:00:00+05:00,47.765,49.81342978399122,Вниз,4.112203863243184,True,-0.4986883079773108,-0.4702566059325431,-0.028431702044767693,False,48.27626259925524,Красный,-2.0484297839912173,Ниже
2022-08-02 19:30:00+05:00,47.78,49.7931966518122,Вниз,4.0431159017362095,True,-0.4932245857653257,-0.4748502018990996,-0.018374383866226085,False,48.14063633932972,Красный,-2.0131966518122013,Ниже
2022-08-02 20:00:00+05:00,47.69,49.77226932194343,Вниз,4.1835932946409,True,-0.4905025859039043,-0.4779806787000605,-0.012521907203843774,False,48.12657270539675,Красный,-2.0822693219434356,Ниже
2022-08-02 20:30:00+05:00,47.795,49.75259500033205,Вниз,3.9346590872676765,True,-0.4744041234950558,-0.4772653676590596,0.0028612441640037956,Ниже,48.12657270539675,Красный,-1.9575950003320486,Ниже
2022-08-03 12:00:00+05:00,47.91,49.73426072172178,Вниз,3.668016162799876,True,-0.4472112640750723,-0.4712545469422621,0.02404328286718982,False,48.12657270539675,Красный,-1.8242607217217852,Ниже
2022-08-03 12:30:00+05:00,48.0,49.71700439613252,Вниз,3.453555613391077,True,-0.4136304053947413,-0.4597297186327579,0.04609931323801664,False,48.12657270539675,Красный,-1.7170043961325234,Ниже
2022-08-03 13:00:00+05:00,47.975,49.699671019056574,Вниз,3.4701859865335396,True,-0.3846011810110639,-0.4447040111084192,0.060102830097355286,False,48.12657270539675,Красный,-1.7246710190565722,Ниже
2022-08-03 13:30:00+05:00,47.995,49.682709118369445,Вниз,3.3969748194456697,True,-0.3558791256562159,-0.4269390340179785,0.07105990836176262,False,48.12657270539675,Красный,-1.6877091183694475,Ниже
2022-08-03 14:00:00+05:00,47.395,49.65994584355981,Вниз,4.5609108207546285,True,-0.3771837361257013,-0.4169879744395231,0.03980423831382185,False,48.08461948512875,Красный,-2.2649458435598078,Ниже
2022-08-03 14:30:00+05:00,47.52,49.63865285009155,Вниз,4.268151386964247,True,-0.3796054823781389,-0.4095114760272463,0.0299059936491074,False,47.97365753661588,Красный,-2.11865285009155,Ниже
2022-08-03 15:00:00+05:00,47.535,49.61772098093641,Вниз,4.19753454967554,True,-0.3759802923208966,-0.4028052392859764,0.02682494696507981,False,47.94504178295429,Красный,-2.082720980936415,Ниже
2022-08-03 15:30:00+05:00,47.125,49.59291778709625,Вниз,4.976351255820612,True,-0.4015619207111385,-0.4025565755710088,0.0009946548598703253,False,47.79303760465886,Красный,-2.4679177870962477,Ниже
2022-08-03 16:00:00+05:00,46.98,49.56691860513509,Вниз,5.219042615384798,False,-0.4285952543990916,-0.4077643113366254,-0.02083094306246619,Ниже,47.50198384419297,Красный,-2.5869186051350965,Ниже
2022-08-03 16:30:00+05:00,46.845,49.53983483791982,Вниз,5.439733189940076,False,-0.4556601710560457,-0.4173434832805095,-0.03831668777553621,False,47.35078545977368,Красный,-2.694834837919821,Ниже
2022-08-03 17:00:00+05:00,46.655,49.51113001366191,Вниз,5.768662546933996,False,-0.4868288644931908,-0.4312405595230458,-0.055588304970145,False,47.15120691379631,Красный,-2.856130013661911,Ниже
2022-08-03 17:30:00+05:00,46.37,49.47987498865035,Вниз,6.285131054522054,False,-0.5284359164511514,-0.450679630908667,-0.07775628554248443,False,46.98333622241668,Красный,-3.109874988650354,Ниже
2022-08-03 18:00:00+05:00,46.12,49.44644339672348,Вниз,6.727366354814322,False,-0.5749549922991122,-0.475534703186756,-0.09942028911235617,False,46.80925260017501,Красный,-3.3264433967234837,Ниже
2022-08-03 18:30:00+05:00,45.965,49.41180216889539,Вниз,6.975665767287357,False,-0.6172140404158952,-0.5038705706325839,-0.11334346978331133,False,46.46832734015751,Красный,-3.4468021688953883,Ниже
2022-08-03 19:00:00+05:00,45.74,49.37526682393126,Вниз,7.362525932050894,False,-0.6612379209584986,-0.5353440406977669,-0.12589388026073178,False,46.46832734015751,Красный,-3.6352668239312607,Ниже
2022-08-03 19:30:00+05:00,45.85,49.34018954210111,Вниз,7.073725444696538,False,-0.6794191616006131,-0.5641590648783361,-0.115260096722277,False,46.39499514552759,Красный,-3.490189542101106,Ниже
2022-08-03 20:00:00+05:00,45.865,49.3056105416822,Вниз,6.978131908078815,False,-0.6847244736524019,-0.5882721466331493,-0.09645232701925255,False,46.39499514552759,Красный,-3.4406105416821973,Ниже
2022-08-03 20:30:00+05:00,45.95,49.27222138206348,Вниз,6.742584947210966,False,-0.6742973024832679,-0.6054771778031731,-0.0688201246800948,False,46.39499514552759,Красный,-3.322221382063475,Ниже
2022-08-04 12:00:00+05:00,46.355,49.24319430363499,Вниз,5.865164403889612,False,-0.6261358743309984,-0.6096089171087382,-0.016526957222260164,False,46.39499514552759,Красный,-2.8881943036349966,Ниже
2022-08-04 12:30:00+05:00,46.265,49.21356052946948,Вниз,5.99135786508245,False,-0.5884465972962545,-0.6053764531462414,0.016929855849986963,Ниже,46.39499514552759,Красный,-2.948560529469482,Ниже
2022-08-04 13:00:00+05:00,45.81,49.179694255544405,Вниз,6.851799927903193,False,-0.5885083136103759,-0.6020028252390683,0.013494511628692418,False,46.39499514552759,Красный,-3.3696942555444025,Ниже
2022-08-04 13:30:00+05:00,45.9,49.1470604818574,Вниз,6.606825413406063,False,-0.5746705322198977,-0.5965363666352342,0.021865834415336516,False,46.39499514552759,Красный,-3.247060481857403,Ниже
2022-08-04 14:00:00+05:00,45.42,49.10997530293345,Вниз,7.5136981441589885,False,-0.5955706119599,-0.5963432157001675,0.0007726037402674413,False,46.24132140312089,Красный,-3.6899753029334477,Ниже
2022-08-04 14:30:00+05:00,45.375,49.07281136957093,Вниз,7.535356679939205,False,-0.6087479324176215,-0.5988241590436583,-0.009923773373963218,Ниже,45.9751892628088,Красный,-3.6978113695709283,Ниже
2022-08-04 15:00:00+05:00,45.495,49.03721125644087,Вниз,7.22351692863777,False,-0.6025620959395681,-0.5995717464228403,-0.0029903495167278304,False,45.957670336527926,Красный,-3.542211256440872,Ниже
2022-08-04 15:30:00+05:00,45.35,49.00052258722256,Вниз,7.449966642140415,False,-0.6024157899132945,-0.6001405551209311,-0.0022752347923633565,False,45.88115330287513,Красный,-3.650522587222561,Ниже
2022-08-04 16:00:00+05:00,45.31,48.96380096943925,Вниз,7.462249451834356,False,-0.5986269086686207,-0.5998378258304691,0.0012109171618484016,Ниже,45.87878797258762,Красный,-3.6538009694392457,Ниже
2022-08-04 16:30:00+05:00,45.415,48.928489517007016,Вниз,7.180866508837894,False,-0.5804603845177425,-0.5959623375679237,0.015501953050181205,False,45.810159175328856,Красный,-3.5134895170070166,Ниже
2022-08-04 17:00:00+05:00,45.28,48.89218613872834,Вниз,7.388064277753916,False,-0.5703816503879295,-0.5908462001319249,0.020464549743995364,False,45.809393257795975,Красный,-3.6121861387283403,Ниже
2022-08-04 17:30:00+05:00,45.2,48.85544796819373,Вниз,7.482170607817425,False,-0.5623668968630042,-0.5851503394781408,0.02278344261513654,False,45.64045393201637,Красный,-3.6554479681937266,Ниже
2022-08-04 18:00:00+05:00,45.105,48.81813007796295,Вниз,7.606047327157047,False,-0.5572571395786525,-0.5795716994982432,0.022314559919590637,False,45.606658538814735,Красный,-3.7131300779629512,Ниже
2022-08-04 18:30:00+05:00,44.575,48.77590987818223,Вниз,8.61267352812894,False,-0.5891824620529746,-0.5814938520091895,-0.007688610043785182,Ниже,45.20474268493326,Красный,-4.20090987818223,Ниже
2022-08-04 19:00:00+05:00,44.745,48.735801322180414,Вниз,8.188644105384068,False,-0.5939195954781269,-0.5839790007029769,-0.009940594775149969,False,45.20474268493326,Красный,-3.990801322180417,Ниже
2022-08-04 19:30:00+05:00,44.745,48.69609185628807,Вниз,8.113776086895303,False,-0.5908627103214457,-0.5853557426266707,-0.005506967694774989,False,45.19991657479594,Красный,-3.9510918562880732,Ниже
2022-08-04 20:00:00+05:00,44.855,48.65787203682252,Вниз,7.815532980860003,False,-0.5729593078730915,-0.5828764556759548,0.009917147802863346,Ниже,45.19991657479594,Красный,-3.802872036822521,Ниже
2022-08-04 20:30:00+05:00,44.925,48.620729031481,Вниз,7.601138660607262,False,-0.5468189292269656,-0.5756649503861571,0.028846021159191437,False,45.19991657479594,Красный,-3.695729031481001,Ниже
2022-08-05 12:00:00+05:00,44.545,48.58017451375482,Вниз,8.306216587617058,False,-0.5504204111511939,-0.5706160425391644,0.020195631387970536,False,45.19991657479594,Красный,-4.035174513754818,Ниже
2022-08-05 12:30:00+05:00,43.87,48.53330710565776,Вниз,9.608467635443992,False,-0.600815641591538,-0.5766559623496392,-0.024159679241898768,Ниже,44.78185426472361,Красный,-4.663307105657765,Ниже
2022-08-05 13:00:00+05:00,43.655,48.48476673644724,Вниз,9.961410689466268,False,-0.6506031794967555,-0.5914454057790625,-0.05915777371769304,False,44.49516883825126,Красный,-4.82976673644724,Ниже
2022-08-05 13:30:00+05:00,43.29,48.43307751518906,Вниз,10.618936022754585,False,-0.7113130376333459,-0.6154189321499192,-0.0958941054834267,False,44.016151954426135,Красный,-5.143077515189063,Ниже
2022-08-05 14:00:00+05:00,44.18,48.390758335933455,Вниз,8.701575426245551,False,-0.6797744588214698,-0.6282900374842293,-0.051484421337240516,False,43.04171324101648,Зелёный,-4.2107583359334555,Ниже
2022-08-05 14:30:00+05:00,44.11,48.34816372562567,Вниз,8.765924906015284,False,-0.6529020741817178,-0.633212444823727,-0.01968962935799079,False,43.44979191691483,Зелёный,-4.238163725625668,Ниже
2022-08-05 15:00:00+05:00,44.0,48.30489841492293,Вниз,8.911929340882354,False,-0.633182660869295,-0.6332064880328405,2.3827163545542263e-05,Ниже,43.44979191691483,Зелёный,-4.304898414922931,Ниже
2022-08-05 15:30:00+05:00,43.95,48.26156609238638,Вниз,8.933746750225248,False,-0.6145058252442439,-0.6294663554751212,0.01496053023087729,False,43.44979191691483,Зелёный,-4.311566092386379,Ниже
2022-08-05 16:00:00+05:00,43.875,48.21791866858154,Вниз,9.006856348221756,False,-0.5988529674155672,-0.6233436778632104,0.024490710447643282,False,43.44979191691483,Зелёный,-4.3429186685815395,Ниже
2022-08-05 16:30:00+05:00,43.625,48.17221798531207,Вниз,9.439503048621388,False,-0.599707817066431,-0.6186165057038545,0.018908688637423565,False,43.44979191691483,Зелёный,-4.5472179853120736,Ниже
2022-08-05 17:00:00+05:00,43.565,48.126375020284094,Вниз,9.477911058876941,False,-0.598329618735157,-0.614559128310115,0.016229509574958056,False,43.44979191691483,Зелёный,-4.561375020284096,Ниже
2022-08-05 17:30:00+05:00,43.14,48.07675934844047,Вниз,10.268494414652364,False,-0.6243343964672334,-0.6165141819415387,-0.007820214525694702,Ниже,43.89881667888286,Красный,-4.936759348440468,Ниже
2022-08-05 18:00:00+05:00,43.19,48.028134877311714,Вниз,10.07354312148655,False,-0.6336049841893114,-0.6199323423910933,-0.013672641798218144,False,43.71718501099458,Красный,-4.838134877311717,Ниже
2022-08-05 18:30:00+05:00,43.35,47.98158627156732,Вниз,9.652841082313035,False,-0.6208841627842219,-0.620122706469719,-0.0007614563145028619,False,43.71718501099458,Красный,-4.631586271567322,Ниже
2022-08-05 19:00:00+05:00,43.47,47.936694865880085,Вниз,9.317903285525317,False,-0.5942694547000755,-0.6149520561157903,0.020682601415714763,Ниже,43.71718501099458,Красный,-4.466694865880086,Ниже
2022-08-05 19:30:00+05:00,43.47,47.89225014084646,Вниз,9.233748942346725,False,-0.566645173953809,-0.6052906796833941,0.03864550572958514,False,43.71718501099458,Красный,-4.422250140846458,Ниже
2022-08-05 20:00:00+05:00,43.655,47.85008844790271,Вниз,8.767148784834868,False,-0.5237868893354687,-0.588989921613809,0.06520303227834034,False,43.71718501099458,Красный,-4.195088447902712,Ниже
2022-08-05 20:30:00+05:00,43.835,47.81013731906786,Вниз,8.3144235552791,False,-0.4698804054967596,-0.5651680183903992,0.09528761289363963,False,43.22595097285782,Зелёный,-3.975137319067862,Ниже
2022-08-06 12:00:00+05:00,43.82,47.77043446017167,Вниз,8.269622214688718,False,-0.423487799577579,-0.5368319746278352,0.11334417505025618,False,43.37835587557203,Зелёный,-3.950434460171671,Ниже
2022-08-06 12:30:00+05:00,43.98,47.73271869439883,Вниз,7.861942074628132,False,-0.3695507117539733,-0.5033757220530628,0.1338250102990895,False,43.47402028801483,Зелёный,-3.7527186943988298,Ниже
2022-08-06 13:00:00+05:00,44.01,47.695676717340135,Вниз,7.727485950524694,False,-0.3206877430972525,-0.4668381262619008,0.1461503831646483,False,43.47402028801483,Зелёный,-3.6856767173401366,Ниже
2022-08-06 13:30:00+05:00,44.14,47.66029684950591,Вниз,7.386225185759425,False,-0.2683798589007153,-0.4271464727896638,0.15876661388894847,False,43.59033143329201,Зелёный,-3.520296849505911,Ниже
2022-08-06 14:00:00+05:00,44.415,47.62800533856555,Вниз,6.746042198756334,False,-0.2024021164800586,-0.3821976015277428,0.1797954850476842,False,43.74354828996281,Зелёный,-3.2130053385655515,Ниже
2022-08-06 14:30:00+05:00,44.215,47.59404508644053,Вниз,7.09972241338909,False,-0.1643579921735067,-0.3386296796568956,0.17427168748338892,False,43.85569346096653,Зелёный,-3.3790450864405273,Ниже
2022-08-06 15:00:00+05:00,44.39,47.56216404080431,Вниз,6.669511585055011,False,-0.1187182025638264,-0.2946473842382818,0.1759291816744554,False,43.85762411486988,Зелёный,-3.1721640408043115,Ниже
2022-08-06 15:30:00+05:00,44.43,47.53099822945302,Вниз,6.524159695706658,False,-0.078416735461495,-0.2514012544829245,0.1729845190214295,False,43.89336170338289,Зелёный,-3.100998229453019,Ниже
2022-08-06 16:00:00+05:00,44.505,47.50088879433409,Вниз,6.307016290380309,False,-0.0399649679544111,-0.2091139971772218,0.1691490292228107,False,43.9552755330446,Зелёный,-2.9958887943340855,Ниже
2022-08-06 16:30:00+05:00,44.525,47.471277960559625,Вниз,6.206443321385768,False,-0.0077880564550838,-0.1688488090327942,0.1610607525777104,False,44.01049797974014,Зелёный,-2.9462779605596268,Ниже
2022-08-06 17:00:00+05:00,44.2,47.43872793110132,Вниз,6.82718123429691,False,-0.0084153986541153,-0.1367621269570584,0.12834672830294308,False,44.01049797974014,Зелёный,-3.238727931101316,Ниже
2022-08-06 17:30:00+05:00,44.03,47.40481024024459,Вниз,7.119130364917119,False,-0.0223722576573095,-0.1138841530971086,0.0915118954397991,False,44.01049797974014,Зелёный,-3.3748102402445923,Ниже
2022-08-06 18:00:00+05:00,44.195,47.3728718298939,Вниз,6.708210220619466,False,-0.0198897710340872,-0.0950852766845044,0.07519550565041719,False,44.01049797974014,Зелёный,-3.1778718298939026,Ниже
2022-08-06 18:30:00+05:00,44.36,47.34289300571586,Вниз,6.300614128831807,False,-0.0045557456622233,-0.0769793704800482,0.0724236248178249,False,44.01049797974014,Зелёный,-2.9828930057158587,Ниже
2022-08-06 19:00:00+05:00,44.375,47.31336173202715,Вниз,6.210426874060239,False,0.0087065904059002,-0.0598421783028585,0.0685487687087587,False,44.01049797974014,Зелёный,-2.938361732027147,Ниже
2022-08-06 19:30:00+05:00,44.18,47.28218400335026,Вниз,6.560999811536729,False,0.0034425335885472,-0.0471852359245773,0.050627769513124504,False,44.01049797974014,Зелёный,-3.10218400335026,Ниже
2022-08-06 20:00:00+05:00,44.36,47.25310754560548,Вниз,6.122576261917274,False,0.0136380157562854,-0.0350205855884048,0.048658601344690196,False,44.01049797974014,Зелёный,-2.8931075456054813,Ниже
2022-08-06 20:30:00+05:00,44.145,47.22218110236563,Вниз,6.516389185190505,False,0.0043195130015902,-0.0271525658704057,0.0314720788719959,False,44.01049797974014,Зелёный,-3.0771811023656284,Ниже
2022-08-07 12:00:00+05:00,44.2,47.19210964861075,Вниз,6.3402752512862754,False,0.0013569309231016,-0.0214506665117043,0.022807597434805902,False,44.01049797974014,Зелёный,-2.99210964861075,Ниже
2022-08-07 12:30:00+05:00,43.965,47.159999104843486,Вниз,6.774807390773138,False,-0.01972608273865,-0.0211057497570934,0.0013796670184433972,False,44.53409821309751,Красный,-3.1949991048434825,Ниже
2022-08-07 13:00:00+05:00,44.02,47.12875533265599,Вниз,6.5963026409524135,False,-0.0316318503341719,-0.0232109698725091,-0.0084208804616628,Ниже,44.36968839178776,Красный,-3.1087553326559885,Ниже
2022-08-07 13:30:00+05:00,43.93,47.09692692138579,Вниз,6.7242750820494575,False,-0.0477787411815597,-0.0281245241343192,-0.019654217047240498,False,44.36968839178776,Красный,-3.1669269213857874,Ниже
2022-08-07 14:00:00+05:00,44.11,47.06720625550136,Вниз,6.2829440937037,False,-0.0455259777009402,-0.0316048148476434,-0.013921162853296795,False,44.36968839178776,Красный,-2.9572062555013616,Ниже
2022-08-07 14:30:00+05:00,44.15,47.03817932758592,Вниз,6.140074656104148,False,-0.0400512943164059,-0.0332941107413959,-0.006757183575010005,False,44.36968839178776,Красный,-2.8881793275859238,Ниже
2022-08-07 15:00:00+05:00,44.19,47.00983923477412,Вниз,5.998402208293941,False,-0.0321147042650835,-0.0330582294461335,0.000943525181050002,Ниже,44.36968839178776,Красный,-2.819839234774122,Ниже
2022-08-07 15:30:00+05:00,44.145,46.98133337174154,Вниз,6.037149583003415,False,-0.0291203422104615,-0.0322706519989991,0.0031503097885376037,False,44.36968839178776,Красный,-2.8363333717415387,Ниже
2022-08-07 16:00:00+05:00,44.145,46.95311114913715,Вниз,5.980671100191305,False,-0.026442476302023,-0.0311050168596038,0.004662540557580801,False,44.36968839178776,Красный,-2.8081111491371473,Ниже
2022-08-07 16:30:00+05:00,44.155,46.92526924715568,Вниз,5.903576669032321,False,-0.0232453736523652,-0.0295330882181561,0.0062877145657909,False,44.36968839178776,Красный,-2.7702692471556816,Ниже
2022-08-07 17:00:00+05:00,44.175,46.89790338399991,Вниз,5.806023697274455,False,-0.0188801750105724,-0.0274025055766394,0.008522330566067,False,44.36968839178776,Красный,-2.7229033839999133,Ниже
2022-08-07 17:30:00+05:00,43.94,46.86847150953225,Вниз,6.2482761123043025,False,-0.0339914276415385,-0.0287202899896192,-0.005271137651919302,Ниже,44.36968839178776,Красный,-2.928471509532251,Ниже
2022-08-07 18:00:00+05:00,44.13,46.841223036800585,Вниз,5.788113249456623,False,-0.0302866662824143,-0.0290335652481782,-0.0012531010342360996,False,44.36968839178776,Красный,-2.7112230368005825,Ниже
2022-08-07 18:30:00+05:00,44.075,46.813698429469234,Вниз,5.850207356710829,False,-0.031426392667349,-0.0295121307320124,-0.0019142619353366003,False,44.36968839178776,Красный,-2.738698429469231,Ниже
2022-08-07 19:00:00+05:00,44.145,46.78714421624069,Вниз,5.647158552847835,False,-0.026377159576711,-0.0288851365009521,0.0025079769242411024,Ниже,44.36968839178776,Красный,-2.6421442162406876,Ниже
2022-08-07 19:30:00+05:00,44.15,46.76090397528307,Вниз,5.583519036892757,False,-0.0217217529150843,-0.0274524597837786,0.005730706868694299,False,44.36968839178776,Красный,-2.6109039752830725,Ниже
2022-08-07 20:00:00+05:00,44.155,46.73497458249418,Вниз,5.520436472989072,False,-0.0174279527908467,-0.0254475583851922,0.008019605594345499,False,44.36968839178776,Красный,-2.579974582494181,Ниже
2022-08-07 20:30:00+05:00,44.145,46.709203691126085,Вниз,5.489718274972936,False,-0.0146629760235299,-0.0232906419128597,0.008627665889329799,False,44.36968839178776,Красный,-2.5642036911260817,Ниже
2022-08-08 12:00:00+05:00,44.5,46.68722156484623,Вниз,4.684839858821521,True,0.0159895040764865,-0.0154346127149905,0.031424116791477,False,44.192822224748575,Зелёный,-2.187221564846233,Ниже
2022-08-08 12:30:00+05:00,44.61,46.66655269355422,Вниз,4.406909391955758,True,0.0485976921425859,-0.0026281517434752,0.0512258438860611,False,44.192822224748575,Зелёный,-2.0565526935542238,Ниже
2022-08-08 13:00:00+05:00,44.49,46.64489545282235,Вниз,4.6197883646279205,True,0.0640189484092701,0.0107012682870738,0.053317680122196294,False,44.192822224748575,Зелёный,-2.1548954528223447,Ниже
2022-08-08 13:30:00+05:00,44.295,46.62151340851566,Вниз,4.990214256087854,True,0.0598160130238056,0.0205242172344202,0.039291795789385395,False,44.192822224748575,Зелёный,-2.326513408515659,Ниже
2022-08-08 14:00:00+05:00,44.11,46.59652322534635,Вниз,5.33628488400568,False,0.04108361620586,0.0246360970287081,0.016447519177151898,False,44.64418058834247,Красный,-2.486523225346353,Ниже
2022-08-08 14:30:00+05:00,44.1,46.57168219822848,Вниз,5.307264160456926,False,0.0251413267763496,0.0247371429782364,0.00040418379811320293,False,44.54676252950821,Красный,-2.4716821982284785,Ниже
2022-08-08 15:00:00+05:00,43.95,46.54559580819636,Вниз,5.576458444945484,False,0.0003986062628982,0.0198694356351688,-0.019470829372270602,Выше,44.425086276557394,Красный,-2.5955958081963573,Ниже
2022-08-08 15:30:00+05:00,43.945,46.51971923299043,Вниз,5.5346835179618115,False,-0.0193901189970802,0.012017524708719,-0.0314076437057992,False,44.39332764890165,Красный,-2.5747192329904323,Ниже
2022-08-08 16:00:00+05:00,43.85,46.49315486251292,Вниз,5.685040884683159,False,-0.0422514835854102,0.0011637230498931,-0.0434152066353033,False,44.23424488401149,Красный,-2.6431548625129153,Ниже
2022-08-08 16:30:00+05:00,43.9,46.46735232656752,Вниз,5.525066951360707,False,-0.0556927067405368,-0.0102075629081928,-0.045485143832344,False,44.23424488401149,Красный,-2.567352326567523,Ниже
2022-08-08 17:00:00+05:00,43.7,46.43981648252208,Вниз,5.8997142754714105,False,-0.0815433208165927,-0.0244747144898728,-0.057068606326719895,False,44.182913356049305,Красный,-2.7398164825220803,Ниже
2022-08-08 17:30:00+05:00,43.905,46.41459442796962,Вниз,5.4069080186927705,False,-0.0845141059665905,-0.0364825927852163,-0.04803151318137419,False,44.182913356049305,Красный,-2.509594427969617,Ниже
2022-08-08 18:00:00+05:00,43.805,46.38862831425848,Вниз,5.569529447509774,False,-0.0938557284520129,-0.0479572199185756,-0.0458985085334373,False,44.182913356049305,Красный,-2.5836283142584833,Ниже
2022-08-08 18:30:00+05:00,43.82,46.36306982356935,Вниз,5.485119586012702,False,-0.0989085013001158,-0.0581474761948837,-0.0407610251052321,False,44.17969883655994,Красный,-2.543069823569347,Ниже
2022-08-08 19:00:00+05:00,43.77,46.337268133782594,Вниз,5.540395964584069,False,-0.1057286680466376,-0.0676637145652345,-0.0380649534814031,False,44.083728952903954,Красный,-2.5672681337825907,Ниже
2022-08-08 19:30:00+05:00,43.76,46.311623674739984,Вниз,5.509683039102196,False,-0.1106649392235752,-0.0762639594969026,-0.03440097972667261,False,44.083728952903954,Красный,-2.551623674739986,Ниже
2022-08-08 20:00:00+05:00,43.875,46.28737866305103,Вниз,5.211741802472635,False,-0.104097460069056,-0.0818306596113333,-0.022266800457722696,False,44.083728952903954,Красный,-2.4123786630510295,Ниже
2022-08-08 20:30:00+05:00,43.775,46.26237987038385,Вниз,5.376679447432015,False,-0.1057429113289742,-0.0866131099548615,-0.0191298013741127,False,44.083728952903954,Красный,-2.4873798703838546,Ниже
2022-08-09 12:00:00+05:00,43.44,46.234296488589,Вниз,6.043774212674913,False,-0.1325506818451032,-0.0958006243329098,-0.036750057512193415,False,44.06828206600028,Красный,-2.794296488589005,Ниже
2022-08-09 12:30:00+05:00,43.465,46.20674129964781,Вниз,5.933639167211092,False,-0.1500490697783121,-0.1066503134219903,-0.04339875635632179,False,43.79520385940025,Красный,-2.7417412996478063,Ниже
2022-08-09 13:00:00+05:00,43.33,46.17811700810903,Вниз,6.1676767972346935,False,-0.1728179028339198,-0.1198838313043762,-0.05293407152954359,False,43.69118347346023,Красный,-2.8481170081090283,Ниже
2022-08-09 13:30:00+05:00,43.435,46.15082231151093,Вниз,5.884667218234044,False,-0.1803112289847916,-0.1319693108404593,-0.04834191814433231,False,43.69118347346023,Красный,-2.7158223115109266,Ниже
2022-08-09 14:00:00+05:00,43.495,46.12439621885908,Вниз,5.700662630644892,False,-0.1793409149550271,-0.1414436316633728,-0.037897283291654316,False,43.69118347346023,Красный,-2.6293962188590854,Ниже
2022-08-09 14:30:00+05:00,43.75,46.10077038583562,Вниз,5.099199788118697,False,-0.1561950459578582,-0.1443939145222699,-0.01180113143558828,False,43.2009997478475,Зелёный,-2.3507703858356166,Ниже
2022-08-09 15:00:00+05:00,43.82,46.078076153140735,Вниз,4.900543472422777,True,-0.1306967720032901,-0.141654486018474,0.01095771401518389,Ниже,43.45164977306275,Зелёный,-2.2580761531407347,Ниже
2022-08-09 15:30:00+05:00,43.975,46.05715002226371,Вниз,4.520796491439905,True,-0.0968653975716051,-0.1326966683291002,0.03583127075749511,False,43.51398479575647,Зелёный,-2.0821500222637113,Ниже
2022-08-09 16:00:00+05:00,43.885,46.035536589206366,Вниз,4.671470669271159,True,-0.0764349429875679,-0.1214443232607937,0.045009380273225805,False,43.51398479575647,Зелёный,-2.150536589206368,Ниже
2022-08-09 16:30:00+05:00,43.995,46.0152327425476,Вниз,4.3903564583725645,True,-0.0507821943193036,-0.1073118974724957,0.0565297031531921,False,43.51398479575647,Зелёный,-2.0202327425476057,Ниже
2022-08-09 17:00:00+05:00,44.18,45.9969717202337,Вниз,3.9501985723865185,True,-0.0153473377351147,-0.0889189855250195,0.0735716477899048,False,43.68526991610647,Зелёный,-1.8169717202337026,Ниже
2022-08-09 17:30:00+05:00,44.06,45.97769836978362,Вниз,4.1709316424676,True,0.0030172631526141,-0.0705317357894928,0.0735489989421069,False,43.74399292449581,Зелёный,-1.917698369783615,Ниже
2022-08-09 18:00:00+05:00,43.77,45.95573122182558,Вниз,4.756166779884717,True,-0.005762804677829,-0.05757794956716,0.051815144889331005,False,43.74399292449581,Зелёный,-2.185731221825577,Ниже
2022-08-09 18:30:00+05:00,43.9,45.93527618479249,Вниз,4.430747682031572,True,-0.0022057318421033,-0.0465035060221487,0.0442977741800454,False,43.74399292449581,Зелёный,-2.035276184792494,Ниже
2022-08-09 19:00:00+05:00,43.895,45.91497492922242,Вниз,4.399381535841389,True,0.0002074247310943,-0.0371613198715001,0.0373687446025944,False,43.74399292449581,Зелёный,-2.019974929222414,Ниже
2022-08-09 19:30:00+05:00,44.085,45.89676622345902,Вниз,3.9474812117220073,True,0.0172524058100265,-0.0262785747351947,0.0435309805452212,False,43.74399292449581,Зелёный,-1.811766223459017,Ниже
2022-08-09 20:00:00+05:00,44.25,45.88038048989226,Вниз,3.5535461399485206,True,0.0435725202643411,-0.0123083557352876,0.0558808759996287,False,43.74399292449581,Зелёный,-1.6303804898922607,Ниже
2022-08-09 20:30:00+05:00,44.51,45.86674486312717,Вниз,2.958014280664317,True,0.0844378803608663,0.0070408914839431,0.0773969888769232,False,43.94996916628699,Зелёный,-1.3567448631271688,Ниже
2022-08-10 12:00:00+05:00,44.425,45.85239914309605,Вниз,3.1130304406568343,True,0.1087120185520404,0.0273751168975626,0.0813369016544778,False,44.01097224965828,Зелёный,-1.4273991430960535,Ниже
2022-08-10 12:30:00+05:00,44.515,45.83909168893589,Вниз,2.8885644111824345,True,0.1336708217667492,0.0486342578713999,0.08503656389534929,False,44.032375024692456,Зелёный,-1.3240916889358871,Ниже
2022-08-10 13:00:00+05:00,44.84,45.82915047810071,Вниз,2.158343473055138,True,0.1776280513877708,0.0744330165746741,0.10319503481309669,False,44.25013752222321,Зелёный,-0.9891504781007043,Ниже
2022-08-10 13:30:00+05:00,44.965,45.8205519658808,Вниз,1.8671795279067487,True,0.2200147349781644,0.1035493602553722,0.1164653747227922,False,44.48912377000089,Зелёный,-0.8555519658807995,Ниже
2022-08-10 14:00:00+05:00,45.165,45.814029060747664,Вниз,1.416660080009722,True,0.266670800640405,0.1361736483323787,0.1304971523080263,False,44.6022113930008,Зелёный,-0.6490290607476652,Ниже
2022-08-10 14:30:00+05:00,45.11,45.80702379646162,Вниз,1.5216526608643444,True,0.2957982503684775,0.1680985687395985,0.127699681628879,False,44.69074025370072,Зелёный,-0.6970237964616217,Ниже
2022-08-10 15:00:00+05:00,45.245,45.80143151987992,Вниз,1.2148780101739949,True,0.3260172124019505,0.1996822974720689,0.12633491492988158,False,44.78641622833064,Зелёный,-0.5564315198799221,Ниже
2022-08-10 15:30:00+05:00,45.475,45.79818344505525,Вниз,0.7056686985041178,True,0.3643253198366949,0.2326109019449941,0.13171441789170082,False,44.96502460549758,Зелёный,-0.32318344505524976,Ниже
2022-08-10 16:00:00+05:00,45.865,45.798848286397984,Вверх,0.14443968806452434,True,0.4212980499370005,0.2703483315433954,0.1509497183936051,False,45.19802214494783,Зелёный,0.06615171360201799,Выше
2022-08-10 16:30:00+05:00,45.67,45.79756621389652,Вниз,0.27854365295467115,True,0.4455781313553402,0.3053942915057844,0.1401838398495558,False,45.37696993045304,Зелёный,-0.12756621389652167,Ниже
2022-08-10 17:00:00+05:00,45.545,45.79505311724083,Вниз,0.5460264815080912,True,0.4495516637331889,0.3342257659512653,0.11532589778192359,False,45.37696993045304,Зелёный,-0.25005311724083157,Ниже
2022-08-10 17:30:00+05:00,45.745,45.79455507627326,Вниз,0.10821172122041196,True,0.463496150197507,0.3600798428005137,0.10341630739699331,False,45.37696993045304,Зелёный,-0.04955507627326483,Ниже
2022-08-10 18:00:00+05:00,45.55,45.79212169242975,Вниз,0.5287409350805039,True,0.4535837546900865,0.3787806251784282,0.0748031295116583,False,45.37696993045304,Зелёный,-0.24212169242975534,Ниже
2022-08-10 18:30:00+05:00,45.57,45.78991152633592,Вниз,0.48026195946991285,True,0.4422440288117357,0.3914733059050898,0.050770722906645915,False,45.37696993045304,Зелёный,-0.21991152633592037,Ниже
2022-08-10 19:00:00+05:00,45.585,45.787872605675865,Вниз,0.4430706082874796,True,0.4295163913992255,0.399081923003917,0.0304344683953085,False,45.37696993045304,Зелёный,-0.2028726056758643,Ниже
2022-08-10 19:30:00+05:00,45.875,45.78873954492287,Вверх,0.1883879223023853,True,0.4377837251483996,0.4068222834328135,0.03096144171558607,False,45.37696993045304,Зелёный,0.08626045507713087,Выше
2022-08-10 20:00:00+05:00,45.88,45.789647609152496,Вверх,0.19732056385043417,True,0.4396708530128705,0.413391997348825,0.02627885566404553,False,45.3805611081289,Зелёный,0.09035239084750657,Выше
2022-08-10 20:30:00+05:00,45.89,45.79064614040471,Вверх,0.21697413766699852,True,0.4369365987412976,0.4181009176273195,0.018835681113978098,False,45.44350499731601,Зелёный,0.09935385959528986,Выше
2022-08-11 12:00:00+05:00,46.47,45.797405880301184,Вверх,1.468629296289721,True,0.4760828485428732,0.4296973038104302,0.046385544732442996,False,45.92315449758441,Зелёный,0.6725941196988146,Выше
2022-08-11 12:30:00+05:00,46.485,45.8042476128355,Вверх,1.4862210878751168,True,0.5025241229054416,0.4442626676294325,0.058261455276009066,False,45.96008904782597,Зелёный,0.680752387164496,Выше
2022-08-11 13:00:00+05:00,46.425,45.81042425350381,Вверх,1.341563097288234,True,0.5127271256350241,0.4579555592305508,0.05477156640447328,False,46.016080143043375,Зелёный,0.6145757464961861,Выше
2022-08-11 13:30:00+05:00,46.075,45.81305684799631,Вверх,0.5717652783414995,True,0.4869576591053786,0.4637559792055165,0.023201679899862104,False,46.016080143043375,Зелёный,0.26194315200369545,Выше
2022-08-11 14:00:00+05:00,45.6,45.81093687935952,Вниз,0.4604509178998138,True,0.4233267932020368,0.4556701420048206,-0.03234334880278378,Выше,46.42635008413487,Красный,-0.21093687935951522,Ниже
2022-08-11 14:30:00+05:00,45.45,45.8073454676246,Вниз,0.7801051643063653,True,0.3566835017597967,0.4358728139558158,-0.0791893121960191,False,45.991465075721386,Красный,-0.3573454676245973,Ниже
2022-08-11 15:00:00+05:00,45.565,45.80493406993679,Вниз,0.5238170839203766,True,0.3095791167066437,0.4106140745059814,-0.10103495779933774,False,45.991465075721386,Красный,-0.239934069936794,Ниже
2022-08-11 15:30:00+05:00,45.45,45.801402387648864,Вниз,0.7672306290420978,True,0.2599722154062363,0.3804857026860324,-0.1205134872797961,False,45.991465075721386,Красный,-0.3514023876488608,Ниже
2022-08-11 16:00:00+05:00,45.45,45.79790584647823,Вниз,0.7596544864834256,True,0.2181437632146767,0.3480173147917613,-0.12987355157708458,False,45.991465075721386,Красный,-0.347905846478227,Ниже
2022-08-11 16:30:00+05:00,45.53,45.79524011666253,Вниз,0.5791870857906435,True,0.189267981432522,0.3162674481199135,-0.12699946668739148,False,45.991465075721386,Красный,-0.26524011666252534,Ниже
2022-08-11 17:00:00+05:00,45.46,45.79190439410867,Вниз,0.7248102006243924,True,0.1589035600199295,0.2847946704999167,-0.1258911104799872,False,45.991465075721386,Красный,-0.331904394108669,Ниже
2022-08-11 17:30:00+05:00,45.56,45.78959688769963,Вниз,0.5014171412400107,True,0.1412801123602562,0.2560917588719846,-0.1148116465117284,False,45.991465075721386,Красный,-0.22959688769962838,Ниже
2022-08-11 18:00:00+05:00,45.615,45.78785960523496,Вниз,0.37752279037562025,True,0.1302500025145221,0.2309234076004921,-0.10067340508597,False,45.991465075721386,Красный,-0.17285960523495447,Ниже
2022-08-11 18:30:00+05:00,45.45,45.78449781811819,Вниз,0.7305918685555992,True,0.1069614548859334,0.2061310170575804,-0.09916956217164702,False,45.991465075721386,Красный,-0.33449781811818724,Ниже
2022-08-11 19:00:00+05:00,45.03,45.77699037714189,Вниз,1.6318031635275232,True,0.0539922343235304,0.1757032605107704,-0.12171102618724,False,45.8144526348074,Красный,-0.7469903771418913,Ниже
2022-08-11 19:30:00+05:00,44.295,45.76224420423501,Вниз,3.206233063410872,True,-0.0467556420068291,0.1312114800072505,-0.1779671220140796,False,45.07850737132666,Красный,-1.4672442042350085,Ниже
2022-08-11 20:00:00+05:00,43.95,45.744211923595856,Вниз,3.922270923789507,True,-0.1526777030405028,0.0744336433976998,-0.22711134643820258,False,44.81440663419399,Красный,-1.794211923595853,Ниже
2022-08-11 20:30:00+05:00,44.325,45.73009041191829,Вниз,3.072573002287547,True,-0.2040106260379346,0.0187447895105729,-0.2227554155485075,False,44.81440663419399,Красный,-1.4050904119182874,Ниже
2022-08-12 12:00:00+05:00,44.295,45.71581090533204,Вниз,3.107920164151183,True,-0.2442969830753725,-0.0338635650066161,-0.2104334180687564,False,44.81440663419399,Красный,-1.42081090533204,Ниже
2022-08-12 12:30:00+05:00,44.7,45.70570333413471,Вниз,2.2003891435220764,True,-0.2407686647078435,-0.0752445849468616,-0.16552407976098188,False,44.81440663419399,Красный,-1.005703334134708,Ниже
2022-08-12 13:00:00+05:00,44.39,45.69261175867069,Вниз,2.8508148440945726,True,-0.2599898549930159,-0.1121936389560925,-0.14779621603692342,False,44.81440663419399,Красный,-1.302611758670686,Ниже
2022-08-12 13:30:00+05:00,44.415,45.67989920385804,Вниз,2.769049901386849,True,-0.270092042766386,-0.1437733197181512,-0.1263187230482348,False,44.81440663419399,Красный,-1.264899203858043,Ниже
2022-08-12 14:00:00+05:00,44.335,45.66651712222762,Вниз,2.915740472748942,True,-0.2813106566313763,-0.1712807871007962,-0.11002986953058008,False,44.81440663419399,Красный,-1.3315171222276163,Ниже
2022-08-12 14:30:00+05:00,44.665,45.65655177772784,Вниз,2.171762297238445,True,-0.2605695631451823,-0.1891385423096734,-0.07143102083550892,False,44.81440663419399,Красный,-0.9915517777278424,Ниже
2022-08-12 15:00:00+05:00,44.84,45.64842688441712,Вниз,1.7709852005723483,True,-0.2273898510047729,-0.1967888040486934,-0.030601046956079514,False,43.96169588024802,Зелёный,-0.8084268844171163,Ниже
2022-08-12 15:30:00+05:00,44.7,45.63898980099009,Вниз,2.057428977031643,True,-0.2099711038747642,-0.1994252640139076,-0.01054583986085661,False,44.12827629222323,Зелёный,-0.9389898009900861,Ниже
2022-08-12 16:00:00+05:00,44.78,45.63044263879118,Вниз,1.8637615364007103,True,-0.1875493378455672,-0.1970500787802395,0.009500740934672292,Ниже,44.12827629222323,Зелёный,-0.8504426387911792,Ниже
2022-08-12 16:30:00+05:00,44.54,45.61959246328082,Вниз,2.3665105385362253,True,-0.1869904118928218,-0.195038145402756,0.00804773350993418,False,44.12827629222323,Зелёный,-1.079592463280818,Ниже
2022-08-12 17:00:00+05:00,44.615,45.60959651837256,Вниз,2.180673793007388,True,-0.1784386560963042,-0.1917182475414657,0.013279591445161498,False,44.12827629222323,Зелёный,-0.9945965183725605,Ниже
2022-08-12 17:30:00+05:00,44.41,45.59766023460766,Вниз,2.6046517047079827,True,-0.1860583499184542,-0.1905862680168634,0.004527918098409189,False,44.12827629222323,Зелёный,-1.1876602346076623,Ниже
2022-08-12 18:00:00+05:00,44.37,45.5854447098852,Вниз,2.6662999947034307,True,-0.1930987556204968,-0.1910887655375901,-0.0020099900829066986,Ниже,44.12827629222323,Зелёный,-1.2154447098852046,Ниже
2022-08-12 18:30:00+05:00,44.43,45.57394774759778,Вниз,2.5100914099724356,True,-0.1916278625879641,-0.1911965849476649,-0.00043127764029921023,False,44.12827629222323,Зелёный,-1.1439477475977782,Ниже
2022-08-12 19:00:00+05:00,44.24,45.56067463568139,Вниз,2.8987161543193722,True,-0.2034483553677333,-0.1936469390316786,-0.009801416336054719,False,44.12827629222323,Зелёный,-1.3206746356813852,Ниже
2022-08-12 19:30:00+05:00,44.12,45.54633956467959,Вниз,3.1316228226289695,True,-0.2199635750058206,-0.198910266226507,-0.02105330877931358,False,44.839849870277526,Красный,-1.4263395646795942,Ниже
2022-08-12 20:00:00+05:00,44.135,45.53229638493153,Вниз,3.068802796851579,True,-0.2291995610469825,-0.2049681251906021,-0.024231435856380407,False,44.69961488324977,Красный,-1.3972963849315292,Ниже
2022-08-12 20:30:00+05:00,44.02,45.51724865970833,Вниз,3.289409408072778,True,-0.2429975608108989,-0.2125740123146615,-0.030423548496237407,False,44.6751533949248,Красный,-1.497248659708326,Ниже
2022-08-13 12:00:00+05:00,43.97,45.50185315065651,Вниз,3.366573105461327,True,-0.25502736050273,-0.2210646819522752,-0.03396267855045482,False,44.58488805543232,Красный,-1.5318531506565094,Ниже
2022-08-13 12:30:00+05:00,44.24,45.48929739791366,Вниз,2.7463545699234215,True,-0.240007660996298,-0.2248532777610797,-0.01515438323521831,False,44.58488805543232,Красный,-1.249297397913658,Ниже
2022-08-13 13:00:00+05:00,44.28,45.47726458798417,Вниз,2.6326662318659086,True,-0.2223140769271978,-0.2243454375943034,0.002031360667105603,Ниже,44.58488805543232,Красный,-1.1972645879841721,Ниже
2022-08-13 13:30:00+05:00,44.305,45.46560026372562,Вниз,2.552699748806782,True,-0.2039237865377074,-0.2202611073829842,0.01633732084527681,False,44.58488805543232,Красный,-1.1606002637256196,Ниже
2022-08-13 14:00:00+05:00,44.13,45.45231070886268,Вниз,2.9092265898922602,True,-0.2011516355312679,-0.2164392130126409,0.015287577481372994,False,44.58488805543232,Красный,-1.3223107088626804,Ниже
2022-08-13 14:30:00+05:00,44.195,45.43980015454565,Вниз,2.73944900794447,True,-0.1915022108335549,-0.2114518125768237,0.01994960174326879,False,44.58488805543232,Красный,-1.2448001545456506,Ниже
2022-08-13 15:00:00+05:00,44.485,45.43029965549544,Вниз,2.0807691401196653,True,-0.158625855747502,-0.2008866212109594,0.04226076546345742,False,44.58488805543232,Красный,-0.9452996554954396,Ниже
2022-08-13 15:30:00+05:00,44.48,45.42084393753032,Вниз,2.071392462069434,True,-0.1314591860276834,-0.1870011341743042,0.055541948146620806,False,44.58488805543232,Красный,-0.9408439375303246,Ниже
2022-08-13 16:00:00+05:00,44.48,45.41148230631111,Вниз,2.051204362870262,True,-0.1086766478024401,-0.1713362368999314,0.06265958909749131,False,44.58488805543232,Красный,-0.9314823063111106,Ниже
2022-08-13 16:30:00+05:00,44.655,45.40395511918364,Вниз,1.6495371762606643,True,-0.0756284865399052,-0.1521946868279262,0.076566200288021,False,44.12188484538915,Зелёный,-0.7489551191836412,Ниже
2022-08-13 17:00:00+05:00,44.47,45.394662033420616,Вниз,2.0369400101268713,True,-0.0636320241656704,-0.134482154295475,0.0708501301298046,False,44.12894636085024,Зелёный,-0.924662033420617,Ниже
2022-08-13 17:30:00+05:00,44.585,45.38660569477962,Вниз,1.7661723817161727,True,-0.0443341459617414,-0.1164525526287283,0.0721184066669869,False,44.12894636085024,Зелёный,-0.8016056947796173,Ниже
2022-08-13 18:00:00+05:00,44.545,45.37823150876192,Вниз,1.8361921147170173,True,-0.0319003764747662,-0.0995421173979359,0.06764174092316971,False,44.12894636085024,Зелёный,-0.8332315087619193,Ниже
2022-08-13 18:30:00+05:00,44.505,45.369542638027966,Вниз,1.9055573139133177,True,-0.0249861653214438,-0.0846309269826375,0.059644761661193695,False,44.12894636085024,Зелёный,-0.864542638027963,Ниже
2022-08-13 19:00:00+05:00,44.53,45.36118897993813,Вниз,1.8323791739800643,True,-0.0172900037019303,-0.071162742326496,0.053872738624565694,False,44.12894636085024,Зелёный,-0.8311889799381262,Ниже
2022-08-13 19:30:00+05:00,44.535,45.35296819406811,Вниз,1.8035604429857361,True,-0.0106643499692395,-0.0590630638550447,0.0483987138858052,False,44.12894636085024,Зелёный,-0.8179681940681149,Ниже
2022-08-13 20:00:00+05:00,44.53,45.34477945581868,Вниз,1.7968539390792584,True,-0.0057506400650595,-0.0484005790970477,0.0426499390319882,False,44.12894636085024,Зелёный,-0.8147794558186803,Ниже
2022-08-13 20:30:00+05:00,44.345,45.33483140153193,Вниз,2.1833794698936106,True,-0.0165931677462296,-0.0420390968268841,0.0254459290806545,False,44.12894636085024,Зелёный,-0.98983140153193,Ниже
2022-08-14 12:00:00+05:00,44.56,45.32712163634256,Вниз,1.692411979073237,True,-0.0077479325363611,-0.0351808639687795,0.0274329314324184,False,44.12894636085024,Зелёный,-0.7671216363425586,Ниже
2022-08-14 12:30:00+05:00,44.575,45.31963783896602,Вниз,1.6430798534002655,True,0.0004669717737755,-0.0280512968202685,0.028518268594043997,False,44.13175684923287,Зелёный,-0.744637838966014,Ниже
2022-08-14 13:00:00+05:00,44.59,45.31237776096636,Вниз,1.5942172904213403,True,0.008094409945258,-0.0208221554671632,0.0289165654124212,False,44.14758116430959,Зелёный,-0.72237776096636,Ниже
2022-08-14 13:30:00+05:00,44.695,45.306234698668185,Вниз,1.34911828964271,True,0.0223541474306685,-0.0121868948875968,0.0345410423182653,False,44.19932304787862,Зелёный,-0.6112346986681843,Ниже
2022-08-14 14:00:00+05:00,44.52,45.29841146783567,Вниз,1.7184078704136936,True,0.0193114443502366,-0.0058872270400301,0.0251986713902667,False,44.26689074309076,Зелёный,-0.7784114678356673,Ниже
2022-08-14 14:30:00+05:00,44.7,45.292457124872136,Вниз,1.3080701787468019,True,0.0310664610894875,0.0015035105858733,0.0295629505036142,False,44.26870166878169,Зелёный,-0.5924571248721335,Ниже
2022-08-14 15:00:00+05:00,44.505,45.28462173059481,Вниз,1.7216037162304119,True,0.024366642738876,0.0060761370164739,0.0182905057224021,False,44.26870166878169,Зелёный,-0.7796217305948048,Ниже
2022-08-14 15:30:00+05:00,44.7,45.278804598947104,Вниз,1.2783124556264476,True,0.0343953703247095,0.011739983678121,0.022655386646588498,False,44.27249835171317,Зелёный,-0.5788045989471016,Ниже
2022-08-14 16:00:00+05:00,44.685,45.272896095475,Вниз,1.2985608303811507,True,0.0406640842985126,0.0175248038021993,0.0231392804963133,False,44.27249835171317,Зелёный,-0.5878960954749957,Ниже
2022-08-14 16:30:00+05:00,44.615,45.26634986566928,Вниз,1.438927299422631,True,0.0395280159384086,0.0219254462294412,0.0176025697089674,False,44.27249835171317,Зелёный,-0.6513498656692747,Ниже
2022-08-14 17:00:00+05:00,44.615,45.25986877247853,Вниз,1.4248136151703874,True,0.0381874721697954,0.025177851417512,0.013009620752283402,False,44.27249835171317,Зелёный,-0.6448687724785245,Ниже
2022-08-14 17:30:00+05:00,44.605,45.2533526652897,Вниз,1.4327174167296568,True,0.0359042829246476,0.0273231377189391,0.008581145205708497,False,44.27249835171317,Зелёный,-0.6483526652896998,Ниже
2022-08-14 18:00:00+05:00,44.575,45.246602887525626,Вниз,1.4843167103508272,True,0.031313131431446,0.0281211364614405,0.0031919949700054996,False,44.27249835171317,Зелёный,-0.6716028875256228,Ниже
2022-08-14 18:30:00+05:00,44.58,45.23997002297313,Вниз,1.4588206460746929,True,0.0277580910144763,0.0280485273720477,-0.00029043635757139766,Выше,44.27249835171317,Зелёный,-0.659970022973134,Ниже
2022-08-14 19:00:00+05:00,44.455,45.23215937597838,Вниз,1.7181566980220437,True,0.0146849614454609,0.0253758141867303,-0.0106908527412694,False,44.27249835171317,Зелёный,-0.7771593759783784,Ниже
2022-08-14 19:30:00+05:00,44.46,45.22447619810795,Вниз,1.6904036538955713,True,0.0046739914247737,0.021235449634339,-0.0165614582095653,False,44.27249835171317,Зелёный,-0.7644761981079498,Ниже
2022-08-14 20:00:00+05:00,44.48,45.21706847474369,Вниз,1.6300669185473373,True,-0.0016271844196396,0.0166629228235433,-0.0182901072431829,False,44.27249835171317,Зелёный,-0.737068474743694,Ниже
2022-08-14 20:30:00+05:00,44.44,45.20933645011938,Вниз,1.701720287286701,True,-0.0097363428798473,0.0113830696828651,-0.0211194125627124,False,44.27249835171317,Зелёный,-0.7693364501193827,Ниже
2022-08-15 12:00:00+05:00,44.265,45.19994006753113,Вниз,2.068454219484096,True,-0.0299388306434877,0.0031186896175945,-0.0330575202610822,False,44.80598369017272,Красный,-0.9349400675311301,Ниже
2022-08-15 12:30:00+05:00,44.565,45.19362225591391,Вниз,1.39095346762485,True,-0.0214941833854496,-0.0018038849830142,-0.0196902984024354,False,44.80598369017272,Красный,-0.6286222559139105,Ниже
2022-08-15 13:00:00+05:00,44.585,45.187566313069,Вниз,1.3334781273554126,True,-0.0130376172045316,-0.0040506314273177,-0.0089869857772139,False,44.80598369017272,Красный,-0.6025663130689978,Ниже
2022-08-15 13:30:00+05:00,44.575,45.18147112587428,Вниз,1.3423005288709342,True,-0.0070612463538992,-0.004652754412634,-0.0024084919412652,False,44.80598369017272,Красный,-0.606471125874279,Ниже
2022-08-15 14:00:00+05:00,44.49,45.17459081616409,Вниз,1.5154333526782786,True,-0.0090790612560738,-0.005538015781322,-0.003541045474751801,False,44.80598369017272,Красный,-0.6845908161640892,Ниже
2022-08-15 14:30:00+05:00,44.55,45.16837598217241,Вниз,1.36904630446859,True,-0.0057701804955883,-0.0055844487241752,-0.0001857317714130998,False,44.80598369017272,Красный,-0.6183759821724095,Ниже
2022-08-15 15:00:00+05:00,44.75,45.164213037076166,Вниз,0.9171266567539458,True,0.0128424204477539,-0.0018990748897894,0.014741495337543301,Выше,44.80598369017272,Красный,-0.4142130370761663,Ниже
2022-08-15 15:30:00+05:00,44.7,45.15959400188138,Вниз,1.0177106593611775,True,0.0232899861959836,0.0031387373273651,0.0201512488686185,False,44.80598369017272,Красный,-0.4595940018813778,Ниже
2022-08-15 16:00:00+05:00,44.595,45.1539761511164,Вниз,1.2379333975942313,True,0.0228339196318216,0.0070777737882564,0.0157561458435652,False,44.80598369017272,Красный,-0.5589761511164042,Ниже
2022-08-15 16:30:00+05:00,44.67,45.14916046802072,Вниз,1.0612832288655878,True,0.0281992928977103,0.0113020776101472,0.0168972152875631,False,44.80598369017272,Красный,-0.47916046802071577,Ниже
2022-08-15 17:00:00+05:00,45.63,45.15394494097573,Вверх,1.05429339484416,True,0.1086627700388191,0.0307742160958816,0.0778885539429375,False,44.59823643321104,Зелёный,0.4760550590242758,Выше
2022-08-15 17:30:00+05:00,45.42,45.15659225499587,Вверх,0.5833206888524418,True,0.1537134969153157,0.0553620722597684,0.09835142465554729,False,45.03741278988993,Зелёный,0.26340774500413033,Выше
2022-08-15 18:00:00+05:00,45.57,45.16070576489641,Вверх,0.9063061087538035,True,0.1992237416542721,0.0841344061386692,0.1150893355156029,False,45.03741278988993,Зелёный,0.4092942351035873,Выше
2022-08-15 18:30:00+05:00,45.745,45.16651963788252,Вверх,1.2807724986458455,True,0.246569674237179,0.1166214597583711,0.1299482144788079,False,45.16440435981084,Зелёный,0.5784803621174746,Выше
2022-08-15 19:00:00+05:00,45.935,45.17416620864986,Вверх,1.6842232080964483,True,0.2960108502011351,0.152499337846924,0.1435115123542111,False,45.30196392382976,Зелёный,0.7608337913501444,Выше
2022-08-15 19:30:00+05:00,46.06,45.18298047523047,Вверх,1.9410395585796207,True,0.3413449812247364,0.1902684665224865,0.1510765147022499,False,45.58176753144679,Зелёный,0.8770195247695298,Выше
2022-08-15 20:00:00+05:00,46.38,45.19489111726797,Вверх,2.62221869205749,True,0.3985002692777044,0.2319148270735301,0.1665854422041743,False,45.7190907783021,Зелёный,1.185108882732031,Выше
2022-08-15 20:30:00+05:00,46.99,45.21275289719566,Вверх,3.930853551088636,True,0.4873997084157508,0.2830118033419743,0.20438790507377652,False,46.1039317004719,Зелёный,1.7772471028043455,Выше
2022-08-16 12:00:00+05:00,46.275,45.223322520109136,Вверх,2.325520154834313,True,0.4944588164764383,0.3253012059688671,0.16915761050757122,False,46.1039317004719,Зелёный,1.0516774798908628,Выше
2022-08-16 12:30:00+05:00,46.625,45.23726955971004,Вверх,3.067670648110734,True,0.5222748263077293,0.3646959300366395,0.15757889627108973,False,46.1039317004719,Зелёный,1.3877304402899568,Выше
2022-08-16 13:00:00+05:00,46.47,45.249535534240295,Вверх,2.6971867254552913,True,0.5257514741663485,0.3969070388625813,0.1288444353037672,False,46.1039317004719,Зелёный,1.2204644657597044,Выше
2022-08-16 13:30:00+05:00,46.49,45.26187846424786,Вверх,2.7133684624296626,True,0.5240793153756158,0.4223414941651883,0.10173782121042751,False,46.1039317004719,Зелёный,1.2281215357521447,Выше
2022-08-16 14:00:00+05:00,46.51,45.27429758400659,Вверх,2.7293684980988586,True,0.5183922472019589,0.4415516447725424,0.07684060242941648,False,46.1039317004719,Зелёный,1.2357024159934085,Выше
2022-08-16 14:30:00+05:00,46.875,45.29022497123041,Вверх,3.4991546846505712,True,0.537145772169012,0.4606704702518364,0.07647530191717566,False,46.13515460183048,Зелёный,1.5847750287695916,Выше
2022-08-16 15:00:00+05:00,47.48,45.312013777486825,Вверх,4.784572659161599,True,0.5939794937566631,0.4873322749528017,0.10664721880386147,False,46.56713914164744,Зелёный,2.1679862225131714,Выше
2022-08-16 15:30:00+05:00,47.63,45.33507831701432,Вверх,5.0621323888270275,False,0.6437041531913579,0.5186066506005129,0.12509750259084496,False,47.01917522748269,Зелёный,2.294921682985681,Выше
2022-08-16 16:00:00+05:00,47.5,45.35661982629776,Вверх,4.725617080617434,True,0.6649561894642133,0.547876558373253,0.11707963109096031,False,47.01917522748269,Зелёный,2.1433801737022407,Выше
2022-08-16 16:30:00+05:00,47.0,45.37297186782714,Вверх,3.585897209714284,True,0.6341427570345317,0.5651297981055088,0.06901295892902293,False,47.82676806573901,Красный,1.6270281321728604,Выше
2022-08-16 17:00:00+05:00,47.09,45.39005672486368,Вверх,3.7451886994561265,True,0.609953968013734,0.5740946320871538,0.035859335926580194,False,47.72609125916512,Красный,1.6999432751363202,Выше
2022-08-16 17:30:00+05:00,47.16,45.40766810073569,Вверх,3.8591100854965825,True,0.5896356407978516,0.5772028338292934,0.012432806968558197,False,47.6937321332486,Красный,1.7523318992643055,Выше
2022-08-16 18:00:00+05:00,46.72,45.4207261295841,Вверх,2.8605308217863126,True,0.5318975138817237,0.5681417698397795,-0.036244255958055804,Выше,47.65810891992375,Красный,1.2992738704159024,Выше
2022-08-16 18:30:00+05:00,46.65,45.43295771038425,Вверх,2.678765264136827,True,0.4750155339459354,0.5495165226610107,-0.07450098871507532,False,47.40054802793136,Красный,1.2170422896157476,Выше
2022-08-16 19:00:00+05:00,46.7,45.445565096350585,Вверх,2.760302135070498,True,0.4290252017005542,0.5254182584689194,-0.09639305676836524,False,47.34349322513823,Красный,1.2544349036494182,Выше
2022-08-16 19:30:00+05:00,46.665,45.45769877698391,Вверх,2.6558784441313774,True,0.3853116912325305,0.4973969450216416,-0.1120852537891111,False,47.2453939026244,Красный,1.2073012230160884,Выше
2022-08-16 20:00:00+05:00,46.1,45.46408983392935,Вверх,1.3987086696192446,True,0.3016009728745885,0.4582377505922311,-0.15663677771764262,False,46.98935451236197,Красный,0.6359101660706514,Выше
2022-08-16 20:30:00+05:00,46.15,45.47091481070618,Вверх,1.4934495866661797,True,0.2365672080884593,0.4139036420914767,-0.17733643400301738,False,46.70266906112577,Красный,0.6790851892938221,Выше
2022-08-17 12:00:00+05:00,46.82,45.484338543932985,Вверх,2.936530460428505,True,0.2363661991182581,0.3783961534968331,-0.142029954378575,False,45.7435978449868,Зелёный,1.3356614560670153,Выше
2022-08-17 12:30:00+05:00,46.27,45.49215607085903,Вверх,1.7098418635718073,True,0.1896404376844174,0.3406450103343499,-0.1510045726499325,False,45.76848806048812,Зелёный,0.7778439291409711,Выше
2022-08-17 13:00:00+05:00,45.825,45.49546795075098,Вверх,0.7243184081670389,True,0.1153722150489642,0.2955904512772728,-0.1802182362283086,False,45.76848806048812,Зелёный,0.3295320492490248,Выше
2022-08-17 13:30:00+05:00,46.06,45.50108518507187,Вверх,1.2283549120966908,True,0.0746165168012638,0.251395664382071,-0.1767791475808072,False,45.76848806048812,Зелёный,0.55891481492813,Выше
2022-08-17 14:00:00+05:00,46.04,45.50644752153882,Вверх,1.1724766654409673,True,0.0402396419142903,0.2091644598885148,-0.16892481797422448,False,45.76848806048812,Зелёный,0.533552478461182,Выше
2022-08-17 14:30:00+05:00,46.13,45.51265202381207,Вверх,1.3564315607557538,True,0.0200271086904351,0.1713369896488989,-0.15130988095846382,False,45.76848806048812,Зелёный,0.6173479761879292,Выше
2022-08-17 15:00:00+05:00,46.135,45.51884454098807,Вверх,1.3536271960003343,True,0.0043617096268349,0.1379419336444861,-0.13358022401765118,False,45.76848806048812,Зелёный,0.616155459011928,Выше
2022-08-17 15:30:00+05:00,46.335,45.526965490828985,Вверх,1.7748481596775592,True,0.0079929586838218,0.1119521386523532,-0.1039591799685314,False,45.76848806048812,Зелёный,0.8080345091710157,Выше
2022-08-17 16:00:00+05:00,46.0,45.53167230186551,Вверх,1.0285756583451895,True,-0.0159767801881471,0.0863663548842532,-0.10234313507240031,False,45.76848806048812,Зелёный,0.4683276981344875,Выше
2022-08-17 16:30:00+05:00,45.89,45.5352377515982,Вверх,0.7790938752468605,True,-0.0433493473364094,0.0604232144401206,-0.10377256177652999,False,45.76848806048812,Зелёный,0.3547622484017978,Выше
2022-08-17 17:00:00+05:00,45.935,45.539215485413145,Вверх,0.8691070111070158,True,-0.0607113375826386,0.0361963040355687,-0.09690764161820731,False,45.76848806048812,Зелёный,0.3957845145868575,Выше
2022-08-17 17:30:00+05:00,45.85,45.54230786864287,Вверх,0.6756182234870524,True,-0.0804027961791717,0.0128764839926206,-0.09327928017179231,False,45.76848806048812,Зелёный,0.30769213135712903,Выше
2022-08-17 18:00:00+05:00,45.75,45.54437445701459,Вверх,0.4514839547955177,True,-0.1028915139265436,-0.0102771155912121,-0.0926143983353315,False,46.26208793466742,Красный,0.20562554298540903,Выше
2022-08-17 18:30:00+05:00,45.61,45.54502744749206,Вверх,0.14265564464275388,True,-0.1305064179858703,-0.0343229760701438,-0.09618344191572649,False,46.15337914120068,Красный,0.06497255250793899,Выше
2022-08-17 19:00:00+05:00,45.52,45.54477841816379,Вниз,0.05440452017635042,True,-0.1578342611322227,-0.0590252330825596,-0.0988090280496631,False,46.03554122708061,Красный,-0.02477841816378401,Ниже
2022-08-17 19:30:00+05:00,45.61,45.54542738912733,Вверх,0.14177627607042975,True,-0.1702667962339816,-0.081273545712844,-0.08899325052113762,False,45.98023710437256,Красный,0.0645726108726663,Выше
2022-08-17 20:00:00+05:00,45.935,45.54930373351413,Вверх,0.8467665471735549,True,-0.1521410981372568,-0.0954470561977266,-0.05669404193953019,False,45.98023710437256,Красный,0.38569626648587274,Выше
2022-08-17 20:30:00+05:00,46.0,45.55378827347917,Вверх,0.9795271555507665,True,-0.1310210657465091,-0.1025618581074831,-0.028459207639026,False,45.52595794545824,Зелёный,0.4462117265208292,Выше
2022-08-18 12:00:00+05:00,46.56,45.56380033045947,Вверх,2.18638406435683,True,-0.0683085495914141,-0.0957111964042693,0.027402646812855203,Ниже,46.04211215091241,Зелёный,0.9961996695405304,Выше
2022-08-18 12:30:00+05:00,47.3,45.58107594906187,Вверх,3.7711353125123104,True,0.0406349721778696,-0.0684419626878415,0.1090769348657111,False,46.429650935821165,Зелёный,1.7189240509381278,Выше
2022-08-18 13:00:00+05:00,47.46,45.59977171076275,Вверх,4.079468425931145,True,0.1382900394081758,-0.027095562268638,0.1653856016768138,False,46.881185842239056,Зелёный,1.8602282892372486,Выше
2022-08-18 13:30:00+05:00,46.97,45.61340582309347,Вверх,2.97411287849876,True,0.1741361457634624,0.013150779337782,0.1609853664256804,False,46.881185842239056,Зелёный,1.3565941769065262,Выше
2022-08-18 14:00:00+05:00,47.01,45.627302282565175,Вверх,3.0304174217268396,True,0.2034271277140291,0.0512060490130314,0.15222107870099771,False,46.881185842239056,Зелёный,1.382697717434823,Выше
2022-08-18 14:30:00+05:00,46.93,45.64026444890781,Вверх,2.825872213198924,True,0.2176758784990653,0.0845000149102382,0.1331758635888271,False,46.881185842239056,Зелёный,1.2897355510921926,Выше
2022-08-18 15:00:00+05:00,46.95,45.65329664344605,Вверх,2.840327976052325,True,0.2279542344873562,0.1131908588256618,0.1147633756616944,False,46.881185842239056,Зелёный,1.2967033565539552,Выше
2022-08-18 15:30:00+05:00,46.725,45.66396035843663,Вверх,2.323582171223869,True,0.2154605904954181,0.1336448051596131,0.081815785335805,False,47.41692284701626,Красный,1.0610396415633687,Выше
2022-08-18 16:00:00+05:00,46.74,45.67466722054174,Вверх,2.332436872094245,True,0.2044133128322727,0.147798506694145,0.05661480613812772,False,47.31448056231464,Красный,1.0653327794582594,Выше
2022-08-18 16:30:00+05:00,46.905,45.686909337750286,Вверх,2.666169981525163,True,0.2065909350297232,0.1595569923612607,0.0470339426684625,False,47.31448056231464,Красный,1.2180906622497147,Выше
2022-08-18 17:00:00+05:00,46.91,45.69907939409108,Вверх,2.6497702403726984,True,0.2063415970359372,0.168913913296196,0.0374276837397412,False,47.31448056231464,Красный,1.2109206059089175,Выше
2022-08-18 17:30:00+05:00,46.89,45.71092935036878,Вверх,2.579406427276475,True,0.2021993339691619,0.1755709974307892,0.02662833653837271,False,47.31448056231464,Красный,1.179070649631221,Выше
2022-08-18 18:00:00+05:00,46.975,45.723507167778045,Вверх,2.7370884469332646,True,0.2034303320340171,0.1811428643514348,0.022287467682582274,False,47.31448056231464,Красный,1.251492832221956,Выше
2022-08-18 18:30:00+05:00,46.965,45.73586033028772,Вверх,2.6874746879929297,True,0.2012787740274575,0.1851700462866393,0.0161087277408182,False,47.31448056231464,Красный,1.229139669712282,Выше
2022-08-18 19:00:00+05:00,46.65,45.74495624739929,Вверх,1.978455827361657,True,0.1721711001017709,0.1825702570496656,-0.0103991569478947,Выше,47.21035578951706,Красный,0.9050437526007116,Выше
2022-08-18 19:30:00+05:00,46.64,45.75386215538537,Вверх,1.9367498236656056,True,0.1466061578511457,0.1753774372099616,-0.028771279358815904,False,47.02482021056535,Красный,0.8861378446146304,Выше
2022-08-18 20:00:00+05:00,46.45,45.760788900107904,Вверх,1.506117172491476,True,0.1097492240895334,0.162251794585876,-0.05250257049634259,False,46.97258818950881,Красный,0.6892110998920984,Выше
2022-08-18 20:30:00+05:00,46.42,45.76734821453469,Вверх,1.4260205384983209,True,0.0772288432325467,0.1452472043152102,-0.06801836108266351,False,46.87157937055793,Красный,0.6526517854653093,Выше
2022-08-19 12:00:00+05:00,46.38,45.77344425220102,Вверх,1.3251258621855169,True,0.0476789283932319,0.1257335491308145,-0.0780546207375826,False,46.87157937055793,Красный,0.6065557477989856,Выше
2022-08-19 12:30:00+05:00,46.19,45.777589085512446,Вверх,0.900901342176778,True,0.0088272409448393,0.1023522874936195,-0.0935250465487802,False,46.76380429015193,Красный,0.41241091448755185,Выше
2022-08-19 13:00:00+05:00,46.22,45.78199118416406,Вверх,0.9567273168045219,True,-0.0193195482633896,0.0780179203422176,-0.09733746860560721,False,46.69817386113673,Красный,0.43800881583593565,Выше
2022-08-19 13:30:00+05:00,46.045,45.78460818730672,Вверх,0.568732207181952,True,-0.0551118241585726,0.0513919714420596,-0.1065037956006322,False,46.55160647502306,Красный,0.26039181269327827,Выше
2022-08-19 14:00:00+05:00,46.15,45.788243926736506,Вверх,0.7900632176292253,True,-0.0741500822056977,0.0262835607125081,-0.1004336429182058,False,46.49969582752075,Красный,0.3617560732634928,Выше
2022-08-19 14:30:00+05:00,46.15,45.79184348965455,Вверх,0.7821404054771481,True,-0.0882210811633541,0.0033826323373357,-0.0916037135006898,False,46.49969582752075,Красный,0.35815651034544516,Выше
2022-08-19 15:00:00+05:00,46.3,45.79689977333958,Вверх,1.0985464718144347,True,-0.0862741876838697,-0.0145487316669053,-0.0717254560169644,False,46.49969582752075,Красный,0.5031002266604148,Выше
2022-08-19 15:30:00+05:00,46.16,45.8005127109183,Вверх,0.7848979581313753,True,-0.0949337533317518,-0.0306257359998746,-0.0643080173318772,False,46.49969582752075,Красный,0.3594872890816987,Выше
2022-08-19 16:00:00+05:00,46.145,45.80394044513802,Вверх,0.7446074541785147,True,-0.1018330283740311,-0.0448671944747059,-0.056965833899325205,False,46.49969582752075,Красный,0.34105955486198525,Выше
2022-08-19 16:30:00+05:00,46.08,45.80668730638043,Вверх,0.5966654863983062,True,-0.1112631381265458,-0.0581463832050739,-0.0531167549214719,False,46.48205166419273,Красный,0.273312693619566,Выше
2022-08-19 17:00:00+05:00,46.165,45.81025260681446,Вверх,0.7743842764420177,True,-0.1106028179824889,-0.0686376701605569,-0.041965147821932,False,46.48205166419273,Красный,0.3547473931855407,Выше
2022-08-19 17:30:00+05:00,46.145,45.81358342664716,Вверх,0.7234024247054938,True,-0.1104204837615583,-0.0769942328807572,-0.0334262508808011,False,46.47671184799611,Красный,0.3314165733528398,Выше
2022-08-19 18:00:00+05:00,46.135,45.81678160150639,Вверх,0.6945455079348991,True,-0.1098169970213831,-0.0835587857088824,-0.02625821131250071,False,46.47671184799611,Красный,0.318218398493606,Выше
2022-08-19 18:30:00+05:00,46.095,45.81954994377997,Вверх,0.6011627276086398,True,-0.1112835872161497,-0.0891037460103358,-0.0221798412058139,False,46.47671184799611,Красный,0.2754500562200306,Выше
2022-08-19 19:00:00+05:00,46.145,45.82278825279709,Вверх,0.703169229740719,True,-0.1071758321013263,-0.0927181632285339,-0.014457668872792387,False,46.47587543718917,Красный,0.322211747202914,Выше
2022-08-19 19:30:00+05:00,46.055,45.82509881744588,Вверх,0.5016927153173932,True,-0.1099156156199043,-0.096157653706808,-0.013757961913096306,False,46.40828789347025,Красный,0.22990118255412284,Выше
2022-08-19 20:00:00+05:00,45.995,45.82678937647627,Вверх,0.36705740422232735,True,-0.1155958948367938,-0.1000453019328052,-0.015550592903988608,False,46.37945910412322,Красный,0.16821062352372707,Выше
2022-08-19 20:30:00+05:00,45.95,45.82801535282975,Вверх,0.2661792055167382,True,-0.1223186675014531,-0.1044999750465348,-0.017818692454918295,False,46.1725131937109,Красный,0.12198464717025104,Выше
2022-08-20 12:00:00+05:00,46.31,45.83281121996577,Вверх,1.0411510167771663,True,-0.0974739034352936,-0.1030947607242865,0.005620857288992906,Ниже,45.646988125660194,Зелёный,0.4771887800342327,Выше
2022-08-20 12:30:00+05:00,46.245,45.83691260086164,Вверх,0.8903029806826226,True,-0.0820830039141071,-0.0988924093622507,0.016809405448143605,False,45.77503931309417,Зелёный,0.4080873991383598,Выше
2022-08-20 13:00:00+05:00,46.28,45.841321430703815,Вверх,0.9569500956889222,True,-0.0662971652132995,-0.0923733605324604,0.026076195319160902,False,45.77503931309417,Зелёный,0.43867856929618654,Выше
2022-08-20 13:30:00+05:00,46.28,45.84568639159234,Вверх,0.9473379996930579,True,-0.0531738196190616,-0.0845334523497807,0.0313596327307191,False,45.77503931309417,Зелёный,0.4343136084076633,Выше
2022-08-20 14:00:00+05:00,46.29,45.85010742252177,Вверх,0.9594144969486995,True,-0.0414883058957258,-0.0759244230589697,0.03443611716324389,False,45.77503931309417,Зелёный,0.43989257747822563,Выше
2022-08-20 14:30:00+05:00,46.29,45.854484463093705,Вверх,0.9497774143700642,True,-0.0318601876692383,-0.0671115759810234,0.03525138831178509,False,45.77503931309417,Зелёный,0.4355155369062942,Выше
2022-08-20 15:00:00+05:00,46.295,45.858867702266906,Вверх,0.951031544356113,True,-0.0235548507377245,-0.0584002309323636,0.0348453801946391,False,45.77503931309417,Зелёный,0.4361322977330957,Выше
2022-08-20 15:30:00+05:00,46.305,45.86330682960753,Вверх,0.9630643774411166,True,-0.0159816682331168,-0.0499165183925143,0.0339348501593975,False,45.77503931309417,Зелёный,0.4416931703924689,Выше
2022-08-20 16:00:00+05:00,46.03,45.8649654681189,Вверх,0.3598270056385729,True,-0.0318034578009189,-0.0462939062741952,0.014490448473276296,False,45.77503931309417,Зелёный,0.16503453188109773,Выше
2022-08-20 16:30:00+05:00,46.04,45.86670710525205,Вверх,0.3778184781181053,True,-0.0430392934132939,-0.045642983702015,0.0026036902887211014,False,45.77503931309417,Зелёный,0.17329289474795218,Выше
2022-08-20 17:00:00+05:00,46.125,45.86927718380675,Вверх,0.5575034792210034,True,-0.0445711954638596,-0.0454286260543839,0.0008574305905243024,False,45.77503931309417,Зелёный,0.25572281619324855,Выше
2022-08-20 17:30:00+05:00,45.595,45.86654805759972,Вниз,0.5920394472649441,True,-0.0875426720509011,-0.0538514352536873,-0.0336912367972138,Ниже,46.3612384505279,Красный,-0.27154805759972334,Ниже
2022-08-20 18:00:00+05:00,45.615,45.86404509185246,Вниз,0.5430072540564034,True,-0.1186167044532737,-0.0668044890936046,-0.051812215359669095,False,46.03386460547511,Красный,-0.2490450918524587,Ниже
2022-08-20 18:30:00+05:00,45.755,45.86296006606289,Вниз,0.23539707403834573,True,-0.1304426078516769,-0.0795321128452191,-0.05091049500645781,False,46.03386460547511,Красный,-0.107960066062887,Ниже
2022-08-20 19:00:00+05:00,45.765,45.8619853390374,Вниз,0.21147217749173508,True,-0.1374236705387232,-0.0911104243839199,-0.0463132461548033,False,46.03386460547511,Красный,-0.0969853390374027,Ниже
2022-08-20 19:30:00+05:00,45.515,45.85853274859922,Вниз,0.7491141299319255,True,-0.1612701023244298,-0.1051423599720219,-0.05612774235240789,False,46.03386460547511,Красный,-0.3435327485992161,Ниже
2022-08-20 20:00:00+05:00,45.855,45.85849759687186,Вниз,0.007626932968031599,True,-0.1509928611044131,-0.1143124601985001,-0.036680400905913,False,46.03386460547511,Красный,-0.0034975968718597983,Ниже
2022-08-20 20:30:00+05:00,45.86,45.85851254615672,Вверх,0.0032435719361480738,True,-0.1408213147228636,-0.1196142311033728,-0.021207083619490807,False,46.03386460547511,Красный,0.0014874538432820827,Выше
2022-08-21 12:00:00+05:00,45.94,45.85932336659297,Вверх,0.17592198812466708,True,-0.1248655867632635,-0.120664502235351,-0.004201084527912499,False,46.03386460547511,Красный,0.08067663340703035,Выше
2022-08-21 12:30:00+05:00,45.955,45.86027537289553,Вверх,0.2065504978638952,True,-0.1097451094528878,-0.1184806236788584,0.00873551422597059,Ниже,46.03386460547511,Красный,0.09472462710446905,Выше
2022-08-21 13:00:00+05:00,45.96,45.86126765774234,Вверх,0.21528480851094436,True,-0.0962490647287737,-0.1140343118888414,0.0177852471600677,False,46.03386460547511,Красный,0.09873234225766225,Выше
2022-08-21 13:30:00+05:00,45.97,45.86234957159565,Вверх,0.23472506186429698,True,-0.0837806642784926,-0.1079835823667716,0.024202918088279,False,46.03386460547511,Красный,0.10765042840434802,Выше
2022-08-21 14:00:00+05:00,45.965,45.86337096889321,Вверх,0.22159084463225792,True,-0.0734560694610024,-0.1010780797856178,0.027622010324615393,False,46.03386460547511,Красный,0.10162903110679622,Выше
2022-08-21 14:30:00+05:00,45.96,45.86433245178979,Вверх,0.20858811868845856,True,-0.0649287536414746,-0.0938482145567892,0.028919460915314596,False,46.03386460547511,Красный,0.09566754821020851,Выше
2022-08-21 15:00:00+05:00,45.98,45.86548337266751,Вверх,0.24967932072580806,True,-0.0559124377869579,-0.0862610592028229,0.030348621415865,False,46.03386460547511,Красный,0.11451662733248469,Выше
2022-08-21 15:30:00+05:00,45.985,45.866672592839976,Вверх,0.25798123227821695,True,-0.0478123334817155,-0.0785713140586015,0.030758980576886003,False,46.03386460547511,Красный,0.11832740716002377,Выше
2022-08-21 16:00:00+05:00,45.71,45.86511366156794,Вниз,0.338195306159055,True,-0.062858549955024,-0.075428761237886,0.012570211282861996,False,46.03386460547511,Красный,-0.15511366156793827,Ниже
2022-08-21 16:30:00+05:00,45.98,45.86625680921404,Вверх,0.2479888238080589,True,-0.0523920979047147,-0.0708214285712517,0.018429330666537007,False,46.03386460547511,Красный,0.11374319078595363,Выше
2022-08-21 17:00:00+05:00,45.98,45.86738858225669,Вверх,0.24551521511052854,True,-0.0435948252396016,-0.0653761079049217,0.021781282665320097,False,46.03386460547511,Красный,0.11261141774330952,Выше
2022-08-21 17:30:00+05:00,45.98,45.86850909387603,Вверх,0.2430663396880583,True,-0.0362055680206125,-0.0595419999280599,0.0233364319074474,False,46.03386460547511,Красный,0.11149090612396861,Выше
2022-08-21 18:00:00+05:00,46.005,45.86986721234492,Вверх,0.29460034630035514,True,-0.0280093628716002,-0.0532354725167679,0.025226109645167697,False,46.03386460547511,Красный,0.1351327876550812,Выше
2022-08-21 18:30:00+05:00,46.01,45.87126156844099,Вверх,0.302451746072003,True,-0.0208697792036076,-0.0467623338541359,0.025892554650528296,False,46.03386460547511,Красный,0.13873843155900545,Выше
2022-08-21 19:00:00+05:00,46.005,45.87259229910328,Вверх,0.2886422900048514,True,-0.0154371164528512,-0.0404972903738789,0.025060173921027697,False,46.03386460547511,Красный,0.13240770089672083,Выше
2022-08-21 19:30:00+05:00,46.02,45.87405904239578,Вверх,0.3181339533729714,True,-0.0098082539962547,-0.0343594830983541,0.0245512291020994,False,46.03386460547511,Красный,0.14594095760422476,Выше
2022-08-21 20:00:00+05:00,45.74,45.872725121575925,Вниз,0.28933341375330013,True,-0.0276225839348569,-0.0330121032656547,0.005389519330797801,False,46.03386460547511,Красный,-0.1327251215759233,Ниже
2022-08-21 20:30:00+05:00,45.73,45.87130497111248,Вниз,0.3080465471855875,True,-0.0420626135570074,-0.0348222053239252,-0.007240408233082196,Ниже,46.03386460547511,Красный,-0.14130497111248275,Ниже
2022-08-22 12:00:00+05:00,45.71,45.8696999465243,Вниз,0.3481599982351743,True,-0.0544921226506431,-0.0387561887892688,-0.0157359338613743,False,46.03386460547511,Красный,-0.15969994652429875,Ниже
2022-08-22 12:30:00+05:00,46.0,45.870996464469336,Вверх,0.2812311601527722,True,-0.0404754460413698,-0.039100040239689,-0.0013754058016808013,False,46.03386460547511,Красный,0.12900353553066424,Выше
2022-08-22 13:00:00+05:00,46.13,45.87357361407661,Вверх,0.5589849791966158,True,-0.0186620903384877,-0.0350124502594487,0.016350359920961,Ниже,45.68563365182175,Зелёный,0.2564263859233904,Выше
2022-08-22 13:30:00+05:00,46.205,45.87687138906092,Вверх,0.7152375499984841,True,0.00462372498815,-0.027085215209929,0.031708940198079,False,45.72507028663958,Зелёный,0.32812861093907486,Выше
2022-08-22 14:00:00+05:00,45.885,45.87695227076181,Вверх,0.01754198751191829,True,-0.0027121601546653,-0.0222106041988763,0.019498444044211,False,45.72507028663958,Зелёный,0.008047729238185752,Выше
2022-08-22 14:30:00+05:00,45.93,45.877480108863686,Вверх,0.11447858734108278,True,-0.00483899711665,-0.018736282782431,0.013897285665780999,False,45.72507028663958,Зелёный,0.05251989113631339,Выше
2022-08-22 15:00:00+05:00,45.96,45.87830120230783,Вверх,0.1780772076365804,True,-0.0040570147123162,-0.015800429168408,0.0117434144560918,False,45.72507028663958,Зелёный,0.08169879769216948,Выше
2022-08-22 15:30:00+05:00,46.055,45.8800593992998,Вверх,0.381299856605823,True,0.0041802309288243,-0.0118042971489615,0.0159845280777858,False,45.72507028663958,Зелёный,0.17494060070019657,Выше
2022-08-22 16:00:00+05:00,46.07,45.88194935552567,Вверх,0.40985757387329275,True,0.0117828566484803,-0.0070868663894732,0.0188697230379535,False,45.72507028663958,Зелёный,0.1880506444743304,Выше
2022-08-22 16:30:00+05:00,46.05,45.88362150124184,Вверх,0.3626097795128343,True,0.0160096106265754,-0.0024675709862634,0.0184771816128388,False,45.72507028663958,Зелёный,0.16637849875815647,Выше
2022-08-22 17:00:00+05:00,46.05,45.88527700869216,Вверх,0.3589887694840257,True,0.019138724305975,0.0018536880721842,0.017285036233790803,False,45.72507028663958,Зелёный,0.16472299130784052,Выше
2022-08-22 17:30:00+05:00,46.13,45.887712063332046,Вверх,0.5280017803754572,True,0.0277539703589937,0.0070337445295461,0.0207202258294476,False,45.80409191249364,Зелёный,0.24228793666795667,Выше
2022-08-22 18:00:00+05:00,46.065,45.88947612240337,Вверх,0.38249265938107657,True,0.029002337262554,0.0114274630761477,0.017574874186406297,False,45.80409191249364,Зелёный,0.1755238775966248,Выше
2022-08-22 18:30:00+05:00,46.115,45.891720141085926,Вверх,0.48653626019604723,True,0.0336384955230286,0.0158696695655239,0.017768825957504696,False,45.80409191249364,Зелёный,0.22327985891407565,Выше
2022-08-22 19:00:00+05:00,45.995,45.89274780137363,Вверх,0.2228068780473118,True,0.0273148189974961,0.0181586994519183,0.009156119545577802,False,45.80409191249364,Зелёный,0.10225219862636692,Выше
2022-08-22 19:30:00+05:00,46.115,45.89495926603658,Вверх,0.47944422978550966,True,0.0316217411612811,0.0208513077937909,0.0107704333674902,False,45.80409191249364,Зелёный,0.2200407339634225,Выше
2022-08-22 20:00:00+05:00,46.33,45.899288029558605,Вверх,0.938384861577853,True,0.0517867458062824,0.0270383953962892,0.024748350409993198,False,45.83729280840837,Зелёный,0.43071197044139353,Выше
2022-08-22 20:30:00+05:00,46.4,45.90427023821972,Вверх,1.0799207986701256,True,0.0725794218579949,0.0361466006886303,0.0364328211693646,False,46.040313527567534,Зелёный,0.49572976178027517,Выше
2022-08-23 12:00:00+05:00,46.58,45.91099391744141,Вверх,1.457180569346019,True,0.1024018384585332,0.0493976482426109,0.05300419021592231,False,46.184532174810776,Зелёный,0.6690060825585888,Выше
2022-08-23 12:30:00+05:00,46.43,45.91615815706886,Вверх,1.1190871875068584,True,0.1126341951859188,0.0620449576312725,0.0505892375546463,False,46.184532174810776,Зелёный,0.5138418429311429,Выше
2022-08-23 13:00:00+05:00,46.31,45.92007698137663,Вверх,0.8491340700093083,True,0.1097947687451394,0.0715949198540459,0.0381998488910935,False,46.184532174810776,Зелёный,0.38992301862337087,Выше
2022-08-23 13:30:00+05:00,46.53,45.92614586713408,Вверх,1.3148373795895916,True,0.1238687820038464,0.082049692284006,0.0418190897198404,False,46.184532174810776,Зелёный,0.6038541328659193,Выше
2022-08-23 14:00:00+05:00,46.59,45.93275138089395,Вверх,1.4308932065834041,True,0.138270145303359,0.0932937828878766,0.04497636241548239,False,46.184532174810776,Зелёный,0.6572486191060563,Выше
2022-08-23 14:30:00+05:00,46.485,45.93824639202933,Вверх,1.19019259748134,True,0.1396014681698929,0.1025553199442799,0.037046148225613015,False,46.184532174810776,Зелёный,0.5467536079706719,Выше
2022-08-23 15:00:00+05:00,46.415,45.94299020902406,Вверх,1.0273815196365415,True,0.1334695818895923,0.1087381723333423,0.024731409556249986,False,46.184532174810776,Зелёный,0.47200979097593887,Выше
2022-08-23 15:30:00+05:00,46.42,45.94773657510342,Вверх,1.0278273971660135,True,0.1275432370045734,0.1124991852675886,0.015044051736984795,False,46.184532174810776,Зелёный,0.4722634248965818,Выше
2022-08-23 16:00:00+05:00,46.49,45.953132231072544,Вверх,1.168294179007974,True,0.1270306507043059,0.1154054783549321,0.011625172349373783,False,46.184532174810776,Зелёный,0.5368677689274577,Выше
2022-08-23 16:30:00+05:00,46.7,45.96056375116138,Вверх,1.6088493884497603,True,0.1419335457601604,0.1207110918359777,0.021222453924182705,False,46.27773964224392,Зелёный,0.7394362488386221,Выше
2022-08-23 17:00:00+05:00,46.67,45.967622818314005,Вверх,1.5279823898271319,True,0.149598964441985,0.1264886663571792,0.023110298084805803,False,46.33221567801953,Зелёный,0.7023771816859963,Выше
2022-08-23 17:30:00+05:00,46.57,45.97361662111685,Вверх,1.2972296345491767,True,0.1459225948685869,0.1303754520594608,0.015547142809126113,False,46.33221567801953,Зелёный,0.5963833788831536,Выше
2022-08-23 18:00:00+05:00,46.555,45.97940153035948,Вверх,1.2518615955896233,True,0.1401827315860728,0.1323369079647832,0.007845823621289605,False,46.33221567801953,Зелёный,0.5755984696405179,Выше
2022-08-23 18:30:00+05:00,46.545,45.98502937582854,Вверх,1.2177237500381035,True,0.1332904428993657,0.1325276149516997,0.0007628279476659949,False,46.33221567801953,Зелёный,0.5599706241714628,Выше
2022-08-23 19:00:00+05:00,46.565,45.99080022781035,Вверх,1.2485100701562397,True,0.1279669638097829,0.1316154847233163,-0.003648520913533404,Выше,46.33221567801953,Зелёный,0.574199772189651,Выше
2022-08-23 19:30:00+05:00,46.515,45.99601614594159,Вверх,1.1283234887380653,True,0.1183492298927646,0.128962233757206,-0.010613003864441403,False,46.33221567801953,Зелёный,0.518983854058412,Выше
2022-08-23 20:00:00+05:00,46.53,46.00132941812127,Вверх,1.1492506598526029,True,0.1106618403008852,0.1253021550659419,-0.014640314765056686,False,46.33221567801953,Зелёный,0.5286705818787283,Выше
2022-08-23 20:30:00+05:00,46.7,46.00828136420962,Вверх,1.5034654963844751,True,0.116939106685578,0.1236295453898691,-0.0066904387042911045,False,46.36469393367814,Зелёный,0.6917186357903802,Выше
2022-08-24 12:00:00+05:00,47.13,46.01944274367023,Вверх,2.413234907070929,True,0.1548265477939807,0.1298689458706914,0.024957601923289302,Выше,46.69597454031032,Зелёный,1.1105572563297699,Выше
2022-08-24 12:30:00+05:00,46.995,46.02914978104665,Вверх,2.0983446871118527,True,0.1719768045279863,0.1382905176021504,0.03368628692583592,False,46.721127086279296,Зелёный,0.9658502189533493,Выше
2022-08-24 13:00:00+05:00,47.08,46.03960600213077,Вверх,2.2597804112856226,True,0.1902343925158405,0.1486792925848884,0.041555099930952105,False,46.721127086279296,Зелёный,1.0403939978692307,Выше
2022-08-24 13:30:00+05:00,46.995,46.04911241006977,Вверх,2.0540843035302205,True,0.1955902304833614,0.158061480164583,0.03752875031877842,False,46.721127086279296,Зелёный,0.9458875899302299,Выше
2022-08-24 14:00:00+05:00,47.08,46.05936999802928,Вверх,2.2159009166091175,True,0.2043380781162085,0.1673167997549081,0.0370212783613004,False,46.721127086279296,Зелёный,1.0206300019707157,Выше
2022-08-24 14:30:00+05:00,47.06,46.06932651546182,Вверх,2.150397150272415,True,0.2072677242317979,0.1753069846502861,0.0319607395815118,False,46.76297198130784,Зелёный,0.9906734845381848,Выше
2022-08-24 15:00:00+05:00,47.005,46.07863669938757,Вверх,2.0103965025179265,True,0.202813541282687,0.1808082959767663,0.022005245305920712,False,46.764424783177056,Зелёный,0.9263633006124294,Выше
2022-08-24 15:30:00+05:00,47.06,46.08840150834889,Вверх,2.1081193095297746,True,0.2013999957666286,0.1849266359347388,0.0164733598318898,False,46.78148230485935,Зелёный,0.9715984916511147,Выше
2022-08-24 16:00:00+05:00,46.99,46.097372637619046,Вверх,1.9363953112861425,True,0.1924133148549884,0.1864239717187887,0.0059893431361996985,False,46.78148230485935,Зелёный,0.8926273623809564,Выше
2022-08-24 16:30:00+05:00,47.06,46.10695101933428,Вверх,2.067039697042801,True,0.1887637692421151,0.186891931223454,0.001871838018661115,False,46.78148230485935,Зелёный,0.9530489806657201,Выше
2022-08-24 17:00:00+05:00,47.055,46.11638434252498,Вверх,2.0353192707033183,True,0.1833544241694369,0.1861844298126506,-0.002830005643213701,Выше,46.79935810024247,Зелёный,0.9386156574750188,Выше
2022-08-24 17:30:00+05:00,47.275,46.12791285652971,Вверх,2.486752754320445,True,0.1945766817430367,0.1878628801987278,0.006713801544308895,Выше,46.99592229021823,Зелёный,1.1470871434702872,Выше
2022-08-24 18:00:00+05:00,47.055,46.137137604225934,Вверх,1.9894220652518197,True,0.1836017931554892,0.1870106627900801,-0.0034088696345909164,Выше,46.99592229021823,Зелёный,0.9178623957740655,Выше
2022-08-24 18:30:00+05:00,47.0,46.14572329970628,Вверх,1.851258663225145,True,0.1685234412062044,0.183313218473305,-0.014789777267100596,False,46.99592229021823,Зелёный,0.8542767002937168,Выше
2022-08-24 19:00:00+05:00,47.085,46.15506933652512,Вверх,2.0147963741416604,True,0.1615700493233589,0.1789645846433158,-0.01739453531995691,False,46.99592229021823,Зелёный,0.9299306634748774,Выше
2022-08-24 19:30:00+05:00,47.035,46.163824865514925,Вверх,1.8871381152298152,True,0.1502923770581858,0.1732301431262898,-0.022937766068103993,False,46.99592229021823,Зелёный,0.8711751344850711,Выше
2022-08-24 20:00:00+05:00,46.78,46.169955961380445,Вверх,1.3213008891103044,True,0.1194019799608767,0.1624645104932072,-0.0430625305323305,False,47.18210507184904,Красный,0.6100440386195558,Выше
2022-08-24 20:30:00+05:00,46.605,46.17428475778463,Вверх,0.9328032788699518,True,0.0798792816087399,0.1459474647163137,-0.0660681831075738,False,46.957394564664135,Красный,0.4307152422153635,Выше
2022-08-25 12:00:00+05:00,46.97,46.18220232238379,Вверх,1.7058469237063179,True,0.0771207084655145,0.1321821134661538,-0.0550614050006393,False,46.40134489180228,Зелёный,0.7877976776162114,Выше
2022-08-25 12:30:00+05:00,47.19,46.192230159972006,Вверх,2.160038250096467,True,0.0916304222881549,0.1240717752305541,-0.03244135294239919,False,46.735460402622046,Зелёный,0.997769840027992,Выше
2022-08-25 13:00:00+05:00,47.41,46.20434727280811,Вверх,2.6093924021331922,True,0.1195040679066039,0.123158233765764,-0.003654165859160105,False,46.88891436235984,Зелёный,1.2056527271918895,Выше
2022-08-25 13:30:00+05:00,47.69,46.21912988700903,Вверх,3.182383823725743,True,0.1623167068622919,0.1309899283850696,0.03132677847722232,Выше,47.22102292612386,Зелёный,1.4708701129909656,Выше
2022-08-25 14:00:00+05:00,47.98,46.23665098266069,Вверх,3.7704915479131103,True,0.2171435128035028,0.1482206452687563,0.0689228675347465,False,47.53117063351147,Зелёный,1.7433490173393054,Выше
2022-08-25 14:30:00+05:00,47.9,46.253201719151626,Вверх,3.5603984581385166,True,0.2512426512155201,0.1688250464581091,0.08241760475741097,False,47.53117063351147,Зелёный,1.6467982808483725,Выше
2022-08-25 15:00:00+05:00,47.91,46.26968727418495,Вверх,3.5451130587826905,True,0.275893057080026,0.1902386485824924,0.08565440849753359,False,47.532973213144295,Зелёный,1.6403127258150434,Выше
2022-08-25 15:30:00+05:00,47.925,46.286158047576144,Вверх,3.5406739758770573,True,0.2932585539017367,0.2108426296463413,0.08241592425539543,False,47.532973213144295,Зелёный,1.6388419524238529,Выше
2022-08-25 16:00:00+05:00,47.825,46.30146990779927,Вверх,3.2904572905235088,True,0.2955448143301282,0.2277830665830987,0.0677617477470295,False,47.532973213144295,Зелёный,1.5235300922007298,Выше
2022-08-25 16:30:00+05:00,47.52,46.3135945853336,Вверх,2.604862406962568,True,0.2696375276078626,0.2361539587880515,0.03348356881981107,False,48.15256752761781,Красный,1.2064054146664063,Выше
2022-08-25 17:00:00+05:00,47.895,46.32932996259397,Вверх,3.379435961344896,True,0.2761815334225233,0.2441594737149459,0.03202205970757738,False,48.15256752761781,Красный,1.5656700374060364,Выше
2022-08-25 17:30:00+05:00,47.74,46.3433664803791,Вверх,3.0136643616777534,True,0.2657965632383181,0.2484868916196203,0.017309671618697786,False,48.15256752761781,Красный,1.3966335196208988,Выше
2022-08-25 18:00:00+05:00,47.85,46.3583578586838,Вверх,3.217633691562665,True,0.2634060986981197,0.2514707330353202,0.011935365662799513,False,48.15256752761781,Красный,1.4916421413161984,Выше
2022-08-25 18:30:00+05:00,48.035,46.37504086506505,Вверх,3.579423551916293,True,0.2732892834749023,0.2558344431232366,0.017454840351665668,False,48.15256752761781,Красный,1.6599591349349438,Выше
2022-08-25 19:00:00+05:00,48.28,46.39399568232809,Вверх,4.06519052720934,True,0.2974622711663954,0.2641600087318684,0.033302262434527,False,47.72964275061696,Зелёный,1.8860043176719117,Выше
2022-08-25 19:30:00+05:00,48.39,46.41385642180742,Вверх,4.257658661744165,True,0.3217862669797782,0.2756852603814503,0.04610100659832789,False,47.88492847555526,Зелёный,1.976143578192584,Выше
2022-08-25 20:00:00+05:00,48.375,46.4333702882571,Вверх,4.181539482680912,True,0.335979867494764,0.2877441818041131,0.0482356856906509,False,47.97268562799974,Зелёный,1.9416297117428982,Выше
2022-08-25 20:30:00+05:00,48.8,46.45691884260281,Вверх,5.043556946459587,False,0.3771745132829238,0.3056302480998752,0.07154426518304857,False,48.07391706519976,Зелёный,2.3430811573971866,Выше
2022-08-26 12:00:00+05:00,48.425,46.476501739691344,Вверх,4.19243744122983,True,0.3752367057006225,0.3195515396200247,0.055685166080597814,False,48.08552535867979,Зелёный,1.9484982603086536,Выше
2022-08-26 12:30:00+05:00,48.0,46.491660926361085,Вверх,3.244321763483559,True,0.335539144709351,0.32274906063789,0.012790084071460983,False,48.8130271771882,Красный,1.5083390736389148,Выше
2022-08-26 13:00:00+05:00,48.0,46.50666927535252,Вверх,3.211003384925073,True,0.3006132590927208,0.3183219003288562,-0.017708641236135414,Выше,48.69422445946937,Красный,1.4933307246474783,Выше
2022-08-26 13:30:00+05:00,48.03,46.52182679500076,Вверх,3.241861528020019,True,0.2722170437623958,0.3091009290155641,-0.03688388525316827,False,48.63705201352244,Красный,1.5081732049992382,Выше
2022-08-26 14:00:00+05:00,47.885,46.53539070748832,Вверх,2.900178277206353,True,0.235300156608865,0.2943407745342243,-0.05904061792535931,False,48.45834681217019,Красный,1.3496092925116798,Выше
2022-08-26 14:30:00+05:00,47.975,46.54971517806057,Вверх,3.061855086518728,True,0.2108746734360593,0.2776475543145913,-0.066772880878532,False,48.44476213095317,Красный,1.425284821939428,Выше
2022-08-26 15:00:00+05:00,48.095,46.565091146438085,Вверх,3.2855274539260537,True,0.1989074182615056,0.2618995271039742,-0.06299210884246859,False,48.44476213095317,Красный,1.5299088535619134,Выше
2022-08-26 15:30:00+05:00,48.45,46.583846458413824,Вверх,4.006009987286313,True,0.2155837007514023,0.2526363618334598,-0.037052661082057486,False,47.773892673927925,Зелёный,1.8661535415861792,Выше
2022-08-26 16:00:00+05:00,48.64,46.60430569763359,Вверх,4.3680391154712,True,0.2413490650867729,0.2503789024841224,-0.009029837397349527,False,48.081753406535135,Зелёный,2.0356943023664087,Выше
2022-08-26 16:30:00+05:00,48.66,46.62476036730888,Вверх,4.365147652572456,True,0.2603806289952644,0.2523792477863508,0.008001381208913583,Выше,48.14657806588162,Зелёный,2.035239632691116,Выше
2022-08-26 17:00:00+05:00,48.495,46.6433697168879,Вверх,3.9697609635645428,True,0.2591617046615155,0.2537357391613837,0.005425965500131802,False,48.14657806588162,Зелёный,1.851630283112101,Выше
2022-08-26 17:30:00+05:00,48.505,46.66189340129698,Вверх,3.9499181545251956,True,0.25605101802212,0.254198794933531,0.0018522230885890112,False,48.14657806588162,Зелёный,1.8431065987030237,Выше
2022-08-26 18:00:00+05:00,48.615,46.68132729780149,Вверх,4.142283037204006,True,0.2594708388257558,0.255253203711976,0.004217635113779761,False,48.14657806588162,Зелёный,1.933672702198514,Выше
2022-08-26 18:30:00+05:00,48.4,46.698428518718885,Вверх,3.643744629648609,True,0.2420422558220494,0.2526110141339907,-0.010568758311941262,Выше,48.14657806588162,Зелёный,1.701571481281114,Выше
2022-08-26 19:00:00+05:00,48.295,46.71431480211472,Вверх,3.383727674442362,True,0.2172529984166118,0.2455394109905149,-0.028286412573903102,False,48.14657806588162,Зелёный,1.5806851978852805,Выше
2022-08-26 19:30:00+05:00,48.385,46.730938535427015,Вверх,3.5395425737470023,True,0.2025348850828194,0.2369385058089758,-0.03440362072615641,False,48.14657806588162,Зелёный,1.6540614645729832,Выше
2022-08-26 20:00:00+05:00,48.39,46.74744660970138,Вверх,3.513675097620729,True,0.1890943702477159,0.2273696786967239,-0.038275308449008005,False,48.14657806588162,Зелёный,1.6425533902986231,Выше
2022-08-26 20:30:00+05:00,48.565,46.76553171806256,Вверх,3.847851645921553,True,0.1903692447188021,0.2199695919011395,-0.029600347182337394,False,48.14657806588162,Зелёный,1.7994682819374361,Выше
2022-08-27 12:00:00+05:00,48.735,46.78512841738533,Вверх,4.167716641107044,True,0.2027598814728577,0.2165276498154832,-0.013767768342625497,False,48.15844884289053,Зелёный,1.9498715826146693,Выше
2022-08-27 12:30:00+05:00,48.74,46.80457987591881,Вверх,4.135108421466621,True,0.2105558517904526,0.2153332902104771,-0.004777438420024482,False,48.15844884289053,Зелёный,1.9354201240811904,Выше
2022-08-27 13:00:00+05:00,48.74,46.823837787601214,Вверх,4.092279281101946,True,0.2142643088564852,0.2151194939396787,-0.0008551850831934882,False,48.18596856274133,Зелёный,1.9161622123987883,Выше
2022-08-27 13:30:00+05:00,48.9,46.84449611807285,Вверх,4.387930391536708,True,0.2274915694198256,0.2175939090357081,0.00989766038411749,Выше,48.2226217064672,Зелёный,2.0555038819271516,Выше
2022-08-27 14:00:00+05:00,48.875,46.86470013679849,Вверх,4.289582259853208,True,0.2332680092410157,0.2207287290767697,0.01253928016424602,False,48.28085953582048,Зелёный,2.01029986320151,Выше
2022-08-27 14:30:00+05:00,48.885,46.8848026229995,Вверх,4.266195579587005,True,0.2359331058617115,0.223769604433758,0.0121635014279535,False,48.28085953582048,Зелёный,2.0001973770004966,Выше
2022-08-27 15:00:00+05:00,48.91,46.904953840681095,Вверх,4.274700207848635,True,0.2373267501558515,0.2264810335781767,0.010845716577674802,False,48.29419622401458,Зелёный,2.0050461593189013,Выше
2022-08-27 15:30:00+05:00,48.955,46.92535230992805,Вверх,4.325268943463067,True,0.2393038019514861,0.2290455872528387,0.010258214698647405,False,48.333026601613135,Зелёный,2.029647690071947,Выше
2022-08-27 16:00:00+05:00,48.67,46.94271198843624,Вверх,3.679565875932479,True,0.2153906225668436,0.2263145943156397,-0.010923971748796085,Выше,48.34922394145182,Зелёный,1.7272880115637648,Выше
2022-08-27 16:30:00+05:00,49.05,46.9636800283523,Вверх,4.442411604857565,True,0.2245140219370895,0.2259544798399297,-0.0014404579028401976,False,48.38830154730663,Зелёный,2.086319971647697,Выше
2022-08-27 17:00:00+05:00,48.83,46.98225037632889,Вверх,3.9328674315738175,True,0.2115535625042426,0.2230742963727923,-0.01152073386854971,False,48.463471392575975,Зелёный,1.8477496236711062,Выше
2022-08-27 17:30:00+05:00,49.105,47.00337226313159,Вверх,4.47122756448877,True,0.2209258115240402,0.2226445994030419,-0.0017187878790017042,False,48.47712425331838,Зелёный,2.1016277368684086,Выше
2022-08-27 18:00:00+05:00,49.1,47.02423423066262,Вверх,4.414246831017731,True,0.2253522082030912,0.2231861211630517,0.0021660870400395105,Выше,48.47712425331838,Зелёный,2.07576576933738,Выше
2022-08-27 18:30:00+05:00,49.15,47.04538612886498,Вверх,4.473581884034568,True,0.230240670465001,0.2245970310234416,0.005643639441559378,False,48.49467064518789,Зелёный,2.1046138711350153,Выше
2022-08-27 19:00:00+05:00,48.885,47.063690744498174,Вверх,3.8698819125542925,True,0.2103072358215953,0.2217390719830724,-0.01143183616147711,Выше,48.5369535806691,Зелёный,1.8213092555018235,Выше
2022-08-27 19:30:00+05:00,49.18,47.08474854803551,Вверх,4.449957824085917,True,0.2158259723736577,0.2205564520611894,-0.004730479687531708,False,48.55300822260218,Зелёный,2.0952514519644865,Выше
2022-08-27 20:00:00+05:00,49.185,47.10564657243317,Вверх,4.414233916457254,True,0.2180890739757259,0.2200629764440968,-0.0019739024683708972,False,48.55620740034196,Зелёный,2.0793534275668293,Выше
2022-08-27 20:30:00+05:00,48.885,47.123351581662696,Вверх,3.7383767478517362,True,0.1934451897724898,0.2147394191097754,-0.021294229337285586,False,48.55908666030776,Зелёный,1.7616484183373018,Выше
2022-08-28 12:00:00+05:00,48.85,47.14053216293969,Вверх,3.6263227388939736,True,0.1691407769093018,0.2056196906696807,-0.0364789137603789,False,48.55908666030776,Зелёный,1.7094678370603091,Выше
2022-08-28 12:30:00+05:00,49.0,47.15903433047264,Вверх,3.9037391152383805,True,0.1601371397440232,0.1965231804845492,-0.03638604074052601,False,48.55908666030776,Зелёный,1.8409656695273569,Выше
2022-08-28 13:00:00+05:00,49.045,47.17780015803013,Вверх,3.9577933598331527,True,0.1548478269821132,0.188188109784062,-0.03334028280194881,False,48.55908666030776,Зелёный,1.867199841969871,Выше
2022-08-28 13:30:00+05:00,49.055,47.19647876342287,Вверх,3.937838765245939,True,0.1497368517187212,0.1804978581709939,-0.0307610064522727,False,48.55908666030776,Зелёный,1.8585212365771326,Выше
2022-08-28 14:00:00+05:00,48.79,47.21233469612513,Вверх,3.3416379724266214,True,0.1228865223617035,0.1689755910091358,-0.04608906864743231,False,48.55908666030776,Зелёный,1.5776653038748663,Выше
2022-08-28 14:30:00+05:00,48.945,47.22957514690996,Вверх,3.6320988443239792,True,0.1128141956875623,0.1577433119448211,-0.0449291162572588,False,48.55908666030776,Зелёный,1.7154248530900418,Выше
2022-08-28 15:00:00+05:00,48.975,47.246942558383495,Вверх,3.6575010954013156,True,0.1060303021885857,0.1474007099935741,-0.04137040780498841,False,48.55908666030776,Зелёный,1.7280574416165067,Выше
2022-08-28 15:30:00+05:00,48.975,47.26413715979262,Вверх,3.619790697592183,True,0.0995069633823959,0.1378219606713384,-0.0383149972889425,False,48.55908666030776,Зелёный,1.7108628402073833,Выше
2022-08-28 16:00:00+05:00,48.69,47.27832484974493,Вверх,2.9858823355977684,True,0.0705270601766088,0.1243629805723925,-0.05383592039578371,False,48.55908666030776,Зелёный,1.4116751502550642,Выше
2022-08-28 16:30:00+05:00,48.99,47.29535644327981,Вверх,3.5831076963180095,True,0.0709499045575299,0.11368036536942,-0.042730460811890095,False,48.55908666030776,Зелёный,1.6946435567201945,Выше
2022-08-28 17:00:00+05:00,49.05,47.31281558314768,Вверх,3.671699507714527,True,0.0752589717555949,0.105996086646655,-0.030737114891060097,False,48.55908666030776,Зелёный,1.7371844168523154,Выше
2022-08-28 17:30:00+05:00,49.11,47.33069801515615,Вверх,3.7592980020579514,True,0.0825636942411947,0.1013096081655629,-0.01874591392436821,False,48.55908666030776,Зелёный,1.7793019848438476,Выше
2022-08-28 18:00:00+05:00,49.175,47.34904927868693,Вверх,3.8563619526252655,True,0.0925310557983962,0.0995538976921296,-0.007022841893733409,False,48.55908666030776,Зелёный,1.8259507213130703,Выше
2022-08-28 18:30:00+05:00,48.905,47.36453137541642,Вверх,3.252367499160205,True,0.0777472956987921,0.0951925772934621,-0.01744528159467,False,48.55908666030776,Зелёный,1.540468624583582,Выше
2022-08-28 19:00:00+05:00,48.64,47.37722260551178,Вверх,2.6653681348161355,True,0.044138967464633,0.0849818553276963,-0.040842887863063296,False,48.55908666030776,Зелёный,1.262777394488218,Выше
2022-08-28 19:30:00+05:00,48.395,47.3873497437654,Вверх,2.126411925721122,True,-0.0022395115503215,0.0675375819520927,-0.06977709350241419,False,49.08520052145583,Красный,1.007650256234605,Выше
2022-08-28 20:00:00+05:00,48.695,47.40036118910107,Вверх,2.7312846957727652,True,-0.014618781302218,0.0511063093012305,-0.0657250906034485,False,49.08520052145583,Красный,1.294638810898931,Выше
2022-08-28 20:30:00+05:00,48.385,47.41015859020454,Вверх,2.056186772589435,True,-0.0488803883009723,0.03110896978079,-0.0799893580817623,False,49.08520052145583,Красный,0.9748414097954594,Выше
2022-08-29 12:00:00+05:00,48.485,47.42085352960549,Вверх,2.244047483730234,True,-0.0671892782481293,0.0114493201750061,-0.0786385984231354,False,49.08520052145583,Красный,1.0641464703945118,Выше
2022-08-29 12:30:00+05:00,48.955,47.43611866861439,Вверх,3.2019511166088708,True,-0.0432752828705673,0.0005043995658914,-0.043779682436458696,False,49.08520052145583,Красный,1.5188813313856073,Выше
2022-08-29 13:00:00+05:00,48.785,47.449540373404304,Вверх,2.814483799181803,True,-0.0376073345506,-0.0071179472574068,-0.030489387293193202,False,49.08520052145583,Красный,1.3354596265956928,Выше
2022-08-29 13:30:00+05:00,49.04,47.46536584232565,Вверх,3.3174381567079774,True,-0.0123961803449148,-0.0081735938749084,-0.004222586470006399,False,49.08520052145583,Красный,1.5746341576743461,Выше
2022-08-29 14:00:00+05:00,49.32,47.48381991354629,Вверх,3.866959502830309,True,0.0298335977973707,-0.0005721555404526,0.0304057533378233,Выше,48.56134898595929,Зелёный,1.8361800864537088,Выше
2022-08-29 14:30:00+05:00,49.4,47.50288638206822,Вверх,3.993680726415643,True,0.068961388674694,0.0133345533025767,0.055626835372117295,False,48.69146408736336,Зелёный,1.8971136179317796,Выше
2022-08-29 15:00:00+05:00,49.48,47.52255915438595,Вверх,4.11897187450476,True,0.1052129468985256,0.0317102320217665,0.0735027148767591,False,48.85481767862702,Зелёный,1.9574408456140446,Выше
2022-08-29 15:30:00+05:00,49.45,47.54173767026271,Вверх,4.01386744206219,True,0.1300229945451363,0.0513727845264404,0.0786502100186959,False,48.91558591076433,Зелёный,1.9082623297372905,Выше
2022-08-29 16:00:00+05:00,49.605,47.56226764369294,Вверх,4.294859050056112,True,0.1603439949002236,0.0731670266011971,0.0871769682990265,False,49.030027319687896,Зелёный,2.042732356307056,Выше
2022-08-29 16:30:00+05:00,49.555,47.582095826342766,Вверх,4.146316254873708,True,0.178283878427429,0.0941903969664434,0.0840934814609856,False,49.030027319687896,Зелёный,1.9729041736572341,Выше
2022-08-29 17:00:00+05:00,49.365,47.59983616637916,Вверх,3.708340145228513,True,0.1751509224624001,0.1103825020656348,0.06476842039676531,False,49.030027319687896,Зелёный,1.7651638336208393,Выше
2022-08-29 17:30:00+05:00,49.5,47.61874326920125,Вверх,3.950664384743453,True,0.1814695361939229,0.1245999088912924,0.056869627302630496,False,49.030027319687896,Зелёный,1.8812567307987536,Выше
2022-08-29 18:00:00+05:00,49.35,47.63596970433358,Вверх,3.5981849562526866,True,0.1723861761693967,0.1341571623469133,0.03822901382248339,False,49.030027319687896,Зелёный,1.7140302956664186,Выше
2022-08-29 18:30:00+05:00,49.39,47.65342274210141,Вверх,3.6441815885857376,True,0.1664959519203321,0.1406249202615971,0.025871031658735,False,49.030027319687896,Зелёный,1.7365772578985883,Выше
2022-08-29 19:00:00+05:00,49.235,47.66915982924469,Вверх,3.2848075702703623,True,0.1476190417318008,0.1420237445556378,0.005595297176163,False,49.030027319687896,Зелёный,1.5658401707553082,Выше
2022-08-29 19:30:00+05:00,49.2,47.68439206974971,Вверх,3.1784151259249667,True,0.1283551486583718,0.1392900253761846,-0.010934876717812791,Выше,49.030027319687896,Зелёный,1.5156079302502903,Выше
2022-08-29 20:00:00+05:00,49.34,47.70086578049848,Вверх,3.4362777125350368,True,0.1229677093711245,0.1360255621751726,-0.013057852804048087,False,49.030027319687896,Зелёный,1.6391342195015213,Выше
2022-08-29 20:30:00+05:00,49.2,47.71578253890148,Вверх,3.1105378181495373,True,0.1061773485691901,0.1300559194539761,-0.023878570884785996,False,49.030027319687896,Зелёный,1.484217461098524,Выше
2022-08-30 12:00:00+05:00,50.73,47.745774752444746,Вверх,6.250239446376245,False,0.2138637912620495,0.1468174938155908,0.06704629744645868,Выше,49.79293071361391,Зелёный,2.9842252475552513,Выше
2022-08-30 12:30:00+05:00,50.41,47.77228445640052,Вверх,5.521434810191657,False,0.270269251591074,0.1715078453706874,0.09876140622038662,False,49.96463764225252,Зелёный,2.6377155435994766,Выше
2022-08-30 13:00:00+05:00,50.215,47.79659008370002,Вверх,5.059795922815698,False,0.2958260167879842,0.1963714796541468,0.0994545371338374,False,49.96463764225252,Зелёный,2.4184099162999857,Выше
2022-08-30 13:30:00+05:00,50.105,47.81955933659852,Вверх,4.779300970371595,True,0.3037029579902608,0.2178377753213696,0.0858651826688912,False,49.96463764225252,Зелёный,2.2854406634014737,Выше
2022-08-30 14:00:00+05:00,49.96,47.84085725364729,Вверх,4.429566834718766,True,0.2948463967329005,0.2332394996036758,0.06160689712922468,False,50.74748415879792,Красный,2.1191427463527077,Выше
2022-08-30 14:30:00+05:00,49.84,47.8607492212727,Вверх,4.135436262346655,True,0.2749747729929908,0.2415865542815388,0.03338821871145198,False,50.62348574291812,Красный,1.9792507787273053,Выше
2022-08-30 15:00:00+05:00,49.765,47.87969699021526,Вверх,3.9375834190638774,True,0.2502893153848831,0.2433271065022077,0.006962208882675375,False,50.39538716862631,Красный,1.8853030097847423,Выше
2022-08-30 15:30:00+05:00,49.82,47.89900348782506,Вверх,4.010514566682406,True,0.2324840216419588,0.2411584895301579,-0.008674467888199089,Выше,50.38484845176368,Красный,1.9209965121749377,Выше
2022-08-30 16:00:00+05:00,50.1,47.92090395063278,Вверх,4.547276594807328,True,0.2382207969528593,0.2405709510146982,-0.0023501540618388883,False,50.38484845176368,Красный,2.1790960493672245,Выше
2022-08-30 16:30:00+05:00,49.845,47.94004918495484,Вверх,3.9736104727297565,True,0.2196587742254649,0.2363885156568516,-0.016729741431386697,False,50.38484845176368,Красный,1.9049508150451615,Выше
2022-08-30 17:00:00+05:00,49.9,47.95955118311449,Вверх,4.0460112094808265,True,0.2070001094193756,0.2305108344093564,-0.023510724989980802,False,50.38484845176368,Красный,1.9404488168855067,Выше
2022-08-30 17:30:00+05:00,49.315,47.97303823601883,Вверх,2.7973249419370814,True,0.1480567098200964,0.2140200094915044,-0.06596329967140802,False,50.16670306920215,Красный,1.3419617639811676,Выше
2022-08-30 18:00:00+05:00,49.415,47.9873861142674,Вверх,2.9749773874600467,True,0.1081659356631519,0.1928491947258339,-0.084683259062682,False,49.93278276228194,Красный,1.4276138857325975,Выше
2022-08-30 18:30:00+05:00,49.325,48.000695705170216,Вверх,2.758927293395759,True,0.0685003327121265,0.1679794223230924,-0.09947908961096591,False,49.91475448605375,Красный,1.324304294829787,Выше
2022-08-30 19:00:00+05:00,49.395,48.01456937974564,Вверх,2.875024472960667,True,0.0422267083748622,0.1428288795334464,-0.10060217115858419,False,49.86527903744837,Красный,1.3804306202543657,Выше
2022-08-30 19:30:00+05:00,49.05,48.02487217198698,Вверх,2.1345769007813806,True,-0.0063606236087494,0.1129909789050072,-0.1193516025137566,False,49.73525113370353,Красный,1.0251278280130194,Выше
2022-08-30 20:00:00+05:00,49.07,48.03527145385775,Вверх,2.154101589987262,True,-0.0427596942670405,0.0818408442705976,-0.1246005385376381,False,49.64722602033318,Красный,1.0347285461422473,Выше
2022-08-30 20:30:00+05:00,48.845,48.04332845431688,Вверх,1.668642809470224,True,-0.0887389126543993,0.0477248928855982,-0.13646380553999748,False,49.43000341829986,Красный,0.8016715456831207,Выше
2022-08-31 12:00:00+05:00,49.08,48.05364359407493,Вверх,2.135855533859293,True,-0.1050048083977159,0.0171789526289354,-0.12218376102665131,False,49.43000341829986,Красный,1.0263564059250712,Выше
2022-08-31 12:30:00+05:00,49.06,48.0636570906513,Вверх,2.0729652499591014,True,-0.1181475494114465,-0.0098863477791409,-0.10826120163230561,False,49.43000341829986,Красный,0.9963429093487051,Выше
2022-08-31 13:00:00+05:00,48.68,48.06978985591845,Вверх,1.269425445608472,True,-0.1574115482180786,-0.0393913878669285,-0.1180201603511501,False,49.43000341829986,Красный,0.6102101440815488,Выше
2022-08-31 13:30:00+05:00,48.505,48.0741203051133,Вверх,0.8962820165029124,True,-0.2003401906082658,-0.0715811484151959,-0.12875904219306988,False,49.27355049274654,Красный,0.4308796948867055,Выше
2022-08-31 14:00:00+05:00,48.465,48.07800965531118,Вверх,0.8049217250533062,True,-0.2348815464341029,-0.1042412280189773,-0.13064031841512558,False,49.02769544347189,Красный,0.38699034468882587,Выше
2022-08-31 14:30:00+05:00,48.485,48.08205931048221,Вверх,0.8380271046958833,True,-0.2576717078767458,-0.134927323990531,-0.12274438388621481,False,49.02769544347189,Красный,0.4029406895177914,Выше
2022-08-31 15:00:00+05:00,48.6,48.08721294918388,Вверх,1.0663688314771114,True,-0.2634170285753825,-0.1606252649075013,-0.10279176366788123,False,49.02769544347189,Красный,0.5127870508161223,Выше
2022-08-31 15:30:00+05:00,48.84,48.09470336759996,Вверх,1.5496438905206487,True,-0.2457711456062128,-0.1776544410472436,-0.0681167045589692,False,49.02769544347189,Красный,0.7452966324000414,Выше
2022-08-31 16:00:00+05:00,48.985,48.10356204055917,Вверх,1.8323756537980171,True,-0.2175782612787387,-0.1856392050935427,-0.03193905618519599,False,49.02769544347189,Красный,0.8814379594408308,Выше
2022-08-31 16:30:00+05:00,48.905,48.111536547618286,Вверх,1.6492166106488546,True,-0.1993920611785355,-0.1883897763105413,-0.011002284867994205,False,49.02769544347189,Красный,0.7934634523817152,Выше
2022-08-31 17:00:00+05:00,48.73,48.11769041281612,Вверх,1.2725248903899837,True,-0.1968314535652311,-0.1900781117614793,-0.006753341803751811,False,49.02769544347189,Красный,0.61230958718388,Выше
2022-08-31 17:30:00+05:00,48.91,48.12557409030053,Вверх,1.629956472264841,True,-0.1782232116623276,-0.1877071317416489,0.009483920079321306,Ниже,49.02769544347189,Красный,0.7844259096994648,Выше
2022-08-31 18:00:00+05:00,48.855,48.13283205955128,Вверх,1.500364531958616,True,-0.1660005353946658,-0.1833658124722523,0.017365277077586505,False,49.02769544347189,Красный,0.7221679404487134,Выше
2022-08-31 18:30:00+05:00,48.785,48.139321292789575,Вверх,1.3412708984476964,True,-0.1601166661206363,-0.1787159832019291,0.01859931708129281,False,49.02769544347189,Красный,0.645678707210422,Выше
2022-08-31 19:00:00+05:00,48.85,48.14639272271207,Вверх,1.4613914719222922,True,-0.1484969204943027,-0.1726721706604038,0.024175250166101114,False,49.02769544347189,Красный,0.7036072772879294,Выше
2022-08-31 19:30:00+05:00,48.9,48.15389130258559,Вверх,1.5494255546785787,True,-0.1337122545990965,-0.1648801874481424,0.0311679328490459,False,49.02769544347189,Красный,0.7461086974144067,Выше
2022-08-31 20:00:00+05:00,48.94,48.16171327967429,Вверх,1.6159863661955118,True,-0.1174141573353324,-0.1553869814255804,0.037972824090248006,False,49.02769544347189,Красный,0.7782867203257098,Выше
2022-08-31 20:30:00+05:00,48.8,48.16806439131933,Вверх,1.3119389717361276,True,-0.1144750309054885,-0.147204591321562,0.0327295604160735,False,49.02769544347189,Красный,0.6319356086806707,Выше
2022-09-01 12:00:00+05:00,48.39,48.17027270583357,Вверх,0.4561470837175117,True,-0.1435742904729267,-0.1464785311518349,0.00290424067890821,False,49.207597260684416,Красный,0.21972729416643233,Выше
2022-09-01 12:30:00+05:00,48.535,48.17390183313871,Вверх,0.7495721814521796,True,-0.1531697298437464,-0.1478167708902172,-0.005352958953529219,Ниже,49.10083753461597,Красный,0.36109816686128937,Выше
2022-09-01 13:00:00+05:00,48.785,48.17998241191345,Вверх,1.2557447259195018,True,-0.1389989802927473,-0.1460532127707233,0.0070542324779760135,Ниже,49.10083753461597,Красный,0.6050175880865467,Выше
2022-09-01 13:30:00+05:00,48.76,48.18575373119789,Вверх,1.1917345363227354,True,-0.1283068092166885,-0.1425039320599163,0.0141971228432278,False,49.10083753461597,Красный,0.5742462688021064,Выше
2022-09-01 14:00:00+05:00,48.88,48.19266165427055,Вверх,1.4262303058925216,True,-0.1088949166731438,-0.1357821289825619,0.026887212309418096,False,49.10083753461597,Красный,0.6873383457294509,Выше
2022-09-01 14:30:00+05:00,48.87,48.19940133930269,Вверх,1.3913008088556689,True,-0.09324292204019,-0.1272742875940875,0.03403136555389749,False,49.10083753461597,Красный,0.6705986606973084,Выше
2022-09-01 15:00:00+05:00,48.865,48.20602421154844,Вверх,1.3669988330912726,True,-0.0803162262788674,-0.1178826753310435,0.0375664490521761,False,49.10083753461597,Красный,0.6589757884515635,Выше
2022-09-01 15:30:00+05:00,48.765,48.21158615969223,Вверх,1.1478855694037633,True,-0.0772503965367619,-0.1097562195721872,0.032505823035425305,False,49.10083753461597,Красный,0.5534138403077691,Выше
2022-09-01 16:00:00+05:00,48.925,48.21868480486943,Вверх,1.4648163839160455,True,-0.0612045140147543,-0.1000458784607006,0.0388413644459463,False,49.10083753461597,Красный,0.7063151951305642,Выше
2022-09-01 16:30:00+05:00,48.99,48.22635958293043,Вверх,1.5834502617938888,True,-0.0427502811098818,-0.0885867589905369,0.045836477880655105,False,49.10083753461597,Красный,0.7636404170695741,Выше
2022-09-01 17:00:00+05:00,48.925,48.23331122887142,Вверх,1.4340478675545405,True,-0.0329898390207645,-0.0774673749965824,0.044477535975817904,False,49.10083753461597,Красный,0.6916887711285753,Выше
2022-09-01 17:30:00+05:00,48.87,48.239646440524446,Вверх,1.3067126440338368,True,-0.0293542808139548,-0.0678447561600569,0.0384904753461021,False,49.10083753461597,Красный,0.6303535594755516,Выше
2022-09-01 18:00:00+05:00,48.86,48.24581911275804,Вверх,1.2730240641298274,True,-0.0269691080785463,-0.0596696265437548,0.0327005184652085,False,49.10083753461597,Красный,0.6141808872419574,Выше
2022-09-01 18:30:00+05:00,48.89,48.252228872830095,Вверх,1.3217443879136996,True,-0.0223998803447784,-0.0522156773039595,0.029815796959181098,False,49.10083753461597,Красный,0.6377711271699056,Выше
2022-09-01 19:00:00+05:00,48.92,48.258873361657656,Вверх,1.369958708707899,True,-0.016171569381342,-0.045006855719436,0.028835286338094002,False,49.10083753461597,Красный,0.6611266383423455,Выше
2022-09-01 19:30:00+05:00,48.81,48.26435720880534,Вверх,1.1305294895652565,True,-0.019882475955498,-0.0399819797666484,0.020099503811150398,False,49.10083753461597,Красный,0.5456427911946591,Выше
2022-09-01 20:00:00+05:00,48.67,48.2683934554839,Вверх,0.8320279913324344,True,-0.0337313916366142,-0.0387318621406416,0.005000470504027403,False,49.09212353072916,Красный,0.401606544516099,Выше
2022-09-01 20:30:00+05:00,48.7,48.272688047966646,Вверх,0.8852043863991037,True,-0.0418041159835169,-0.0393463129092166,-0.0024578030743003035,Ниже,49.09212353072916,Красный,0.4273119520333566,Выше
2022-09-02 12:00:00+05:00,49.195,48.281865281320215,Вверх,1.8912581636175276,True,-0.0081653203466558,-0.0331101143967045,0.0249447940500487,Ниже,48.74572994010939,Зелёный,0.9131347186797854,Выше
2022-09-02 12:30:00+05:00,49.2,48.2910009501628,Вверх,1.8823363192974814,True,0.0186817739026992,-0.0227517367368237,0.0414335106395229,False,48.74572994010939,Зелёный,0.908999049837206,Выше
2022-09-02 13:00:00+05:00,49.27,48.30074223424079,Вверх,2.00671401913177,True,0.0450869699795077,-0.0091839953935574,0.054270965373065104,False,48.74572994010939,Зелёный,0.9692577657592096,Выше
2022-09-02 13:30:00+05:00,49.16,48.30929206275581,Вверх,1.7609612994102304,True,0.0564860612649908,0.0039500159381522,0.052536045326838594,False,48.74572994010939,Зелёный,0.8507079372441879,Выше
2022-09-02 14:00:00+05:00,49.0,48.316164778549286,Вверх,1.4153342356227605,True,0.0520097246793795,0.0135619576863976,0.0384477669929819,False,48.74572994010939,Зелёный,0.683835221450714,Выше
2022-09-02 14:30:00+05:00,49.175,48.32471040264332,Вверх,1.7595337670356073,True,0.0618700339108215,0.0232235729312824,0.038646460979539096,False,48.74572994010939,Зелёный,0.850289597356678,Выше
2022-09-02 15:00:00+05:00,49.2,48.33341975187075,Вверх,1.7929214456126126,True,0.0708845777940254,0.032755773903831,0.03812880389019441,False,48.74572994010939,Зелёный,0.866580248129253,Выше
2022-09-02 15:30:00+05:00,49.45,48.34453000309592,Вверх,2.28664958958809,True,0.0970824731122732,0.0456211137455195,0.051461359366753695,False,48.9333860853415,Зелёный,1.105469996904084,Выше
2022-09-02 16:00:00+05:00,49.145,48.35249487868701,Вверх,1.639015987285312,True,0.0921710523717322,0.054931101470762,0.0372399509009702,False,48.9333860853415,Зелёный,0.7925051213129919,Выше
2022-09-02 16:30:00+05:00,49.13,48.36023124805332,Вверх,1.5917391875119942,True,0.0860761095992614,0.0611601030964619,0.0249160065027995,False,48.9333860853415,Зелёный,0.7697687519466854,Выше
2022-09-02 17:00:00+05:00,49.175,48.36833839981398,Вверх,1.6677471810549536,True,0.0839096887991814,0.0657100202370058,0.0181996685621756,False,48.9333860853415,Зелёный,0.8066616001860183,Выше
2022-09-02 17:30:00+05:00,49.135,48.37596687344767,Вверх,1.5690293664578692,True,0.0780652316048318,0.068181062510571,0.009884169094260792,False,48.9333860853415,Зелёный,0.7590331265523247,Выше
2022-09-02 18:00:00+05:00,49.3,48.385161232915856,Вверх,1.8907424172471032,True,0.0857590018188858,0.071696650372234,0.0140623514466518,False,48.9333860853415,Зелёный,0.9148387670841416,Выше
2022-09-02 18:30:00+05:00,49.315,48.39441335995152,Вверх,1.9022580833892326,True,0.0920061550997743,0.0757585513177421,0.016247603782032202,False,48.9333860853415,Зелёный,0.9205866400484766,Выше
2022-09-02 19:00:00+05:00,49.25,48.4029266598525,Вверх,1.7500457071537012,True,0.0906669600338077,0.0787402330609552,0.011926726972852492,False,48.9333860853415,Зелёный,0.847073340147503,Выше
2022-09-02 19:30:00+05:00,49.4,48.41284778761516,Вверх,2.0390294260635615,True,0.1005503033862993,0.083102247126024,0.017448056260275305,False,48.95795138183478,Зелёный,0.9871522123848351,Выше
2022-09-02 20:00:00+05:00,49.4,48.422670197688646,Вверх,2.01833107988746,True,0.1071477911594911,0.0879113559327174,0.019236435226773693,False,49.0156562436513,Зелёный,0.9773298023113526,Выше
2022-09-02 20:30:00+05:00,49.5,48.43338989721413,Вверх,2.202220627235559,True,0.1190729135896546,0.0941436674641049,0.02492924612554971,False,49.024840619286174,Зелёный,1.066610102785873,Выше
2022-09-03 12:00:00+05:00,49.685,48.445843729082654,Вверх,2.5578175041122613,True,0.1418168367062833,0.1036783013125406,0.038138535393742706,False,49.14835655735756,Зелёный,1.2391562709173485,Выше
2022-09-03 12:30:00+05:00,49.745,48.45877065715148,Вверх,2.654275635567933,True,0.1628063281884735,0.1155039066877272,0.04730242150074629,False,49.1720209016218,Зелёный,1.2862293428485145,Выше
2022-09-03 13:00:00+05:00,49.8,48.47211622275197,Вверх,2.739479685899788,True,0.1817832080883192,0.1287597669678456,0.05302344112047358,False,49.225318811459616,Зелёный,1.3278837772480259,Выше
2022-09-03 13:30:00+05:00,49.66,48.48393596182907,Вверх,2.4256777318921294,True,0.1834114392567158,0.1396901014256196,0.04372133783109619,False,49.303536930313655,Зелёный,1.176064038170928,Выше
2022-09-03 14:00:00+05:00,50.0,48.49902117613923,Вверх,3.094864159030138,True,0.2097194672176314,0.153695974584022,0.056023492633609395,False,49.40268323728229,Зелёный,1.5009788238607698,Выше
2022-09-03 14:30:00+05:00,50.125,48.515200069908985,Вверх,3.318135198394194,True,0.2379127145691413,0.1705393225810458,0.0673733919880955,False,49.43741491355407,Зелёный,1.6097999300910146,Выше
2022-09-03 15:00:00+05:00,49.815,48.52813340254671,Вверх,2.6517949635082334,True,0.2325608403907608,0.1829436261429888,0.04961721424777199,False,49.49742342219866,Зелёный,1.2868665974532902,Выше
2022-09-03 15:30:00+05:00,50.145,48.54422162739699,Вверх,3.2975672880077154,True,0.252042296913217,0.1967633602970345,0.055278936616182495,False,49.50568107997879,Зелёный,1.6007783726030098,Выше
2022-09-03 16:00:00+05:00,50.0,48.55870698433832,Вверх,2.9681453753011575,True,0.2528663178705486,0.2079839518117373,0.044882366058811296,False,49.50568107997879,Зелёный,1.4412930156616781,Выше
2022-09-03 16:30:00+05:00,50.015,48.5731974621061,Вверх,2.9683088889067,True,0.2518268320921564,0.2167525278678211,0.0350743042243353,False,49.50568107997879,Зелёный,1.4418025378938992,Выше
2022-09-03 17:00:00+05:00,50.05,48.587892014721966,Вверх,3.0092023437341497,True,0.2509346215012016,0.2235889465944972,0.027345674906704392,False,49.50568107997879,Зелёный,1.4621079852780312,Выше
2022-09-03 17:30:00+05:00,50.04,48.60234085039637,Вверх,2.958003924191458,True,0.2465782215054233,0.2281868015766824,0.01839141992874091,False,49.50568107997879,Зелёный,1.4376591496036326,Выше
2022-09-03 18:00:00+05:00,50.07,48.61694442402428,Вверх,2.988784246295997,True,0.242748241776475,0.231099089616641,0.011649152159834003,False,49.50568107997879,Зелёный,1.4530555759757178,Выше
2022-09-03 18:30:00+05:00,50.105,48.63175094716832,Вверх,3.029397511169519,True,0.2397732064700193,0.2328339129873166,0.006939293482702696,False,49.50568107997879,Зелёный,1.473249052831676,Выше
2022-09-03 19:00:00+05:00,50.125,48.64660914669898,Вверх,3.039041937831224,True,0.2363053217544717,0.2335281947407477,0.0027771270137239845,False,49.50568107997879,Зелёный,1.478390853301022,Выше
2022-09-03 19:30:00+05:00,50.125,48.66131950344824,Вверх,3.0078931510437985,True,0.2308953799203053,0.2330016317766592,-0.002106251856353908,Выше,49.50568107997879,Зелёный,1.4636804965517598,Выше
2022-09-03 20:00:00+05:00,50.135,48.67598299097613,Вверх,2.9974063580685146,True,0.2248232559200929,0.2313659566053459,-0.006542700685253006,False,49.50568107997879,Зелёный,1.4590170090238672,Выше
2022-09-03 20:30:00+05:00,49.88,48.68796325972263,Вверх,2.4483191747383937,True,0.197161925083229,0.2245251503009226,-0.027363225217693604,False,49.54454522613809,Зелёный,1.1920367402773735,Выше
2022-09-04 12:00:00+05:00,50.13,48.702311884004,Вверх,2.9314586120601014,True,0.193186102631742,0.2182573407670865,-0.02507123813534451,False,49.54454522613809,Зелёный,1.4276881159960055,Выше
2022-09-04 12:30:00+05:00,50.115,48.71636848217312,Вверх,2.870968344733433,True,0.1866730097978788,0.211940474573245,-0.025267464775366205,False,49.54454522613809,Зелёный,1.3986315178268853,Выше
2022-09-04 13:00:00+05:00,50.115,48.73028521369378,Вверх,2.841589742875336,True,0.1794428315400367,0.2054409459666033,-0.025998114426566604,False,49.54454522613809,Зелёный,1.384714786306219,Выше
2022-09-04 13:30:00+05:00,49.83,48.74122764937842,Вверх,2.233781139969829,True,0.148998186676593,0.1941523941086013,-0.04515420743200829,False,49.54454522613809,Зелёный,1.088772350621575,Выше
2022-09-04 14:00:00+05:00,49.89,48.75265822003138,Вверх,2.3328815730119796,True,0.1282338844425368,0.1809686921753884,-0.05273480773285161,False,49.54454522613809,Зелёный,1.1373417799686223,Выше
2022-09-04 14:30:00+05:00,49.59,48.76098997903605,Вверх,1.7001501022033696,True,0.0865725777413075,0.1620894692885722,-0.07551689154726471,False,49.54454522613809,Зелёный,0.8290100209639562,Выше
2022-09-04 15:00:00+05:00,49.73,48.77063186979191,Вверх,1.9671021133566815,True,0.0641134619184953,0.1424942678145568,-0.07838080589606149,False,49.54454522613809,Зелёный,0.9593681302080839,Выше
2022-09-04 15:30:00+05:00,49.505,48.77793901536612,Вверх,1.4905529001642317,True,0.0278379328616722,0.1195630008239799,-0.0917250679623077,False,50.21006577113552,Красный,0.72706098463388,Выше
2022-09-04 16:00:00+05:00,49.965,48.78975056745204,Вверх,2.4088039370547243,True,0.0357948496079032,0.1028093705807646,-0.0670145209728614,False,50.21006577113552,Красный,1.1752494325479645,Выше
2022-09-04 16:30:00+05:00,49.67,48.79850926827341,Вверх,1.7858962185412337,True,0.0180882191428821,0.0858651402931881,-0.06777692115030601,False,50.21006577113552,Красный,0.8714907317265883,Выше
2022-09-04 17:00:00+05:00,49.705,48.8075290765493,Вверх,1.8387960637038434,True,0.0068013922071301,0.0700523906759765,-0.06325099846884641,False,50.21006577113552,Красный,0.8974709234506975,Выше
2022-09-04 17:30:00+05:00,50.27,48.82208102603637,Вверх,2.965705155401854,True,0.0429521529588114,0.0646323431325435,-0.0216801901737321,False,49.38189234755799,Зелёный,1.4479189739636311,Выше
2022-09-04 18:00:00+05:00,50.025,48.83405036906088,Вверх,2.438768895757313,True,0.0512417557932138,0.0619542256646776,-0.0107124698714638,False,49.38189234755799,Зелёный,1.1909496309391159,Выше
2022-09-04 18:30:00+05:00,49.98,48.84545285295083,Вверх,2.3227282802858262,True,0.0535627636458855,0.0602759332609191,-0.006713169615033605,False,49.38189234755799,Зелёный,1.1345471470491688,Выше
2022-09-04 19:00:00+05:00,49.96,48.8565428743145,Вверх,2.258565712527371,True,0.0531753736313618,0.0588558213350077,-0.005680447703645897,False,49.38189234755799,Зелёный,1.1034571256855017,Выше
2022-09-04 19:30:00+05:00,50.005,48.86797030840092,Вверх,2.326738115832109,True,0.0558556193620773,0.0582557809404216,-0.002400161578344301,False,49.38189234755799,Зелёный,1.137029691599082,Выше
2022-09-04 20:00:00+05:00,50.02,48.87943329040689,Вверх,2.3334286688977732,True,0.0585155769076592,0.0583077401338691,0.0002078367737900974,Выше,49.38189234755799,Зелёный,1.1405667095931165,Выше
2022-09-04 20:30:00+05:00,49.6,48.88660310841279,Вверх,1.4592891430913144,True,0.0264284715441363,0.0519318864159226,-0.025503414871786298,Выше,49.38189234755799,Зелёный,0.7133968915872089,Выше
2022-09-05 12:00:00+05:00,49.46,48.89230855012013,Вверх,1.1611058399869296,True,-0.0101802688010081,0.0395094553725364,-0.0496897241735445,False,49.38189234755799,Зелёный,0.5676914498798737,Выше
2022-09-05 12:30:00+05:00,49.395,48.89731045509406,Вверх,1.0178260118478497,True,-0.0439315010508991,0.0228212640878493,-0.06675276513874841,False,49.38189234755799,Зелёный,0.4976895449059455,Выше
2022-09-05 13:00:00+05:00,49.4,48.902312341113024,Вверх,1.0177180486178352,True,-0.0694752698956691,0.0043619572911456,-0.07383722718681471,False,49.38189234755799,Зелёный,0.4976876588869743,Выше
2022-09-05 13:30:00+05:00,49.4,48.90726445712185,Вверх,1.0074894769674634,True,-0.0886964532367784,-0.0142497248144391,-0.07444672842233929,False,49.38189234755799,Зелёный,0.492735542878151,Выше
2022-09-05 14:00:00+05:00,49.4,48.912167298344514,Вверх,0.9973647225237473,True,-0.1027449991224145,-0.0319487796760342,-0.0707962194463803,False,49.38189234755799,Зелёный,0.48783270165548487,Выше
2022-09-05 14:30:00+05:00,49.58,48.91881239985352,Вверх,1.351601904686583,True,-0.0982218370770056,-0.0452033911562285,-0.053018445920777105,False,49.38189234755799,Зелёный,0.6611876001464765,Выше
2022-09-05 15:00:00+05:00,49.54,48.92499337099926,Вверх,1.2570397799282884,True,-0.0967495951659103,-0.0555126319581648,-0.041236963207745496,False,49.38189234755799,Зелёный,0.6150066290007388,Выше
2022-09-05 15:30:00+05:00,49.485,48.93056557626295,Вверх,1.1331044659046718,True,-0.0988810341795414,-0.0641863124024401,-0.0346947217771013,False,49.38189234755799,Зелёный,0.5544344237370495,Выше
2022-09-05 16:00:00+05:00,49.52,48.93643059540461,Вверх,1.192505046843761,True,-0.0966320928462991,-0.0706754684912119,-0.025956624355087207,False,49.38189234755799,Зелёный,0.5835694045953943,Выше
2022-09-05 16:30:00+05:00,49.59,48.942933773559794,Вверх,1.3220830394719223,True,-0.0881848357578931,-0.0741773419445482,-0.014007493813344901,False,49.38189234755799,Зелёный,0.6470662264402094,Выше
2022-09-05 17:00:00+05:00,49.695,48.95041701959403,Вверх,1.5210962964992283,True,-0.0721855906230217,-0.0737789916802429,0.0015934010572212082,Ниже,49.38189234755799,Зелёный,0.7445829804059727,Выше
2022-09-05 17:30:00+05:00,49.79,48.95877107910056,Вверх,1.6978141047626807,True,-0.051249594114239,-0.0692731121670421,0.018023518052803097,False,49.40513185770913,Зелёный,0.8312289208994414,Выше
2022-09-05 18:00:00+05:00,49.88,48.96793753602493,Вверх,1.862570714366081,True,-0.027083219708615,-0.0608351336753567,0.0337519139667417,False,49.440868671938205,Зелёный,0.9120624639750758,Выше
2022-09-05 18:30:00+05:00,49.94,48.97760979934807,Вверх,1.9649595082215192,True,-0.0030544851206357,-0.0492790039644125,0.046224518843776805,False,49.582531804744384,Зелёный,0.9623902006519245,Выше
2022-09-05 19:00:00+05:00,50.16,48.98937487597147,Вверх,2.3895490134182116,True,0.0333561130337116,-0.0327519805647877,0.06610809359849931,False,49.67952862426995,Зелёный,1.1706251240285255,Выше
2022-09-05 19:30:00+05:00,49.825,48.9976895538225,Вверх,1.6884682802619306,True,0.0347791615816035,-0.0192457521355094,0.0540249137171129,False,49.67952862426995,Зелёный,0.8273104461775063,Выше
2022-09-05 20:00:00+05:00,49.65,49.00418020502825,Вверх,1.31788715221785,True,0.0215376279757535,-0.0110890761132568,0.0326267040890103,False,50.11510681434135,Красный,0.6458197949717501,Выше
2022-09-05 20:30:00+05:00,49.61,49.01020826268966,Вверх,1.2238098114081024,True,0.0077268808147437,-0.0073258847276567,0.0150527655424004,False,50.0180961329072,Красный,0.5997917373103405,Выше
2022-09-06 12:00:00+05:00,50.05,49.02055444913056,Вверх,2.1000283706250453,True,0.031918154340282,0.000522923085931,0.031395231254351,False,49.51746348038351,Зелёный,1.0294455508694398,Выше
2022-09-06 12:30:00+05:00,50.17,49.03199171829345,Вверх,2.3209505504994046,True,0.0600803412410257,0.0124344067169499,0.0476459345240758,False,49.640717132345166,Зелёный,1.1380082817065542,Выше
2022-09-06 13:00:00+05:00,49.96,49.04122563154426,Вверх,1.8734735044320956,True,0.0647079196818865,0.0228891093099372,0.041818810371949296,False,49.640717132345166,Зелёный,0.9187743684557432,Выше
2022-09-06 13:30:00+05:00,50.6,49.05673582426521,Вверх,3.145876197844043,True,0.1186502341904613,0.042041334286042,0.0766088999044193,False,49.76088087719958,Зелёный,1.543264175734791,Выше
2022-09-06 14:00:00+05:00,50.39,49.07000213447153,Вверх,2.6900301775230133,True,0.1428084551394448,0.0621947584567226,0.0806136966827222,False,49.87054278947962,Зелёный,1.319997865528471,Выше
2022-09-06 14:30:00+05:00,50.495,49.08418121771062,Вверх,2.8742840305958324,True,0.1684844578186854,0.0834526983291152,0.0850317594895702,False,49.98923851053166,Зелёный,1.4108187822893754,Выше
2022-09-06 15:00:00+05:00,50.53,49.098567474250814,Вверх,2.9154262525070327,True,0.1894729561250017,0.1046567498882925,0.0848162062367092,False,50.03631465947849,Зелёный,1.4314325257491873,Выше
2022-09-06 15:30:00+05:00,50.47,49.11221356903439,Вверх,2.7646614401874667,True,0.1989713755259572,0.1235196750158254,0.0754517005101318,False,50.03631465947849,Зелёный,1.3577864309656107,Выше
2022-09-06 16:00:00+05:00,49.625,49.11731592158132,Вверх,1.0336152717083005,True,0.1367382696375259,0.1261633939401655,0.010574875697360375,False,50.60201012582242,Красный,0.5076840784186771,Выше
2022-09-06 16:30:00+05:00,48.28,49.10898441987404,Вниз,1.6880504243100491,True,-0.0208715799290502,0.0967563991663224,-0.11762797909537259,Ниже,49.763309113240176,Красный,-0.8289844198740397,Ниже
2022-09-06 17:00:00+05:00,48.76,49.10551193808425,Вниз,0.7036113145911128,True,-0.1058266292484049,0.0562397934833769,-0.1620664227317818,False,48.80972820191616,Красный,-0.3455119380842504,Ниже
2022-09-06 17:30:00+05:00,48.515,49.0996361974068,Вниз,1.190713908869409,True,-0.1907250111453535,0.0068468325576308,-0.1975718437029843,False,48.80972820191616,Красный,-0.5846361974068017,Ниже
2022-09-06 18:00:00+05:00,48.85,49.097152255144046,Вниз,0.5033942780625318,True,-0.2283436862937264,-0.0401912712126406,-0.1881524150810858,False,47.72809515644792,Зелёный,-0.24715225514404437,Ниже
2022-09-06 18:30:00+05:00,48.945,49.09563830235654,Вниз,0.30682624274855397,True,-0.2476364524493632,-0.0816803074599851,-0.1659561449893781,False,47.87528564080311,Зелёный,-0.15063830235654052,Ниже
2022-09-06 19:00:00+05:00,48.67,49.09140309536792,Вниз,0.8584050746100661,True,-0.2818671216317057,-0.1217176702943292,-0.16014945133737649,False,47.9495070767228,Зелёный,-0.4214030953679213,Ниже
2022-09-06 19:30:00+05:00,48.74,49.087906547155306,Вниз,0.7087418707112613,True,-0.2998898154739109,-0.1573520993302456,-0.1425377161436653,False,47.9495070767228,Зелёный,-0.3479065471553042,Ниже
2022-09-06 20:00:00+05:00,48.52,49.08225573574083,Вниз,1.1455376842662148,True,-0.3281424694474495,-0.1915101733536864,-0.13663229609376312,False,47.9495070767228,Зелёный,-0.5622557357408269,Ниже
2022-09-06 20:30:00+05:00,48.425,49.07571587767376,Вниз,1.3259427112499733,True,-0.3541165719116463,-0.2240314530652784,-0.1300851188463679,False,47.9495070767228,Зелёный,-0.6507158776737612,Ниже
2022-09-07 12:00:00+05:00,48.3,49.06799731172676,Вниз,1.5651694664604046,True,-0.3804026456723548,-0.2553056915866937,-0.12509695408566113,False,47.9495070767228,Зелёный,-0.7679973117267593,Ниже
2022-09-07 12:30:00+05:00,48.69,49.0642361444459,Вниз,0.7627473162817514,True,-0.3655509639102661,-0.2773547460514082,-0.0881962178588579,False,47.9495070767228,Зелёный,-0.37423614444590214,Ниже
2022-09-07 13:00:00+05:00,48.76,49.06120891912804,Вниз,0.6139451631217512,True,-0.3441651623711905,-0.2907168293153647,-0.0534483330558258,False,47.9495070767228,Зелёный,-0.3012089191280438,Ниже
2022-09-07 13:30:00+05:00,48.995,49.060550123912826,Вниз,0.1336106581505256,True,-0.3047413558961693,-0.2935217346315256,-0.011219621264643709,False,48.02843083257458,Зелёный,-0.06555012391282844,Ниже
2022-09-07 14:00:00+05:00,48.81,49.058057087854,Вниз,0.5056398532248757,True,-0.2851387570237662,-0.2918451391099738,0.006706382086207607,Ниже,48.02843083257458,Зелёный,-0.2480570878540007,Ниже
2022-09-07 14:30:00+05:00,48.825,49.05573811185545,Вниз,0.4703590665159748,True,-0.2653345697929765,-0.2865430252465744,0.021208455453597896,False,48.12685397438541,Зелёный,-0.23073811185544457,Ниже
2022-09-07 15:00:00+05:00,48.825,49.05344221024495,Вниз,0.4657006724743955,True,-0.246794712905114,-0.2785933627782823,0.03179864987316827,False,48.12685397438541,Зелёный,-0.2284422102449497,Ниже
2022-09-07 15:30:00+05:00,49.05,49.05340795939674,Вниз,0.006947446749402401,True,-0.211507990694912,-0.2651762883616082,0.05366829766669623,False,48.28972671925219,Зелёный,-0.0034079593967462074,Ниже
2022-09-07 16:00:00+05:00,48.83,49.051184994626624,Вниз,0.45092691369404336,True,-0.1990012084425245,-0.2519412723777915,0.05294006393526701,False,48.28972671925219,Зелёный,-0.22118499462662555,Ниже
2022-09-07 16:30:00+05:00,48.96,49.05027768124725,Вниз,0.1840513153338695,True,-0.1765642570089696,-0.2368658693040271,0.06030161229505748,False,48.32260364259427,Зелёный,-0.090277681247251,Ниже
2022-09-07 17:00:00+05:00,48.985,49.049628152080615,Вниз,0.13176073808395247,True,-0.154979018626463,-0.2204884991685143,0.0655094805420513,False,48.38209327833484,Зелёный,-0.06462815208061556,Ниже
2022-09-07 17:30:00+05:00,49.0,49.04913433962211,Вниз,0.10017371414120138,True,-0.1351047832142171,-0.2034117559776549,0.0683069727634378,False,48.46263395050136,Зелёный,-0.04913433962210689,Ниже
2022-09-07 18:00:00+05:00,49.12,49.04983947057114,Вверх,0.14303926411614235,True,-0.1084214958318128,-0.1844137039484865,0.07599220811667369,False,48.67412055545122,Зелёный,0.07016052942885409,Выше
2022-09-07 18:30:00+05:00,49.15,49.05083609275452,Вверх,0.2021655799260144,True,-0.0838870513489382,-0.1643083734285768,0.08042132207963859,False,48.67412055545122,Зелёный,0.09916390724547597,Выше
2022-09-07 19:00:00+05:00,48.59,49.04625065899577,Вниз,0.9302457432841114,True,-0.1083812951147962,-0.1531229577658207,0.044741662651024486,False,49.44583735008452,Красный,-0.45625065899576356,Ниже
2022-09-07 19:30:00+05:00,48.765,49.04345214497591,Вниз,0.5677662007820822,True,-0.1123767135055402,-0.1449737089137646,0.0325969954082244,False,49.21875361507605,Красный,-0.2784521449759083,Ниже
2022-09-07 20:00:00+05:00,48.76,49.04063172562292,Вниз,0.5722432924458015,True,-0.1146252411506481,-0.1389040153611413,0.02427877421049321,False,49.21875361507605,Красный,-0.28063172562292493,Ниже
2022-09-07 20:30:00+05:00,48.855,49.03878464377593,Вниз,0.3747740591675855,True,-0.1075022899762885,-0.1326236702841708,0.0251213803078823,False,49.21875361507605,Красный,-0.18378464377592962,Ниже
2022-09-08 12:00:00+05:00,49.25,49.04088628911149,Вверх,0.42640687538907435,True,-0.0691865613926552,-0.1199362485058676,0.0507496871132124,False,48.48301111460955,Зелёный,0.20911371088850927,Выше
2022-09-08 12:30:00+05:00,49.015,49.04062871409546,Вниз,0.05226016624883702,True,-0.0571251038255127,-0.1073740195697967,0.050248915744283994,False,48.6184600031486,Зелёный,-0.02562871409546119,Ниже
2022-09-08 13:00:00+05:00,49.045,49.0406722094776,Вверх,0.00882490049059049,True,-0.0446310831808887,-0.0948254322920151,0.05019434911112639,False,48.6184600031486,Зелёный,0.004327790522403063,Выше
2022-09-08 13:30:00+05:00,49.155,49.04180979943305,Вверх,0.23080347366842702,True,-0.0255587754600981,-0.0809721009256317,0.0554133254655336,False,48.64492760255037,Зелёный,0.1131902005669545,Выше
2022-09-08 14:00:00+05:00,49.185,49.04323457754814,Вверх,0.2890621380767598,True,-0.0079316537362856,-0.0663640114877625,0.0584323577514769,False,48.77318484229533,Зелёный,0.1417654224518614,Выше
2022-09-08 14:30:00+05:00,49.105,49.04384915886608,Вверх,0.1246860558106523,True,-0.0004126078987027,-0.0531737307699505,0.052761122871247804,False,48.77318484229533,Зелёный,0.06115084113391589,Выше
2022-09-08 15:00:00+05:00,49.11,49.04450737619079,Вверх,0.13353712232615894,True,0.0058819449130709,-0.0413625956333462,0.047244540546417094,False,48.77318484229533,Зелёный,0.06549262380920595,Выше
2022-09-08 15:30:00+05:00,49.115,49.04520879533317,Вверх,0.14229974013990918,True,0.0111454042965064,-0.0308609956473757,0.0420063999438821,False,48.77318484229533,Зелёный,0.06979120466683497,Выше
2022-09-08 16:00:00+05:00,49.135,49.046102240155726,Вверх,0.18125346517646113,True,0.0167376257018005,-0.0213412713775404,0.038078897079340895,False,48.77318484229533,Зелёный,0.08889775984427217,Выше
2022-09-08 16:30:00+05:00,49.135,49.04698679498005,Вверх,0.17944671175795032,True,0.020928253575434,-0.0128873663869455,0.0338156199623795,False,48.77318484229533,Зелёный,0.0880132050199478,Выше
2022-09-08 17:00:00+05:00,49.05,49.04701677711956,Вверх,0.006082373763922248,True,0.0171923836351268,-0.006871416382531,0.024063800017657802,False,48.78684425577428,Зелёный,0.0029832228804380634,Выше
2022-09-08 17:30:00+05:00,49.035,49.04689720719797,Вниз,0.024256798850528494,True,0.0128729142102628,-0.0029225502639722,0.015795464474235,False,48.78684425577428,Зелёный,-0.01189720719797549,Ниже
2022-09-08 18:00:00+05:00,49.02,49.04662957329551,Вниз,0.05429440009881469,True,0.0081454334448025,-0.0007089535222173,0.0088543869670198,False,48.78684425577428,Зелёный,-0.026629573295508635,Ниже
2022-09-08 18:30:00+05:00,49.025,49.04641435366072,Вниз,0.043661405105601854,True,0.0047476016947172,0.0003823575211695,0.0043652441735477,False,48.78684425577428,Зелёный,-0.02141435366072386,Ниже
2022-09-08 19:00:00+05:00,48.45,49.04047988248002,Вниз,1.2040662813558036,True,-0.0438375667897688,-0.008461627341018,-0.0353759394487508,Ниже,49.041462983786495,Красный,-0.5904798824800181,Ниже
2022-09-08 19:30:00+05:00,48.5,49.03510197320161,Вниз,1.0912630986146488,True,-0.0774146923341447,-0.0222522403396434,-0.0551624519945013,False,48.80681668540785,Красный,-0.5351019732016127,Ниже
2022-09-08 20:00:00+05:00,48.445,49.02923031177672,Вниз,1.19159592769783,True,-0.1072268027482934,-0.0392471528213734,-0.06797964992691999,False,48.80681668540785,Красный,-0.5842303117767216,Ниже
2022-09-08 20:30:00+05:00,48.56,49.024561353450586,Вниз,0.947609403582937,True,-0.1201881222722107,-0.0554353467115409,-0.0647527755606698,False,48.80681668540785,Красный,-0.46456135345058414,Ниже
2022-09-09 12:00:00+05:00,49.04,49.02471497182421,Вверх,0.03117820916363095,True,-0.0906827387394244,-0.0624848251171176,-0.028197913622306794,False,48.46898563633767,Зелёный,0.01528502817578925,Выше
2022-09-09 12:30:00+05:00,49.02,49.02466805668168,Вниз,0.009521852705424152,True,-0.0681280053306565,-0.0636134611598254,-0.004514544170831095,False,48.74108707270391,Зелёный,-0.004668056681680355,Ниже
2022-09-09 13:00:00+05:00,49.02,49.0246216083565,Вниз,0.009427116834098116,True,-0.049680530376996,-0.0608268750032595,0.011146344626263502,Ниже,48.74108707270391,Зелёный,-0.004621608356494278,Ниже
2022-09-09 13:30:00+05:00,49.085,49.02522238837285,Вверх,0.12193236198623511,True,-0.0294760354090115,-0.0545567070844099,0.0250806716753984,False,48.74108707270391,Зелёный,0.059777611627147564,Выше
2022-09-09 14:00:00+05:00,48.91,49.02407589694626,Вниз,0.23269362014300982,True,-0.0272705076089252,-0.049099467189313,0.021828959580387795,False,48.74108707270391,Зелёный,-0.11407589694626097,Ниже
2022-09-09 14:30:00+05:00,48.92,49.02304031588212,Вниз,0.21018752655521544,True,-0.0244340341745612,-0.0441663805863626,0.019732346411801403,False,48.74108707270391,Зелёный,-0.1030403158821187,Ниже
2022-09-09 15:00:00+05:00,48.64,49.01922896945543,Вниз,0.7736330771170138,True,-0.0442694577325468,-0.0441869960155995,-8.246171694729909e-05,Ниже,49.144023644439066,Красный,-0.3792289694554327,Ниже
2022-09-09 15:30:00+05:00,48.715,49.0162018155305,Вниз,0.6144944005740223,True,-0.0533226305174849,-0.0460141229159766,-0.0073085076015083,False,49.08062127999517,Красный,-0.3012018155304972,Ниже
2022-09-09 16:00:00+05:00,48.88,49.014846573584926,Вниз,0.275113731882198,True,-0.0466455136906773,-0.0461404010709167,-0.000505112619760599,False,49.08062127999517,Красный,-0.13484657358492314,Ниже
2022-09-09 16:30:00+05:00,48.885,49.01355456787762,Вниз,0.26228370705003595,True,-0.0404837211489805,-0.0450090650865295,0.004525343937548998,Ниже,49.08062127999517,Красный,-0.12855456787762165,Ниже
2022-09-09 17:00:00+05:00,49.2,49.0154097463067,Вверх,0.37659636969006444,True,-0.0100665478339863,-0.0380205616360208,0.0279540138020345,False,48.708969586883526,Зелёный,0.18459025369330107,Выше
2022-09-09 17:30:00+05:00,49.245,49.01769422644296,Вверх,0.4637218807293733,True,0.0174690329436728,-0.0269226427200821,0.044391675663754904,False,48.79607262819517,Зелёный,0.22730577355703474,Выше
2022-09-09 18:00:00+05:00,49.195,49.019458462995765,Вверх,0.35810582676418184,True,0.0348548123798053,-0.0145671517001046,0.0494219640799099,False,48.91246536537565,Зелёный,0.1755415370042357,Выше
2022-09-09 18:30:00+05:00,49.22,49.02145390117492,Вверх,0.4050187887640717,True,0.0500732457000836,-0.0016390722200669,0.0517123179201505,False,48.91246536537565,Зелёный,0.19854609882507646,Выше
2022-09-09 19:00:00+05:00,49.34,49.02462351409855,Вверх,0.6433022087579248,True,0.0709985339629781,0.012888449016542,0.0581100849464361,False,48.91246536537565,Зелёный,0.31537648590145295,Выше
2022-09-09 19:30:00+05:00,49.175,49.02611979754035,Вверх,0.3036752716194219,True,0.0734214973146691,0.0249950586761674,0.0484264386385017,False,48.91246536537565,Зелёный,0.14888020245964384,Выше
2022-09-09 20:00:00+05:00,49.12,49.02705392890811,Вверх,0.1895811876166663,True,0.0700956538173969,0.0340151777044133,0.036080476112983595,False,48.91246536537565,Зелёный,0.09294607109188746,Выше
2022-09-09 20:30:00+05:00,49.195,49.02872503409311,Вверх,0.3391378539647339,True,0.0726740310908482,0.0417469483817003,0.0309270827091479,False,48.91246536537565,Зелёный,0.1662749659068936,Выше
2022-09-10 12:00:00+05:00,49.405,49.032469063604616,Вверх,0.7597637718633762,True,0.0906180699108887,0.051521172687538,0.03909689722335069,False,48.91246536537565,Зелёный,0.3725309363953855,Выше
2022-09-10 12:30:00+05:00,49.43,49.036424595310045,Вверх,0.8026184778724611,True,0.1056384072210576,0.0623446195942419,0.043293787626815704,False,48.91246536537565,Зелёный,0.39357540468995467,Выше
2022-09-10 13:00:00+05:00,49.43,49.04034076849104,Вверх,0.7945687680851478,True,0.1162026212706663,0.0731162199295268,0.0430864013411395,False,48.91246536537565,Зелёный,0.38965923150895776,Выше
2022-09-10 13:30:00+05:00,49.425,49.04416822353094,Вверх,0.7765077689427281,True,0.1227563203548811,0.0830442400145977,0.039712080340283396,False,48.91246536537565,Зелёный,0.3808317764690585,Выше
2022-09-10 14:00:00+05:00,49.38,49.04750983324705,Вверх,0.6778940824587485,True,0.1229023088641056,0.0910158537844993,0.03188645507960629,False,48.91246536537565,Зелёный,0.3324901667529545,Выше
2022-09-10 14:30:00+05:00,49.22,49.04922615331424,Вверх,0.3481682792547439,True,0.1088525584498043,0.0945831947175603,0.014269363732243995,False,48.91246536537565,Зелёный,0.170773846685762,Выше
2022-09-10 15:00:00+05:00,49.555,49.05425872890317,Вверх,1.020790618535608,True,0.1233280809633896,0.1003321719667262,0.0229959089966634,False,48.940271004839474,Зелёный,0.5007412710968282,Выше
2022-09-10 15:30:00+05:00,49.565,49.05934073160065,Вверх,1.0307094650247464,True,0.1340615748875606,0.107078052550893,0.026983522336667592,False,48.95874390435552,Зелёный,0.5056592683993486,Выше
2022-09-10 16:00:00+05:00,49.575,49.064471669594674,Вверх,1.0405254821518928,True,0.141740961011763,0.1140106342430671,0.027730326768695912,False,48.95874390435552,Зелёный,0.5105283304053287,Выше
2022-09-10 16:30:00+05:00,49.28,49.06661623009622,Вверх,0.4348858476466412,True,0.1226095289323083,0.1157304131809153,0.006879115751392995,False,48.976682562527984,Зелёный,0.2133837699037784,Выше
2022-09-10 17:00:00+05:00,49.425,49.07018223775696,Вверх,0.7230822182886115,True,0.1177902071728169,0.1161423719792957,0.0016478351935211993,False,48.976682562527984,Зелёный,0.3548177622430373,Выше
2022-09-10 17:30:00+05:00,49.28,49.07226997668475,Вверх,0.42331447763461266,True,0.1011050951712491,0.1131349166176863,-0.012029821446437203,Выше,48.976682562527984,Зелёный,0.20773002331524992,Выше
2022-09-10 18:00:00+05:00,49.0,49.07155087243913,Вниз,0.14580927475703445,True,0.0645443368204894,0.1034168006582469,-0.0388724638377575,False,48.976682562527984,Зелёный,-0.07155087243913272,Ниже
2022-09-10 18:30:00+05:00,48.935,49.070192157290485,Вниз,0.2755076989654645,True,0.0299791348440265,0.0887292674954029,-0.0587501326513764,False,49.6144085707254,Красный,-0.13519215729048284,Ниже
2022-09-10 19:00:00+05:00,49.215,49.0716330313473,Вверх,0.29215854414529674,True,0.024892675918366,0.0759619491799955,-0.05106927326162951,False,49.570967713652855,Красный,0.14336696865270682,Выше
2022-09-10 19:30:00+05:00,48.93,49.0702237474533,Вниз,0.2857613777654226,True,-0.0021111614270168,0.060347327058593,-0.062458488485609795,False,49.564620942287576,Красный,-0.14022374745329813,Ниже
2022-09-10 20:00:00+05:00,49.125,49.07076878479207,Вверх,0.1105163349809487,True,-0.0076883996728085,0.0467401817123127,-0.0544285813851212,False,49.53290884805881,Красный,0.05423121520792762,Выше
2022-09-10 20:30:00+05:00,48.83,49.068373075490655,Вниз,0.48579779713487675,True,-0.0355031772195317,0.0302915099259438,-0.0657946871454755,False,49.47436796325293,Красный,-0.23837307549065656,Ниже
2022-09-11 12:00:00+05:00,48.84,49.0661007065803,Вниз,0.46080838567629356,True,-0.0560930664402476,0.0130145946527055,-0.0691076610929531,False,49.47436796325293,Красный,-0.22610070658029713,Ниже
2022-09-11 12:30:00+05:00,49.23,49.0677315453208,Вверх,0.3307029886419814,True,-0.0404743976936288,0.0023167961834386,-0.0427911938770674,False,49.47436796325293,Красный,0.16226845467920015,Выше
2022-09-11 13:00:00+05:00,49.215,49.0691969030788,Вверх,0.29713772819472783,True,-0.028972883459744,-0.0039411397451978,-0.025031743714546202,False,49.47436796325293,Красный,0.14580309692120608,Выше
2022-09-11 13:30:00+05:00,49.21,49.07059792891882,Вверх,0.28408472071831997,True,-0.020030410672966,-0.0071589939307515,-0.012871416742214502,False,49.47436796325293,Красный,0.13940207108117875,Выше
2022-09-11 14:00:00+05:00,49.21,49.071985014203214,Вверх,0.28125005694560745,True,-0.0127959330118443,-0.00828638174697,-0.0045095512648743,False,49.47436796325293,Красный,0.1380149857967865,Выше
2022-09-11 14:30:00+05:00,49.21,49.07335829764399,Вверх,0.27844375664538346,True,-0.0069820723598326,-0.0080255198695425,0.0010434475097099005,Ниже,49.47436796325293,Красный,0.13664170235600892,Выше
2022-09-11 15:00:00+05:00,49.225,49.074867170304245,Вверх,0.3059261050564876,True,-0.0011509043577149,-0.006650596767177,0.0054996924094621,False,49.47436796325293,Красный,0.1501328296957567,Выше
2022-09-11 15:30:00+05:00,49.3,49.07710729796291,Вверх,0.4541683776996733,True,0.009413696263401,-0.0034377381610614,0.0128514344244624,False,49.47436796325293,Красный,0.2228927020370861,Выше
2022-09-11 16:00:00+05:00,49.31,49.079424638281694,Вверх,0.46980045796718867,True,0.0183812472199704,0.0009260589151449,0.017455188304825498,False,49.47436796325293,Красный,0.2305753617183086,Выше
2022-09-11 16:30:00+05:00,49.375,49.082365686657006,Вверх,0.5962106945113002,True,0.0303828185139209,0.0068174108349001,0.0235654076790208,False,49.47436796325293,Красный,0.29263431334299383,Выше
2022-09-11 17:00:00+05:00,49.425,49.08577498330719,Вверх,0.6910861992260887,True,0.0434281200289703,0.0141395526737141,0.0292885673552562,False,49.47436796325293,Красный,0.3392250166928079,Выше
2022-09-11 17:30:00+05:00,49.12,49.08611553073697,Вверх,0.06903065947805744,True,0.0288234061729113,0.0170763233735536,0.0117470827993577,False,49.47436796325293,Красный,0.033884469263028905,Выше
2022-09-11 18:00:00+05:00,49.42,49.08943776426197,Вверх,0.6733876996625212,True,0.0409841186084918,0.0218578824205412,0.019126236187950597,False,49.47436796325293,Красный,0.3305622357380287,Выше
2022-09-11 18:30:00+05:00,49.42,49.09272694073698,Вверх,0.6666426569827617,True,0.050044686828869,0.0274952433022068,0.0225494435266622,False,49.47436796325293,Красный,0.3272730592630211,Выше
2022-09-11 19:00:00+05:00,49.43,49.09608289157542,Вверх,0.6801298367570525,True,0.0573708335903688,0.0334703613598392,0.0239004722305296,False,49.47436796325293,Красный,0.3339171084245791,Выше
2022-09-11 19:30:00+05:00,49.44,49.09950495235577,Вверх,0.6934795940908737,True,0.0632546142885246,0.0394272119455763,0.023827402342948292,False,49.47436796325293,Красный,0.3404950476442252,Выше
2022-09-11 20:00:00+05:00,49.08,49.09931087322786,Вниз,0.03933023271491249,True,0.0384256149575819,0.0392268925479774,-0.0008012775903954994,Выше,49.47436796325293,Красный,-0.01931087322785885,Ниже
2022-09-11 20:30:00+05:00,49.405,49.10235255608131,Вверх,0.6163603741247045,True,0.0444607224338255,0.040273658525147,0.004187063908678498,Выше,49.47436796325293,Красный,0.30264744391869414,Выше
2022-09-12 12:00:00+05:00,49.59,49.10720476945364,Вверх,0.9831454117842207,True,0.063440242850433,0.0449069753902042,0.0185332674602288,False,49.03066424772401,Зелёный,0.4827952305463654,Выше
2022-09-12 12:30:00+05:00,49.77,49.11379974687201,Вверх,1.3360812165012421,True,0.0919462461073195,0.0543148295336273,0.0376314165736922,False,49.1998478229516,Зелёный,0.6562002531279916,Выше
2022-09-12 13:00:00+05:00,49.61,49.118737062823534,Вверх,1.0001538446481903,True,0.1004686561107703,0.0635455948490559,0.03692306126171439,False,49.1998478229516,Зелёный,0.4912629371764652,Выше
2022-09-12 13:30:00+05:00,49.76,49.12511778856658,Вверх,1.2923779932008308,True,0.1179666279811613,0.074429801475477,0.0435368265056843,False,49.1998478229516,Зелёный,0.6348822114334212,Выше
2022-09-12 14:00:00+05:00,49.79,49.13173353196393,Вверх,1.3397989867542848,True,0.1327246785578921,0.08608877689196,0.04663590166593211,False,49.29998906293172,Зелёный,0.6582664680360679,Выше
2022-09-12 14:30:00+05:00,49.74,49.13778593463096,Вверх,1.2255620677947885,True,0.1387861178580891,0.0966282450851858,0.04215787277290328,False,49.32724015663855,Зелёный,0.60221406536904,Выше
2022-09-12 15:00:00+05:00,49.63,49.142683587022695,Вверх,0.9916357378293337,True,0.1331785718071643,0.1039383104295815,0.029240261377582802,False,49.32724015663855,Зелёный,0.4873164129773073,Выше
2022-09-12 15:30:00+05:00,49.575,49.14698524287322,Вверх,0.870887105305911,True,0.122880026362047,0.1077266536160746,0.015153372745972407,False,49.32724015663855,Зелёный,0.42801475712678183,Выше
2022-09-12 16:00:00+05:00,49.565,49.1511445936904,Вверх,0.8420056332985746,True,0.1126133024222966,0.108703983377319,0.003909319044977599,False,49.32724015663855,Зелёный,0.41385540630960094,Выше
2022-09-12 16:30:00+05:00,49.7,49.15660584151438,Вверх,1.1054346596621838,True,0.1140554611313575,0.1097742789281267,0.004281182203230802,False,49.32724015663855,Зелёный,0.5433941584856257,Выше
2022-09-12 17:00:00+05:00,49.69,49.16191324607642,Вверх,1.0741786050519921,True,0.1130878594232811,0.1104369950271576,0.002650864396123498,False,49.32724015663855,Зелёный,0.5280867539235743,Выше
2022-09-12 17:30:00+05:00,49.72,49.16746634810552,Вверх,1.1237789801543598,True,0.1134341787753783,0.1110364317768017,0.0023977469985766026,False,49.39589207858415,Зелёный,0.5525336518944783,Выше
2022-09-12 18:00:00+05:00,49.645,49.172217926731335,Вверх,0.961482099451225,True,0.1064299084241682,0.110115127106275,-0.0036852186821067917,Выше,49.39589207858415,Зелёный,0.47278207326866806,Выше
2022-09-12 18:30:00+05:00,49.475,49.17523068367929,Вверх,0.6095941232060214,True,0.0861681022125395,0.1053257221275279,-0.019157619914988405,False,49.39589207858415,Зелёный,0.29976931632071313,Выше
2022-09-12 19:00:00+05:00,49.505,49.178511970408856,Вверх,0.663883506250855,True,0.0717046574346227,0.0986015091889469,-0.0268968517543242,False,49.39589207858415,Зелёный,0.32648802959114676,Выше
2022-09-12 19:30:00+05:00,49.42,49.18091483637494,Вверх,0.48613403069158057,True,0.0527751248315908,0.0894362323174757,-0.0366611074858849,False,49.39589207858415,Зелёный,0.23908516362506305,Выше
2022-09-12 20:00:00+05:00,49.455,49.18364205193341,Вверх,0.5517239812782835,True,0.0401348913126184,0.0795759641165042,-0.03944107280388579,False,49.39589207858415,Зелёный,0.2713579480665871,Выше
2022-09-12 20:30:00+05:00,49.51,49.18688939470024,Вверх,0.6569039215042833,True,0.0341616611617041,0.0704931035255442,-0.03633144236384011,False,49.39589207858415,Зелёный,0.3231106052997603,Выше
2022-09-12 21:00:00+05:00,49.53,49.19030343057387,Вверх,0.6905762838108359,True,0.030687914904881,0.0625320658014116,-0.0318441508965306,False,49.39589207858415,Зелёный,0.33969656942613113,Выше
2022-09-12 21:30:00+05:00,49.56,49.19398200340398,Вверх,0.7440300249951192,True,0.0300097613999028,0.0560276049211098,-0.026017843521207,False,49.39589207858415,Зелёный,0.3660179965960211,Выше
2022-09-12 22:00:00+05:00,49.62,49.198220988444746,Вверх,0.8573054128406707,True,0.0339227777546966,0.0516066394878272,-0.0176838617331306,False,49.39589207858415,Зелёный,0.42177901155525177,Выше
2022-09-12 22:30:00+05:00,49.68,49.20301480945525,Вверх,0.9694226916621603,True,0.0413882717334672,0.0495629659369552,-0.008174694203488,False,49.39589207858415,Зелёный,0.4769851905447524,Выше
2022-09-12 23:00:00+05:00,49.76,49.208556950654696,Вверх,1.1206243050335278,True,0.0531474106429499,0.0502798548781541,0.002867555764795804,Выше,49.45790567641667,Зелёный,0.551443049345302,Выше
2022-09-12 23:30:00+05:00,49.7,49.2134469312452,Вверх,0.9886587896079541,True,0.0569684179293759,0.0516175674883985,0.005350850440977405,False,49.47261510877501,Зелёный,0.48655306875480164,Выше
2022-09-13 00:00:00+05:00,49.73,49.21858676277509,Вверх,1.0390652614424485,True,0.0617060342599984,0.0536352608427185,0.008070773417279895,False,49.48435359789751,Зелёный,0.5114132372249074,Выше
2022-09-13 00:30:00+05:00,49.75,49.22387445667784,Вверх,1.0688422013289602,True,0.0663100808522543,0.0561702248446256,0.010139856007628699,False,49.50541823810775,Зелёный,0.5261255433221592,Выше
2022-09-13 01:00:00+05:00,49.765,49.22925879044223,Вверх,1.0882577205525248,True,0.0703581506228019,0.0590078100002609,0.011350340622540998,False,49.51187641429698,Зелёный,0.53574120955777,Выше
2022-09-13 01:30:00+05:00,49.78,49.23473880247763,Вверх,1.1074725098266038,True,0.0739244941681249,0.0619911468338337,0.011933347334291196,False,49.54668877286728,Зелёный,0.5452611975223718,Выше
2022-09-13 12:00:00+05:00,49.495,49.23732846613457,Вверх,0.5233255781589636,True,0.0531411508584156,0.0602211476387501,-0.0070799967803344965,Выше,49.67948010441945,Красный,0.25767153386542674,Выше
2022-09-13 12:30:00+05:00,49.295,49.23790231224269,Вверх,0.115962876312698,True,0.0202978915603964,0.0522364964230793,-0.0319386048626829,False,49.6627820939775,Красный,0.057097687757313054,Выше
2022-09-13 13:00:00+05:00,49.31,49.238619702170624,Вверх,0.14496811295916928,True,-0.0044687405569661,0.0408954490270702,-0.0453641895840363,False,49.55525388457975,Красный,0.07138029782937849,Выше
2022-09-13 13:30:00+05:00,49.305,49.23928020264654,Вверх,0.13347026415290084,True,-0.0242207316397227,0.0278722128937116,-0.0520929445334343,False,49.54697849612178,Красный,0.06571979735345934,Выше
2022-09-13 14:00:00+05:00,49.38,49.24068039963513,Вверх,0.2829359773954372,True,-0.0334370126118059,0.0156103677926081,-0.049047380404414004,False,49.54697849612178,Красный,0.13931960036487112,Выше
2022-09-13 14:30:00+05:00,49.57,49.243957211579065,Вверх,0.662097050852506,True,-0.0251200018336703,0.0074642938673524,-0.0325842957010227,False,49.20137241814136,Зелёный,0.3260427884209349,Выше
2022-09-13 15:00:00+05:00,49.565,49.24715166718524,Вверх,0.6454146525321712,True,-0.0187164178697827,0.0022281515199254,-0.0209445693897081,False,49.344485176327225,Зелёный,0.317848332814755,Выше
2022-09-13 15:30:00+05:00,49.35,49.24817503368092,Вверх,0.2067588621292878,True,-0.0306370695462945,-0.0043448926933185,-0.026292176852976,False,49.344485176327225,Зелёный,0.10182496631907867,Выше
2022-09-13 16:00:00+05:00,49.34,49.24908871493783,Вверх,0.18459485735540576,True,-0.0404251918621128,-0.0115609525270774,-0.028864239335035395,False,49.65174200717495,Красный,0.09091128506217672,Выше
2022-09-13 16:30:00+05:00,49.315,49.24974454862004,Вверх,0.13249906568659103,True,-0.0496275647094108,-0.0191742749635441,-0.0304532897458667,False,49.58506780645745,Красный,0.06525545137995437,Выше
2022-09-13 17:00:00+05:00,49.295,49.25019485161884,Вверх,0.09097456064112505,True,-0.0578672862882498,-0.0269128772284852,-0.0309544090597646,False,49.5475610258117,Красный,0.04480514838115823,Выше
2022-09-13 17:30:00+05:00,48.86,49.24631231578184,Вниз,0.784449225973907,True,-0.0983643070547017,-0.0412031631937285,-0.0571611438609732,False,49.407804923230536,Красный,-0.38631231578184355,Ниже
2022-09-13 18:00:00+05:00,49.0,49.2438614469681,Вниз,0.49521186966768915,True,-0.1178036901958847,-0.0565232685941598,-0.0612804216017249,False,49.26327443090749,Красный,-0.24386144696809708,Ниже
2022-09-13 18:30:00+05:00,49.0,49.24143496490872,Вниз,0.49030854823945624,True,-0.1316914839367484,-0.0715569116626775,-0.0601345722740709,False,49.26327443090749,Красный,-0.24143496490871996,Ниже
2022-09-13 19:00:00+05:00,48.99,49.238933124461866,Вниз,0.5055615722473771,True,-0.1418691971646382,-0.0856193687630696,-0.0562498284015686,False,49.255952289035065,Красный,-0.248933124461864,Ниже
2022-09-13 19:30:00+05:00,48.865,49.23521239685529,Вниз,0.7519260684227956,True,-0.1581979559937281,-0.1001350862092013,-0.05806286978452681,False,49.19110706013156,Красный,-0.37021239685528684,Ниже
2022-09-13 20:00:00+05:00,48.9,49.231876950120416,Вниз,0.6741098870893354,True,-0.1663962946091928,-0.1133873278891996,-0.05300896671999321,False,49.1237463541184,Красный,-0.3318769501204173,Ниже
2022-09-13 20:30:00+05:00,48.98,49.229370711810766,Вниз,0.5065486481039703,True,-0.1645414739277555,-0.1236181570969108,-0.0409233168308447,False,49.1237463541184,Красный,-0.2493707118107693,Ниже
2022-09-13 21:00:00+05:00,49.07,49.2277849335838,Вниз,0.3205200758000293,True,-0.1540336631496757,-0.1297012583074638,-0.024332404842211913,False,49.1237463541184,Красный,-0.1577849335837982,Ниже
2022-09-13 21:30:00+05:00,49.0,49.225518416831726,Вниз,0.45813314736897515,True,-0.1496297240711186,-0.1336869514601947,-0.015942772610923917,False,49.1237463541184,Красный,-0.2255184168317257,Ниже
2022-09-13 22:00:00+05:00,49.005,49.22332420372892,Вниз,0.4435381138122725,True,-0.1440753020116147,-0.1357646215704787,-0.008310680441136004,False,49.1237463541184,Красный,-0.21832420372891903,Ниже
2022-09-13 22:30:00+05:00,48.935,49.22045530617938,Вниз,0.5799525916688176,True,-0.1436657086372221,-0.1373448389838274,-0.006320869653394706,False,49.1237463541184,Красный,-0.2854553061793794,Ниже
2022-09-13 23:00:00+05:00,48.975,49.21801296482436,Вниз,0.49374802066478857,True,-0.138516702903594,-0.1375792117677808,-0.0009374911358132065,False,49.1237463541184,Красный,-0.2430129648243593,Ниже
2022-09-13 23:30:00+05:00,48.92,49.21504766169178,Вниз,0.5995070120016076,True,-0.1372915080649548,-0.1375216710272156,0.0002301629622608048,Ниже,49.1237463541184,Красный,-0.29504766169177543,Ниже
2022-09-14 00:00:00+05:00,48.94,49.21231086903813,Вниз,0.5533389191228848,True,-0.1331715803929043,-0.1366516529003533,0.003480072507449,False,49.1237463541184,Красный,-0.2723108690381295,Ниже
2022-09-14 00:30:00+05:00,48.865,49.20885503949548,Вниз,0.6987665923531425,True,-0.1344089979673128,-0.1362031219137452,0.0017941239464324132,False,49.09967942082202,Красный,-0.34385503949548024,Ниже
2022-09-14 01:00:00+05:00,48.93,49.20608036248557,Вниз,0.5610696085763713,True,-0.1286615730131615,-0.1346948121336285,0.006033239120466993,False,49.07896147873981,Красный,-0.27608036248557255,Ниже
2022-09-14 01:30:00+05:00,48.85,49.20253727430164,Вниз,0.7165022249488104,True,-0.1290741423737174,-0.1335706781816463,0.004496535807928914,False,49.06981533086584,Красный,-0.35253727430163906,Ниже
2022-09-14 12:00:00+05:00,47.935,49.18992496311456,Вниз,2.551182918159703,True,-0.2009179030707528,-0.1470401231594676,-0.0538777799112852,Ниже,48.57958379777926,Красный,-1.2549249631145543,Ниже
2022-09-14 12:30:00+05:00,47.85,49.17659237641691,Вниз,2.6976093956707157,True,-0.2616967138382762,-0.1699714412952293,-0.09172527254304691,False,48.12762541800133,Красный,-1.3265923764169116,Ниже
2022-09-14 13:00:00+05:00,47.92,49.1640889696864,Вниз,2.5304831143184114,True,-0.300749095905843,-0.1961269722173521,-0.10462212368849089,False,48.12762541800133,Красный,-1.2440889696863948,Ниже
2022-09-14 13:30:00+05:00,47.92,49.151709974963154,Вниз,2.5059351456756223,True,-0.3279183514185391,-0.2224852480575895,-0.10543310336094958,False,48.12762541800133,Красный,-1.2317099749631524,Ниже
2022-09-14 14:00:00+05:00,47.88,49.139056144366506,Вниз,2.5622310299723714,True,-0.34865872708896,-0.2477199438638636,-0.10093878322509642,False,48.12762541800133,Красный,-1.2590561443665038,Ниже
2022-09-14 14:30:00+05:00,47.855,49.12627946631311,Вниз,2.5877788428591524,True,-0.3629292923340017,-0.2707618135578913,-0.09216747877611037,False,48.12762541800133,Красный,-1.2712794663131106,Ниже
2022-09-14 15:00:00+05:00,47.865,49.113729421872186,Вниз,2.5425261664533223,True,-0.3691762674708982,-0.2904447043404927,-0.07873156313040552,False,48.12762541800133,Красный,-1.2487294218721843,Ниже
2022-09-14 15:30:00+05:00,47.985,49.1024982833461,Вниз,2.2758481185571755,True,-0.3602908346867508,-0.3044139304097443,-0.055876904277006534,False,48.12762541800133,Красный,-1.1174982833461016,Ниже
2022-09-14 16:00:00+05:00,47.85,49.09003561386008,Вниз,2.5260434186973133,True,-0.3599926655859278,-0.315529677444981,-0.04446298814094679,False,48.12762541800133,Красный,-1.2400356138600799,Ниже
2022-09-14 16:30:00+05:00,47.605,49.07525914009032,Вниз,2.9959274099670385,True,-0.3752007363407088,-0.3274638892241266,-0.04773684711658216,False,48.02351468278712,Красный,-1.4702591400903202,Ниже
2022-09-14 17:00:00+05:00,47.635,49.06092820337301,Вниз,2.9064435908389052,True,-0.3804469372301753,-0.3380604988253364,-0.04238643840483891,False,47.8796632145084,Красный,-1.4259282033730116,Ниже
2022-09-14 17:30:00+05:00,47.825,49.04863041030463,Вниз,2.494729006842068,True,-0.3650649357933773,-0.3434613862189446,-0.021603549574432668,False,47.8796632145084,Красный,-1.2236304103046294,Ниже
2022-09-14 18:00:00+05:00,47.96,49.03779826691851,Вниз,2.1978928602216676,True,-0.3380839952284447,-0.3423859080208447,0.004301912792399998,Ниже,47.59922279624819,Зелёный,-1.0777982669185064,Ниже
2022-09-14 18:30:00+05:00,47.89,49.02637738864071,Вниз,2.3178897751968233,True,-0.31867631820203,-0.3376439900570817,0.01896767185505166,False,47.64180051662338,Зелёный,-1.1363773886407103,Ниже
2022-09-14 19:00:00+05:00,47.85,49.01467214099255,Вниз,2.376170420241366,True,-0.3030301174753234,-0.3307212155407301,0.027691098065406705,False,47.65212046496104,Зелёный,-1.1646721409925505,Ниже
2022-09-14 19:30:00+05:00,47.93,49.00387938337074,Вниз,2.1914170814304024,True,-0.2809365970487008,-0.3207642918423242,0.039827694793623414,False,47.65212046496104,Зелёный,-1.0738793833707376,Ниже
2022-09-14 20:00:00+05:00,47.98,48.99369152880985,Вниз,2.0690245972050665,True,-0.2564366981725854,-0.3078987731083765,0.05146207493579108,False,47.66054257661844,Зелёный,-1.0136915288098507,Ниже
2022-09-14 20:30:00+05:00,47.88,48.982610021060495,Вниз,2.2510234154252204,True,-0.2422964731480235,-0.2947783131163059,0.05248183996828243,False,47.66054257661844,Зелёный,-1.1026100210604923,Ниже
2022-09-14 21:00:00+05:00,47.815,48.97099201090069,Вниз,2.3605648230351792,True,-0.2336419210843558,-0.2825510347099159,0.04890911362556008,False,47.66054257661844,Зелёный,-1.1559920109006896,Ниже
2022-09-14 21:30:00+05:00,47.85,48.9598378615385,Вниз,2.2668332045485786,True,-0.2214066803383616,-0.2703221638356051,0.04891548349724348,False,47.66054257661844,Зелёный,-1.1098378615385016,Ниже
2022-09-14 22:00:00+05:00,47.885,48.9491429574436,Вниз,2.1739766891705674,True,-0.2065054896645577,-0.2575588290013956,0.051053339336837894,False,47.66054257661844,Зелёный,-1.0641429574436003,Ниже
2022-09-14 22:30:00+05:00,47.87,48.93840521657352,Вниз,2.183163124841054,True,-0.1936740099097065,-0.2447818651830578,0.051107855273351294,False,47.66054257661844,Зелёный,-1.0684052165735238,Ниже
2022-09-14 23:00:00+05:00,47.9,48.92807282635886,Вниз,2.101192152013411,True,-0.1790205826384223,-0.2316296086741307,0.05260902603570841,False,47.66054257661844,Зелёный,-1.0280728263588585,Ниже
2022-09-14 23:30:00+05:00,47.91,48.91794274848464,Вниз,2.060476569235669,True,-0.1647021358288469,-0.218244114105074,0.05354197827622709,False,47.668474681464616,Зелёный,-1.0079427484846448,Ниже
2022-09-15 00:00:00+05:00,47.91,48.9079134674052,Вниз,2.040392641305924,True,-0.1516070320797098,-0.2049166977000012,0.05330966562029141,False,47.668474681464616,Зелёный,-0.9979134674052048,Ниже
2022-09-15 00:30:00+05:00,47.885,48.89773522394843,Вниз,2.0711291009904063,True,-0.141613921939161,-0.1922561425478332,0.050642220608672184,False,47.668474681464616,Зелёный,-1.0127352239484324,Ниже
2022-09-15 01:00:00+05:00,47.87,48.88750900281462,Вниз,2.0813271601873575,True,-0.1333673094707705,-0.1804783759324207,0.0471110664616502,False,47.6911880427877,Зелёный,-1.01750900281462,Ниже
2022-09-15 01:30:00+05:00,47.9,48.87768304258761,Вниз,2.000264705132911,True,-0.1229932705343372,-0.168981354852804,0.04598808431846679,False,47.71706923850893,Зелёный,-0.9776830425876142,Ниже
2022-09-15 12:00:00+05:00,47.85,48.86745734067132,Вниз,2.082075467070625,True,-0.1174524335267577,-0.1586755705875948,0.04122313706083709,False,47.71706923850893,Зелёный,-1.0174573406713208,Ниже
2022-09-15 12:30:00+05:00,47.815,48.856985128326336,Вниз,2.1327249841337745,True,-0.1145648554321994,-0.1498534275565157,0.03528857212431631,False,47.71706923850893,Зелёный,-1.0419851283263384,Ниже
2022-09-15 13:00:00+05:00,47.89,48.847363385755926,Вниз,1.9599080060789864,True,-0.1050140195412225,-0.1408855459534571,0.035871526412234594,False,47.71706923850893,Зелёный,-0.9573633857559258,Ниже
2022-09-15 13:30:00+05:00,47.845,48.83738962072353,Вниз,2.032028387328918,True,-0.0999241735350082,-0.1326932714697673,0.032769097934759114,False,47.71706923850893,Зелёный,-0.9923896207235288,Ниже
2022-09-15 14:00:00+05:00,47.82,48.82726634091534,Вниз,2.062917743300502,True,-0.0967919674214812,-0.1255130106601101,0.02872104323862891,False,47.71706923850893,Зелёный,-1.0072663409153364,Ниже
2022-09-15 14:30:00+05:00,47.735,48.81639801911519,Вниз,2.2152351730083506,True,-0.1000155441995218,-0.1204135173679925,0.020397973168470696,False,47.71706923850893,Зелёный,-1.0813980191151913,Ниже
2022-09-15 15:00:00+05:00,47.58,48.8040955512633,Вниз,2.5081820233253307,True,-0.1137660326244827,-0.1190840204192905,0.005317987794807799,False,47.88494374138581,Красный,-1.2240955512633036,Ниже
2022-09-15 15:30:00+05:00,47.385,48.78997519751939,Вниз,2.8796390894472603,True,-0.1387982838676933,-0.1230268731089711,-0.015771410758722196,Ниже,47.66069936724723,Красный,-1.4049751975193914,Ниже
2022-09-15 16:00:00+05:00,47.46,48.77674161346447,Вниз,2.699527623019811,True,-0.1508457937150282,-0.1285906572301825,-0.0222551364848457,False,47.66069936724723,Красный,-1.3167416134644725,Ниже
2022-09-15 16:30:00+05:00,47.3,48.76204766706184,Вниз,2.9983311550910132,True,-0.171329218310916,-0.1371383694463293,-0.034190848864586704,False,47.63201648747027,Красный,-1.4620476670618459,Ниже
2022-09-15 17:00:00+05:00,47.84,48.75287306340949,Вниз,1.8724497779283165,True,-0.1423480926431821,-0.1381803140856998,-0.004167778557482293,False,47.21293516127676,Зелёный,-0.912873063409485,Ниже
2022-09-15 17:30:00+05:00,48.12,48.74657581899746,Вниз,1.285374015446785,True,-0.0956836996824961,-0.1296809912050591,0.033997291522563006,Ниже,47.625141645149085,Зелёный,-0.6265758189974591,Ниже
2022-09-15 18:00:00+05:00,47.985,48.73899795015171,Вниз,1.5470115961819169,True,-0.0688020960844397,-0.1175052121809352,0.0487031160964955,False,47.625141645149085,Зелёный,-0.7539979501517138,Ниже
2022-09-15 18:30:00+05:00,47.915,48.73079896557309,Вниз,1.6740931462039703,True,-0.0525409867573642,-0.104512367096221,0.0519713803388568,False,47.625141645149085,Зелёный,-0.8157989655730944,Ниже
2022-09-15 19:00:00+05:00,47.98,48.723328329099736,Вниз,1.5256107384104767,True,-0.0340168585181146,-0.0904132653805997,0.0563964068624851,False,47.625141645149085,Зелёный,-0.7433283290997394,Ниже
2022-09-15 19:30:00+05:00,47.85,48.71463849497935,Вниз,1.774904878065466,True,-0.0294863664957105,-0.0782278856036219,0.0487415191079114,False,47.625141645149085,Зелёный,-0.8646384949793458,Ниже
2022-09-15 20:00:00+05:00,47.795,48.70548786318851,Вниз,1.8693742802577524,True,-0.0299882731277705,-0.0685799631084516,0.038591689980681104,False,47.625141645149085,Зелёный,-0.9104878631885072,Ниже
2022-09-15 20:30:00+05:00,47.865,48.69712479987321,Вниз,1.7087760382012798,True,-0.0244557125331965,-0.0597551129934006,0.0352994004602041,False,47.625141645149085,Зелёный,-0.8321247998732062,Ниже
2022-09-15 21:00:00+05:00,47.92,48.689392214799845,Вниз,1.5802050093489883,True,-0.0154549233205543,-0.0508950750588313,0.035440151738277,False,47.625141645149085,Зелёный,-0.7693922147998435,Ниже
2022-09-15 21:30:00+05:00,47.735,48.6798957748516,Вниз,1.9410390260936887,True,-0.0229847332158286,-0.0453130066902308,0.0223282734744022,False,47.625141645149085,Зелёный,-0.9448957748516023,Ниже
2022-09-15 22:00:00+05:00,47.82,48.671339597987405,Вниз,1.749159988237941,True,-0.021841595860657,-0.040618724524316,0.018777128663659003,False,47.625141645149085,Зелёный,-0.8513395979874048,Ниже
2022-09-15 22:30:00+05:00,47.915,48.66381383084326,Вниз,1.5387487578473775,True,-0.0131187207720131,-0.0351187237738554,0.0220000030018423,False,47.625141645149085,Зелёный,-0.748813830843261,Ниже
2022-09-15 23:00:00+05:00,47.92,48.65641269819805,Вниз,1.5134956676025508,True,-0.0057361978874936,-0.0292422185965831,0.023506020709089498,False,47.629846922574565,Зелёный,-0.7364126981980448,Ниже
2022-09-15 23:30:00+05:00,47.83,48.648189686275686,Вниз,1.6818502220782732,True,-0.007066287389513,-0.0248070323551691,0.0177407449656561,False,47.62986223031711,Зелёный,-0.8181896862756872,Ниже
2022-09-16 00:00:00+05:00,47.945,48.64119277397443,Вниз,1.4312822820967714,True,0.0011459363612118,-0.0196164386118929,0.0207623749731047,False,47.62986223031711,Зелёный,-0.6961927739744311,Ниже
2022-09-16 00:30:00+05:00,47.94,48.63421573144733,Вниз,1.4274224864254221,True,0.0071680952956967,-0.0142595318303749,0.0214276271260716,False,47.70508840655686,Зелёный,-0.6942157314473292,Ниже
2022-09-16 01:00:00+05:00,47.925,48.6271588584976,Вниз,1.443964391464549,True,0.0106080420928478,-0.0092860170457304,0.0198940591385782,False,47.72682956590117,Зелёный,-0.7021588584976044,Ниже
2022-09-16 01:30:00+05:00,47.92,48.62012245194539,Вниз,1.439984962270239,True,0.0127834073374231,-0.0048721321690997,0.0176555395065228,False,47.72682956590117,Зелёный,-0.7001224519453899,Ниже
2022-09-16 12:00:00+05:00,47.85,48.61245954197579,Вниз,1.5684446933145186,True,0.0087580278870191,-0.0021461001578759,0.010904128044895,False,47.72682956590117,Зелёный,-0.7624595419757867,Ниже
2022-09-16 12:30:00+05:00,47.7,48.60338034255315,Вниз,1.8586780100194447,True,-0.0064613779831006,-0.0030091557229208,-0.0034522222601798,Ниже,47.993141246458045,Красный,-0.9033803425531488,Ниже
2022-09-16 13:00:00+05:00,47.7,48.59439148342327,Вниз,1.8405240936669998,True,-0.0183117799840957,-0.0060696805751558,-0.012242099408939902,False,47.97832712181224,Красный,-0.89439148342327,Ниже
2022-09-16 13:30:00+05:00,47.825,48.5867358467723,Вниз,1.5677855972349706,True,-0.0174160917514356,-0.0083389628104118,-0.009077128941023799,False,47.97832712181224,Красный,-0.7617358467722966,Ниже
2022-09-16 14:00:00+05:00,48.42,48.58507678362034,Вниз,0.33976849384333724,True,0.0309485197328527,-0.0004814663017589,0.0314299860346116,Выше,47.76870503133209,Зелёный,-0.16507678362033573,Ниже
2022-09-16 14:30:00+05:00,48.57,48.58492676587288,Вниз,0.030723038741644823,True,0.0804541438902575,0.0157056557366443,0.0647484881536132,False,48.24983452819888,Зелёный,-0.014926765872878889,Ниже
2022-09-16 15:00:00+05:00,48.48,48.58388271845126,Вниз,0.2138213593451787,True,0.1111442580433177,0.034793376197979,0.0763508818453387,False,48.24983452819888,Зелёный,-0.10388271845125985,Ниже
2022-09-16 15:30:00+05:00,47.98,48.57787393518309,Вниз,1.230753606015841,True,0.094036578157052,0.0466420165897936,0.04739456156725841,False,48.657259032158905,Красный,-0.5978739351830953,Ниже
2022-09-16 16:00:00+05:00,47.83,48.570432403489725,Вниз,1.524450919725656,True,0.0675956713725796,0.0508327475463508,0.0167629238262288,False,48.32428312894302,Красный,-0.7404324034897272,Ниже
2022-09-16 16:30:00+05:00,47.8,48.56276640942516,Вниз,1.5706815443634243,True,0.0437163777793614,0.0494094735929529,-0.005693095813591495,Выше,48.24660481604872,Красный,-0.7627664094251614,Ниже
2022-09-16 17:00:00+05:00,47.995,48.55711699241596,Вниз,1.1576407893074907,True,0.0400648927387479,0.0475405574221119,-0.007475664683363997,False,48.24660481604872,Красный,-0.5621169924159659,Ниже
2022-09-16 17:30:00+05:00,48.0,48.551573539755104,Вниз,1.136056979293294,True,0.0371463230603339,0.0454617105497563,-0.008315387489422399,False,48.24660481604872,Красный,-0.551573539755104,Ниже
2022-09-16 18:00:00+05:00,47.75,48.54359768363814,Вниз,1.6348143143614304,True,0.0144933545309768,0.0392680393460004,-0.0247746848150236,False,48.24660481604872,Красный,-0.79359768363814,Ниже
2022-09-16 18:30:00+05:00,47.665,48.5348554181293,Вниз,1.7922283081621777,True,-0.0102004909496429,0.0293743332868717,-0.0395748242365146,False,48.15021966980956,Красный,-0.8698554181292977,Ниже
2022-09-16 19:00:00+05:00,47.6,48.52555337416782,Вниз,1.9073525386328307,True,-0.0346164611586772,0.0165761743977619,-0.051192635556439096,False,48.05119770282861,Красный,-0.9255533741678192,Ниже
2022-09-16 19:30:00+05:00,47.6,48.516343887857694,Вниз,1.8887323619763283,True,-0.0533512929616719,0.0025906809258751,-0.055941973887547,False,47.97807793254575,Красный,-0.9163438878576926,Ниже
2022-09-16 20:00:00+05:00,47.405,48.50528573971981,Вниз,2.268383172967912,True,-0.082977143599777,-0.0145228839792552,-0.06845425962052179,False,47.87927013929117,Красный,-1.1002857397198085,Ниже
2022-09-16 20:30:00+05:00,47.375,48.494039115444,Вниз,2.307580758080458,True,-0.1076358340586978,-0.0331454739951437,-0.0744903600635541,False,47.71484312536205,Красный,-1.1190391154439965,Ниже
2022-09-16 21:00:00+05:00,47.465,48.48379992026545,Вниз,2.101320280054208,True,-0.1185492145144522,-0.0502262220990054,-0.0683229924154468,False,47.71484312536205,Красный,-1.0187999202654439,Ниже
2022-09-16 21:30:00+05:00,47.575,48.474757134989176,Вниз,1.856135415972464,True,-0.1169736668428669,-0.0635757110477777,-0.0533979557950892,False,47.71484312536205,Красный,-0.8997571349891729,Ниже
2022-09-16 22:00:00+05:00,47.545,48.46550582021317,Вниз,1.899300965985702,True,-0.1167993925492538,-0.0742204473480729,-0.0425789452011809,False,47.71484312536205,Красный,-0.9205058202131653,Ниже
2022-09-16 22:30:00+05:00,47.605,48.45694357324587,Вниз,1.7581455007745317,True,-0.1105454808656603,-0.0814854540515904,-0.029060026814069898,False,47.71484312536205,Красный,-0.851943573245876,Ниже
2022-09-16 23:00:00+05:00,47.65,48.44891428395984,Вниз,1.6489828425821675,True,-0.1007961713601091,-0.0853475975132941,-0.015448573846815,False,47.71484312536205,Красный,-0.7989142839598387,Ниже
2022-09-16 23:30:00+05:00,47.65,48.44096488809954,Вниз,1.632842966540207,True,-0.0920091491394075,-0.0866799078385168,-0.0053292413008907,False,47.71484312536205,Красный,-0.7909648880995448,Ниже
2022-09-17 00:00:00+05:00,47.7,48.43359210314333,Вниз,1.5146349285452236,True,-0.0800875887198842,-0.0853614440147903,0.005273855294906107,Ниже,47.71484312536205,Красный,-0.7335921031433301,Ниже
2022-09-17 00:30:00+05:00,47.66,48.42589466928121,Вниз,1.5815808350301042,True,-0.0730255389470926,-0.0828942630012507,0.009868724054158104,False,47.71484312536205,Красный,-0.7658946692812165,Ниже
2022-09-17 01:00:00+05:00,47.66,48.41827382680081,Вниз,1.5660901698256853,True,-0.0666603940943773,-0.079647489219876,0.012987095125498699,False,47.71484312536205,Красный,-0.75827382680081,Ниже
2022-09-17 01:30:00+05:00,47.7,48.41112682354906,Вниз,1.4689325991956432,True,-0.0577229114423119,-0.0752625736643632,0.017539662222051305,False,47.71484312536205,Красный,-0.7111268235490584,Ниже
2022-09-17 13:00:00+05:00,47.41,48.40116536261823,Вниз,2.047813012749775,True,-0.0731967023964799,-0.0748493994107866,0.0016526970143066894,False,47.78948980404816,Красный,-0.9911653626182328,Ниже
2022-09-17 13:30:00+05:00,47.66,48.39379058289069,Вниз,1.516290776259461,True,-0.0645428724899517,-0.0727880940266196,0.008245221536667902,False,47.78948980404816,Красный,-0.7337905828906912,Ниже
2022-09-17 14:00:00+05:00,47.67,48.38658868654352,Вниз,1.4809655030357673,True,-0.0562295542157187,-0.0694763860644394,0.013246831848720698,False,47.78948980404816,Красный,-0.7165886865435169,Ниже
2022-09-17 15:30:00+05:00,47.38,48.37657287871722,Вниз,2.0600319936174083,True,-0.0722093811608033,-0.0700229850837122,-0.0021863960770911045,Ниже,47.78948980404816,Красный,-0.9965728787172168,Ниже
2022-09-17 16:15:00+05:00,47.45,48.36735324808322,Вниз,1.8966372697260852,True,-0.0783222440817539,-0.0716828368833205,-0.006639407198433395,False,47.78948980404816,Красный,-0.9173532480832165,Ниже
2022-09-17 16:45:00+05:00,47.795,48.36165819088836,Вниз,1.171709598235247,True,-0.0546975954405368,-0.0682857885947638,0.01358819315422699,Ниже,47.2652554656076,Зелёный,-0.5666581908883614,Ниже
2022-09-17 17:45:00+05:00,47.79,48.355970049685496,Вниз,1.1704243531956149,True,-0.0359637813149191,-0.0618213871387949,0.0258576058238758,False,47.27472991904684,Зелёный,-0.5659700496854967,Ниже
2022-09-17 18:30:00+05:00,47.79,48.35033850690256,Вниз,1.158913306930759,True,-0.0208764479536469,-0.0536323993017653,0.0327559513481184,False,47.27472991904684,Зелёный,-0.5603385069025606,Ниже
2022-09-17 20:00:00+05:00,47.795,48.34481275061497,Вниз,1.1372735136056034,True,-0.0084191189902114,-0.0445897432394545,0.0361706242492431,False,47.27472991904684,Зелёный,-0.5498127506149686,Ниже
2022-09-18 12:00:00+05:00,47.805,48.339441479464575,Вниз,1.1056012711516654,True,0.0022345617530987,-0.0352248822409438,0.037459443994042496,False,47.27472991904684,Зелёный,-0.5344414794645758,Ниже
2022-09-18 12:30:00+05:00,47.845,48.33452166374851,Вниз,1.012778541916676,True,0.0137468807200491,-0.0254305296487452,0.039177410368794297,False,47.27472991904684,Зелёный,-0.489521663748512,Ниже
2022-09-18 13:00:00+05:00,47.635,48.32756124918385,Вниз,1.433056482227415,True,0.0058577074808283,-0.0191728822228305,0.0250305897036588,False,47.30330986989797,Зелёный,-0.6925612491838535,Ниже
2022-09-18 13:30:00+05:00,47.88,48.323107903420826,Вниз,0.9169689671169845,True,0.0191541363392104,-0.0115074785104223,0.0306616148496327,False,47.32872888290817,Зелёный,-0.44310790342082385,Ниже
2022-09-18 14:00:00+05:00,47.6,48.3159127999042,Вниз,1.4817329496993694,True,0.0070171032642676,-0.0078025621554843,0.014819665419751899,False,47.32872888290817,Зелёный,-0.7159127999041957,Ниже
2022-09-18 14:30:00+05:00,47.865,48.31142610537779,Вниз,0.9240590505526289,True,0.0185676659176508,-0.0025285165408573,0.0210961824585081,False,47.32872888290817,Зелёный,-0.44642610537778893,Ниже
2022-09-18 15:00:00+05:00,47.58,48.30414823368249,Вниз,1.49914295182115,True,0.0046706119746531,-0.0010886908377552,0.0057593028124083,False,47.32872888290817,Зелёный,-0.7241482336824916,Ниже
2022-09-18 15:30:00+05:00,47.79,48.29903233085978,Вниз,1.0539182801278295,True,0.0104815171535008,0.0012253507604959,0.0092561663930049,False,47.32872888290817,Зелёный,-0.5090323308597817,Ниже
2022-09-18 16:00:00+05:00,47.79,48.29396733254277,Вниз,1.0435409645940896,True,0.0149147731522774,0.0039632352388522,0.0109515379134252,False,47.32872888290817,Зелёный,-0.5039673325427714,Ниже
2022-09-18 16:30:00+05:00,47.795,48.289002483462745,Вниз,1.0230124004568573,True,0.0186170133433236,0.0068939908597465,0.011723022483577102,False,47.32872888290817,Зелёный,-0.49400248346274367,Ниже
2022-09-18 17:00:00+05:00,47.755,48.283689025915855,Вниз,1.094964027359391,True,0.0181145859905029,0.0091381098858978,0.008976476104605101,False,47.32872888290817,Зелёный,-0.5286890259158525,Ниже
2022-09-18 17:30:00+05:00,47.75,48.27837868734953,Вниз,1.0944416563184673,True,0.017115651899374,0.010733618288593,0.006382033610781001,False,47.32872888290817,Зелёный,-0.5283786873495302,Ниже
2022-09-18 18:00:00+05:00,47.755,48.27317093921671,Вниз,1.073413925654823,True,0.0165368214644487,0.0118942589237642,0.004642562540684498,False,47.32872888290817,Зелёный,-0.5181709392167093,Ниже
2022-09-18 18:30:00+05:00,47.765,48.26811451196082,Вниз,1.042333053710116,True,0.0166925888278157,0.0128539249045745,0.0038386639232411996,False,47.32872888290817,Зелёный,-0.5031145119608169,Ниже
2022-09-18 19:00:00+05:00,47.78,48.26325765114529,Вниз,1.0012951356047126,True,0.0178209810489278,0.0138473361334451,0.0039736449154826985,False,47.32872888290817,Зелёный,-0.48325765114528707,Ниже
2022-09-18 19:30:00+05:00,47.79,48.25854861979061,Вниз,0.9709132023055921,True,0.0192996817230337,0.0149378052513629,0.004361876471670802,False,47.32872888290817,Зелёный,-0.46854861979061013,Ниже
2022-09-18 20:00:00+05:00,47.79,48.25388644446931,Вниз,0.9613452483317618,True,0.020238268499348,0.0159978979009599,0.0042403705983881,False,47.32872888290817,Зелёный,-0.4638864444693098,Ниже
2022-09-18 20:30:00+05:00,47.81,48.24946966392733,Вниз,0.9108279676198934,True,0.0223384345662651,0.0172660052340209,0.005072429332244201,False,47.32872888290817,Зелёный,-0.43946966392732634,Ниже
2022-09-19 12:00:00+05:00,47.365,48.24066897075392,Вниз,1.81520901230619,True,-0.0117692807324871,0.0114589480407193,-0.0232282287732064,Ниже,47.32872888290817,Зелёный,-0.8756689707539209,Ниже
2022-09-19 12:30:00+05:00,47.135,48.22966728945289,Вниз,2.269696954124086,True,-0.0567053051889701,-0.0021739026052185,-0.0545314025837516,False,47.84133989199586,Красный,-1.094667289452893,Ниже
2022-09-19 13:00:00+05:00,47.1,48.21842681891108,Вниз,2.3195008479049606,True,-0.0940574006441821,-0.0205506022130112,-0.07350679843117089,False,47.60370590279627,Красный,-1.1184268189110753,Ниже
2022-09-19 13:30:00+05:00,47.21,48.20839272121047,Вниз,2.070993586084035,True,-0.1134750549108645,-0.0391354927525819,-0.07433956215828261,False,47.60370590279627,Красный,-0.9983927212104717,Ниже
2022-09-19 14:00:00+05:00,47.125,48.19761269413375,Вниз,2.225447764271326,True,-0.1341757805624155,-0.0581435503145486,-0.0760322302478669,False,47.60370590279627,Красный,-1.0726126941337526,Ниже
2022-09-19 14:30:00+05:00,47.085,48.1865419210578,Вниз,2.285994962789437,True,-0.1520561122773003,-0.0769260627070989,-0.07513004957020139,False,47.58156910313848,Красный,-1.1015419210578017,Ниже
2022-09-19 15:00:00+05:00,47.11,48.175830061146776,Вниз,2.212375084755116,True,-0.1623377839937916,-0.0940084069644374,-0.0683293770293542,False,47.51391219282464,Красный,-1.0658300611467766,Ниже
2022-09-19 15:30:00+05:00,47.185,48.165971055563226,Вниз,2.036647521196233,True,-0.1625603155779984,-0.1077187886871497,-0.054841526890848716,False,47.51391219282464,Красный,-0.9809710555632236,Ниже
2022-09-19 16:00:00+05:00,47.18,48.15616039829394,Вниз,2.0270727363233156,True,-0.1612809848752832,-0.1184312279247764,-0.0428497569505068,False,47.51391219282464,Красный,-0.976160398293942,Ниже
2022-09-19 16:30:00+05:00,47.035,48.1450045734353,Вниз,2.3055446422114696,True,-0.1700076518759985,-0.1287465127150208,-0.041261139160977706,False,47.47084198856916,Красный,-1.1100045734353046,Ниже
2022-09-19 17:00:00+05:00,47.03,48.1339100005653,Вниз,2.293414352900762,True,-0.1753062354021821,-0.1380584572524531,-0.03724777814972899,False,47.36725778971224,Красный,-1.1039100005652998,Ниже
2022-09-19 17:30:00+05:00,46.81,48.12073676672883,Вниз,2.723850162732934,True,-0.1950096129750989,-0.1494486883969822,-0.045560924578116696,False,47.22978201074102,Красный,-1.31073676672883,Ниже
2022-09-19 18:00:00+05:00,46.77,48.10729659989571,Вниз,2.7798207224527505,True,-0.2114152835752492,-0.1618420074326356,-0.04957327614261359,False,47.13280380966692,Красный,-1.3372965998957085,Ниже
2022-09-19 18:30:00+05:00,46.675,48.09304489243407,Вниз,2.948544629697921,True,-0.2294377857995826,-0.175361163106025,-0.05407662269355759,False,47.02902342870023,Красный,-1.4180448924340752,Ниже
2022-09-19 19:00:00+05:00,46.73,48.07948225668845,Вниз,2.8067736867127433,True,-0.236555839840868,-0.1876000984529936,-0.048955741387874396,False,47.02902342870023,Красный,-1.3494822566884537,Ниже
2022-09-19 19:30:00+05:00,46.875,48.06749735861195,Вниз,2.480880894870013,True,-0.2278699181941164,-0.1956540624012182,-0.03221585579289821,False,47.02902342870023,Красный,-1.192497358611952,Ниже
2022-09-19 20:00:00+05:00,46.715,48.05403967345163,Вниз,2.7865288382641595,True,-0.2312314335056982,-0.2027695366221142,-0.028461896883583998,False,47.02902342870023,Красный,-1.33903967345163,Ниже
2022-09-19 20:30:00+05:00,46.68,48.04036763689987,Вниз,2.831717790300533,True,-0.2340220060887858,-0.2090200305154485,-0.025001975573337276,False,46.99494527157022,Красный,-1.3603676368998734,Ниже
2022-09-19 21:00:00+05:00,46.79,48.027926167876,Вниз,2.5775132649887302,True,-0.2247665059064303,-0.2121693255936449,-0.012597180312785394,False,46.99494527157022,Красный,-1.2379261678759974,Ниже
2022-09-19 21:30:00+05:00,46.77,48.01540948958868,Вниз,2.593770422511381,True,-0.2165490455822905,-0.213045269591374,-0.0035037759909165023,False,46.99494527157022,Красный,-1.245409489588674,Ниже
2022-09-19 22:00:00+05:00,46.785,48.00316660909526,Вниз,2.537679688957134,True,-0.2064464878288205,-0.2117255132388633,0.005279025410042798,Ниже,46.99494527157022,Красный,-1.2181666090952632,Ниже
2022-09-19 22:30:00+05:00,46.795,47.9911450507958,Вниз,2.4924286543481093,True,-0.1953809911521347,-0.2084566088215176,0.013075617669382894,False,46.99494527157022,Красный,-1.1961450507957991,Ниже
2022-09-19 23:00:00+05:00,46.79,47.97919335874808,Вниз,2.4785605498956382,True,-0.184883738870937,-0.2037420348314015,0.018858295960464483,False,46.99494527157022,Красный,-1.1891933587480779,Ниже
2022-09-19 23:30:00+05:00,46.815,47.967609345228205,Вниз,2.4028909527943108,True,-0.1725581567261755,-0.1975052592103563,0.024947102484180805,False,46.99494527157022,Красный,-1.152609345228207,Ниже
2022-09-20 00:00:00+05:00,46.84,47.95638935174335,Вниз,2.3279261988533335,True,-0.1589405848836804,-0.1897923243450211,0.030851739461340705,False,46.99494527157022,Красный,-1.1163893517433436,Ниже
2022-09-20 00:30:00+05:00,46.86,47.94548000495983,Вниз,2.263988190018212,True,-0.1448648168032846,-0.1808068228366738,0.03594200603338918,False,46.99494527157022,Красный,-1.0854800049598339,Ниже
2022-09-20 01:00:00+05:00,46.82,47.93428119894033,Вниз,2.3246018737941685,True,-0.1353767954661862,-0.1717208173625763,0.036344021896390105,False,46.99494527157022,Красный,-1.1142811989403327,Ниже
2022-09-20 01:30:00+05:00,46.815,47.92314407258272,Вниз,2.3123359162419908,True,-0.1267992654104333,-0.1627365069721477,0.035937241561714406,False,46.99494527157022,Красный,-1.108144072582725,Ниже
2022-09-20 12:00:00+05:00,46.11,47.90510283802966,Вниз,3.747205895996143,True,-0.1748732886954158,-0.1651638633168013,-0.009709425378614495,Ниже,46.828466055889606,Красный,-1.7951028380296634,Ниже
2022-09-20 12:30:00+05:00,45.29,47.87908191426818,Вниз,5.407542940994907,False,-0.2759583691757186,-0.1873227644885848,-0.0886356046871338,False,46.08011945030065,Красный,-2.589081914268178,Ниже
2022-09-20 13:00:00+05:00,45.685,47.85725025342969,Вниз,4.539020194278741,True,-0.32050128557281,-0.2139584687054299,-0.1065428168673801,False,45.83385750527058,Красный,-2.172250253429688,Ниже
2022-09-20 13:30:00+05:00,45.7,47.835785076778656,Вниз,4.464827060642192,True,-0.3505505643959168,-0.2412768878435273,-0.10927367655238951,False,45.83385750527058,Красный,-2.135785076778653,Ниже
2022-09-20 14:00:00+05:00,45.43,47.81184691681071,Вниз,4.98170865675814,True,-0.391637029976458,-0.2713489162701134,-0.12028811370634457,False,45.83385750527058,Красный,-2.3818469168107086,Ниже
2022-09-20 14:30:00+05:00,45.3,47.7868534151509,Вниз,5.204053494684467,False,-0.4297345511010846,-0.3030260432363076,-0.126708507864777,False,45.73543712134225,Красный,-2.486853415150904,Ниже
2022-09-20 15:00:00+05:00,45.54,47.76449666475139,Вниз,4.65721785024691,True,-0.4355404773257803,-0.3295289300542022,-0.10601154727157808,False,45.73543712134225,Красный,-2.224496664751392,Ниже
2022-09-20 15:30:00+05:00,44.93,47.736292717838445,Вниз,5.878740384021841,False,-0.4837868243414149,-0.3603805089116448,-0.1234063154297701,False,45.66852906828723,Красный,-2.8062927178384456,Ниже
2022-09-20 16:00:00+05:00,44.745,47.706528611193285,Вниз,6.2078057184366795,False,-0.5308312634637389,-0.3944706598220636,-0.1363606036416753,False,45.4384261614585,Красный,-2.9615286111932875,Ниже
2022-09-20 16:30:00+05:00,43.935,47.66900096332072,Вниз,7.833184853598826,False,-0.6262554677508732,-0.4408276214078256,-0.18542784634304754,False,44.98358354531265,Красный,-3.7340009633207174,Ниже
2022-09-20 17:00:00+05:00,44.76,47.6400556801036,Вниз,6.045449861441764,False,-0.6280692407080153,-0.4782759452678635,-0.1497932954401518,False,44.950975190781385,Красный,-2.8800556801036024,Ниже
2022-09-20 17:30:00+05:00,44.55,47.609308857416,Вниз,6.425862779437227,False,-0.6390849404241976,-0.5104377442991304,-0.12864719612506725,False,44.950975190781385,Красный,-3.0593088574160063,Ниже
2022-09-20 18:00:00+05:00,44.39,47.57727593346162,Вниз,6.699155996066547,False,-0.6531959878893119,-0.5389893930171666,-0.11420659487214524,False,44.950975190781385,Красный,-3.1872759334616205,Ниже
2022-09-20 18:30:00+05:00,44.1,47.54267617292967,Вниз,7.241233456037318,False,-0.6799417260697922,-0.5671798596276918,-0.1127618664421004,False,44.950975190781385,Красный,-3.4426761729296658,Ниже
2022-09-20 19:00:00+05:00,43.385,47.50130626076121,Вниз,8.665669609514543,False,-0.7501847776235024,-0.603780843226854,-0.14640393439664845,False,44.57343932267167,Красный,-4.116306260761213,Ниже
2022-09-20 19:30:00+05:00,43.05,47.457014656176526,Вниз,9.286329298429555,False,-0.8233930399220171,-0.6477032825658866,-0.17568975735613046,False,43.9983453904045,Красный,-4.407014656176528,Ниже
2022-09-20 20:00:00+05:00,42.25,47.405203565070295,Вниз,10.874763058435251,False,-0.9351842079345616,-0.7051994676396217,-0.22998474029493987,False,43.70801085136405,Красный,-5.155203565070295,Ниже
2022-09-20 20:30:00+05:00,42.08,47.352216464920346,Вниз,11.134043680565897,False,-1.0256737645491256,-0.7692943270215225,-0.25637943752760317,False,43.15620976622765,Красный,-5.272216464920348,Ниже
2022-09-20 21:00:00+05:00,41.76,47.29657251999576,Вниз,11.706075567431542,False,-1.110408616431762,-0.8375171849035704,-0.2728914315281915,False,42.87708878960488,Красный,-5.536572519995765,Ниже
2022-09-20 21:30:00+05:00,42.43,47.24814891283162,Вниз,10.197540059655347,False,-1.1106947982038449,-0.8921527075636254,-0.21854209064021946,False,42.87708878960488,Красный,-4.818148912831617,Ниже
2022-09-20 22:00:00+05:00,42.935,47.20523200822634,Вниз,9.046098973694642,False,-1.0579766238292123,-0.9253174908167427,-0.13265913301246957,False,41.43745808042004,Зелёный,-4.270232008226337,Ниже
2022-09-20 22:30:00+05:00,42.79,47.16129935142807,Вниз,9.26882721965485,False,-1.0161834487627246,-0.9434906824059393,-0.07269276635678534,False,41.58571227237804,Зелёный,-4.371299351428071,Ниже
2022-09-20 23:00:00+05:00,42.86,47.1185003529064,Вниз,9.037852056010365,False,-0.9662750244369888,-0.9480475508121492,-0.018227473624839563,False,41.77964104514023,Зелёный,-4.2585003529064025,Ниже
2022-09-20 23:30:00+05:00,43.615,47.08363965287747,Вниз,7.366974342786365,False,-0.8559333811682492,-0.9296247168833692,0.07369133571511999,Ниже,42.21492694062621,Зелёный,-3.468639652877471,Ниже
2022-09-21 00:00:00+05:00,43.185,47.04484721852048,Вниз,8.204612081301319,False,-0.7940311434942444,-0.9025060022055442,0.1084748587112998,False,42.21492694062621,Зелёный,-3.8598472185204784,Ниже
2022-09-21 00:30:00+05:00,43.36,47.00818207206754,Вниз,7.760738474154495,False,-0.7225233374135414,-0.8665094692471437,0.14398613183360232,False,42.21492694062621,Зелёный,-3.6481820720675415,Ниже
2022-09-21 01:00:00+05:00,43.17,46.96999120567881,Вниз,8.090253176839807,False,-0.6734215139894744,-0.8278918781956098,0.15447036420613547,False,42.21492694062621,Зелёный,-3.7999912056788077,Ниже
2022-09-21 01:30:00+05:00,43.195,46.93242910412977,Вниз,7.963425664240541,False,-0.6252828031701654,-0.7873700631905209,0.16208726002035556,False,42.21492694062621,Зелёный,-3.7374291041297667,Ниже
2022-09-21 12:00:00+05:00,40.725,46.87066364040708,Вниз,13.11196207409557,False,-0.7774785960818704,-0.7853917697687909,0.00791317368692046,False,41.19262841582963,Красный,-6.145663640407079,Ниже
2022-09-21 12:30:00+05:00,40.56,46.8078709673682,Вниз,13.347906747828505,False,-0.9010225523963769,-0.8085179262943081,-0.09250462610206878,Ниже,41.19262841582963,Красный,-6.2478709673682005,Ниже
2022-09-21 13:00:00+05:00,41.29,46.752966778638175,Вниз,11.68474891551535,False,-0.9293145688547924,-0.832677254806405,-0.09663731404838738,False,39.388695983178,Зелёный,-5.462966778638176,Ниже
2022-09-21 13:30:00+05:00,41.11,46.69681785546765,Вниз,11.964022629463818,False,-0.9552491735574832,-0.8571916385566207,-0.09805753500086245,False,39.6238263848602,Зелёный,-5.58681785546765,Ниже
2022-09-21 14:00:00+05:00,40.755,46.63769528974161,Вниз,12.613606339667385,False,-0.9930013661472544,-0.8843535840747475,-0.10864778207250692,False,39.6238263848602,Зелёный,-5.882695289741605,Ниже
2022-09-21 14:30:00+05:00,41.13,46.58289235153523,Вниз,11.705783123953047,False,-0.981348510015053,-0.9037525692628088,-0.07759594075224419,False,39.6238263848602,Зелёный,-5.452892351535226,Ниже
2022-09-21 15:00:00+05:00,40.535,46.52271431818662,Вниз,12.870517995219194,False,-1.008499708087946,-0.9247019970278362,-0.08379771106010991,False,39.6238263848602,Зелёный,-5.987714318186626,Ниже
2022-09-21 15:30:00+05:00,40.29,46.46069726029423,Вниз,13.28154251694318,False,-1.0378232996483303,-0.9473262575519352,-0.09049704209639509,False,39.6238263848602,Зелёный,-6.170697260294233,Ниже
2022-09-21 16:00:00+05:00,40.095,46.39735698904752,Вниз,13.583439656994356,False,-1.0645261329261402,-0.9707662326267762,-0.09375990029936399,False,39.6238263848602,Зелёный,-6.302356989047524,Ниже
2022-09-21 16:30:00+05:00,40.25,46.33618925781322,Вниз,13.134850654096383,False,-1.0609511318426428,-0.9888032124699496,-0.07214791937269316,False,39.6238263848602,Зелёный,-6.086189257813217,Ниже
2022-09-21 17:00:00+05:00,40.14,46.27453563335737,Вниз,13.256828079189276,False,-1.054834522653671,-1.002009474506694,-0.05282504814697697,False,39.6238263848602,Зелёный,-6.134535633357366,Ниже
2022-09-21 17:30:00+05:00,40.25,46.21459000516476,Вниз,12.906292156866868,False,-1.029246472461125,-1.0074568740975804,-0.02178959836354455,False,39.6238263848602,Зелёный,-5.964590005164759,Ниже
2022-09-21 18:00:00+05:00,40.295,46.15568861207854,Вниз,12.697651770154392,False,-0.993879806669682,-1.0047414606120006,0.010861653942318639,Ниже,39.6238263848602,Зелёный,-5.86068861207854,Ниже
2022-09-21 18:30:00+05:00,40.485,46.09926384976931,Вниз,12.17864100404155,False,-0.9396879197200364,-0.991730752433608,0.052042832713571574,False,39.6238263848602,Зелёный,-5.6142638497693085,Ниже
2022-09-21 19:00:00+05:00,40.84,46.04693286618952,Вниз,11.307882071799764,False,-0.8582021060732217,-0.9650250231615308,0.10682291708830915,False,39.6238263848602,Зелёный,-5.2069328661895184,Ниже
2022-09-21 19:30:00+05:00,40.655,45.9932817928941,Вниз,11.606655547938868,False,-0.799337698161068,-0.9318875581614384,0.1325498600003704,False,39.6575839305856,Зелёный,-5.338281792894101,Ниже
2022-09-21 20:00:00+05:00,40.94,45.943000382019534,Вниз,10.889581308184509,False,-0.7213745558007076,-0.8897849576892922,0.16841040188858458,False,39.81482553752705,Зелёный,-5.003000382019536,Ниже
2022-09-21 20:30:00+05:00,40.995,45.89376654737258,Вниз,10.674143605790047,False,-0.6476840647115267,-0.8413647790937392,0.19368071438221246,False,39.96059298377434,Зелёный,-4.898766547372581,Ниже
2022-09-21 21:00:00+05:00,40.665,45.84173901953803,Вниз,11.29263228284528,False,-0.6088931208130361,-0.7948704474375986,0.18597732662456246,False,39.96059298377434,Зелёный,-5.176739019538033,Ниже
2022-09-21 21:30:00+05:00,40.6,45.78958241237846,Вниз,11.333543873891145,False,-0.5767475878918447,-0.7512458755284479,0.17449828763660324,False,39.96059298377434,Зелёный,-5.189582412378456,Ниже
2022-09-21 22:00:00+05:00,40.74,45.73933781126026,Вниз,10.930061628547467,False,-0.5338216280488481,-0.707761026032528,0.17393939798367986,False,40.0423672851715,Зелёный,-4.999337811260261,Ниже
2022-09-21 22:30:00+05:00,40.74,45.68959315642186,Вниз,10.833086518141101,False,-0.49410674067272,-0.6650301689605664,0.17092342828784646,False,40.0423672851715,Зелёный,-4.949593156421855,Ниже
2022-09-21 23:00:00+05:00,40.76,45.640542478248506,Вниз,10.693436609730242,False,-0.4557648005270565,-0.6231770952738644,0.16741229474680797,False,40.0423672851715,Зелёный,-4.880542478248508,Ниже
2022-09-21 23:30:00+05:00,40.795,45.59232812523111,Вниз,10.522226704576282,False,-0.417738895278724,-0.5820894552748364,0.16435055999611237,False,40.0423672851715,Зелёный,-4.797328125231111,Ниже
2022-09-22 00:00:00+05:00,40.84,45.54504127821388,Вниз,10.330523688567819,False,-0.3795962185710095,-0.541590807934071,0.1619945893630615,False,40.12323517580102,Зелёный,-4.705041278213876,Ниже
2022-09-22 00:30:00+05:00,40.91,45.49892146450031,Вниз,10.085780754343237,False,-0.3398024266368082,-0.5012331316746185,0.16143070503781026,False,40.28441165822091,Зелёный,-4.5889214645003165,Ниже
2022-09-22 01:00:00+05:00,40.68,45.45097199719184,Вниз,10.496963623762797,False,-0.3231001403449198,-0.4656065334086788,0.142506393063759,False,40.28441165822091,Зелёный,-4.770971997191843,Ниже
2022-09-22 01:30:00+05:00,40.64,45.40310162906058,Вниз,10.490696578341074,False,-0.3095231338160005,-0.4343898534901431,0.12486671967414259,False,40.28441165822091,Зелёный,-4.7631016290605785,Ниже
2022-09-22 12:00:00+05:00,41.605,45.36530957305003,Вниз,8.288953846980691,False,-0.2183784918481564,-0.3911875811617458,0.1728090893135894,False,40.212758598843045,Зелёный,-3.76030957305003,Ниже
2022-09-22 12:30:00+05:00,41.36,45.32545574645252,Вниз,8.748849142598822,False,-0.164024387835191,-0.3457549424964348,0.1817305546612438,False,40.80673273895874,Зелёный,-3.9654557464525197,Ниже
2022-09-22 13:00:00+05:00,41.505,45.28744126141319,Вниз,8.352075445330998,False,-0.1080030882485658,-0.298204571646861,0.19020148339829518,False,40.80673273895874,Зелёный,-3.78244126141319,Ниже
2022-09-22 13:30:00+05:00,41.1,45.24577517921008,Вниз,9.16278959259607,False,-0.0951886445468019,-0.2576013862268492,0.1624127416800473,False,40.80673273895874,Зелёный,-4.1457751792100765,Ниже
2022-09-22 14:00:00+05:00,41.3,45.20651373464082,Вниз,8.64148418427441,False,-0.0681096513953178,-0.219703039260543,0.1515933878652252,False,40.80673273895874,Зелёный,-3.906513734640825,Ниже
2022-09-22 14:30:00+05:00,40.7,45.16167280195784,Вниз,9.879334677267352,False,-0.0939809855199911,-0.1945586285124326,0.10057764299244151,False,41.69247739996917,Красный,-4.461672801957839,Ниже
2022-09-22 15:00:00+05:00,40.49,45.1151884954707,Вниз,10.251954274634222,False,-0.1299316776630306,-0.1816332383425522,0.05170156067952161,False,41.303979659972256,Красный,-4.625188495470695,Ниже
2022-09-22 15:30:00+05:00,40.42,45.06847020198343,Вниз,10.314240046645411,False,-0.1622015170609856,-0.1777468940862389,0.015545377025253299,False,41.225831693975024,Красный,-4.648470201983429,Ниже
2022-09-22 16:00:00+05:00,40.405,45.02206751340648,Вниз,10.255121029329963,False,-0.1868322856256483,-0.1795639723941208,-0.00726831323152749,Ниже,41.10999852457752,Красный,-4.617067513406482,Ниже
2022-09-22 16:30:00+05:00,40.38,44.97587778690493,Вниз,10.218539388336415,False,-0.2059950554626155,-0.1848501890078197,-0.021144866454795824,False,40.92249867211977,Красный,-4.5958777869049285,Ниже
2022-09-22 17:00:00+05:00,40.285,44.9292023860402,Вниз,10.33671229267847,False,-0.2262394471529774,-0.1931280406368513,-0.033111406516126096,False,40.92249867211977,Красный,-4.644202386040206,Ниже
2022-09-22 17:30:00+05:00,40.63,44.88642425284576,Вниз,9.482653884099268,False,-0.2120008429542252,-0.1969026011003261,-0.015098241853899103,False,40.92249867211977,Красный,-4.256424252845754,Ниже
2022-09-22 18:00:00+05:00,40.325,44.8410369468473,Вниз,10.07121434814368,False,-0.2227597616822123,-0.2020740332167033,-0.02068572846550898,False,40.92249867211977,Красный,-4.516036946847294,Ниже
2022-09-22 18:30:00+05:00,40.505,44.79789230061002,Вниз,9.582799725940596,False,-0.2142915668203073,-0.2045175399374242,-0.009774026882883119,False,40.92249867211977,Красный,-4.292892300610021,Ниже
2022-09-22 19:00:00+05:00,40.485,44.754977949360175,Вниз,9.540788857479974,False,-0.2068103136741328,-0.2049760946847659,-0.0018342189893668925,False,40.92249867211977,Красный,-4.269977949360175,Ниже
2022-09-22 19:30:00+05:00,40.41,44.71174433792376,Вниз,9.621061315371444,False,-0.2045750262955223,-0.2048958810069172,0.00032085471139489674,Ниже,40.92249867211977,Красный,-4.301744337923765,Ниже
2022-09-22 20:00:00+05:00,40.345,44.66829414550661,Вниз,9.678664090962402,False,-0.2056775786194506,-0.2050522205294239,-0.0006253580900267008,Ниже,40.92249867211977,Красный,-4.323294145506608,Ниже
2022-09-22 20:30:00+05:00,40.34,44.62522654206873,Вниз,9.602699804849154,False,-0.2045963580342729,-0.2049610480303937,0.00036468999612079833,Ниже,40.89191045101611,Красный,-4.285226542068727,Ниже
2022-09-22 21:00:00+05:00,40.475,44.58393075558049,Вниз,9.216169785716305,False,-0.1906484346922141,-0.2020985253627578,0.0114500906705437,False,40.872469405914494,Красный,-4.108930755580488,Ниже
2022-09-22 21:30:00+05:00,40.3,44.54130457890805,Вниз,9.52218310398673,False,-0.1915080567496687,-0.19998043164014,0.008472374890471313,False,40.86097246532304,Красный,-4.24130457890805,Ниже
2022-09-22 22:00:00+05:00,40.35,44.49960005573483,Вниз,9.325027754266422,False,-0.1860105178288762,-0.1971864488778873,0.0111759310490111,False,40.810875218790734,Красный,-4.14960005573483,Ниже
2022-09-22 22:30:00+05:00,40.355,44.45836025418524,Вниз,9.229670709231694,False,-0.1791846908359033,-0.1935860972694905,0.0144014064335872,False,40.73928769691166,Красный,-4.10336025418524,Ниже
2022-09-22 23:00:00+05:00,40.325,44.41723229145703,Вниз,9.213163631188493,False,-0.1741879922991103,-0.1897064762754145,0.015518483976304204,False,40.70910892722049,Красный,-4.09223229145703,Ниже
2022-09-22 23:30:00+05:00,40.395,44.37721007960173,Вниз,8.973547621535083,False,-0.1627041060688725,-0.1843060022341061,0.021601896165233586,False,40.70910892722049,Красный,-3.982210079601728,Ниже
2022-09-23 00:00:00+05:00,40.305,44.33669057632212,Вниз,9.093350279227275,False,-0.1590320686398456,-0.179251215515254,0.020219146875408406,False,40.70910892722049,Красный,-4.03169057632212,Ниже
2022-09-23 00:30:00+05:00,40.4,44.29751952581145,Вниз,8.798505125192015,False,-0.146764437393287,-0.1727538598908606,0.025989422497573578,False,40.708712907943735,Красный,-3.897519525811454,Ниже
2022-09-23 01:00:00+05:00,40.365,44.25838997829094,Вниз,8.796953482041884,False,-0.1382725389819512,-0.1658575957090788,0.027585056727127605,False,40.67534161714937,Красный,-3.8933899782909407,Ниже
2022-09-23 01:30:00+05:00,40.405,44.22004778945223,Вниз,8.627416703882961,False,-0.1268527036000648,-0.158056617287276,0.031203913687211204,False,40.67530745543443,Красный,-3.8150477894522297,Ниже
2022-09-23 12:00:00+05:00,39.745,44.17551995075121,Вниз,10.029355524712665,False,-0.1691094969208038,-0.1602671932139815,-0.008842303706822291,Ниже,40.32302670989098,Красный,-4.430519950751211,Ниже
2022-09-23 12:30:00+05:00,39.395,44.12795258805717,Вниз,10.725520470528464,False,-0.2282097253410882,-0.1738556996394029,-0.05435402570168529,False,40.00497403890189,Красный,-4.732952588057167,Ниже
2022-09-23 13:00:00+05:00,38.32,44.07016201504168,Вниз,13.047744215415138,False,-0.3576676282305939,-0.2106180853576411,-0.1470495428729528,False,39.465226635011696,Красный,-5.750162015041681,Ниже
2022-09-23 13:30:00+05:00,38.34,44.01314547757858,Вниз,12.889661522757159,False,-0.4534233341613358,-0.2591791351183801,-0.1942441990429557,False,38.94295397151053,Красный,-5.673145477578579,Ниже
2022-09-23 14:00:00+05:00,38.055,43.95386044795094,Вниз,13.42057418354918,False,-0.5460134361394182,-0.3165459953225877,-0.22946744081683051,False,38.77915857435948,Красный,-5.898860447950938,Ниже
2022-09-23 14:30:00+05:00,38.255,43.897155368866855,Вниз,12.853122990444238,False,-0.5963787475337625,-0.3725125457648227,-0.22386620176893984,False,38.73099271692352,Красный,-5.642155368866852,Ниже
2022-09-23 15:00:00+05:00,38.145,43.83991999206221,Вниз,12.990260915378823,False,-0.6378173391101427,-0.4255735044338867,-0.21224383467625602,False,38.73099271692352,Красный,-5.694919992062204,Ниже
2022-09-23 15:30:00+05:00,38.035,43.78215959413125,Вниз,13.126715647214507,False,-0.6717898272214384,-0.4748167689913971,-0.19697305823004135,False,38.66032910070805,Красный,-5.747159594131254,Ниже
2022-09-23 16:00:00+05:00,37.99,43.72452616533392,Вниз,13.115124778368479,False,-0.694340468024059,-0.5187215087979296,-0.17561895922612947,False,38.56004619063725,Красный,-5.734526165333918,Ниже
2022-09-23 16:30:00+05:00,38.0,43.66756570597737,Вниз,12.97889088697603,False,-0.7032979163107456,-0.5556367903004928,-0.14766112601025272,False,38.56004619063725,Красный,-5.667565705977367,Ниже
2022-09-23 17:00:00+05:00,37.825,43.60943072382834,Вниз,13.264173890414268,False,-0.7162611830161367,-0.5877616688436217,-0.12849951417251504,False,38.495312414416176,Красный,-5.784430723828336,Ниже
2022-09-23 17:30:00+05:00,38.05,43.55411300518328,Вниз,12.637412692868416,False,-0.7003063500016609,-0.6102706050752296,-0.0900357449264313,False,38.46828117297455,Красный,-5.504113005183285,Ниже
2022-09-23 18:00:00+05:00,38.005,43.498897950405336,Вниз,12.629970434352442,False,-0.6834151691498462,-0.624899517890153,-0.05851565125969327,False,38.46828117297455,Красный,-5.493897950405334,Ниже
2022-09-23 18:30:00+05:00,38.095,43.44512782154558,Вниз,12.314678514750081,False,-0.6552136437628135,-0.6309623430646851,-0.02425130069812842,False,38.46828117297455,Красный,-5.350127821545584,Ниже
2022-09-23 19:00:00+05:00,38.21,43.39303699745061,Вниз,11.944397894425128,False,-0.616477820240064,-0.6280654384997609,0.011587618259696897,Ниже,38.46828117297455,Красный,-5.183036997450607,Ниже
2022-09-23 19:30:00+05:00,38.21,43.341464490013294,Вниз,11.839619519999564,False,-0.5791038522921497,-0.6182731212582387,0.03916926896608908,False,38.46828117297455,Красный,-5.131464490013293,Ниже
2022-09-23 20:00:00+05:00,37.95,43.28781807717734,Вниз,12.330993601157271,False,-0.5639635201131128,-0.6074112010292135,0.04344768091610074,False,38.46828117297455,Красный,-5.337818077177339,Ниже
2022-09-23 20:30:00+05:00,37.995,43.23515322068802,Вниз,12.120121776694916,False,-0.5420847582051707,-0.5943459124644049,0.05226115425923428,False,38.40486383484677,Красный,-5.240153220688022,Ниже
2022-09-23 21:00:00+05:00,37.8,43.181072094114015,Вниз,12.46164542275806,False,-0.5343212295513027,-0.5823409758817845,0.04801974633048178,False,38.33712745136209,Красный,-5.3810720941140175,Ниже
2022-09-23 21:30:00+05:00,37.83,43.12782759566512,Вниз,12.284012181957472,False,-0.5197563996424179,-0.5698240606339112,0.05006766099149329,False,38.28366470622589,Красный,-5.297827595665119,Ниже
2022-09-23 22:00:00+05:00,37.585,43.072675082275424,Вниз,12.740502120644054,False,-0.5219662178090516,-0.5602524920689393,0.03828627425988773,False,37.9072982356033,Красный,-5.487675082275423,Ниже
2022-09-23 22:30:00+05:00,37.47,43.01692707150652,Вниз,12.894754342368373,False,-0.5269230130358054,-0.5535865962623125,0.026663583226507193,False,37.87506841204296,Красный,-5.5469270715065235,Ниже
2022-09-23 23:00:00+05:00,37.455,42.96158451358108,Вниз,12.817461404013933,False,-0.5259983025948074,-0.5480689375288116,0.022070634934004185,False,37.87506841204296,Красный,-5.506584513581082,Ниже
2022-09-23 23:30:00+05:00,37.735,42.909578697525546,Вниз,12.059262417843193,False,-0.4969433493707171,-0.5378438198971928,0.04090047052647566,False,37.87506841204296,Красный,-5.174578697525547,Ниже
2022-09-24 00:00:00+05:00,37.88,42.859533138346194,Вниз,11.618262668127455,False,-0.456949373490076,-0.5216649306157695,0.06471555712569343,False,37.29592012762068,Зелёный,-4.979533138346191,Ниже
2022-09-24 00:30:00+05:00,37.86,42.80978653995469,Вниз,11.562278021019846,False,-0.4220031032304234,-0.5017325651387002,0.07972946190827684,False,37.41257811485861,Зелёный,-4.949786539954694,Ниже
2022-09-24 01:00:00+05:00,37.665,42.7585946340845,Вниз,11.912446322602486,False,-0.4053699501411785,-0.4824600421391959,0.07709009199801742,False,37.41257811485861,Зелёный,-5.0935946340845035,Ниже
2022-09-24 01:30:00+05:00,37.63,42.70756384170555,Вниз,11.889144181872332,False,-0.3905106997135235,-0.4640701736540614,0.07355947394053791,False,37.41257811485861,Зелёный,-5.0775638417055475,Ниже
2022-09-26 12:00:00+05:00,36.755,42.648334350743305,Вниз,13.818439665840287,False,-0.4442191422592216,-0.4600999673750935,0.01588082511587191,False,37.20773055426808,Красный,-5.893334350743302,Ниже
2022-09-26 12:30:00+05:00,36.31,42.58526634725333,Вниз,14.735768695404841,False,-0.5167346554530425,-0.4714269049906833,-0.04530775046235924,Ниже,37.20773055426808,Красный,-6.2752663472533285,Ниже
2022-09-26 13:00:00+05:00,36.11,42.52083583633539,Вниз,15.07692807594607,False,-0.5836145058988791,-0.4938644251723225,-0.0897500807265566,False,37.20773055426808,Красный,-6.410835836335387,Ниже
2022-09-26 13:30:00+05:00,34.805,42.4440613504017,Вниз,17.99795096736048,False,-0.7334649356681382,-0.5417845272714857,-0.19168040839665246,False,36.20359057406144,Красный,-7.639061350401697,Ниже
2022-09-26 14:00:00+05:00,34.19,42.36193138671612,Вниз,19.290743172485953,False,-0.8915703728301736,-0.6117416963832234,-0.2798286764469502,False,35.86273151665528,Красный,-8.171931386716125,Ниже
2022-09-26 14:30:00+05:00,32.265,42.261464407743816,Вниз,23.653852387358597,False,-1.1588430615146166,-0.7211619694095021,-0.4376810921051145,False,34.72195836498975,Красный,-9.996464407743815,Ниже
2022-09-26 15:00:00+05:00,34.285,42.18209660269165,Вниз,18.721441651119207,False,-1.1938989508085245,-0.8157093656893066,-0.37818958511921785,False,34.72195836498975,Красный,-7.897096602691654,Ниже
2022-09-26 15:30:00+05:00,34.99,42.110533452416114,Вниз,16.909150439668835,False,-1.1515193888500903,-0.8828713703214633,-0.26864801852862696,False,33.1858887243583,Зелёный,-7.120533452416112,Ниже
2022-09-26 16:00:00+05:00,34.34,42.03321471159605,Вниз,18.302703622318134,False,-1.1570451521151384,-0.9377061266801984,-0.21933902543494,False,33.1858887243583,Зелёный,-7.693214711596049,Ниже
2022-09-26 16:30:00+05:00,34.625,41.95950113237619,Вниз,17.47995313203771,False,-1.125453711344278,-0.9752556436130144,-0.15019806773126354,False,33.1858887243583,Зелёный,-7.3345011323761895,Ниже
2022-09-26 17:00:00+05:00,34.515,41.8854264942431,Вниз,17.59663709108016,False,-1.0966518279899589,-0.9995348804884032,-0.09711694750155564,False,33.1858887243583,Зелёный,-7.370426494243098,Ниже
2022-09-26 17:30:00+05:00,34.76,41.81452672813123,Вниз,16.870995034807393,False,-1.042044633589967,-1.0080368311087162,-0.03400780248125068,False,33.1858887243583,Зелёный,-7.054526728131229,Ниже
2022-09-26 18:00:00+05:00,35.37,41.750402084070224,Вниз,15.282253021713185,False,-0.9387250979935048,-0.994174484485674,0.05544938649216924,Ниже,33.48523770784634,Зелёный,-6.3804020840702265,Ниже
2022-09-26 18:30:00+05:00,35.09,41.68412942651729,Вниз,15.81928066445941,False,-0.8694152043154375,-0.9692226284516268,0.09980742413618926,False,33.48523770784634,Зелёный,-6.594129426517284,Ниже
2022-09-26 19:00:00+05:00,34.99,41.61752117351712,Вниз,15.92483402816041,False,-0.8131819234643558,-0.9380144874541724,0.12483256398981657,False,33.48523770784634,Зелёный,-6.627521173517117,Ниже
2022-09-26 19:30:00+05:00,34.415,41.54585429616869,Вниз,17.16381674410843,False,-0.8057264250942566,-0.9115568749821894,0.10583044988793278,False,33.48523770784634,Зелёный,-7.1308542961686925,Ниже
2022-09-26 20:00:00+05:00,34.25,41.473258731032686,Вниз,17.416665466000207,False,-0.8038655483074919,-0.89001860964725,0.08615306133975809,False,33.48523770784634,Зелёный,-7.223258731032686,Ниже
2022-09-26 20:30:00+05:00,33.925,41.39815167898261,Вниз,18.051896946830716,False,-0.8191726613855792,-0.875849419994916,0.05667675860933674,False,33.48523770784634,Зелёный,-7.47315167898261,Ниже
2022-09-26 21:00:00+05:00,33.78,41.32234917471413,Вниз,18.25246948769656,False,-0.833397064379696,-0.867358948871872,0.033961884492176075,False,33.48523770784634,Зелёный,-7.542349174714126,Ниже
2022-09-26 21:30:00+05:00,33.735,41.24685316302544,Вниз,18.211942456156212,False,-0.838633880806654,-0.8616139352588285,0.022980054452174437,False,33.48523770784634,Зелёный,-7.511853163025442,Ниже
2022-09-26 22:00:00+05:00,33.725,41.17200885294558,Вниз,18.087552831206573,False,-0.8339774391946548,-0.8560866360459938,0.02210919685133894,False,33.48523770784634,Зелёный,-7.447008852945579,Ниже
2022-09-26 22:30:00+05:00,34.385,41.10447642654812,Вниз,16.347310586854274,False,-0.7681756409038272,-0.8385044370175605,0.07032879611373333,False,33.48523770784634,Зелёный,-6.71947642654812,Ниже
2022-09-26 23:00:00+05:00,34.045,41.0342328800153,Вниз,17.03268804963875,False,-0.734989894198435,-0.8178015284537354,0.08281163425530047,False,33.48523770784634,Зелёный,-6.989232880015301,Ниже
2022-09-26 23:30:00+05:00,33.975,40.96399175683108,Вниз,17.06130544679061,False,-0.7061977576720082,-0.79548077429739,0.08928301662538174,False,33.48523770784634,Зелёный,-6.988991756831076,Ниже
2022-09-27 00:00:00+05:00,33.8,40.89270825676311,Вниз,17.34467722760835,False,-0.6895520922148677,-0.7742950378808856,0.08474294566601792,False,33.48523770784634,Зелёный,-7.09270825676311,Ниже
2022-09-27 00:30:00+05:00,34.1,40.82511911987989,Вниз,16.472993257244603,False,-0.6447208489967124,-0.748380200104051,0.1036593511073386,False,33.48523770784634,Зелёный,-6.725119119879892,Ниже
2022-09-27 01:00:00+05:00,33.9,40.75621246197064,Вниз,16.82249661537644,False,-0.61820382540418,-0.7223449251640769,0.10414109975989694,False,33.48523770784634,Зелёный,-6.856212461970642,Ниже
2022-09-27 01:30:00+05:00,33.8,40.68699641757293,Вниз,16.926775195915912,False,-0.5983605297074206,-0.6975480460727457,0.09918751636532508,False,33.48523770784634,Зелёный,-6.886996417572931,Ниже
2022-09-27 12:00:00+05:00,34.76,40.62802132884086,Вниз,14.443286029967926,False,-0.4994136680679872,-0.657921170471794,0.1585075024038068,False,33.89472314663804,Зелёный,-5.868021328840861,Ниже
2022-09-27 12:30:00+05:00,35.085,40.57286688775787,Вниз,13.525952955061532,False,-0.3902739483440101,-0.6043917260462373,0.21411777770222717,False,33.89472314663804,Зелёный,-5.487866887757868,Ниже
2022-09-27 13:00:00+05:00,34.535,40.51278861026774,Вниз,14.755312619365595,False,-0.344192698436693,-0.5523519205243284,0.20815922208763538,False,33.89472314663804,Зелёный,-5.977788610267744,Ниже
2022-09-27 13:30:00+05:00,34.59,40.45385539026508,Вниз,14.49517069187965,False,-0.2997792667607371,-0.5018373897716101,0.202058123010873,False,33.89472314663804,Зелёный,-5.86385539026508,Ниже
2022-09-27 14:00:00+05:00,33.84,40.38804588389428,Вниз,16.212831645082062,False,-0.3213951904703407,-0.4657489499113562,0.14435375944101547,False,35.352587393490786,Красный,-6.548045883894275,Ниже
2022-09-27 14:30:00+05:00,33.805,40.32254293977593,Вниз,16.163521605049212,False,-0.3374601427730752,-0.4400911884837,0.10263104571062481,False,34.902078654141704,Красный,-6.517542939775929,Ниже
2022-09-27 15:00:00+05:00,33.555,40.25520420405677,Вниз,16.64431801188465,False,-0.3661439641752437,-0.4253017436220088,0.05915777944676509,False,34.77712078872754,Красный,-6.700204204056767,Ниже
2022-09-27 15:30:00+05:00,33.495,40.18793849058356,Вниз,16.654097577440524,False,-0.3892307876193897,-0.418087552421485,0.028856764802095314,False,34.60490870985478,Красный,-6.692938490583565,Ниже
2022-09-27 16:00:00+05:00,32.995,40.11636696331408,Вниз,17.751774406257883,False,-0.4427691160999103,-0.42302386515717,-0.019745250942740322,Ниже,34.2094178388693,Красный,-7.121366963314081,Ниже
2022-09-27 16:30:00+05:00,32.53,40.04088072487315,Вниз,18.75803076481141,False,-0.5167633151533053,-0.4417717551563971,-0.07499155999690821,False,33.79947605498237,Красный,-7.510880724873147,Ниже
2022-09-27 17:00:00+05:00,32.08,39.96166798134208,Вниз,19.723070581092855,False,-0.6047443734982352,-0.4743662788247647,-0.1303780946734705,False,33.155278449484136,Красный,-7.881667981342083,Ниже
2022-09-27 17:30:00+05:00,32.7,39.889412578542654,Вниз,18.023360370089748,False,-0.6173250388853049,-0.5029580308368728,-0.11436700804843203,False,33.155278449484136,Красный,-7.189412578542651,Ниже
2022-09-27 18:00:00+05:00,32.135,39.8122542444278,Вниз,19.283646179121654,False,-0.6652178674491367,-0.5354099981593257,-0.12980786928981103,False,33.155278449484136,Красный,-7.6772542444278,Ниже
2022-09-27 18:30:00+05:00,32.345,39.73795320716981,Вниз,18.604262702277076,False,-0.6784077716806323,-0.564009552863587,-0.11439821881704526,False,33.155278449484136,Красный,-7.3929532071698105,Ниже
2022-09-27 19:00:00+05:00,32.265,39.663595463814886,Вниз,18.653365579438272,False,-0.6873923659169279,-0.5886861154742552,-0.09870625044267267,False,33.155278449484136,Красный,-7.398595463814885,Ниже
2022-09-27 19:30:00+05:00,33.095,39.59823630497096,Вниз,16.42304534698324,False,-0.6203872204790741,-0.5950263364752191,-0.025360884003855055,False,33.155278449484136,Красный,-6.503236304970962,Ниже
2022-09-27 20:00:00+05:00,32.85,39.53108967507075,Вниз,16.900848749646297,False,-0.580364531369888,-0.5920939754541529,0.011729444084264906,Ниже,33.155278449484136,Красный,-6.681089675070751,Ниже
2022-09-27 20:30:00+05:00,32.85,39.4646111708412,Вниз,16.76086745719281,False,-0.5423938828499217,-0.5821539569333067,0.039760074083385,False,33.155278449484136,Красный,-6.614611170841201,Ниже
2022-09-27 21:00:00+05:00,32.935,39.39963991540994,Вниз,16.407865476155017,False,-0.4996830456009462,-0.5656597746668346,0.06597672906588842,False,33.155278449484136,Красный,-6.46463991540994,Ниже
2022-09-27 21:30:00+05:00,32.91,39.33506638391333,Вниз,16.334194840817556,False,-0.4625200472366444,-0.5450318291807965,0.0825117819441521,False,33.155278449484136,Красный,-6.425066383913332,Ниже
2022-09-27 22:00:00+05:00,32.98,39.27183189253111,Вниз,16.021233513498824,False,-0.4225488086636204,-0.5205352250773613,0.0979864164137409,False,33.155278449484136,Красный,-6.291831892531114,Ниже
2022-09-27 22:30:00+05:00,33.465,39.21405247071488,Вниз,14.660694594133778,False,-0.3477274814777615,-0.4859736763574414,0.13824619487967987,False,32.2971252599102,Зелёный,-5.749052470714879,Ниже
2022-09-27 23:00:00+05:00,33.47,39.1568977197625,Вниз,14.523361274589227,False,-0.2847452167996422,-0.4457279844458816,0.16098276764623937,False,32.535912733919176,Зелёный,-5.686897719762499,Ниже
2022-09-27 23:30:00+05:00,34.1,39.106580329516106,Вниз,12.802398694363298,False,-0.181898767643851,-0.3929621410854755,0.2110633734416245,False,32.965821460527266,Зелёный,-5.006580329516105,Ниже
2022-09-28 00:00:00+05:00,33.995,39.05571883370003,Вниз,12.957689641429118,False,-0.1076242132608911,-0.3358945555205587,0.22827034225966758,False,33.211989314474536,Зелёный,-5.0607188337000295,Ниже
2022-09-28 00:30:00+05:00,34.145,39.00685595973287,Вниз,12.464106219562536,False,-0.0362395998467732,-0.2759635643858016,0.23972396453902842,False,33.211989314474536,Зелёный,-4.861855959732864,Ниже
2022-09-28 01:00:00+05:00,34.07,38.95773301485991,Вниз,12.546245986632618,False,0.0141185969859094,-0.2179471321114593,0.2320657290973687,False,33.34383634472437,Зелёный,-4.887733014859911,Ниже
2022-09-28 01:30:00+05:00,34.765,38.91601427839364,Вниз,10.666596657865608,False,0.1088537244532616,-0.1525869607985152,0.26144068525177677,False,33.543702710251935,Зелёный,-4.151014278393639,Ниже
2022-09-28 12:00:00+05:00,34.335,38.87043204676784,Вниз,11.668077270947053,False,0.1475339100820605,-0.0925627866224,0.2400966967044605,False,33.543702710251935,Зелёный,-4.535432046767838,Ниже
2022-09-28 12:30:00+05:00,34.155,38.82351232490946,Вниз,12.024961280780627,False,0.161798626343014,-0.0416905040293172,0.2034891303723312,False,33.543702710251935,Зелёный,-4.668512324909457,Ниже
2022-09-28 13:00:00+05:00,34.055,38.77606444107952,Вниз,12.175202690446339,False,0.1631536191247491,-0.0007216793985039,0.163875298523253,False,33.543702710251935,Зелёный,-4.72106444107952,Ниже
2022-09-28 13:30:00+05:00,33.94,38.72794439688967,Вниз,12.36302228649709,False,0.1531821334793903,0.0300590831770748,0.1231230503023155,False,33.543702710251935,Зелёный,-4.787944396889671,Ниже
2022-09-28 14:00:00+05:00,34.25,38.6833877362241,Вниз,11.460701855935339,False,0.1683533953415192,0.0577179456099637,0.1106354497315555,False,33.543702710251935,Зелёный,-4.433387736224098,Ниже
2022-09-28 14:30:00+05:00,33.715,38.633951042331326,Вниз,12.732197742192131,False,0.1356430917253419,0.0733029748330394,0.0623401168923025,False,33.543702710251935,Зелёный,-4.918951042331322,Ниже
2022-09-28 15:00:00+05:00,33.395,38.58182217623848,Вниз,13.443694163913555,False,0.0829425052257661,0.0752308809115847,0.007711624314181403,False,34.5475615736649,Красный,-5.186822176238479,Ниже
2022-09-28 15:30:00+05:00,33.25,38.52876921926098,Вниз,13.700850886827865,False,0.0291407066266558,0.0660128460545989,-0.036872139427943096,Выше,34.39255541629841,Красный,-5.27876921926098,Ниже
2022-09-28 16:00:00+05:00,33.505,38.478781465835496,Вниз,12.92603683474647,False,0.0069980928338893,0.054209895410457,-0.0472118025765677,False,34.31079987466856,Красный,-4.9737814658354935,Ниже
2022-09-28 16:30:00+05:00,33.8,38.43222642637445,Вниз,12.052974436046583,False,0.0131029043314754,0.0459884971946607,-0.0328855928631853,False,34.31079987466856,Красный,-4.6322264263744515,Ниже
2022-09-28 17:00:00+05:00,33.955,38.38767690969411,Вниз,11.547135087444476,False,0.0301012278201113,0.0428110433197508,-0.012709815499639503,False,34.31079987466856,Красный,-4.432676909694109,Ниже
2022-09-28 17:30:00+05:00,34.07,38.34471495039367,Вниз,11.148120297474751,False,0.0522497578716638,0.0446987862301334,0.007550971641530395,Выше,34.31079987466856,Красный,-4.2747149503936726,Ниже
2022-09-28 18:00:00+05:00,33.72,38.29869788621065,Вниз,11.95523121912507,False,0.0410869280502623,0.0439764145941592,-0.0028894865438968964,Выше,34.31079987466856,Красный,-4.578697886210648,Ниже
2022-09-28 18:30:00+05:00,33.74,38.2533377082384,Вниз,11.798546162591153,False,0.0334683357052938,0.0418747988163861,-0.008406463111092305,False,34.31079987466856,Красный,-4.513337708238396,Ниже
2022-09-28 19:00:00+05:00,33.77,38.20872738278329,Вниз,11.617051094937432,False,0.0295111099568927,0.0394020610444874,-0.0098909510875947,False,34.31079987466856,Красный,-4.438727382783284,Ниже
2022-09-28 19:30:00+05:00,33.75,38.16436193618843,Вниз,11.566712273532383,False,0.0244789688724509,0.0364174426100801,-0.011938473737629199,False,34.31079987466856,Красный,-4.414361936188428,Ниже
2022-09-28 20:00:00+05:00,33.8,38.12093544926118,Вниз,11.334809595667801,False,0.0242460495741312,0.0339831640028903,-0.009737114428759103,False,34.31079987466856,Красный,-4.320935449261185,Ниже
2022-09-28 20:30:00+05:00,33.7,38.07694604180585,Вниз,11.495002873918148,False,0.0158100467099302,0.0303485405442983,-0.014538493834368102,False,34.31079987466856,Красный,-4.376946041805844,Ниже
2022-09-28 21:00:00+05:00,33.83,38.03468787223565,Вниз,11.054876765019984,False,0.0193908416543919,0.028157000766317,-0.0087661591119251,False,34.31079987466856,Красный,-4.204687872235652,Ниже
2022-09-28 21:30:00+05:00,33.475,37.98931784365619,Вниз,11.88312425675743,False,-0.0063437587925889,0.0212568488545358,-0.0276006076471247,False,34.16786906866852,Красный,-4.514317843656187,Ниже
2022-09-28 22:00:00+05:00,33.54,37.945046024316326,Вниз,11.609014840813321,False,-0.0212487163075465,0.0127557358221193,-0.034004452129665796,False,34.12483216180167,Красный,-4.405046024316327,Ниже
2022-09-28 22:30:00+05:00,33.83,37.90410029273109,Вниз,10.748442150762205,False,-0.0095503358271571,0.008294521492264,-0.0178448573194211,False,34.12483216180167,Красный,-4.074100292731089,Ниже
2022-09-28 23:00:00+05:00,33.84,37.8636614838482,Вниз,10.626709953987412,False,0.0005216185187606,0.0067399408975633,-0.0062183223788027,False,34.12483216180167,Красный,-4.023661483848194,Ниже
2022-09-28 23:30:00+05:00,33.83,37.82352554868553,Вниз,10.558311238187363,False,0.0076090856727475,0.0069137698526002,0.0006953158201473001,Выше,34.12483216180167,Красный,-3.9935255486855326,Ниже
2022-09-29 00:00:00+05:00,33.87,37.784186986012045,Вниз,10.35932568156384,False,0.0162661145179257,0.0087842387856653,0.0074818757322604006,False,34.12483216180167,Красный,-3.914186986012048,Ниже
2022-09-29 00:30:00+05:00,34.0,37.74653338416118,Вниз,9.925503213848149,False,0.0332336885189334,0.0136741287323189,0.0195595597866145,False,34.12483216180167,Красный,-3.7465333841611823,Ниже
2022-09-29 01:00:00+05:00,34.125,37.71049822610983,Вниз,9.507957716738188,False,0.0561201503314734,0.0221633330521498,0.0339568172793236,False,33.520995586099964,Зелёный,-3.585498226109827,Ниже
2022-09-29 01:30:00+05:00,34.195,37.67551814425799,Вниз,9.238142740150867,False,0.078995638642354,0.0335297941701906,0.0454658444721634,False,33.64439602748997,Зелёный,-3.480518144257992,Ниже
2022-09-29 12:00:00+05:00,33.93,37.63824930700169,Вниз,9.852342697331204,False,0.07487819343131,0.0417994740224145,0.0330787194088955,False,33.64439602748997,Зелёный,-3.7082493070016938,Ниже
2022-09-29 12:30:00+05:00,33.87,37.60075428902158,Вниз,9.922019809349578,False,0.0660126372866827,0.0466421066752682,0.019370530611414506,False,33.64439602748997,Зелёный,-3.730754289021583,Ниже
2022-09-29 13:00:00+05:00,33.725,37.56218956972784,Вниз,10.215564144908933,False,0.0467474564065781,0.0466631766215302,8.427978504789435e-05,False,33.64439602748997,Зелёный,-3.8371895697278404,Ниже
2022-09-29 13:30:00+05:00,33.915,37.52589912624796,Вниз,9.622418677031163,False,0.0462776143334835,0.0465860641639208,-0.0003084498304372976,Выше,33.64439602748997,Зелёный,-3.6108991262479577,Ниже
2022-09-29 14:00:00+05:00,33.765,37.48847724439474,Вниз,9.932324591688955,False,0.0334163122610249,0.0439521137833416,-0.010535801522316701,False,33.64439602748997,Зелёный,-3.7234772443947364,Ниже
2022-09-29 14:30:00+05:00,33.47,37.44849239619182,Вниз,10.623905374082284,False,-0.0005737826648157,0.0350469344937101,-0.0356207171585258,False,34.11195569325471,Красный,-3.978492396191818,Ниже
2022-09-29 15:00:00+05:00,33.045,37.40467655145359,Вниз,11.65543176254031,False,-0.0611007939866041,0.0158173887976473,-0.0769181827842514,False,33.76776012392924,Красный,-4.359676551453589,Ниже
2022-09-29 15:30:00+05:00,33.345,37.36428175989684,Вниз,10.757015980461707,False,-0.0838943123271889,-0.0041249514273199,-0.079769360899869,False,33.76776012392924,Красный,-4.019281759896842,Ниже
2022-09-29 16:00:00+05:00,32.875,37.31961228964912,Вниз,11.90958859688333,False,-0.1382892989207818,-0.0309578209260123,-0.1073314779947695,False,33.64893570038268,Красный,-4.444612289649122,Ниже
2022-09-29 16:30:00+05:00,32.695,37.27359624696605,Вниз,12.283752328670817,False,-0.1936894815918819,-0.0635041530591862,-0.1301853285326957,False,33.49529213034441,Красный,-4.57859624696605,Ниже
2022-09-29 17:00:00+05:00,33.135,37.23241618480718,Вниз,11.004969874824146,False,-0.1997871804755959,-0.0907607585424681,-0.10902642193312781,False,33.49529213034441,Красный,-4.09741618480718,Ниже
2022-09-29 17:30:00+05:00,32.705,37.18736726754542,Вниз,12.053467607149814,False,-0.2365897972024342,-0.1199265662744614,-0.1166632309279728,False,33.49529213034441,Красный,-4.4823672675454205,Ниже
2022-09-29 18:00:00+05:00,33.215,37.14784122508228,Вниз,10.586998047215776,False,-0.2220438154675932,-0.1403500161130877,-0.08169379935450549,False,33.49529213034441,Красный,-3.932841225082278,Ниже
2022-09-29 18:30:00+05:00,33.35,37.1100517601561,Вниз,10.132165226978058,False,-0.1973477464107489,-0.15174956217262,-0.04559818423812889,False,33.49529213034441,Красный,-3.760051760156095,Ниже
2022-09-29 19:00:00+05:00,33.17,37.07084726503017,Вниз,10.52268171035284,False,-0.19010897154957,-0.15942144404801,-0.03068752750155998,False,33.49529213034441,Красный,-3.9008472650301655,Ниже
2022-09-29 19:30:00+05:00,33.16,37.03193336189554,Вниз,10.455660859121162,False,-0.1830688035352565,-0.1641509159454593,-0.018917887589797205,False,33.49529213034441,Красный,-3.871933361895543,Ниже
2022-09-29 20:00:00+05:00,33.24,36.99420268167768,Вниз,10.148083779454018,False,-0.1690849818313324,-0.1651377291226339,-0.003947252708698501,False,33.49529213034441,Красный,-3.7542026816776755,Ниже
2022-09-29 20:30:00+05:00,33.4,36.95843947091472,Вниз,9.628218944999329,False,-0.1434385690224857,-0.1607978971026043,0.017359328080118613,Ниже,33.49529213034441,Красный,-3.5584394709147205,Ниже
2022-09-29 21:00:00+05:00,33.5,36.9240271378708,Вниз,9.273168186898493,False,-0.1137333901093242,-0.1513849957039483,0.037651605594624105,False,32.70791005648912,Зелёный,-3.4240271378708016,Ниже
2022-09-29 21:30:00+05:00,33.415,36.889111444956654,Вниз,9.417715170885806,False,-0.0959446215578765,-0.140296920874734,0.044352299316857496,False,32.7378690508402,Зелёный,-3.4741114449566552,Ниже
2022-09-29 22:00:00+05:00,33.065,36.85106058480783,Вниз,10.273952838059351,False,-0.1088343940995315,-0.1340044155196935,0.025170021420162003,False,32.7378690508402,Зелёный,-3.786060584807835,Ниже
2022-09-29 22:30:00+05:00,33.295,36.81567689739681,Вниз,9.562982930366148,False,-0.0993453623974147,-0.1270726048952377,0.02772724249782299,False,32.7378690508402,Зелёный,-3.520676897396811,Ниже
2022-09-29 23:00:00+05:00,33.245,36.780147774039634,Вниз,9.611564901147117,False,-0.0947673989567547,-0.1206115637075411,0.025844164750786394,False,32.7378690508402,Зелёный,-3.535147774039636,Ниже
2022-09-29 23:30:00+05:00,33.185,36.744375159372574,Вниз,9.686857223546129,False,-0.0948870298912041,-0.1154666569442737,0.020579627053069607,False,32.7378690508402,Зелёный,-3.5593751593725713,Ниже
2022-09-30 00:00:00+05:00,33.24,36.7095057548017,Вниз,9.45124616489252,False,-0.0895119597698581,-0.1102757175093906,0.0207637577395325,False,32.7378690508402,Зелёный,-3.4695057548016948,Ниже
2022-09-30 00:30:00+05:00,33.04,36.672993259729054,Вниз,9.906454141877962,False,-0.1002350591360965,-0.1082675858347318,0.0080325266986353,False,32.7378690508402,Зелёный,-3.632993259729055,Ниже
2022-09-30 01:00:00+05:00,33.155,36.63798835167205,Вниз,9.506494511217058,False,-0.0983202787633672,-0.1062781244204589,0.007957845657091706,False,32.7378690508402,Зелёный,-3.4829883516720486,Ниже
2022-09-30 01:30:00+05:00,33.14,36.60318249742656,Вниз,9.461424556922182,False,-0.0968962168899949,-0.1044017429143661,0.007505526024371198,False,32.7378690508402,Зелёный,-3.4631824974265584,Ниже
2022-09-30 12:00:00+05:00,33.27,36.57001650242729,Вниз,9.023831045327134,False,-0.0843058981357529,-0.1003825739586435,0.0160766758228906,False,32.7378690508402,Зелёный,-3.3000165024272903,Ниже
2022-09-30 12:30:00+05:00,32.695,36.53145912429369,Вниз,10.501795483286394,False,-0.1193498831786072,-0.1041760358026362,-0.015173847375971009,Ниже,33.26817973839847,Красный,-3.8364591242936896,Ниже
2022-09-30 13:00:00+05:00,32.835,36.49467843648977,Вниз,10.027978306093482,False,-0.1342777930192582,-0.1101963872459606,-0.024081405773297607,False,33.26817973839847,Красный,-3.65967843648977,Ниже
2022-09-30 13:30:00+05:00,32.5,36.4549303923456,Вниз,10.84882168140421,False,-0.1711668643414867,-0.1223904826650658,-0.0487763816764209,False,33.26817973839847,Красный,-3.9549303923456023,Ниже
2022-09-30 14:00:00+05:00,32.605,36.41662262724763,Вниз,10.466710947532238,False,-0.1897418704846387,-0.1358607602289804,-0.05388111025565831,False,33.26817973839847,Красный,-3.8116226272476297,Ниже
2022-09-30 14:30:00+05:00,32.585,36.37849702896656,Вниз,10.42785529579731,False,-0.2037280790528228,-0.1494342239937489,-0.054293855059073914,False,33.26817973839847,Красный,-3.7934970289665557,Ниже
2022-09-30 15:00:00+05:00,32.325,36.33816372519575,Вниз,11.043936494823878,False,-0.2331049879987929,-0.1661683767947577,-0.06693661120403518,False,33.26817973839847,Красный,-4.013163725195746,Ниже
2022-09-30 15:30:00+05:00,31.03,36.28534617569132,Вниз,14.48338442258556,False,-0.3567694609564782,-0.2042885936271018,-0.1524808673293764,False,32.50459802835422,Красный,-5.255346175691322,Ниже
2022-09-30 16:00:00+05:00,31.665,36.23937258190335,Вниз,12.62265943364492,False,-0.3989365612970417,-0.2432181871610898,-0.15571837413595188,False,32.3958882255188,Красный,-4.574372581903354,Ниже
2022-09-30 16:30:00+05:00,31.25,36.189727083575946,Вниз,13.649528420505144,False,-0.4605325907798487,-0.2866810678848416,-0.1738515228950071,False,32.393299402966925,Красный,-4.939727083575946,Ниже
2022-09-30 17:00:00+05:00,32.15,36.14953079418713,Вниз,11.063852576560295,False,-0.4317484817902581,-0.3156945506659249,-0.11605393112433321,False,32.393299402966925,Красный,-3.9995307941871303,Ниже
2022-09-30 17:30:00+05:00,32.155,36.10978421912059,Вниз,10.952112577362016,False,-0.4038777584304398,-0.3333311922188279,-0.07054656621161193,False,32.393299402966925,Красный,-3.95478421912059,Ниже
2022-09-30 18:00:00+05:00,33.255,36.08137840599502,Вниз,7.833343765839625,False,-0.2896898383231061,-0.3246029214396836,0.03491308311657754,Ниже,31.590047235237115,Зелёный,-2.8263784059950154,Ниже
2022-09-30 18:30:00+05:00,33.065,36.05136469051248,Вниз,8.283638403564769,False,-0.2120817546113969,-0.3020986880740263,0.0900169334626294,False,31.806292511713405,Зелёный,-2.986364690512481,Ниже
2022-09-30 19:00:00+05:00,32.495,36.015977977174046,Вниз,9.776155403597674,False,-0.1943308997989632,-0.2805451304190137,0.08621423062005049,False,31.806292511713405,Зелёный,-3.5209779771740486,Ниже
2022-09-30 19:30:00+05:00,33.01,35.98606774854545,Вниз,8.270055426285762,False,-0.1371263166860998,-0.2518613676724309,0.1147350509863311,False,31.806292511713405,Зелёный,-2.9760677485454536,Ниже
2022-09-30 20:00:00+05:00,33.0,35.9563556316445,Вниз,8.222066946747704,False,-0.0915429388434176,-0.2197976819066283,0.1282547430632107,False,31.806292511713405,Зелёный,-2.9563556316444988,Ниже
2022-09-30 20:30:00+05:00,33.03,35.92723766516048,Вниз,8.06418153313803,False,-0.0523930794072029,-0.1863167614067432,0.1339236819995403,False,31.876763016935165,Зелёный,-2.897237665160482,Ниже
2022-09-30 21:00:00+05:00,33.18,35.89990196699968,Вниз,7.576349287805573,False,-0.0091572285166421,-0.150884854828723,0.14172762631208088,False,32.28258671524165,Зелёный,-2.7199019669996787,Ниже
2022-09-30 21:30:00+05:00,33.28,35.873833290711126,Вниз,7.230432470629646,False,0.0327985774918175,-0.1141481683646149,0.14694674585643241,False,32.28258671524165,Зелёный,-2.5938332907111246,Ниже
2022-09-30 22:00:00+05:00,33.375,35.84896927786823,Вниз,6.901089006750221,False,0.0728745100911396,-0.076743632673464,0.1496181427646036,False,32.28258671524165,Зелёный,-2.4739692778682283,Ниже
2022-09-30 22:30:00+05:00,33.19,35.8225118721183,Вниз,7.34876404400681,False,0.0886847192776016,-0.0436579622832508,0.1323426815608524,False,32.33755821541116,Зелёный,-2.6325118721183003,Ниже
2022-09-30 23:00:00+05:00,33.49,35.79930279876389,Вниз,6.450692103544613,False,0.1239926071669614,-0.0101278483932084,0.1341204555601698,False,32.45930239387004,Зелёный,-2.3093027987638877,Ниже
2022-09-30 23:30:00+05:00,33.79,35.77930973608962,Вниз,5.5599444225249,False,0.1741740850612814,0.0267325382976895,0.1474415467635919,False,32.77662215448304,Зелёный,-1.9893097360896235,Ниже
2022-10-01 00:00:00+05:00,33.87,35.76031162926286,Вниз,5.286060280626885,False,0.2178869342940217,0.064963417496956,0.1529235167970657,False,33.000959939034736,Зелёный,-1.890311629262861,Ниже
2022-10-01 00:30:00+05:00,34.935,35.75209957325029,Вниз,2.285458988432787,True,0.3346091160656144,0.1188925572106876,0.2157165588549268,False,33.52911394513126,Зелёный,-0.8170995732502888,Ниже
2022-10-01 01:00:00+05:00,33.91,35.73377022426273,Вниз,5.103772181935665,False,0.3404785278118396,0.163209751330918,0.17726877648092162,False,33.52911394513126,Зелёный,-1.8237702242627307,Ниже
2022-10-01 01:30:00+05:00,33.835,35.714876988200416,Вниз,5.263568425061338,False,0.3352140666123091,0.1976106143871963,0.13760345222511283,False,33.52911394513126,Зелёный,-1.8798769882004152,Ниже
2022-10-03 12:00:00+05:00,33.695,35.69477870971087,Вниз,5.602440418454875,False,0.3161012942581251,0.2213087503613821,0.09479254389674302,False,33.52911394513126,Зелёный,-1.999778709710867,Ниже
2022-10-03 12:30:00+05:00,33.225,35.670203797176434,Вниз,6.8550317544582935,False,0.260031728519003,0.2290533459929063,0.03097838252609672,False,34.46938234059938,Красный,-2.4452037971764327,Ниже
2022-10-03 13:00:00+05:00,33.645,35.650052515612494,Вниз,5.62426244599332,False,0.2466435305351311,0.2325713829013512,0.014072147633779897,False,34.46938234059938,Красный,-2.0050525156124905,Ниже
2022-10-03 13:30:00+05:00,33.9,35.632639057745706,Вниз,4.8625055667019765,True,0.2536853294875456,0.2367941722185901,0.016891157268955487,False,34.46938234059938,Красный,-1.7326390577457076,Ниже
2022-10-03 14:00:00+05:00,34.045,35.61684165418605,Вниз,4.413197749108409,True,0.2678783590999742,0.243011009594867,0.024867349505107217,False,34.46938234059938,Красный,-1.571841654186045,Ниже
2022-10-03 14:30:00+05:00,34.5,35.60572880190559,Вниз,3.105480042431863,True,0.3122418055587204,0.2568571687876377,0.055384636771082685,False,33.17678749633275,Зелёный,-1.1057288019055918,Ниже
2022-10-03 15:00:00+05:00,34.795,35.597661848652805,Вниз,2.2548162069334907,True,0.3669739438889792,0.278880523807906,0.08809342008107318,False,33.62910874669947,Зелёный,-0.8026618486528037,Ниже
2022-10-03 15:30:00+05:00,34.785,35.58957566110402,Вниз,2.2607059684146456,True,0.404875488804258,0.3040795168071764,0.10079597199708162,False,33.73469787202952,Зелёный,-0.8045756611040247,Ниже
2022-10-03 16:00:00+05:00,34.905,35.582763962983584,Вниз,1.9047535590227187,True,0.4395291152899645,0.3311694365037341,0.10835967878623043,False,33.839978084826576,Зелёный,-0.6777639629835832,Ниже
2022-10-03 16:30:00+05:00,34.725,35.57422899817777,Вниз,2.3872028209557876,True,0.4473115392854367,0.3543978570600746,0.09291368222536212,False,33.839978084826576,Зелёный,-0.8492289981777716,Ниже
2022-10-03 17:00:00+05:00,34.875,35.56727149570835,Вниз,1.946372230976106,True,0.4602771245891759,0.3755737105658949,0.08470341402328102,False,33.920007248709524,Зелёный,-0.6922714957083471,Ниже
2022-10-03 17:30:00+05:00,35.235,35.563965311671446,Вниз,0.9249961549239442,True,0.4939079720540533,0.3992405628635266,0.09466740919052669,False,34.060506523838576,Зелёный,-0.32896531167144616,Ниже
2022-10-03 18:00:00+05:00,34.845,35.55681142797322,Вниз,2.0018989312782653,True,0.4835172346313356,0.4160958972170885,0.0674213374142471,False,34.16120587145471,Зелёный,-0.7118114279732239,Ниже
2022-10-03 18:30:00+05:00,35.44,35.555649125207324,Вниз,0.3252623086702042,True,0.5173305630365448,0.4363428303809798,0.08098773265556497,False,34.28808528430925,Зелёный,-0.11564912520732662,Ниже
2022-10-03 19:00:00+05:00,35.715,35.557234706051034,Вверх,0.44369393529390927,True,0.5598643039461919,0.4610471250940223,0.09881717885216962,False,34.729526755878325,Зелёный,0.15776529394896954,Выше
2022-10-03 19:30:00+05:00,35.68,35.55845625126446,Вверх,0.34181390743367296,True,0.584016217149518,0.4856409435051215,0.09837527364439652,False,34.80407408029049,Зелёный,0.12154374873554019,Выше
2022-10-03 20:00:00+05:00,35.59,35.55877011941108,Вверх,0.08782609883314323,True,0.5891037136233592,0.506333497528769,0.08277021609459023,False,34.80407408029049,Зелёный,0.031229880588924175,Выше
2022-10-03 20:30:00+05:00,35.46,35.55778733215326,Вниз,0.2750096096807331,True,0.5760058409048696,0.5202679662039891,0.05573787470088054,False,34.80407408029049,Зелёный,-0.09778733215325985,Ниже
2022-10-03 21:00:00+05:00,35.65,35.55870487113681,Вверх,0.25674480888445433,True,0.5743365008444599,0.5310816731320833,0.04325482771237654,False,34.80407408029049,Зелёный,0.09129512886318736,Выше
2022-10-03 21:30:00+05:00,35.76,35.56070780774241,Вверх,0.560428080720589,True,0.5752583967989011,0.5399170178654469,0.03534137893345424,False,35.022486504078586,Зелёный,0.19929219225758743,Выше
2022-10-03 22:00:00+05:00,35.64,35.5614967847798,Вверх,0.22075340555913048,True,0.5598523791358758,0.5439040901195327,0.015948289016343153,False,35.022486504078586,Зелёный,0.0785032152202021,Выше
2022-10-03 22:30:00+05:00,35.685,35.56272567249344,Вверх,0.34382721007556144,True,0.5449917968741218,0.5441216314704506,0.0008701654036712414,False,35.022486504078586,Зелёный,0.12227432750655964,Выше
2022-10-03 23:00:00+05:00,35.7,35.56409158619997,Вверх,0.38215066866144326,True,0.528334739012351,0.5409642529788307,-0.01262951396647971,Выше,35.06990016147329,Зелёный,0.13590841380003127,Выше
2022-10-03 23:30:00+05:00,35.845,35.566886694795,Вверх,0.7819444743407831,True,0.5208303804139618,0.5369374784658569,-0.01610709805189514,False,35.19341014532596,Зелёный,0.27811330520499666,Выше
2022-10-04 00:00:00+05:00,35.7,35.56821120529456,Вверх,0.3705241007054788,True,0.497448556664068,0.5290396941054992,-0.031591137441431216,False,35.22406913079336,Зелёный,0.13178879470544302,Выше
2022-10-04 00:30:00+05:00,35.595,35.568477760465754,Вверх,0.0745666983919233,True,0.4650844661857931,0.516248648521558,-0.051164182335764974,False,35.22406913079336,Зелёный,0.026522239534244818,Выше
2022-10-04 01:00:00+05:00,35.555,35.56834365339645,Вниз,0.037515532144193224,True,0.4312369939741955,0.4992463176120856,-0.06800932363789008,False,35.22406913079336,Зелёный,-0.013343653396447053,Ниже
2022-10-04 01:30:00+05:00,35.745,35.57010142798952,Вверх,0.49170107755962766,True,0.4149606326235187,0.4823891806143722,-0.06742854799085352,False,35.22406913079336,Зелёный,0.17489857201047698,Выше
2022-10-04 12:00:00+05:00,35.14,35.56582181179063,Вниз,1.1972781454172954,True,0.3492174933017864,0.4557548431518551,-0.10653734985006869,False,35.93539649328647,Красный,-0.4258218117906267,Ниже
2022-10-04 12:30:00+05:00,34.82,35.5584006992355,Вниз,2.0765857988977943,True,0.2682025836531139,0.4182443912521069,-0.150041807598993,False,35.74060684395783,Красный,-0.7384006992354983,Ниже
2022-10-04 13:00:00+05:00,34.51,35.54796885148191,Вниз,2.919910433753638,True,0.1769435794138019,0.3699842288844459,-0.19304064947064398,False,35.221296159562044,Красный,-1.0379688514819136,Ниже
2022-10-04 13:30:00+05:00,34.855,35.54107363902936,Вниз,1.9303683563344842,True,0.1309492760421022,0.3221772383159771,-0.19122796227387492,False,35.221296159562044,Красный,-0.6860736390293596,Ниже
2022-10-04 14:00:00+05:00,34.735,35.533053005805186,Вниз,2.2459455022758825,True,0.0838489041578185,0.2745115714843454,-0.19066266732652692,False,35.221296159562044,Красный,-0.7980530058051869,Ниже
2022-10-04 14:30:00+05:00,34.795,35.525709194802154,Вниз,2.0568461865050227,True,0.0507776851127772,0.2297647942100318,-0.1789871090972546,False,35.221296159562044,Красный,-0.7307091948021522,Ниже
2022-10-04 15:00:00+05:00,34.735,35.51784144162004,Вниз,2.2040794424593164,True,0.0195021979964309,0.1877122749673116,-0.1682100769708807,False,35.221296159562044,Красный,-0.7828414416200431,Ниже
2022-10-04 15:30:00+05:00,34.925,35.51194252180293,Вниз,1.6528031983679086,True,0.0099330591104447,0.1521564317959383,-0.1422233726854936,False,35.221296159562044,Красный,-0.586942521802932,Ниже
2022-10-04 16:00:00+05:00,34.855,35.50540578029245,Вниз,1.8318500126914896,True,-0.0032613723143128,0.121072870973888,-0.1243342432882008,False,35.221296159562044,Красный,-0.6504057802924521,Ниже
2022-10-04 16:30:00+05:00,35.14,35.50176990188158,Вниз,1.0190193415185371,True,0.0091733195587622,0.0986929606908628,-0.08951964113210059,False,35.221296159562044,Красный,-0.36176990188157987,Ниже
2022-10-04 17:00:00+05:00,35.68,35.503543335693706,Вверх,0.49701141837550533,True,0.0618879833389982,0.0913319652204899,-0.029443981881491707,False,34.751364868659614,Зелёный,0.17645666430629348,Выше
2022-10-04 17:30:00+05:00,35.51,35.50360758110969,Вверх,0.018004984072966378,True,0.0889221161202158,0.0908499954004351,-0.0019278792802192996,False,34.93772838179365,Зелёный,0.006392418890307283,Выше
2022-10-04 18:00:00+05:00,35.22,35.50078561512851,Вниз,0.7909278914910898,True,0.085955443898996,0.0898710851001473,-0.003915641201151301,False,34.93772838179365,Зелёный,-0.28078561512850797,Ниже
2022-10-04 18:30:00+05:00,35.19,35.49769322094813,Вниз,0.8667977917127118,True,0.0802584164447779,0.0879485513690734,-0.0076901349242955025,False,34.93772838179365,Зелёный,-0.30769322094813134,Ниже
2022-10-04 19:00:00+05:00,35.2,35.49473109934665,Вниз,0.8303516894429266,True,0.0756780283658926,0.0854944467684373,-0.0098164184025447,False,34.93772838179365,Зелёный,-0.29473109934664876,Ниже
2022-10-04 19:30:00+05:00,35.19,35.4916989491044,Вниз,0.8500549650695682,True,0.0704292567557516,0.0824814087659001,-0.012052152010148504,False,34.93772838179365,Зелёный,-0.30169894910440576,Ниже
2022-10-04 20:00:00+05:00,35.355,35.49033876055611,Вниз,0.38133972591584514,True,0.0786767518560083,0.0817204773839218,-0.0030437255279135017,False,34.93772838179365,Зелёный,-0.1353387605561096,Ниже
2022-10-04 20:30:00+05:00,35.385,35.48929061368491,Вниз,0.2938650276787855,True,0.086635025773802,0.0827033870618978,0.0039316387119042034,Выше,34.93772838179365,Зелёный,-0.10429061368490977,Ниже
2022-10-04 21:00:00+05:00,35.57,35.49009369215571,Вверх,0.2251510197110338,True,0.106640681683487,0.0874908459862157,0.0191498356972713,False,34.96353204730392,Зелёный,0.07990630784428987,Выше
2022-10-04 21:30:00+05:00,35.56,35.49078927730839,Вверх,0.19501037903337357,True,0.1203016293998118,0.0940530026689349,0.026248626730876898,False,35.037428842573526,Зелёный,0.06921072269161499,Выше
2022-10-04 22:00:00+05:00,35.565,35.49152769245955,Вверх,0.207013651756835,True,0.1300325527741392,0.1012489126899758,0.028783640084163398,False,35.101685958316175,Зелёный,0.07347230754044887,Выше
2022-10-04 22:30:00+05:00,35.53,35.4919105014898,Вверх,0.10731881708256963,True,0.1333826203434966,0.1076756542206799,0.0257069661228167,False,35.125517362484565,Зелёный,0.03808949851020316,Выше
2022-10-04 23:00:00+05:00,35.5,35.49199099401229,Вверх,0.022565671193426538,True,0.1320941249024727,0.1125593483570385,0.019534776545434188,False,35.1369656262361,Зелёный,0.008009005987709372,Выше
2022-10-04 23:30:00+05:00,35.11,35.48819008859923,Вниз,1.0656787163702903,True,0.0984681626634653,0.1097411112183239,-0.011272948554858608,Выше,35.6979809363875,Красный,-0.37819008859923287,Ниже
2022-10-05 00:00:00+05:00,35.215,35.48547177925994,Вниз,0.7622042647267748,True,0.0793769596253426,0.1036682808997276,-0.024291321274385005,False,35.55943284274876,Красный,-0.2704717792599354,Ниже
2022-10-05 00:30:00+05:00,35.1,35.4816362391678,Вниз,1.075588049534516,True,0.0543410944572926,0.0938028436112406,-0.039461749153948,False,35.523489558473884,Красный,-0.381636239167797,Ниже
2022-10-05 01:00:00+05:00,35.1,35.47783886365369,Вниз,1.0649996610722932,True,0.0341068286480492,0.0818636406186023,-0.04775681197055309,False,35.4961406026265,Красный,-0.377838863653686,Ниже
2022-10-05 01:30:00+05:00,35.105,35.47412902421435,Вниз,1.0405583854148692,True,0.018263949980998,0.0691437024910815,-0.0508797525100835,False,35.474026542363845,Красный,-0.36912902421435234,Ниже
2022-10-05 12:00:00+05:00,34.445,35.46388893442117,Вниз,2.8730321604189295,True,-0.0470062706268663,0.0459137078674919,-0.09291997849435821,False,35.08837388812746,Красный,-1.0188889344211702,Ниже
2022-10-05 12:30:00+05:00,34.49,35.45419849726275,Вниз,2.7195608366021613,True,-0.0940184802697601,0.0179272702400415,-0.1119457505098016,False,34.984286499314706,Красный,-0.9641984972627498,Ниже
2022-10-05 13:00:00+05:00,33.635,35.43609701967805,Вниз,5.082661949700286,False,-0.1979851005851927,-0.0252552039250053,-0.1727298966601874,False,34.60185784938325,Красный,-1.8010970196780534,Ниже
2022-10-05 13:30:00+05:00,33.405,35.415887099084244,Вниз,5.677923846601147,False,-0.2955317677772271,-0.0793105166954496,-0.21622125108177753,False,34.19167206444492,Красный,-2.0108870990842433,Ниже
2022-10-05 14:00:00+05:00,34.275,35.4045349886456,Вниз,3.1903680955218015,True,-0.2991876264857822,-0.1232859386535162,-0.17590168783226598,False,33.25374514199958,Зелёный,-1.1295349886456023,Ниже
2022-10-05 14:30:00+05:00,33.73,35.387872948957586,Вниз,4.684861820739709,True,-0.3421181411265408,-0.1670523791481211,-0.17506576197841972,False,33.25374514199958,Зелёный,-1.6578729489575892,Ниже
2022-10-05 15:00:00+05:00,34.435,35.37839162608239,Вниз,2.6665757902540745,True,-0.315615061245353,-0.1967649155675675,-0.11885014567778548,False,33.40380856501966,Зелёный,-0.9433916260823878,Ниже
2022-10-05 15:30:00+05:00,34.355,35.368208624827844,Вниз,2.864743972689057,True,-0.2976355535179777,-0.2169390431576495,-0.08069651036032821,False,33.59342770851769,Зелёный,-1.013208624827847,Ниже
2022-10-05 16:00:00+05:00,34.395,35.35852495691911,Вниз,2.725014570299721,True,-0.2769663032641247,-0.2289444951789446,-0.048021808085180084,False,33.59342770851769,Зелёный,-0.9635249569191089,Ниже
2022-10-05 16:30:00+05:00,34.76,35.35256948471096,Вниз,1.676170907371342,True,-0.2284993259625167,-0.228855461335659,0.00035613537314230226,Ниже,33.856476443899325,Зелёный,-0.5925694847109639,Ниже
2022-10-05 17:00:00+05:00,34.525,35.34433496247503,Вниз,2.318150739983983,True,-0.2066690807722295,-0.2244181852229732,0.01774910445074368,False,33.87732879950939,Зелёный,-0.8193349624750326,Ниже
2022-10-05 17:30:00+05:00,34.645,35.33737640563448,Вниз,1.9593316653923363,True,-0.1776377595459664,-0.2150621000875718,0.0374243405416054,False,33.87732879950939,Зелёный,-0.6923764056344766,Ниже
2022-10-05 18:00:00+05:00,35.16,35.33561146627493,Вниз,0.4969815406832402,True,-0.1117854393881145,-0.1944067679476804,0.08262132855956589,False,34.24271132760261,Зелёный,-0.17561146627493684,Ниже
2022-10-05 18:30:00+05:00,35.205,35.33431184969509,Вниз,0.365966798066306,True,-0.0553280895278263,-0.1665910322637095,0.11126294273588319,False,34.52119019484235,Зелёный,-0.12931184969509246,Ниже
2022-10-05 19:00:00+05:00,35.15,35.3324779009419,Вниз,0.5164593931212509,True,-0.0148520679617547,-0.1362432394033186,0.12139117144156389,False,34.52119019484235,Зелёный,-0.18247790094190464,Ниже
2022-10-05 19:30:00+05:00,35.15,35.33066220043502,Вниз,0.5113467712835529,True,0.0170291690824555,-0.1055887577061637,0.1226179267886192,False,34.52119019484235,Зелёный,-0.18066220043502312,Ниже
2022-10-05 20:00:00+05:00,35.165,35.32901382033119,Вниз,0.46424681188469835,True,0.0430098628454942,-0.0758690335958321,0.11887889644132629,False,34.54694765204007,Зелёный,-0.16401382033119205,Ниже
2022-10-05 20:30:00+05:00,35.16,35.32733209077566,Вниз,0.4736618387873062,True,0.0624761059607408,-0.0482000056845175,0.11067611164525831,False,34.610502886836066,Зелёный,-0.16733209077566613,Ниже
2022-10-05 21:00:00+05:00,35.16,35.325667094847546,Вниз,0.46897088851214613,True,0.0770154576212789,-0.0231569130233582,0.1001723706446371,False,34.718702598152454,Зелёный,-0.16566709484754938,Ниже
2022-10-05 21:30:00+05:00,34.98,35.322227621266975,Вниз,0.9688732685164186,True,0.0731700441630636,-0.0038915215860739,0.0770615657491375,False,34.718702598152454,Зелёный,-0.3422276212669786,Ниже
2022-10-05 22:00:00+05:00,35.11,35.32011590364243,Вниз,0.5948901872679404,True,0.079693779554347,0.0128255386420102,0.06686824091233681,False,34.718702598152454,Зелёный,-0.21011590364243204,Ниже
2022-10-05 22:30:00+05:00,35.04,35.31732868072062,Вниз,0.785248180086771,True,0.0783127314471769,0.0259229772030436,0.05238975424413331,False,34.718702598152454,Зелёный,-0.2773286807206219,Ниже
2022-10-05 23:00:00+05:00,35.02,35.31437018638509,Вниз,0.833570540353506,True,0.0747428193239301,0.0356869456272209,0.039055873696709195,False,34.718702598152454,Зелёный,-0.2943701863850876,Ниже
2022-10-05 23:30:00+05:00,34.7,35.30825705020216,Вниз,1.7227048317262457,True,0.0455670440783748,0.0376629653174517,0.007904078760923097,False,35.255091577816955,Красный,-0.6082570502021554,Ниже
2022-10-06 00:00:00+05:00,34.745,35.30265250243896,Вниз,1.5796334351942418,True,0.0257789917454971,0.0352861706030608,-0.009507178857563702,Выше,35.255091577816955,Красный,-0.5576525024389625,Ниже
2022-10-06 00:30:00+05:00,34.78,35.29745198002664,Вниз,1.465975448651214,True,0.0127737770488423,0.0307836918922171,-0.018009914843374802,False,35.18694917803173,Красный,-0.5174519800266424,Ниже
2022-10-06 01:00:00+05:00,34.81,35.292601711568665,Вниз,1.3674302492991586,True,0.0048320985594543,0.0255933732256645,-0.0207612746662102,False,35.17675426022856,Красный,-0.4826017115686625,Ниже
2022-10-06 01:30:00+05:00,34.835,35.28804846070729,Вниз,1.2838580779318218,True,0.0005492211269242,0.0205845428059164,-0.0200353216789922,False,35.17675426022856,Красный,-0.45304846070728644,Ниже
2022-10-06 12:00:00+05:00,35.475,35.289908675028606,Вверх,0.524487968149284,True,0.0482415624988448,0.0261159467445021,0.0221256157543427,Выше,34.780979049214864,Зелёный,0.18509132497139547,Выше
2022-10-06 12:30:00+05:00,35.335,35.29035734492882,Вверх,0.1265010003578052,True,0.0738895044569218,0.0356706582869861,0.0382188461699357,False,34.88038114429338,Зелёный,0.04464265507117915,Выше
2022-10-06 13:00:00+05:00,35.635,35.29378662507879,Вверх,0.9667802963333878,True,0.1170736241738481,0.0519512514643585,0.0651223727094896,False,35.01234302986404,Зелёный,0.3412133749212103,Выше
2022-10-06 13:30:00+05:00,35.58,35.29663451935661,Вверх,0.8028116122175691,True,0.1451856994600575,0.0705981410634983,0.0745875583965592,False,35.124108726877644,Зелёный,0.28336548064338984,Выше
2022-10-06 14:00:00+05:00,35.51,35.298757558965,Вверх,0.5984415759736763,True,0.1599722462004251,0.0884729620908837,0.0714992841095414,False,35.124108726877644,Зелёный,0.21124244103499734,Выше
2022-10-06 14:30:00+05:00,35.345,35.29921768275639,Вверх,0.12969782405679509,True,0.1565717087895919,0.1020927114306253,0.054478997358966594,False,35.124108726877644,Зелёный,0.045782317243606485,Выше
2022-10-06 15:00:00+05:00,35.005,35.29629014362449,Вниз,0.8252712747974218,True,0.1250006699772399,0.1066743031399482,0.018326366837291705,False,35.633509738106206,Красный,-0.2912901436244866,Ниже
2022-10-06 15:30:00+05:00,35.0,35.29334198299141,Вниз,0.8311538848680718,True,0.0984421561501491,0.1050278737419884,-0.006585717591839291,Выше,35.469408764295586,Красный,-0.29334198299140724,Ниже
2022-10-06 16:00:00+05:00,34.945,35.28987589360841,Вниз,0.9772658159754912,True,0.0721248914007191,0.0984472772737345,-0.0263223858730154,False,35.454717887866025,Красный,-0.3448758936084104,Ниже
2022-10-06 16:30:00+05:00,35.1,35.2879865812342,Вниз,0.5327211877091576,True,0.0630486880625582,0.0913675594314993,-0.028318871368941095,False,35.454717887866025,Красный,-0.18798658123419898,Ниже
2022-10-06 17:00:00+05:00,35.24,35.287509102813964,Вниз,0.13463433385320198,True,0.066387290141634,0.0863715055735262,-0.019984215431892202,False,35.454717887866025,Красный,-0.04750910281396159,Ниже
2022-10-06 17:30:00+05:00,35.33,35.28793189781084,Вверх,0.11921384996711902,True,0.0754259408857365,0.0841823926359683,-0.008756451750231806,False,35.454717887866025,Красный,0.042068102189155354,Выше
2022-10-06 18:00:00+05:00,35.355,35.28859924211123,Вверх,0.18816490117161214,True,0.0836422519714474,0.0840743645030641,-0.0004321125316167074,False,35.454717887866025,Красный,0.06640075788876487,Выше
2022-10-06 18:30:00+05:00,35.255,35.28826492129421,Вниз,0.09426624224341275,True,0.0811491367027343,0.0834893189429981,-0.002340182240263805,False,35.454717887866025,Красный,-0.03326492129420444,Ниже
2022-10-06 19:00:00+05:00,35.1,35.28639163849526,Вниз,0.5282252728043668,True,0.0659063924129768,0.0799727336369939,-0.014066341224017107,False,35.454717887866025,Красный,-0.18639163849525886,Ниже
2022-10-06 19:30:00+05:00,34.91,35.28264644806248,Вниз,1.0561748779560336,True,0.0380563062325336,0.0715894481561018,-0.0335331419235682,False,35.454717887866025,Красный,-0.3726464480624827,Ниже
2022-10-06 20:00:00+05:00,34.975,35.2795852893753,Вниз,0.8633471365294777,True,0.0209879332281062,0.0614691451705027,-0.0404812119423965,False,35.36213831225177,Красный,-0.3045852893752965,Ниже
2022-10-06 20:30:00+05:00,34.905,35.27585807256559,Вниз,1.0513084382035471,True,0.0017920520055128,0.0495337265375047,-0.0477416745319919,False,35.36213831225177,Красный,-0.3708580725655892,Ниже
2022-10-06 21:00:00+05:00,34.97,35.27281470865947,Вниз,0.8584931799761578,True,-0.008082693134753,0.0380104426030531,-0.0460931357378061,False,35.36213831225177,Красный,-0.3028147086594686,Ниже
2022-10-06 21:30:00+05:00,35.08,35.27089615434445,Вниз,0.5412285344525819,True,-0.006952277582144,0.0290178985660137,-0.0359701761481577,False,35.36213831225177,Красный,-0.1908961543444505,Ниже
2022-10-06 22:00:00+05:00,35.18,35.26999171499774,Вниз,0.2551509388630508,True,0.0019898118403531,0.0236122812208816,-0.0216224693805285,False,35.36213831225177,Красный,-0.08999171499773695,Ниже
2022-10-06 22:30:00+05:00,35.04,35.26770324022164,Вниз,0.6456423846788965,True,-0.0021950447299445,0.0184508160307163,-0.0206458607606608,False,35.36213831225177,Красный,-0.22770324022164345,Ниже
2022-10-06 23:00:00+05:00,35.05,35.2655370388264,Вниз,0.6111832029924972,True,-0.0046510429576187,0.0138304442330493,-0.018481487190668,False,35.36213831225177,Красный,-0.21553703882640463,Ниже
2022-10-06 23:30:00+05:00,35.015,35.26304413296744,Вниз,0.7034110045409827,True,-0.0093142775467356,0.0092014998770923,-0.0185157774238279,False,35.36213831225177,Красный,-0.24804413296743633,Ниже
2022-10-07 00:00:00+05:00,35.02,35.26062578338567,Вниз,0.6824206265194723,True,-0.0124628029080398,0.0048686393200659,-0.0173314422281057,False,35.35585378133413,Красный,-0.2406257833856671,Ниже
2022-10-07 00:30:00+05:00,35.02,35.258231496983825,Вниз,0.6756762516696322,True,-0.0147875700383153,0.0009373974483896,-0.0157249674867049,False,35.34001840320072,Красный,-0.23823149698382196,Ниже
2022-10-07 01:00:00+05:00,35.045,35.256109790546176,Вниз,0.5987892362497216,True,-0.0144461474761286,-0.0021393115365139,-0.0123068359396147,False,35.34001840320072,Красный,-0.21110979054617474,Ниже
2022-10-07 01:30:00+05:00,35.12,35.25475546427209,Вниз,0.3822334391417164,True,-0.0080311167225488,-0.0033176725737209,-0.0047134441488279,False,35.34001840320072,Красный,-0.1347554642720894,Ниже
2022-10-07 12:00:00+05:00,34.8,35.25023053427933,Вниз,1.2772413895038364,True,-0.0284406383062432,-0.0083422657202254,-0.0200983725860178,False,34.821645915933324,Красный,-0.4502305342793349,Ниже
2022-10-07 12:30:00+05:00,34.695,35.24470585234621,Вниз,1.5596834731693863,True,-0.0524829627572174,-0.0171704051276238,-0.0353125576295936,False,34.821645915933324,Красный,-0.5497058523462073,Ниже
2022-10-07 13:00:00+05:00,34.465,35.23694758515869,Вниз,2.1907334149562336,True,-0.0890690236489319,-0.0315501288318854,-0.05751889481704651,False,34.821645915933324,Красный,-0.771947585158685,Ниже
2022-10-07 13:30:00+05:00,34.55,35.23011228580388,Вниз,1.9304857171231145,True,-0.1099376579811846,-0.0472276346617452,-0.0627100233194394,False,34.821645915933324,Красный,-0.6801122858038795,Ниже
2022-10-07 14:00:00+05:00,34.695,35.224787785447624,Вниз,1.5040198075132043,True,-0.1134679252445636,-0.0604756927783089,-0.0529922324662547,False,34.821645915933324,Красный,-0.5297877854476241,Ниже
2022-10-07 14:30:00+05:00,34.765,35.220212782607355,Вниз,1.2924759581013952,True,-0.1093566768014042,-0.070251889582928,-0.03910478721847621,False,34.821645915933324,Красный,-0.4552127826073544,Ниже
2022-10-07 15:00:00+05:00,34.59,35.21394200865107,Вниз,1.7718607263503148,True,-0.1188494972313947,-0.0799714111126213,-0.0388780861187734,False,34.821645915933324,Красный,-0.6239420086510634,Ниже
2022-10-07 15:30:00+05:00,34.67,35.208529650356034,Вниз,1.5295431411194615,True,-0.118550715548551,-0.0876872719998072,-0.03086344354874379,False,34.821645915933324,Красный,-0.5385296503560326,Ниже
2022-10-07 16:00:00+05:00,34.64,35.2028726389097,Вниз,1.5989395089523457,True,-0.1193587844232553,-0.0940215744844969,-0.025337209938758404,False,34.821645915933324,Красный,-0.5628726389097025,Ниже
2022-10-07 16:30:00+05:00,34.695,35.19781917981608,Вниз,1.4285520851371862,True,-0.1142442083630115,-0.0980661012601998,-0.0161781071028117,False,34.821645915933324,Красный,-0.502819179816079,Ниже
2022-10-07 17:00:00+05:00,34.67,35.19256724767861,Вниз,1.4848795883542103,True,-0.1109294355709309,-0.100638768122346,-0.010290667448584909,False,34.821645915933324,Красный,-0.5225672476786087,Ниже
2022-10-07 17:30:00+05:00,34.565,35.18632279745296,Вниз,1.7658077004225559,True,-0.1154443066247594,-0.1035998758228287,-0.011844430801930692,False,34.821645915933324,Красный,-0.6213227974529616,Ниже
2022-10-07 18:00:00+05:00,34.44,35.17889669996587,Вниз,2.100397594238899,True,-0.1276375040985584,-0.1084074014779746,-0.01923010262058379,False,34.821645915933324,Красный,-0.7388966999658706,Ниже
2022-10-07 18:30:00+05:00,33.825,35.16542509101098,Вниз,3.8117699062128465,True,-0.1847958496509747,-0.1236850911125747,-0.061110758538400006,False,34.61134846752942,Красный,-1.340425091010978,Ниже
2022-10-07 19:00:00+05:00,34.16,35.15542086124968,Вниз,2.831486117541816,True,-0.2007484468826348,-0.1390977622665867,-0.061650684616048085,False,34.59846362077648,Красный,-0.9954208612496842,Ниже
2022-10-07 19:30:00+05:00,34.08,35.14472015616262,Вниз,3.029530898045644,True,-0.2173409552905454,-0.1547464008713784,-0.062594554419167,False,34.511617258698834,Красный,-1.0647201561626218,Ниже
2022-10-07 20:00:00+05:00,33.89,35.13223537848936,Вниз,3.5358848223189154,True,-0.2430206589686392,-0.1724012524908306,-0.0706194064778086,False,34.43170553282895,Красный,-1.2422353784893616,Ниже
2022-10-07 20:30:00+05:00,33.615,35.117138509051664,Вниз,4.277508284635652,True,-0.2823079406655111,-0.1943825901257667,-0.08792535053974443,False,34.28178497954605,Красный,-1.5021385090516617,Ниже
2022-10-07 21:00:00+05:00,33.525,35.10129633483224,Вниз,4.490706895255117,True,-0.3170508771440765,-0.2189162475294287,-0.09813462961464778,False,34.202606481591445,Красный,-1.576296334832243,Ниже
2022-10-07 21:30:00+05:00,33.165,35.082029704634905,Вниз,5.464420732708163,False,-0.3693759598307764,-0.2490081899896982,-0.12036776984107822,False,33.8910958334323,Красный,-1.9170297046349063,Ниже
2022-10-07 22:00:00+05:00,33.575,35.06703438419078,Вниз,4.254806288562073,True,-0.3734554296299777,-0.2738976379177542,-0.09955779171222351,False,33.78873625008908,Красный,-1.4920343841907737,Ниже
2022-10-07 22:30:00+05:00,33.53,35.05174050972121,Вниз,4.341412117036454,True,-0.3759854366848429,-0.294315197671172,-0.08167023901367093,False,33.78873625008908,Красный,-1.5217405097212122,Ниже
2022-10-07 23:00:00+05:00,33.395,35.03525552952498,Вниз,4.681728461043188,True,-0.384452132392397,-0.312342584615417,-0.07210954777698003,False,33.78873625008908,Красный,-1.6402555295249783,Ниже
2022-10-07 23:30:00+05:00,33.395,35.018934578982446,Вниз,4.637304356932351,True,-0.386704362563357,-0.3272149402050051,-0.05948942235835192,False,33.78873625008908,Красный,-1.6239345789824426,Ниже
2022-10-08 00:00:00+05:00,33.345,35.00227851351993,Вниз,4.734773231633466,True,-0.3880506470270646,-0.3393820815694169,-0.048668565457647694,False,33.78873625008908,Красный,-1.657278513519934,Ниже
2022-10-08 00:30:00+05:00,33.335,34.98568867756452,Вниз,4.718182605400774,True,-0.3854809195040189,-0.3486018491563374,-0.03687907034768151,False,33.78873625008908,Красный,-1.650688677564517,Ниже
2022-10-08 01:00:00+05:00,33.205,34.96797038226537,Вниз,5.041672030125873,False,-0.3894450256383379,-0.3567704844527375,-0.03267454118560037,False,33.71290826648359,Красный,-1.7629703822653724,Ниже
2022-10-08 01:30:00+05:00,33.32,34.95157266701895,Вниз,4.668095145711533,True,-0.3789388976736205,-0.3612041670969141,-0.01773473057670638,False,33.71290826648359,Красный,-1.6315726670189505,Ниже
2022-10-10 12:00:00+05:00,33.52,34.93732816286951,Вниз,4.05677319187736,True,-0.3504347928844709,-0.3590502922544255,0.008615499369954593,Ниже,33.252555695851704,Красный,-1.4173281628695094,Ниже
2022-10-10 12:30:00+05:00,33.62,34.92422041995539,Вниз,3.734429585750101,True,-0.3161317501820377,-0.350466583839948,0.03433483365791029,False,32.86444987373347,Зелёный,-1.3042204199553922,Ниже
2022-10-10 13:00:00+05:00,33.745,34.912486883438426,Вниз,3.3440381584282206,True,-0.2756819959259147,-0.3355096662571413,0.0598276703312266,False,33.09150488636012,Зелёный,-1.1674868834384284,Ниже
2022-10-10 13:30:00+05:00,33.385,34.89728800897635,Вниз,4.333540212601511,True,-0.2695668665694057,-0.3223211063195942,0.0527542397501885,False,33.09150488636012,Зелёный,-1.5122880089763555,Ниже
2022-10-10 14:00:00+05:00,33.0,34.87840952132485,Вниз,5.385593973762989,False,-0.2924160744345911,-0.3163400999425936,0.02392402550800249,False,34.0404560420483,Красный,-1.8784095213248477,Ниже
2022-10-10 14:30:00+05:00,33.37,34.86340047136142,Вниз,4.283576619521614,True,-0.2774698290362636,-0.3085660457613276,0.03109621672506402,False,34.0404560420483,Красный,-1.4934004713614257,Ниже
2022-10-10 15:00:00+05:00,33.77,34.85252086468121,Вниз,3.106004495009744,True,-0.2306889264702079,-0.2929906219031036,0.06230169543289571,False,34.0404560420483,Красный,-1.0825208646812072,Ниже
2022-10-10 15:30:00+05:00,33.835,34.84239627896299,Вниз,2.8912944761242727,True,-0.1862231033603905,-0.271637118194561,0.08541401483417049,False,34.0404560420483,Красный,-1.007396278962986,Ниже
2022-10-10 16:00:00+05:00,33.79,34.83192467419718,Вниз,2.991292281270409,True,-0.152852750743186,-0.247880244704286,0.0950274939611,False,34.0404560420483,Красный,-1.0419246741971833,Ниже
2022-10-10 16:30:00+05:00,33.72,34.82086074709074,Вниз,3.1614978018104227,True,-0.1305500214762176,-0.2244142000586724,0.0938641785824548,False,34.0404560420483,Красный,-1.100860747090742,Ниже
2022-10-10 17:00:00+05:00,33.8,34.81070292871173,Вниз,2.9034257963176784,True,-0.1052068572758742,-0.2005727315021127,0.09536587422623849,False,34.0404560420483,Красный,-1.01070292871173,Ниже
2022-10-10 17:30:00+05:00,34.0,34.80263623290365,Вниз,2.3062512492798195,True,-0.0681977473493873,-0.1740977346715677,0.1058999873221804,False,34.0404560420483,Красный,-0.8026362329036516,Ниже
2022-10-10 18:00:00+05:00,34.19,34.79654034998919,Вниз,1.743105331416616,True,-0.0232681284913169,-0.1439318134355175,0.1206636849442006,False,33.231393388651824,Зелёный,-0.6065403499891957,Ниже
2022-10-10 18:30:00+05:00,33.735,34.78597775944204,Вниз,3.0212684165727435,True,-0.0240979925940649,-0.119965049267227,0.09586705667316209,False,33.231393388651824,Зелёный,-1.0509777594420413,Ниже
2022-10-10 19:00:00+05:00,33.67,34.774873503129186,Вниз,3.1772178927689354,True,-0.0296587352091037,-0.1019037864556024,0.0722450512464987,False,33.231393388651824,Зелёный,-1.104873503129184,Ниже
2022-10-10 19:30:00+05:00,33.96,34.766765309068205,Вниз,2.320507248506596,True,-0.0105435479677993,-0.0836317387580418,0.0730881907902425,False,33.231393388651824,Зелёный,-0.8067653090682043,Ниже
2022-10-10 20:00:00+05:00,33.83,34.75744426121678,Вниз,2.6683327296640447,True,-0.005817477645202,-0.0680688865354738,0.0622514088902718,False,33.231393388651824,Зелёный,-0.9274442612167846,Ниже
2022-10-10 20:30:00+05:00,34.165,34.75154929344348,Вниз,1.68783638533821,True,0.0246752267687426,-0.0495200638746305,0.0741952906433731,False,33.285841632065015,Зелёный,-0.5865492934434826,Ниже
2022-10-10 21:00:00+05:00,33.805,34.74213089251369,Вниз,2.6973903685212006,True,0.0195663743663416,-0.0357027762264361,0.0552691505927777,False,33.285841632065015,Зелёный,-0.937130892513693,Ниже
2022-10-10 21:30:00+05:00,33.81,34.73285595825983,Вниз,2.6570114457874463,True,0.0157395940013174,-0.0254143021808853,0.0411538961822027,False,33.285841632065015,Зелёный,-0.9228559582598308,Ниже
2022-10-10 22:00:00+05:00,33.86,34.72417082434681,Вниз,2.4886723104728397,True,0.0165506396526353,-0.0170213138141812,0.033571953466816504,False,33.285841632065015,Зелёный,-0.8641708243468074,Ниже
2022-10-10 22:30:00+05:00,34.04,34.71736315445281,Вниз,1.9510789210554866,True,0.0313564373606212,-0.0073457635792207,0.0387022009398419,False,33.37371319479785,Зелёный,-0.6773631544528129,Ниже
2022-10-10 23:00:00+05:00,33.97,34.70992670515477,Вниз,2.1317437845378278,True,0.0370150374183282,0.001526396620289,0.0354886407980392,False,33.448591875318066,Зелёный,-0.7399267051547724,Ниже
2022-10-10 23:30:00+05:00,33.975,34.702614001620894,Вниз,2.096712373272248,True,0.0414254501425332,0.0095062073247378,0.0319192428177954,False,33.481982687786264,Зелёный,-0.7276140016208927,Ниже
2022-10-11 00:00:00+05:00,33.96,34.69522480757492,Вниз,2.1190950963787856,True,0.0432122356085855,0.0162474129815074,0.026964822627078104,False,33.50478441900764,Зелёный,-0.7352248075749159,Ниже
2022-10-11 00:30:00+05:00,34.0,34.68830714779805,Вниз,1.9842627224942047,True,0.0473105748129469,0.0224600453477953,0.024850529465151597,False,33.56955597710687,Зелёный,-0.6883071477980494,Ниже
2022-10-11 01:00:00+05:00,34.125,34.68270210155131,Вниз,1.6080122590170436,True,0.0599538824538186,0.0299588127689999,0.0299950696848187,False,33.65335037939619,Зелёный,-0.5577021015513068,Ниже
2022-10-11 01:30:00+05:00,34.165,34.677550836859254,Вниз,1.4780479719301787,True,0.0723672558766779,0.0384405013905355,0.0339267544861424,False,33.65335037939619,Зелёный,-0.5125508368592548,Ниже
2022-10-11 12:00:00+05:00,34.265,34.67344585340792,Вниз,1.1779788346815676,True,0.0892453432492743,0.0486014697622833,0.040643873486991,False,33.65335037939619,Зелёный,-0.40844585340791895,Ниже
2022-10-11 12:30:00+05:00,34.14,34.66813793446854,Вниз,1.5234101568040719,True,0.0914803650568742,0.0571772488212015,0.03430311623567269,False,33.65335037939619,Зелёный,-0.5281379344685391,Ниже
2022-10-11 13:00:00+05:00,34.215,34.6636290992997,Вниз,1.294235805531273,True,0.0981718452188715,0.0653761681007355,0.032795677118135996,False,33.65335037939619,Зелёный,-0.4486290992996942,Ниже
2022-10-11 13:30:00+05:00,34.35,34.66050841174447,Вниз,0.895856483280142,True,0.1130649211837564,0.0749139187173397,0.0381510024664167,False,33.79272949052965,Зелёный,-0.31050841174447186,Ниже
2022-10-11 14:00:00+05:00,34.61,34.660005840483336,Вниз,0.14427533772925483,True,0.1441855371541507,0.0887682424047019,0.0554172947494488,False,34.001456541476685,Зелёный,-0.05000584048333678,Ниже
2022-10-11 14:30:00+05:00,34.78,34.66119981221983,Вверх,0.342746899772035,True,0.1804858996705078,0.1071117738578631,0.0733741258126447,False,34.23206088732902,Зелёный,0.11880018778017387,Выше
2022-10-11 15:00:00+05:00,34.74,34.66198389369028,Вверх,0.22507686388927975,True,0.2036786520731226,0.126425149500915,0.07725350257220762,False,34.29935479859611,Зелёный,0.07801610630972533,Выше
2022-10-11 15:30:00+05:00,34.85,34.66385470071823,Вверх,0.5370011526095856,True,0.2283034164674973,0.1468008028942315,0.0815026135732658,False,34.30191931873651,Зелёный,0.18614529928176893,Выше
2022-10-11 16:00:00+05:00,34.9,34.6662044051887,Вверх,0.6744193626698403,True,0.2489831786970811,0.1672372780548014,0.08174590064227968,False,34.381477386862855,Зелёный,0.23379559481129775,Выше
2022-10-11 16:30:00+05:00,35.15,34.67101829170424,Вверх,1.3815045876814116,True,0.2822908764131711,0.1902479977264753,0.09204287868669578,False,34.642079648176576,Зелёный,0.4789817082957555,Выше
2022-10-11 17:00:00+05:00,34.975,34.674042985319126,Вверх,0.867960551379312,True,0.2912095469723468,0.2104403075756496,0.0807692393966972,False,34.642079648176576,Зелёный,0.30095701468087555,Выше
2022-10-11 17:30:00+05:00,34.895,34.676241562579634,Вверх,0.6308597113259227,True,0.2884967156785691,0.2260515891962335,0.062445126482335606,False,34.642079648176576,Зелёный,0.2187584374203695,Выше
2022-10-11 18:00:00+05:00,35.165,34.68110483061367,Вверх,1.3952703402896955,True,0.3046220277341191,0.2417656769038107,0.06285635083030841,False,34.642079648176576,Зелёный,0.48389516938632937,Выше
2022-10-11 18:30:00+05:00,35.3,34.68726299150308,Вверх,1.7664611031634552,True,0.3245535739003244,0.2583232563031135,0.06623031759721093,False,34.810854207168646,Зелёный,0.6127370084969144,Выше
2022-10-11 19:00:00+05:00,35.39,34.69425539954783,Вверх,2.005359655193063,True,0.343650328601484,0.2753886707627876,0.06826165783869637,False,34.93426878645179,Зелёный,0.6957446004521728,Выше
2022-10-11 19:30:00+05:00,35.36,34.700879723930434,Вверх,1.8994339086309167,True,0.3523027679986654,0.2907714902099632,0.06153127778870221,False,35.001091907806604,Зелёный,0.6591202760695651,Выше
2022-10-11 20:00:00+05:00,35.375,34.70758738836894,Вверх,1.922958816361629,True,0.3562634795719646,0.3038698880823635,0.0523935914896011,False,35.00148271702595,Зелёный,0.6674126116310575,Выше
2022-10-11 20:30:00+05:00,35.44,34.714875076046866,Вверх,2.0888017668640995,True,0.3604918036869833,0.3151942712032874,0.04529753248369589,False,35.021084445323346,Зелёный,0.7251249239531319,Выше
2022-10-11 21:00:00+05:00,35.445,34.72214000066332,Вверх,2.081841727851071,True,0.360095284931667,0.3241744739489633,0.035920810982703666,False,35.04822600079101,Зелёный,0.7228599993366771,Выше
2022-10-11 21:30:00+05:00,35.595,34.73082517478607,Вверх,2.4882070059230963,True,0.3676467840842647,0.3328689359760237,0.03477784810824103,False,35.13765340071191,Зелёный,0.8641748252139294,Выше
2022-10-11 22:00:00+05:00,35.54,34.73887666558422,Вверх,2.3061290729917285,True,0.364986029470657,0.3392923546749503,0.025693674795706722,False,35.16813806064072,Зелёный,0.8011233344157773,Выше
2022-10-11 22:30:00+05:00,35.54,34.746848042046075,Вверх,2.282658723444946,True,0.358742007713893,0.3431822852827389,0.015559722431154055,False,35.183824254576656,Зелёный,0.7931519579539241,Выше
2022-10-11 23:00:00+05:00,35.575,34.755088360035664,Вверх,2.3591125174843244,True,0.3525537626598662,0.3450565807581644,0.007497181901701788,False,35.225441829118985,Зелёный,0.8199116399643387,Выше
2022-10-11 23:30:00+05:00,35.505,34.762550167398494,Вверх,2.135774933157243,True,0.3381036702367979,0.3436659986538911,-0.005562328417093199,Выше,35.23989764620709,Зелёный,0.7424498326015083,Выше
2022-10-12 00:00:00+05:00,35.525,34.770136732897015,Вверх,2.1710103497775033,True,0.3245247810707283,0.3398377551372585,-0.015312974066530205,False,35.24515788158638,Зелёный,0.7548632671029836,Выше
2022-10-12 00:30:00+05:00,35.49,34.77729955147515,Вверх,2.049326594406662,True,0.3073957393472213,0.3333493519792511,-0.025953612632029777,False,35.24515788158638,Зелёный,0.7127004485248492,Выше
2022-10-12 01:00:00+05:00,35.535,34.784838859420674,Вверх,2.1565750055966086,True,0.2940622082037549,0.3254919232241519,-0.03142971502039699,False,35.24515788158638,Зелёный,0.7501611405793227,Выше
2022-10-12 01:30:00+05:00,35.595,34.79290016430206,Вверх,2.30535491985489,True,0.2850508979551378,0.317403718170349,-0.03235282021521119,False,35.28439509567647,Зелёный,0.8020998356979376,Выше
2022-10-12 12:00:00+05:00,35.57,34.800632500975674,Вверх,2.21078596488945,True,0.2727480093221075,0.3084725764007008,-0.03572456707859328,False,35.28439509567647,Зелёный,0.7693674990243267,Выше
2022-10-12 12:30:00+05:00,36.59,34.81843715270726,Вверх,5.08800219700555,False,0.3413682759563841,0.3150517163118375,0.0263165596445466,Выше,35.575610027497945,Зелёный,1.771562847292742,Выше
2022-10-12 13:00:00+05:00,36.65,34.83666165865048,Вверх,5.205258641363648,False,0.396026681143276,0.3312467092781252,0.06477997186515078,False,36.13504902474815,Зелёный,1.813338341349521,Выше
2022-10-12 13:30:00+05:00,36.305,34.8512719904052,Вверх,4.1712337213833095,True,0.4068157258778129,0.3463605125980628,0.06045521327975012,False,36.13504902474815,Зелёный,1.4537280095947978,Выше
2022-10-12 14:00:00+05:00,36.365,34.866333960649925,Вверх,4.298318375087752,True,0.4154189292923007,0.3601721959369104,0.055246733355390265,False,36.13504902474815,Зелёный,1.498666039350077,Выше
2022-10-12 14:30:00+05:00,36.355,34.88114655805639,Вверх,4.225358359394846,True,0.4166274911778131,0.371463254985091,0.04516423619272214,False,36.13504902474815,Зелёный,1.4738534419436036,Выше
2022-10-12 15:00:00+05:00,36.61,34.898349079866776,Вверх,4.904675909499378,True,0.4331683588524697,0.3838042757585667,0.049364083093903,False,36.13504902474815,Зелёный,1.7116509201332235,Выше
2022-10-12 15:30:00+05:00,36.64,34.9156789397686,Вверх,4.938529373024506,True,0.443584498952525,0.3957603203973584,0.047824178555166574,False,36.13504902474815,Зелёный,1.7243210602314036,Выше
2022-10-12 16:00:00+05:00,36.86,34.93502541797986,Вверх,5.510156523399645,False,0.4642400560229163,0.40945626752247,0.054783788500446295,False,36.23043827876118,Зелёный,1.9249745820201412,Выше
2022-10-12 16:30:00+05:00,36.64,34.95199033919399,Вверх,4.829509405400391,True,0.4575828422629868,0.4190815824705733,0.03850125979241348,False,36.319894450885066,Зелёный,1.68800966080601,Выше
2022-10-12 17:00:00+05:00,36.64,34.96878645522191,Вверх,4.779157969688501,True,0.4471524572116081,0.4246957574187803,0.022456699792827828,False,36.319894450885066,Зелёный,1.671213544778091,Выше
2022-10-12 17:30:00+05:00,36.66,34.98561445069234,Вверх,4.785925802925331,True,0.4354801902088354,0.4268526439767914,0.008627546232043981,False,36.319894450885066,Зелёный,1.674385549307658,Выше
2022-10-12 18:00:00+05:00,36.715,35.00282226710336,Вверх,4.891541944335713,True,0.4257599788510049,0.4266341109516341,-0.0008741321006291991,Выше,36.319894450885066,Зелёный,1.7121777328966417,Выше
2022-10-12 18:30:00+05:00,36.535,35.01806781668443,Вверх,4.331855747314598,True,0.3989334887119611,0.4210939865036995,-0.0221604977917384,False,36.319894450885066,Зелёный,1.5169321833155678,Выше
2022-10-12 19:00:00+05:00,36.73,35.0351019677622,Вверх,4.837713998370456,True,0.3889248883043095,0.4146601668638215,-0.02573527855951202,False,36.319894450885066,Зелёный,1.694898032237795,Выше
2022-10-12 19:30:00+05:00,36.625,35.05092184867999,Вверх,4.490832389845656,True,0.3682751314230472,0.4053831597756667,-0.037108028352619504,False,36.319894450885066,Зелёный,1.574078151320009,Выше
2022-10-12 20:00:00+05:00,35.135,35.051758447200584,Вверх,0.23748181685322114,True,0.2290392805169503,0.3701143839239235,-0.14107510340697318,False,36.44056321981447,Красный,0.08324155279941436,Выше
2022-10-12 20:30:00+05:00,35.32,35.0544275173777,Вверх,0.7576003986676151,True,0.1320990636473098,0.3225113198686007,-0.1904122562212909,False,35.970256897833025,Красный,0.2655724826223036,Выше
2022-10-12 21:00:00+05:00,34.835,35.05224415899583,Вниз,0.6197724688051929,True,0.0159538901608726,0.2611998339270551,-0.2452459437661825,False,35.39223120804972,Красный,-0.2172441589958325,Ниже
2022-10-12 21:30:00+05:00,34.83,35.05003277432921,Вниз,0.627767670706331,True,-0.0756237117462887,0.1938351247923863,-0.269458836538675,False,35.39223120804972,Красный,-0.2200327743292121,Ниже
2022-10-12 22:00:00+05:00,34.76,35.04714687607718,Вниз,0.8193159833880344,True,-0.152094782052508,0.1246491434234075,-0.27674392547591553,False,35.39223120804972,Красный,-0.2871468760771805,Ниже
2022-10-12 22:30:00+05:00,34.345,35.04016033999681,Вниз,1.9838960017637692,True,-0.243380153009781,0.0510432841367698,-0.2944234371465508,False,35.28129155066825,Красный,-0.6951603399968107,Ниже
2022-10-12 23:00:00+05:00,34.41,35.033890087857536,Вниз,1.7808187623268665,True,-0.306941282357954,-0.0205536291621749,-0.2863876531957791,False,35.12441239560142,Красный,-0.6238900878575393,Ниже
2022-10-12 23:30:00+05:00,34.485,35.02842849494353,Вниз,1.5513927352521093,True,-0.3472590756380569,-0.0858947184573513,-0.2613643571807056,False,35.12441239560142,Красный,-0.5434284949435337,Ниже
2022-10-13 00:00:00+05:00,34.66,35.02476253976997,Вниз,1.0414418637550755,True,-0.36092960797275,-0.140901696360431,-0.22002791161231897,False,35.12441239560142,Красный,-0.36476253976996986,Ниже
2022-10-13 00:30:00+05:00,34.525,35.01978977818022,Вниз,1.4128862032418836,True,-0.3782962118478252,-0.1883805994579099,-0.1899156123899153,False,35.12441239560142,Красный,-0.49478977818021974,Ниже
2022-10-13 01:00:00+05:00,34.44,35.01402072566101,Вниз,1.6394024843891395,True,-0.3943720842644964,-0.2295788964192272,-0.16479318784526917,False,35.00765472275409,Красный,-0.5740207256610148,Ниже
2022-10-13 01:30:00+05:00,34.385,35.00776181296787,Вниз,1.7789249603988806,True,-0.4068603366221239,-0.2650351844598066,-0.14182515216231728,False,34.936639250478684,Красный,-0.6227618129678731,Ниже
2022-10-13 12:00:00+05:00,34.175,34.99947562577417,Вниз,2.35567993815031,True,-0.4287601316416598,-0.2977801738961773,-0.13097995774548254,False,34.76172532543082,Красный,-0.8244756257741699,Ниже
2022-10-13 12:30:00+05:00,34.415,34.99365994790577,Вниз,1.6536136796414185,True,-0.4218866362109139,-0.3226014663591246,-0.09928516985178926,False,34.76172532543082,Красный,-0.5786599479057699,Ниже
2022-10-13 13:00:00+05:00,34.4,34.987752883747504,Вниз,1.6798817737749834,True,-0.4128901752755922,-0.3406592081424182,-0.072230967133174,False,34.76172532543082,Красный,-0.5877528837475055,Ниже
2022-10-13 13:30:00+05:00,35.27,34.990561312764946,Вверх,0.7986116162506796,True,-0.3317346554513278,-0.3388742976042001,0.0071396421528723275,Ниже,34.273589737760936,Зелёный,0.27943868723505716,Выше
2022-10-13 14:00:00+05:00,35.07,34.9913517474638,Вверх,0.2247648307610695,True,-0.2803252350140752,-0.3271644850861752,0.04683925007209999,False,34.273589737760936,Зелёный,0.07864825253619756,Выше
2022-10-13 14:30:00+05:00,35.0,34.99143779972785,Вверх,0.0244694154071564,True,-0.2424366550702004,-0.3102189190829802,0.06778226401277981,False,34.273589737760936,Зелёный,0.008562200272152154,Выше
2022-10-13 15:00:00+05:00,35.07,34.99221951316339,Вверх,0.22227937501177794,True,-0.2044050137458484,-0.2890561380155538,0.08465112426970539,False,34.273589737760936,Зелёный,0.07778048683660899,Выше
2022-10-13 15:30:00+05:00,35.315,34.99543125930107,Вверх,0.9131727462681051,True,-0.1527345823521742,-0.2617918268828779,0.1090572445307037,False,34.54845772694495,Зелёный,0.3195687406989265,Выше
2022-10-13 16:00:00+05:00,35.26,34.998063784084145,Вверх,0.7484305918516893,True,-0.1148989499798958,-0.2324132515022815,0.1175143015223857,False,34.54845772694495,Зелёный,0.2619362159158527,Выше
2022-10-13 16:30:00+05:00,35.05,34.99858056235197,Вверх,0.14691863733279803,True,-0.1006983952725022,-0.2060702802563257,0.10537188498382351,False,34.54845772694495,Зелёный,0.05141943764802903,Выше
2022-10-13 17:00:00+05:00,35.07,34.9992912035226,Вверх,0.2020292241526334,True,-0.0868296028918109,-0.1822221447834227,0.0953925418916118,False,34.54845772694495,Зелёный,0.07070879647739758,Выше
2022-10-13 17:30:00+05:00,34.89,34.99820372886068,Вниз,0.30916937823140755,True,-0.089333203130387,-0.1636443564528156,0.0743111533224286,False,34.54845772694495,Зелёный,-0.10820372886067986,Ниже
2022-10-13 18:00:00+05:00,34.9,34.99722657732973,Вниз,0.2778122349635238,True,-0.0894789502901716,-0.1488112752202868,0.05933232493011521,False,34.54845772694495,Зелёный,-0.09722657732972806,Ниже
2022-10-13 18:30:00+05:00,35.035,34.99760243228167,Вверх,0.10685751342736037,True,-0.0778042057539423,-0.1346098613270179,0.05680565557307561,False,34.54845772694495,Зелёный,0.03739756771832958,Выше
2022-10-13 19:00:00+05:00,35.015,34.99777554240822,Вверх,0.049215863936576704,True,-0.0693661101115523,-0.1215611110839248,0.05219500097237249,False,34.54845772694495,Зелёный,0.01722445759178015,Выше
2022-10-13 19:30:00+05:00,35.0,34.997797676314605,Вверх,0.006292749348870816,True,-0.0631611507323484,-0.1098811190136095,0.0467199682812611,False,34.54845772694495,Зелёный,0.002202323685395413,Выше
2022-10-13 20:00:00+05:00,35.03,34.998118097445804,Вверх,0.09109604826587449,True,-0.0551867677345967,-0.098942248757807,0.043755481023210294,False,34.54845772694495,Зелёный,0.031881902554196984,Выше
2022-10-13 20:30:00+05:00,35.105,34.99918159896376,Вверх,0.3023453583822406,True,-0.0423272167507704,-0.0876192423563996,0.045292025605629206,False,34.54845772694495,Зелёный,0.10581840103623819,Выше
2022-10-13 21:00:00+05:00,35.19,35.00108028952134,Вверх,0.5397539416382429,True,-0.0249890817434916,-0.075093210233818,0.0501041284903264,False,34.624490151819884,Зелёный,0.18891971047865752,Выше
2022-10-13 21:30:00+05:00,35.135,35.00241282395396,Вверх,0.37879438972647356,True,-0.0155077613618033,-0.0631761204594151,0.04766835909761181,False,34.6912911366379,Зелёный,0.13258717604603731,Выше
2022-10-13 22:00:00+05:00,35.17,35.00408035804398,Вверх,0.47400086006800246,True,-0.0051106270301346,-0.051563021773559,0.0464523947434244,False,34.6912911366379,Зелёный,0.16591964195602316,Выше
2022-10-13 22:30:00+05:00,35.15,35.00553229477986,Вверх,0.41269963845594937,True,0.0014980751047062,-0.0409508023979059,0.0424488775026121,False,34.751320820676696,Зелёный,0.14446770522013708,Выше
2022-10-13 23:00:00+05:00,35.2,35.00746729682185,Вверх,0.5499760995152915,True,0.0106473650951883,-0.0306311688992871,0.0412785339944754,False,34.798938738609024,Зелёный,0.19253270317815208,Выше
2022-10-13 23:30:00+05:00,35.18,35.00918404013706,Вверх,0.4879175694786443,True,0.0160988331493285,-0.0212851684895639,0.0373840016388924,False,34.83054486474812,Зелёный,0.17081595986294218,Выше
2022-10-14 00:00:00+05:00,35.19,35.010983203916794,Вверх,0.5113161062645519,True,0.0209841846658278,-0.0128312978584856,0.0338154825243134,False,34.86724037827332,Зелёный,0.17901679608320364,Выше
2022-10-14 00:30:00+05:00,35.135,35.01221720188777,Вверх,0.3506855832757883,True,0.0201851388777143,-0.0062280105112456,0.0264131493889599,False,34.86724037827332,Зелёный,0.12278279811222603,Выше
2022-10-14 01:00:00+05:00,35.195,35.014035936197345,Вверх,0.5168329184684912,True,0.0241154005664867,-0.0001593282956991,0.0242747288621858,False,34.89826470640138,Зелёный,0.18096406380265506,Выше
2022-10-14 01:30:00+05:00,35.17,35.01558781742921,Вверх,0.4409812663317197,True,0.0249255440483935,0.0048576461731193,0.020067897875274198,False,34.91243823576124,Зелёный,0.1544121825707947,Выше
2022-10-14 12:00:00+05:00,34.9,35.0144376898926,Вниз,0.3268300091126069,True,0.0037377585251192,0.0046336686435193,-0.0008959101184000998,Выше,35.42080558781488,Красный,-0.11443768989260406,Ниже
2022-10-14 12:30:00+05:00,34.645,35.01076169297825,Вниз,1.0447121836015452,True,-0.0332468342184739,-0.0029424319288793,-0.030304402289594603,False,35.078975029033394,Красный,-0.36576169297824634,Ниже
2022-10-14 13:00:00+05:00,34.5,35.00567948707797,Вниз,1.4445641235578266,True,-0.0734114372601197,-0.0170362329951274,-0.056375204264992304,False,35.078975029033394,Красный,-0.5056794870779697,Ниже
2022-10-14 13:30:00+05:00,34.375,34.9994040692961,Вниз,1.78404200271475,True,-0.1140143434920659,-0.0364318550945151,-0.0775824883975508,False,34.94226977351705,Красный,-0.6244040692960979,Ниже
2022-10-14 14:00:00+05:00,34.115,34.99060402880559,Вниз,2.502397581032781,True,-0.1652671692465261,-0.0621989179249173,-0.1030682513216088,False,34.67629279616535,Красный,-0.87560402880559,Ниже
2022-10-14 14:30:00+05:00,34.015,34.98089652603141,Вниз,2.761211466700476,True,-0.2115163384929346,-0.0920624020385207,-0.1194539364544139,False,34.49991351654881,Красный,-0.9658965260314076,Ниже
2022-10-14 15:00:00+05:00,33.995,34.97108661034951,Вниз,2.791124625966424,True,-0.2469364415949044,-0.1230372099497975,-0.12389923164510691,False,34.445672164893935,Красный,-0.9760866103495118,Ниже
2022-10-14 15:30:00+05:00,34.085,34.96226982815698,Вниз,2.5091901425989906,True,-0.2646936569415246,-0.1513684993481429,-0.11332515759338169,False,34.445672164893935,Красный,-0.877269828156976,Ниже
2022-10-14 16:00:00+05:00,34.0,34.95269500399621,Вниз,2.725669662631989,True,-0.2823701799972298,-0.1775688354779603,-0.10480134451926951,False,34.445672164893935,Красный,-0.9526950039962117,Ниже
2022-10-14 16:30:00+05:00,34.005,34.94326520296142,Вниз,2.6851102709253984,True,-0.2926025535594263,-0.2005755790942535,-0.09202697446517283,False,34.37598750820768,Красный,-0.9382652029614178,Ниже
2022-10-14 17:00:00+05:00,33.86,34.932486444723004,Вниз,3.0701692146080184,True,-0.3088518199849659,-0.222230827272396,-0.08662099271256993,False,34.281138757386906,Красный,-1.0724864447230047,Ниже
2022-10-14 17:30:00+05:00,33.96,34.92280996268596,Вниз,2.756965901984104,True,-0.3100858398911938,-0.2398018297961556,-0.07028401009503821,False,34.22727488164822,Красный,-0.9628099626859594,Ниже
2022-10-14 18:00:00+05:00,33.865,34.91228449042043,Вниз,2.999759270143994,True,-0.3150972704172545,-0.2548609179203754,-0.060236352496879086,False,34.22727488164822,Красный,-1.0472844904204308,Ниже
2022-10-14 18:30:00+05:00,33.805,34.90126673429685,Вниз,3.1410514198316064,True,-0.3202190775767946,-0.2679325498516592,-0.05228652772513537,False,34.22727488164822,Красный,-1.0962667342968473,Ниже
2022-10-14 19:00:00+05:00,33.77,34.89001034888096,Вниз,3.2101175599590572,True,-0.3233746919886613,-0.2790209782790597,-0.044353713709601617,False,34.10721588872155,Красный,-1.1200103488809603,Ниже
2022-10-14 19:30:00+05:00,33.75,34.87866696232493,Вниз,3.2359807888990892,True,-0.3237572993827058,-0.2879682424997889,-0.03578905688291689,False,34.10721588872155,Красный,-1.1286669623249281,Ниже
2022-10-14 20:00:00+05:00,33.77,34.86763545026199,Вниз,3.148006557048429,True,-0.3187720795417661,-0.2941290099081843,-0.024643069633581816,False,34.04861986986445,Красный,-1.0976354502619898,Ниже
2022-10-14 20:30:00+05:00,33.805,34.85706196319471,Вниз,3.018217554610809,True,-0.3084415274778749,-0.2969915134221225,-0.011450014055752411,False,34.04861986986445,Красный,-1.05206196319471,Ниже
2022-10-14 21:00:00+05:00,33.9,34.84753895858581,Вниз,2.7190986419784258,True,-0.2892544393653935,-0.2954440986107767,0.006189659245383172,Ниже,34.04861986986445,Красный,-0.9475389585858096,Ниже
2022-10-14 21:30:00+05:00,33.855,34.83766294904764,Вниз,2.8206913606255744,True,-0.274515217176237,-0.2912583223238688,0.016743105147631776,False,34.04861986986445,Красный,-0.9826629490476435,Ниже
2022-10-14 22:00:00+05:00,33.9,34.828332969455126,Вниз,2.6654533545125068,True,-0.2562492713907005,-0.2842565121372351,0.0280072407465346,False,34.04861986986445,Красный,-0.928332969455127,Ниже
2022-10-14 22:30:00+05:00,33.85,34.818598313042635,Вниз,2.7818417741411725,True,-0.2430067295770683,-0.2760065556252018,0.032999826048133535,False,34.04861986986445,Красный,-0.9685983130426337,Ниже
2022-10-14 23:00:00+05:00,33.88,34.80925902634569,Вниз,2.669574280918684,True,-0.227469048901689,-0.2662990542804992,0.038830005378810206,False,34.04861986986445,Красный,-0.9292590263456901,Ниже
2022-10-14 23:30:00+05:00,33.84,34.799614657924344,Вниз,2.7575439192566567,True,-0.2158942956785097,-0.2562181025601013,0.040323806881591595,False,34.04861986986445,Красный,-0.959614657924341,Ниже
2022-10-15 00:00:00+05:00,33.795,34.78961849217386,Вниз,2.85895199568688,True,-0.2079551665642967,-0.2465655153609404,0.03861034879664371,False,34.04153125010612,Красный,-0.9946184921738563,Ниже
2022-10-15 00:30:00+05:00,33.84,34.78016955195322,Вниз,2.7031770231850962,True,-0.1957754481236548,-0.2364075019134833,0.04063205378982851,False,34.04153125010612,Красный,-0.9401695519532183,Ниже
2022-10-15 01:00:00+05:00,33.785,34.770267367356674,Вниз,2.833649097221709,True,-0.1883893388254449,-0.2268038692958757,0.03841453047043081,False,34.02856531258595,Красный,-0.985267367356677,Ниже
2022-10-15 01:30:00+05:00,33.73,34.7599164482785,Вниз,2.9629428189535045,True,-0.1848430783915162,-0.2184117111150038,0.03356863272348759,False,33.96595878132736,Красный,-1.029916448278506,Ниже
2022-10-15 12:15:00+05:00,33.985,34.752205836852845,Вниз,2.2076464453927263,True,-0.1596163150499308,-0.2066526319019892,0.04703631685205842,False,33.57063709680537,Зелёный,-0.7672058368528454,Ниже
2022-10-15 12:45:00+05:00,34.085,34.74556697280455,Вниз,1.9011546806002046,True,-0.1300555595538171,-0.1913332174323548,0.0612776578785377,False,33.67307338712484,Зелёный,-0.6605669728045527,Ниже
2022-10-15 13:15:00+05:00,33.895,34.73710361984133,Вниз,2.4242194428677912,True,-0.1205700039992763,-0.1771805747457391,0.05661057074646279,False,33.71301604841235,Зелёный,-0.8421036198413248,Ниже
2022-10-15 13:45:00+05:00,34.145,34.73121204153445,Вниз,1.6878536828297388,True,-0.0918212638468674,-0.1601087125659648,0.0682874487190974,False,33.73321444357112,Зелёный,-0.586212041534445,Ниже
2022-10-15 14:15:00+05:00,34.145,34.72537908589729,Вниз,1.6713398130561774,True,-0.0682509259628219,-0.1417371552453362,0.0734862292825143,False,33.752142999214016,Зелёный,-0.5803790858972846,Ниже
2022-10-15 14:45:00+05:00,34.03,34.71845989101274,Вниз,1.9829793521196954,True,-0.0581801378660529,-0.1250257517694795,0.0668456139034266,False,33.78192869929261,Зелёный,-0.6884598910127409,Ниже
2022-10-15 15:15:00+05:00,34.33,34.71459461846535,Вниз,1.1078758737997094,True,-0.0256952738259457,-0.1051596561807727,0.079464382354827,False,33.85698582936335,Зелёный,-0.3845946184653499,Ниже
2022-10-15 15:45:00+05:00,34.095,34.70842949788361,Вниз,1.7673790106838825,True,-0.0186977846341136,-0.0878672818714409,0.0691694972373273,False,33.87203724642701,Зелёный,-0.6134294978836081,Ниже
2022-10-15 16:15:00+05:00,34.085,34.7022262192977,Вниз,1.7786358010497403,True,-0.0138000619381344,-0.0730538378847796,0.059253775946645194,False,33.87203724642701,Зелёный,-0.6172262192976987,Ниже
2022-10-15 16:45:00+05:00,34.125,34.69648267482708,Вниз,1.6470910904225513,True,-0.006614665957656,-0.0597660034993549,0.0531513375416989,False,33.87203724642701,Зелёный,-0.5714826748270809,Ниже
2022-10-15 17:15:00+05:00,33.915,34.68870672781388,Вниз,2.230428288620839,True,-0.0176618381557744,-0.0513451704306388,0.0336833322748644,False,33.87203724642701,Зелёный,-0.773706727813881,Ниже
2022-10-15 17:45:00+05:00,34.13,34.68314745689036,Вниз,1.594859456102984,True,-0.0089647583889913,-0.0428690880223093,0.033904329633318,False,33.87203724642701,Зелёный,-0.5531474568903576,Ниже
2022-10-15 18:15:00+05:00,34.14,34.677743004583,Вниз,1.5506862846060416,True,-0.001250923718274,-0.0345454551615023,0.033294531443228303,False,33.87203724642701,Зелёный,-0.5377430045829996,Ниже
2022-10-15 18:45:00+05:00,34.145,34.67244207916426,Вниз,1.5212141041579992,True,0.0052057948837713,-0.0265952051524475,0.0318010000362188,False,33.87203724642701,Зелёный,-0.5274420791642598,Ниже
2022-10-15 19:15:00+05:00,34.1,34.666746138078054,Вниз,1.634840881289221,True,0.0066154086616307,-0.0199530823896318,0.0265684910512625,False,33.87203724642701,Зелёный,-0.5667461380780523,Ниже
2022-10-15 19:45:00+05:00,33.915,34.659266077002655,Вниз,2.1473797954899476,True,-0.0071134171096858,-0.0173851493336426,0.0102717322239568,False,33.87203724642701,Зелёный,-0.7442660770026563,Ниже
2022-10-15 20:15:00+05:00,33.905,34.6517609419081,Вниз,2.1550447123308003,True,-0.0185862758523498,-0.0176253746373841,-0.0009609012149657016,Ниже,33.87203724642701,Зелёный,-0.7467609419081,Ниже
2022-10-16 12:00:00+05:00,34.0,34.64527575840653,Вниз,1.8625216404864475,True,-0.0197848258546926,-0.0180572648808458,-0.0017275609738468013,False,33.87203724642701,Зелёный,-0.6452757584065267,Ниже
2022-10-16 12:30:00+05:00,34.085,34.639700875238304,Вниз,1.6013442992367857,True,-0.0137177658752776,-0.0171893650797321,0.0034715992044545008,Ниже,33.87203724642701,Зелёный,-0.5547008752383036,Ниже
2022-10-16 13:00:00+05:00,34.115,34.634479971007075,Вниз,1.499892510128448,True,-0.006414881095111,-0.0150344682828079,0.008619587187696901,False,33.87203724642701,Зелёный,-0.5194799710070725,Ниже
2022-10-16 13:30:00+05:00,34.125,34.62941051855925,Вниз,1.4565957404585732,True,0.000177577135453,-0.0119920591991557,0.0121696363346087,False,33.87203724642701,Зелёный,-0.5044105185592471,Ниже
2022-10-16 14:00:00+05:00,34.05,34.62364523976761,Вниз,1.656801979673544,True,-0.0006423211412851,-0.0097221115875816,0.0090797904462965,False,33.87203724642701,Зелёный,-0.5736452397676146,Ниже
2022-10-16 14:30:00+05:00,34.015,34.61758906822764,Вниз,1.740702008565637,True,-0.0040693944790035,-0.008591568165866,0.004522173686862501,False,33.87203724642701,Зелёный,-0.6025890682276369,Ниже
2022-10-16 15:00:00+05:00,34.04,34.61184191331991,Вниз,1.652156839130373,True,-0.00471374658715,-0.0078160038501228,0.0031022572629728004,False,33.87203724642701,Зелёный,-0.5718419133199077,Ниже
2022-10-16 15:30:00+05:00,33.825,34.60401264055055,Вниз,2.251220540931329,True,-0.0223158601010737,-0.010715975100313,-0.011599885000760701,Ниже,34.30073495195571,Красный,-0.7790126405505475,Ниже
2022-10-16 16:00:00+05:00,33.825,34.596261270992834,Вниз,2.2293197087151535,True,-0.0358523779812074,-0.0157432556764919,-0.0201091223047155,False,34.28566145676013,Красный,-0.7712612709928308,Ниже
2022-10-16 16:30:00+05:00,33.915,34.58948255187848,Вниз,1.9499642727146085,True,-0.0388698506453479,-0.0203685746702631,-0.0185012759750848,False,34.28566145676013,Красный,-0.6744825518784836,Ниже
2022-10-16 17:00:00+05:00,33.925,34.58287078519312,Вниз,1.9023024123110022,True,-0.0399932853463553,-0.0242935168054815,-0.015699768540873803,False,34.28566145676013,Красный,-0.6578707851931256,Ниже
2022-10-16 17:30:00+05:00,34.125,34.578314856982246,Вниз,1.3109801876036478,True,-0.0244632893389322,-0.0243274713121717,-0.00013581802676049942,False,34.28566145676013,Красный,-0.45331485698224583,Ниже
2022-10-16 18:00:00+05:00,34.125,34.573804261390386,Вниз,1.2981049409468055,True,-0.0120171296255477,-0.0218654029748469,0.0098482733492992,Ниже,34.28566145676013,Красный,-0.44880426139038576,Ниже
2022-10-16 18:30:00+05:00,34.125,34.5693385473467,Вниз,1.2853544962630112,True,-0.0021289175466776,-0.017918105889213,0.0157891883425354,False,34.28566145676013,Красный,-0.4443385473467032,Ниже
2022-10-16 19:00:00+05:00,33.94,34.563076472248724,Вниз,1.802722835593079,True,-0.0091153164302184,-0.0161575479974141,0.007042231567195701,False,34.28566145676013,Красный,-0.6230764722487265,Ниже
2022-10-16 19:30:00+05:00,34.185,34.559314517300976,Вниз,1.0831074705303703,True,0.0050590470249005,-0.0119142289929512,0.016973276017851698,False,34.28566145676013,Красный,-0.37431451730097365,Ниже
2022-10-16 20:00:00+05:00,34.15,34.5552417360343,Вниз,1.1727359314396328,True,0.0133146417885896,-0.006868454836643,0.0201830966252326,False,34.28566145676013,Красный,-0.4052417360342986,Ниже
2022-10-16 20:30:00+05:00,34.02,34.54991594761604,Вниз,1.5337691368612552,True,0.0092605961842053,-0.0036426446324733,0.0129032408166786,False,34.28566145676013,Красный,-0.5299159476160398,Ниже
2022-10-17 12:00:00+05:00,34.08,34.54524016704275,Вниз,1.3467562095185683,True,0.0107651405547457,-0.0007610875950295,0.0115262281497752,False,34.28566145676013,Красный,-0.46524016704275084,Ниже
2022-10-17 12:30:00+05:00,33.96,34.539416881798545,Вниз,1.6775525880516027,True,0.0022485853971332,-0.0001591529965969,0.0024077383937301,False,34.28566145676013,Красный,-0.5794168817985437,Ниже
2022-10-17 13:00:00+05:00,34.05,34.53454706207916,Вниз,1.4030792446999407,True,0.002729932947183,0.000418664192159,0.002311268755024,False,34.28566145676013,Красный,-0.48454706207916587,Ниже
2022-10-17 13:30:00+05:00,34.225,34.531466991809715,Вниз,0.8875006436373022,True,0.0170360607092234,0.0037421434955719,0.013293917213651502,False,34.28566145676013,Красный,-0.3064669918097138,Ниже
2022-10-17 14:00:00+05:00,34.15,34.52767130034892,Вниз,1.0938221030420474,True,0.0220675162412007,0.0074072180446976,0.0146602981965031,False,34.28566145676013,Красный,-0.37767130034892205,Ниже
2022-10-17 14:30:00+05:00,34.11,34.52351536701212,Вниз,1.1977788548359878,True,0.0225671749486906,0.0104392094254962,0.0121279655231944,False,34.28566145676013,Красный,-0.4135153670121241,Ниже
2022-10-17 15:00:00+05:00,34.16,34.51989829868364,Вниз,1.0425821523853396,True,0.0266900736517285,0.0136893822707427,0.013000691380985798,False,34.28566145676013,Красный,-0.3598982986836461,Ниже
2022-10-17 15:30:00+05:00,34.265,34.517361997204205,Вниз,0.7311161183888985,True,0.0379921729358443,0.018549940403763,0.019442232532081303,False,34.28566145676013,Красный,-0.25236199720420416,Ниже
2022-10-17 16:00:00+05:00,34.175,34.51395541016735,Вниз,0.9820821929540402,True,0.0392346476121687,0.0226868818454442,0.016547765766724502,False,34.28566145676013,Красный,-0.3389554101673511,Ниже
2022-10-17 16:30:00+05:00,34.12,34.510035455837325,Вниз,1.1302087948778217,True,0.0353735135538784,0.025224208187131,0.010149305366747397,False,34.28566145676013,Красный,-0.390035455837328,Ниже
2022-10-17 17:00:00+05:00,34.07,34.505656993590186,Вниз,1.2625668703282888,True,0.0279566875702741,0.0257707040637596,0.0021859835065144995,False,34.28566145676013,Красный,-0.43565699359018595,Ниже
2022-10-17 17:30:00+05:00,34.005,34.50067533196242,Вниз,1.436711969238495,True,0.0166420041065293,0.0239449640723136,-0.0073029599657842975,Выше,34.28566145676013,Красный,-0.495675331962417,Ниже
2022-10-17 18:00:00+05:00,34.055,34.49624075154489,Вниз,1.2790980754189236,True,0.011576175135147,0.0214712062848803,-0.009895031149733299,False,34.28566145676013,Красный,-0.44124075154488906,Ниже
2022-10-17 18:30:00+05:00,34.08,34.492099052524544,Вниз,1.1947636236837946,True,0.0094696005833796,0.0190708851445801,-0.0096012845612005,False,34.28566145676013,Красный,-0.41209905252454604,Ниже
2022-10-17 19:00:00+05:00,33.99,34.487103042051665,Вниз,1.4414172203606743,True,0.0005317475803323,0.0153630576317306,-0.0148313100513983,False,34.28566145676013,Красный,-0.49710304205166267,Ниже
2022-10-17 19:30:00+05:00,33.93,34.48155972820041,Вниз,1.5995788257493517,True,-0.0112632283916269,0.0100378004270591,-0.021301028818686,False,34.26509994676841,Красный,-0.5515597282004094,Ниже
2022-10-17 20:00:00+05:00,34.025,34.47701684533275,Вниз,1.3110671592050482,True,-0.012797602974885,0.0054707197466702,-0.0182683227215552,False,34.26509994676841,Красный,-0.45201684533275,Ниже
2022-10-17 20:30:00+05:00,34.06,34.47286742398616,Вниз,1.1976590717222564,True,-0.0110618838822844,0.0021641990208793,-0.0132260829031637,False,34.26509994676841,Красный,-0.4128674239861567,Ниже
2022-10-17 21:00:00+05:00,34.1,34.46915730036441,Вниз,1.0709786060261586,True,-0.0063850454606466,0.0004543501245741,-0.0068393955852207,False,34.26509994676841,Красный,-0.36915730036440664,Ниже
2022-10-17 21:30:00+05:00,34.1,34.46548409339561,Вниз,1.060435107788442,True,-0.0026480917632341,-0.0001661382529875,-0.0024819535102466,False,34.26509994676841,Красный,-0.36548409339560806,Ниже
2022-10-17 22:00:00+05:00,34.135,34.46219569445635,Вниз,0.9494336848333293,True,0.0031019214385992,0.0004874736853298,0.0026144477532694,Выше,34.26509994676841,Красный,-0.3271956944563499,Ниже
2022-10-17 22:30:00+05:00,34.175,34.4593380258548,Вниз,0.8251407082790229,True,0.0107624511957169,0.0025424691874072,0.0082199820083097,False,34.26509994676841,Красный,-0.28433802585480095,Ниже
2022-10-17 23:00:00+05:00,34.26,34.45735456291097,Вниз,0.5727501876287425,True,0.0234222685131655,0.0067184290525589,0.0167038394606066,False,34.26509994676841,Красный,-0.19735456291097364,Ниже
2022-10-17 23:30:00+05:00,34.235,34.45514207969793,Вниз,0.6389237321637514,True,0.0310797063714218,0.0115906845163315,0.0194890218550903,False,34.26509994676841,Красный,-0.2201420796979292,Ниже
2022-10-18 00:00:00+05:00,34.23,34.45290185999944,Вниз,0.6469755752511517,True,0.0363260784099779,0.0165377632950607,0.019788315114917198,False,34.26509994676841,Красный,-0.22290185999944612,Ниже
2022-10-18 00:30:00+05:00,34.22,34.45058442855667,Вниз,0.6693193522880632,True,0.0392247906520353,0.0210751687664556,0.018149621885579705,False,34.26509994676841,Красный,-0.23058442855666783,Ниже
2022-10-18 01:00:00+05:00,34.23,34.44838955862078,Вниз,0.6339615912934105,True,0.0418465761333948,0.0252294502398435,0.0166171258935513,False,34.26509994676841,Красный,-0.21838955862078535,Ниже
2022-10-18 01:30:00+05:00,34.23,34.446216528186746,Вниз,0.6276931111137344,True,0.0434237975090141,0.0288683196936776,0.0145554778153365,False,34.26509994676841,Красный,-0.21621652818674875,Ниже
2022-10-18 12:00:00+05:00,34.335,34.44510989606549,Вниз,0.3196677159623909,True,0.0525407225467873,0.0336028002642995,0.0189379222824878,False,34.122224047041534,Зелёный,-0.11010989606548804,Ниже
2022-10-18 12:30:00+05:00,34.3,34.44366601650265,Вниз,0.4171043129782303,True,0.0562928350687315,0.0381408072251859,0.018152027843545596,False,34.122224047041534,Зелёный,-0.14366601650264954,Ниже
2022-10-18 13:00:00+05:00,34.14,34.44064446409964,Вниз,0.8729350706924994,True,0.0458274778130558,0.0396781413427599,0.006149336470295905,False,34.122224047041534,Зелёный,-0.30064446409964063,Ниже
2022-10-18 13:30:00+05:00,34.42,34.440439046546416,Вниз,0.059346068494628965,True,0.0594420557145909,0.0436309242171261,0.015811131497464798,False,34.122224047041534,Зелёный,-0.020439046546414374,Ниже
2022-10-18 14:00:00+05:00,34.365,34.43968840926735,Вниз,0.21686726192112582,True,0.0650438810708919,0.0479135155878793,0.017130365483012604,False,34.122224047041534,Зелёный,-0.07468840926734543,Ниже
2022-10-18 14:30:00+05:00,34.43,34.439592007185084,Вниз,0.027851686463309322,True,0.0738767199560754,0.0531061564615185,0.020770563494556908,False,34.122224047041534,Зелёный,-0.009592007185084128,Ниже
2022-10-18 15:00:00+05:00,34.18,34.43700900213847,Вниз,0.7463162730610765,True,0.0600121154364217,0.0544873482564991,0.0055247671799226045,False,34.122224047041534,Зелёный,-0.2570090021384672,Ниже
2022-10-18 15:30:00+05:00,34.135,34.43400393744057,Вниз,0.8683391509851772,True,0.0448758912066438,0.0525650568465281,-0.007689165639884303,Выше,34.122224047041534,Зелёный,-0.29900393744057396,Ниже
2022-10-18 16:00:00+05:00,34.17,34.43137703259042,Вниз,0.7591245402210174,True,0.0352976426937843,0.0491115740159793,-0.013813931322195001,False,34.122224047041534,Зелёный,-0.261377032590417,Ниже
2022-10-18 16:30:00+05:00,34.14,34.4284777586343,Вниз,0.8379044831918349,True,0.0249979022042978,0.044288839653643,-0.019290937449345198,False,34.122224047041534,Зелёный,-0.2884777586343006,Ниже
2022-10-18 17:00:00+05:00,34.11,34.42530882571257,Вниз,0.9159215602361227,True,0.01425026618314,0.0382811249595424,-0.024030858776402396,False,34.44898896351985,Красный,-0.31530882571257024,Ниже
2022-10-18 17:30:00+05:00,34.045,34.42152465829255,Вниз,1.0938639761903646,True,0.0004821722499386,0.0307213344176217,-0.0302391621676831,False,34.37659006716787,Красный,-0.37652465829254567,Ниже
2022-10-18 18:00:00+05:00,33.955,34.416882621891624,Вниз,1.342023410330123,True,-0.0174897779512832,0.0210791119438407,-0.0385688898951239,False,34.26818106045108,Красный,-0.46188262189162543,Ниже
2022-10-18 18:30:00+05:00,33.95,34.41223702366385,Вниз,1.3432344527500057,True,-0.0317699124057853,0.0105093070739155,-0.0422792194797008,False,34.21011295440597,Красный,-0.462237023663846,Ниже
2022-10-18 19:00:00+05:00,33.69,34.405050585617445,Вниз,2.078330284206484,True,-0.063336742392579,-0.0042599028193833,-0.0590768395731957,False,34.124601658965375,Красный,-0.7150505856174476,Ниже
2022-10-18 19:30:00+05:00,33.71,34.3981346593924,Вниз,2.00049992886606,True,-0.0857513614148004,-0.0205581945384668,-0.0651931668763336,False,34.03689149306884,Красный,-0.6881346593923965,Ниже
2022-10-18 20:00:00+05:00,33.765,34.39183481203526,Вниз,1.8226268399495358,True,-0.0979479847351711,-0.0360361525778076,-0.061911832157363504,False,34.02045234376196,Красный,-0.6268348120352627,Ниже
2022-10-18 20:30:00+05:00,33.855,34.38649317211451,Вниз,1.5456451736855983,True,-0.099208040217114,-0.0486705301056689,-0.050537510111445104,False,34.02045234376196,Красный,-0.5314931721145157,Ниже
2022-10-18 21:00:00+05:00,33.81,34.38075692164572,Вниз,1.6601057473704877,True,-0.1026544308059058,-0.0594673102457163,-0.04318712056018951,False,34.02045234376196,Красный,-0.5707569216457173,Ниже
2022-10-18 21:30:00+05:00,33.86,34.375575260733825,Вниз,1.4998302045078842,True,-0.1001961393207011,-0.0676130760607133,-0.03258306325998779,False,34.02045234376196,Красный,-0.5155752607338258,Ниже
2022-10-18 22:00:00+05:00,33.87,34.37054466112453,Вниз,1.4563186765285299,True,-0.0963305703300676,-0.0733565749145842,-0.02297399541548341,False,34.02045234376196,Красный,-0.5005446611245361,Ниже
2022-10-18 22:30:00+05:00,33.71,34.363972077431754,Вниз,1.90307475503172,True,-0.1049677391228129,-0.0796788077562299,-0.025288931366583,False,34.02045234376196,Красный,-0.653972077431753,Ниже
2022-10-18 23:00:00+05:00,33.75,34.357862902531934,Вниз,1.76921045484217,True,-0.1073476549675831,-0.0852125771985006,-0.022135077769082495,False,33.99182914902119,Красный,-0.6078629025319344,Ниже
2022-10-18 23:30:00+05:00,33.795,34.3522622766361,Вниз,1.6221996448108869,True,-0.104399182709578,-0.0890498983007161,-0.015349284408861907,False,33.99182914902119,Красный,-0.5572622766360951,Ниже
2022-10-19 00:00:00+05:00,33.63,34.34507558731634,Вниз,2.0820323586080933,True,-0.1140617849836829,-0.0940522756373094,-0.020009509346373494,False,33.99182914902119,Красный,-0.7150755873163348,Ниже
2022-10-19 00:30:00+05:00,33.67,34.33835841729329,Вниз,1.946390124918424,True,-0.117141467278401,-0.0986701139655277,-0.018471353312873293,False,33.93015344963645,Красный,-0.668358417293291,Ниже
2022-10-19 01:00:00+05:00,33.625,34.33126032358888,Вниз,2.0571931147648836,True,-0.1218091218708039,-0.103297915546583,-0.01851120632422089,False,33.90038810467281,Красный,-0.7062603235888787,Ниже
2022-10-19 01:30:00+05:00,33.85,34.32647166365268,Вниз,1.388058954387682,True,-0.1061292601198857,-0.1038641844612435,-0.0022650756586422016,False,33.90038810467281,Красный,-0.47647166365268134,Ниже
2022-10-19 12:00:00+05:00,33.035,34.313621199337724,Вниз,3.7262788206171784,True,-0.1576492629062542,-0.1146212001502457,-0.0430280627560085,False,33.47963936478497,Красный,-1.2786211993377279,Ниже
2022-10-19 12:30:00+05:00,32.92,34.29975432173237,Вниз,4.022636164650767,True,-0.2053911538311155,-0.1327751908864197,-0.0726159629446958,False,33.398925428306484,Красный,-1.3797543217323707,Ниже
2022-10-19 13:00:00+05:00,32.875,34.28557766181464,Вниз,4.114201241490718,True,-0.2440448728881392,-0.1550291272867636,-0.0890157456013756,False,33.276782885475825,Красный,-1.4105776618146422,Ниже
2022-10-19 13:30:00+05:00,32.945,34.27223858060256,Вниз,3.8726346324915966,True,-0.2659639419739648,-0.1772160902242038,-0.08874785174976099,False,33.276782885475825,Красный,-1.327238580602561,Ниже
2022-10-19 14:00:00+05:00,32.84,34.25798745044731,Вниз,4.139144053626511,True,-0.2884821420614543,-0.1994693005916539,-0.08901284146980037,False,33.23899413723542,Красный,-1.4179874504473062,Ниже
2022-10-19 14:30:00+05:00,32.64,34.24188807283092,Вниз,4.678153463453228,True,-0.3187914766933986,-0.2233337358120029,-0.09545774088139569,False,33.07634472351188,Красный,-1.601888072830917,Ниже
2022-10-19 15:00:00+05:00,32.53,34.22485436066345,Вниз,4.952115625688213,True,-0.3476800838643754,-0.2482030054224774,-0.09947707844189799,False,32.94621025116069,Красный,-1.6948543606634487,Ниже
2022-10-19 15:30:00+05:00,32.43,34.206995113293665,Вниз,5.1948296171828385,False,-0.3743286497805016,-0.2734281342940823,-0.10090051548641932,False,32.787589226044624,Красный,-1.7769951132936654,Ниже
2022-10-19 16:00:00+05:00,32.275,34.18777128132059,Вниз,5.5948990227558015,False,-0.4033059746460665,-0.2994037023644791,-0.10390227228158738,False,32.719830303440155,Красный,-1.9127712813205946,Ниже
2022-10-19 16:30:00+05:00,32.585,34.17182330837213,Вниз,4.643660053057101,True,-0.3966835827356547,-0.3188596784387143,-0.07782390429694036,False,32.719830303440155,Красный,-1.5868233083721321,Ниже
2022-10-19 17:00:00+05:00,32.43,34.15449173316445,Вниз,5.049092068584189,False,-0.3993391607803715,-0.3349555749070457,-0.06438358587332582,False,32.719830303440155,Красный,-1.7244917331644487,Ниже
2022-10-19 17:30:00+05:00,32.35,34.136536591540924,Вниз,5.233502780078834,False,-0.4032506346241788,-0.3486145868504724,-0.0546360477737064,False,32.719830303440155,Красный,-1.7865365915409228,Ниже
2022-10-19 18:00:00+05:00,32.415,34.11940687421217,Вниз,4.995417653348418,True,-0.3965345456456859,-0.3581985786095151,-0.038335967036170815,False,32.719830303440155,Красный,-1.704406874212168,Ниже
2022-10-19 18:30:00+05:00,32.26,34.10090531327474,Вниз,5.398405984717698,False,-0.3991184127349498,-0.3663825454346021,-0.03273586730034772,False,32.67365777087838,Красный,-1.8409053132747388,Ниже
2022-10-19 19:00:00+05:00,32.245,34.08243859373967,Вниз,5.391159405117139,False,-0.3977910332438057,-0.3726642429964428,-0.025126790247362918,False,32.656041993790545,Красный,-1.8374385937396696,Ниже
2022-10-19 19:30:00+05:00,32.25,34.06420537390146,Вниз,5.325840876040001,False,-0.3918189720100713,-0.3764951887991685,-0.01532378321090283,False,32.605187794411485,Красный,-1.8142053739014585,Ниже
2022-10-19 20:00:00+05:00,32.365,34.04729785774323,Вниз,4.941061298820904,True,-0.3735010440120163,-0.3758963598417381,0.0023953158297218002,Ниже,32.605187794411485,Красный,-1.6822978577432295,Ниже
2022-10-19 20:30:00+05:00,32.325,34.03016056562638,Вниз,5.010733235707237,False,-0.3580838520589893,-0.3723338582851883,0.014250006226198986,False,32.605187794411485,Красный,-1.7051605656263789,Ниже
2022-10-19 21:00:00+05:00,32.485,34.0147858336301,Вниз,4.497414274816969,True,-0.3291605950922687,-0.3636992056466044,0.034538610554335714,False,32.605187794411485,Красный,-1.5297858336301005,Ниже
2022-10-19 21:30:00+05:00,32.5,33.99971333777309,Вниз,4.410958771546265,True,-0.3015522245902247,-0.3512698094353285,0.0497175848451038,False,32.605187794411485,Красный,-1.4997133377730876,Ниже
2022-10-19 22:00:00+05:00,32.68,33.98658186177535,Вниз,3.844405027517227,True,-0.2621262679337519,-0.3334411011350132,0.07131483320126131,False,32.256718784277965,Зелёный,-1.3065818617753493,Ниже
2022-10-19 22:30:00+05:00,32.665,33.97343179349898,Вниз,3.8513383088645137,True,-0.2294463729130527,-0.3126421554906211,0.08319578257756838,False,32.38654690585017,Зелёный,-1.3084317934989826,Ниже
2022-10-19 23:00:00+05:00,32.66,33.96036282042934,Вниз,3.8290604470429574,True,-0.2016265534761743,-0.2904390350877318,0.08881248161155747,False,32.38654690585017,Зелёный,-1.300362820429342,Ниже
2022-10-19 23:30:00+05:00,32.57,33.94652836450467,Вниз,4.054990100089305,True,-0.1847121473250439,-0.2692936575351942,0.08458151021015028,False,32.38654690585017,Зелёный,-1.3765283645046722,Ниже
2022-10-20 00:00:00+05:00,32.605,33.93317982356433,Вниз,3.9141036309305774,True,-0.1665631151858377,-0.2487475490653229,0.08218443387948521,False,32.38654690585017,Зелёный,-1.3281798235643336,Ниже
2022-10-20 00:30:00+05:00,32.65,33.920411865120904,Вниз,3.745272522552189,True,-0.1468558892626887,-0.2283692171047961,0.08151332784210741,False,32.38654690585017,Зелёный,-1.2704118651209058,Ниже
2022-10-20 01:00:00+05:00,32.62,33.90747244357741,Вниз,3.7970168543815506,True,-0.1321353459979732,-0.2091224428834315,0.0769870968854583,False,32.38654690585017,Зелёный,-1.287472443577414,Ниже
2022-10-20 01:30:00+05:00,32.595,33.89441301627813,Вниз,3.8337085691794526,True,-0.1210906429159521,-0.1915160828899357,0.07042543997398361,False,32.38654690585017,Зелёный,-1.2994130162781303,Ниже
2022-10-20 12:00:00+05:00,32.73,33.88282681711119,Вниз,3.4023926732376433,True,-0.1002882043996535,-0.1732705071918793,0.07298230279222581,False,32.392340521772724,Зелёный,-1.1528268171111904,Ниже
2022-10-20 12:30:00+05:00,32.825,33.87230117713994,Вниз,3.091910324199491,True,-0.0752687644863243,-0.1536701586507683,0.078401394164444,False,32.48485646959545,Зелёный,-1.0473011771399356,Ниже
2022-10-20 13:00:00+05:00,32.715,33.86078574254154,Вниз,3.3838132146532205,True,-0.0635838042751757,-0.1356528877756498,0.0720690835004741,False,32.48485646959545,Зелёный,-1.145785742541534,Ниже
2022-10-20 13:30:00+05:00,32.645,33.84868837196899,Вниз,3.556085715172921,True,-0.0592883647447877,-0.1203799831694774,0.0610916184246897,False,32.48485646959545,Зелёный,-1.2036883719689868,Ниже
2022-10-20 14:00:00+05:00,32.675,33.837009880705615,Вниз,3.4341387870924556,True,-0.0528541786198957,-0.106874822259561,0.05402064363966531,False,32.48485646959545,Зелёный,-1.162009880705618,Ниже
2022-10-20 14:30:00+05:00,32.74,33.826094359504566,Вниз,3.2108180978907184,True,-0.0420256375976038,-0.0939049853271696,0.051879347729565796,False,32.48485646959545,Зелёный,-1.086094359504564,Ниже
2022-10-20 15:00:00+05:00,32.745,33.815337201698554,Вниз,3.165241840749095,True,-0.0326639528924204,-0.0816567788402197,0.0489928259477993,False,32.48850609673142,Зелёный,-1.0703372016985568,Ниже
2022-10-20 15:30:00+05:00,32.75,33.8047368315324,Вниз,3.1200859121866142,True,-0.024558200455111,-0.070237063163198,0.045678862708087,False,32.51140548705827,Зелёный,-1.0547368315324022,Ниже
2022-10-20 16:00:00+05:00,32.82,33.79493845509924,Вниз,2.884865307254718,True,-0.0123436285973284,-0.0586583762500241,0.0463147476526957,False,32.539514938352454,Зелёный,-0.9749384550992417,Ниже
2022-10-20 16:30:00+05:00,32.74,33.7844415550485,Вниз,3.0914868116043395,True,-0.0090149055908383,-0.0487296821181869,0.0397147765273486,False,32.54281344451721,Зелёный,-1.0444415550485004,Ниже
2022-10-20 17:00:00+05:00,32.66,33.77325308186394,Вниз,3.296256594428436,True,-0.0126859641402674,-0.041520938522603,0.028834974382335603,False,32.54281344451721,Зелёный,-1.1132530818639452,Ниже
2022-10-20 17:30:00+05:00,32.53,33.760882404432465,Вниз,3.6458833915752784,True,-0.0257879505919262,-0.0383743409364677,0.012586390344541502,False,32.81709610994106,Красный,-1.2308824044324638,Ниже
2022-10-20 18:00:00+05:00,32.425,33.747590042199306,Вниз,3.9190651556021945,True,-0.0441352282894698,-0.0395265184070681,-0.004608709882401703,Ниже,32.76638649894696,Красный,-1.3225900421993089,Ниже
2022-10-20 18:30:00+05:00,32.5,33.735176210933645,Вниз,3.661389533614831,True,-0.0520240045107485,-0.0420260156278042,-0.0099979888829443,False,32.738247849052264,Красный,-1.2351762109336448,Ниже
2022-10-20 19:00:00+05:00,32.5,33.72288590037709,Вниз,3.6262789133459634,True,-0.0576118034931099,-0.0451431732008653,-0.012468630292244605,False,32.707673064147045,Красный,-1.2228859003770935,Ниже
2022-10-20 19:30:00+05:00,32.515,33.710867135199216,Вниз,3.5474232401175763,True,-0.0601365827129853,-0.0481418551032893,-0.011994727609695999,False,32.707673064147045,Красный,-1.1958671351992152,Ниже
2022-10-20 20:00:00+05:00,32.51,33.69891820848081,Вниз,3.52806045916811,True,-0.0618282293073306,-0.0508791299440976,-0.010949099363232996,False,32.6944151819591,Красный,-1.188918208480814,Ниже
2022-10-20 20:30:00+05:00,32.51,33.687088176555626,Вниз,3.4941820153361234,True,-0.0624489982424165,-0.0531931036037614,-0.009255894638655102,False,32.6944151819591,Красный,-1.1770881765556283,Ниже
2022-10-20 21:00:00+05:00,32.595,33.67622162753517,Вниз,3.210638175189811,True,-0.0554430593939159,-0.0536430947617923,-0.0017999646321236046,False,32.6944151819591,Красный,-1.0812216275351716,Ниже
2022-10-20 21:30:00+05:00,32.565,33.66516469591791,Вниз,3.26796172202096,True,-0.051715408622087,-0.0532575575338512,0.001542148911764206,Ниже,32.6944151819591,Красный,-1.1001646959179112,Ниже
2022-10-20 22:00:00+05:00,32.61,33.654665544714746,Вниз,3.1040734703685224,True,-0.0446157915373532,-0.0515292043345516,0.006913412797198398,False,32.6944151819591,Красный,-1.0446655447147464,Ниже
2022-10-20 22:30:00+05:00,32.59,33.644071857702656,Вниз,3.133009173683974,True,-0.0401404130061564,-0.0492514460688726,0.009111033062716198,False,32.6944151819591,Красный,-1.0540718577026524,Ниже
2022-10-20 23:00:00+05:00,32.535,33.633036316829994,Вниз,3.2647552438806704,True,-0.0405640860884801,-0.0475139740727941,0.006949887984314,False,32.6944151819591,Красный,-1.0980363168299974,Ниже
2022-10-20 23:30:00+05:00,32.545,33.62221008482173,Вниз,3.2038645945764896,True,-0.0396360341035375,-0.0459383860789428,0.006302351975405303,False,32.6944151819591,Красный,-1.0772100848217292,Ниже
2022-10-21 00:00:00+05:00,32.595,33.61198908895285,Вниз,3.02567362574536,True,-0.0344686311625892,-0.0436444350956721,0.009175803933082899,False,32.6944151819591,Красный,-1.0169890889528546,Ниже
2022-10-21 00:30:00+05:00,32.595,33.60186979453541,Вниз,2.9964695437846034,True,-0.0300272911813621,-0.0409210063128101,0.010893715131448,False,32.6944151819591,Красный,-1.0068697945354117,Ниже
2022-10-21 01:00:00+05:00,32.51,33.59100541847038,Вниз,3.2181395138473006,True,-0.0329860442880232,-0.0393340139078527,0.006347969619829495,False,32.6944151819591,Красный,-1.081005418470383,Ниже
2022-10-21 01:30:00+05:00,32.485,33.58000038943088,Вниз,3.2608706871115007,True,-0.036922548354056,-0.0388517207970934,0.0019291724430373983,False,32.69104921285293,Красный,-1.0950003894308793,Ниже
2022-10-21 12:00:00+05:00,32.3,33.56726406714798,Вниз,3.775297458300289,True,-0.0543437689373647,-0.0419501304251476,-0.0123936385122171,Ниже,32.56869429156764,Красный,-1.267264067147984,Ниже
2022-10-21 12:30:00+05:00,32.25,33.55415696200223,Вниз,3.886722481149204,True,-0.0713621751614681,-0.0478325393724117,-0.023529635789056404,False,32.53182486241087,Красный,-1.3041569620022315,Ниже
2022-10-21 13:00:00+05:00,32.055,33.5392399773057,Вниз,4.425383456244114,True,-0.0994379957055784,-0.0581536306390451,-0.0412843650665333,False,32.38689237616979,Красный,-1.4842399773056982,Ниже
2022-10-21 13:30:00+05:00,31.935,33.52327739046684,Вниз,4.737834466383363,True,-0.1298741742434899,-0.072497739359934,-0.0573764348835559,False,32.23895313855281,Красный,-1.588277390466839,Ниже
2022-10-21 14:00:00+05:00,31.935,33.50747363533782,Вниз,4.6929041934079105,True,-0.1522401354997669,-0.0884462185879006,-0.0637939169118663,False,32.20605782469753,Красный,-1.5724736353378184,Ниже
2022-10-21 14:30:00+05:00,32.085,33.493319668817044,Вниз,4.2047777967145405,True,-0.1560625822333179,-0.1019694913169841,-0.0540930909163338,False,32.20605782469753,Красный,-1.4083196688170432,Ниже
2022-10-21 15:00:00+05:00,32.12,33.479654796490514,Вниз,4.061137442292392,True,-0.1544868629250402,-0.1124729656385953,-0.04201389728644492,False,32.20605782469753,Красный,-1.359654796490517,Ниже
2022-10-21 15:30:00+05:00,32.07,33.46562838060503,Вниз,4.170333706968034,True,-0.1554803949436234,-0.1210744514996009,-0.034405943444022494,False,32.20605782469753,Красный,-1.3956283806050322,Ниже
2022-10-21 16:00:00+05:00,32.085,33.451890784778115,Вниз,4.086139087241375,True,-0.1532903656710758,-0.1275176343338959,-0.02577273133717989,False,32.20605782469753,Красный,-1.3668907847781142,Ниже
2022-10-21 16:30:00+05:00,32.145,33.43888689637237,Вниз,3.869407795726393,True,-0.1450413072305281,-0.1310223689132224,-0.014018938317305718,False,32.20605782469753,Красный,-1.2938868963723635,Ниже
2022-10-21 17:00:00+05:00,32.17,33.42626115610996,Вниз,3.758305932700243,True,-0.1349311753214834,-0.1318041301948746,-0.0031270451266088017,False,32.20605782469753,Красный,-1.2562611561099573,Ниже
2022-10-21 17:30:00+05:00,32.105,33.41311427893474,Вниз,3.914972630250885,True,-0.130657639776544,-0.1315748321112085,0.0009171923346645017,Ниже,32.20605782469753,Красный,-1.3081142789347453,Ниже
2022-10-21 18:00:00+05:00,32.34,33.402436524915494,Вниз,3.1807156466654747,True,-0.10707401346896,-0.1266746683827588,0.019600654913798782,False,31.92618378877878,Зелёный,-1.0624365249154906,Ниже
2022-10-21 18:30:00+05:00,32.495,33.3934073057621,Вниз,2.690373274987976,True,-0.075011924328038,-0.1163421195718146,0.04133019524377661,False,32.09256540990091,Зелёный,-0.898407305762106,Ниже
2022-10-21 19:00:00+05:00,32.4,33.38352265595353,Вниз,2.9461320367224033,True,-0.0566155647523558,-0.1043968086079229,0.0477812438555671,False,32.18855886891082,Зелёный,-0.9835226559535286,Ниже
2022-10-21 19:30:00+05:00,32.48,33.37453238076991,Вниз,2.6802843874011275,True,-0.0351755045178237,-0.090552547789903,0.055377043272079304,False,32.18855886891082,Зелёный,-0.8945323807699097,Ниже
2022-10-21 20:00:00+05:00,32.395,33.364785789916475,Вниз,2.906614764508876,True,-0.0247575028580868,-0.0773935388035398,0.052636035945453005,False,32.18855886891082,Зелёный,-0.9697857899164717,Ниже
2022-10-21 20:30:00+05:00,32.36,33.35478792136009,Вниз,2.982444150763255,True,-0.0191051368527794,-0.0657358584133877,0.046630721560608296,False,32.18855886891082,Зелёный,-0.9947879213600928,Ниже
2022-10-21 21:00:00+05:00,32.74,33.34867062861024,Вниз,1.8251720897325816,True,0.0158544677024039,-0.0494177931902294,0.0652722608926333,False,32.243192223892386,Зелёный,-0.6086706286102412,Ниже
2022-10-21 21:30:00+05:00,32.63,33.341519677081784,Вниз,2.134034932939378,True,0.0342888648017449,-0.0326764615918345,0.06696532639357941,False,32.38937300150315,Зелёный,-0.7115196770817818,Ниже
2022-10-21 22:00:00+05:00,32.72,33.335335401687935,Вниз,1.845895336804617,True,0.0555204993974953,-0.0150370693939685,0.0705575687914638,False,32.40868570135284,Зелёный,-0.6153354016879362,Ниже
2022-10-21 22:30:00+05:00,32.745,33.32946141759154,Вниз,1.7535879451177028,True,0.0735165606973282,0.0026736566242908,0.07084290407303741,False,32.44556713121755,Зелёный,-0.584461417591541,Ниже
2022-10-21 23:00:00+05:00,32.71,33.32329762239162,Вниз,1.840446972989595,True,0.0839862205681711,0.0189361694130668,0.06505005115510429,False,32.44556713121755,Зелёный,-0.6132976223916202,Ниже
2022-10-21 23:30:00+05:00,32.7,33.317095655999665,Вниз,1.8521892255291388,True,0.0904341168137747,0.0332357588932084,0.057198357920566295,False,32.44556713121755,Зелёный,-0.6170956559996625,Ниже
